272870
364501
272172
266514
268400
281670
279086
270774
267422
286489
287676
331327
275594
372114
268959
275454
272870
279016
277130
308279
345016
276991
269727
269168
273568
289073
270984
275314
278317
277619
268749
275943
278108
272661
277759
278387
275245
278178
276851
291657
303530
273080
280482
280483
271822
276292
268749
278178
276641
273918
305346
273429
276990
282020
317149
278318
282858
276432
275454
278178
320921
275105
411155
280902
277619
272940
277759
276222
280483
274616
272242
277200
276292
276362
281111
277200
280902
276362
276920
301365
276711
275385
277758
274407
272940
272939
380705
280413
275035
277898
276362
282648
271333
279784
273149
269517
289771
271961
274127
275385
274756
279574
275873
277480
269447
276152
276921
292775
272800
384267
278666
272172
271473
279784
276781
277200
277061
280413
293823
275663
276991
284813
276572
280693
281181
269937
279016
281880
275524
275733
275174
278317
276223
274267
272800
280901
277829
280064
278038
272520
270984
281390
275175
273359
280482
275384
277968
285790
277060
277130
278317
278737
273080
286210
274755
296825
275314
279505
281879
275803
275315
280552
283137
276432
274895
278667
278666
278737
273428
278178
281041
276432
277969
276920
275035
279225
377562
276013
287816
281391
277200
276293
273498
276781
275105
273778
271683
279365
277270
275803
275035
299759
277060
278527
276083
275314
272451
278667
300666
280971
274127
276292
270984
281041
282857
279645
277550
280203
278597
273359
277270
279575
275035
276991
280972
277270
278527
276781
275245
279575
275803
282089
279155
276013
280273
275244
273638
293962
270984
275943
279016
270845
272031
273079
286768
276781
274685
274267
275804
280133
279155
276362
275174
278317
277619
275315
279086
277619
279924
277131
275943
276362
275593
299479
278248
275175
277130
276082
279994
274965
275803
273219
280134
276292
275943
274895
274267
280622
277201
275105
278597
280971
275943
278806
278178
286698
279016
273778
276222
278666
275315
286698
277410
275664
277759
284813
287187
275454
350394
274686
275035
290540
278527
288584
276152
278876
274406
274127
277061
276711
284813
275035
274407
275035
277619
275593
274197
273219
278178
273917
276571
275384
278807
281461
274616
278736
275454
302762
279016
275524
278038
278596
272800
327835
279366
279016
302552
277689
274406
275594
269797
277829
277550
276781
273708
273429
270705
272521
403682
275314
276292
277200
276222
275804
272381
272870
277060
275105
275105
280412
276153
275664
274057
277689
278108
304019
275384
277759
284743
273847
276432
279225
276222
275245
286489
274965
275035
278248
278457
277899
279854
284394
298292
271683
277619
274336
271054
273638
276572
277828
276153
281391
269378
273917
271194
277619
273918
268260
278527
278597
283067
294450
274336
274756
279505
278038
277828
283835
275035
279644
275873
279644
275175
275663
277759
278946
270076
280343
274267
290540
272032
298990
295639
275594
277060
272521
278318
273359
276293
285930
275873
277550
274406
275105
274895
300108
288165
282787
270844
278736
270984
273848
277060
281112
272661
279574
276292
285511
268749
265746
287466
279295
276781
275035
290050
271683
280552
277270
278876
277968
278736
303251
290051
274686
291937
279435
278597
272311
278038
277689
278038
271054
270496
280552
377213
277200
282927
271263
279714
274616
273848
274197
273289
289074
279574
275663
275663
279714
287327
275314
314984
275594
319174
276502
279854
322876
277619
272311
275943
279016
280413
279575
271542
278667
273219
279016
277619
280483
271124
276222
278667
266933
277898
274127
269168
282368
299829
270216
275174
277060
276012
278737
283765
276991
276641
273428
301295
281111
279435
276293
276572
274407
271753
274406
292286
298711
278946
273777
269588
277131
298362
277131
274756
277200
274965
279155
279924
281530
271822
275873
275384
356889
278178
278108
276292
274755
302483
277689
274896
296686
275035
278876
275873
273778
275245
277060
288375
282298
276153
279504
277549
276082
279015
272800
275803
276083
278597
277200
275733
276572
275803
381193
277060
276432
276292
282438
277759
276920
282228
275035
281042
277619
269587
277689
297524
274267
275384
270216
278038
279365
280064
277200
287885
274686
351790
275803
278597
270355
273638
274266
277759
275385
277480
274755
275454
285721
276502
274616
278248
277688
282439
275244
273708
270635
291447
272381
274755
269588
282997
276991
278527
271753
278667
272940
274127
276362
279505
278038
275384
274546
274406
273010
298083
277480
275943
276781
271264
273847
276572
274685
291936
275943
424914
283067
275663
277479
391251
295987
269098
274337
276083
281321
275385
270774
273708
276013
289143
269937
279854
279016
279295
271823
272242
427009
272521
273359
424216
273499
278248
316521
286698
270496
319175
286768
272381
275803
307231
275664
289981
295638
269518
274546
274756
284044
276432
276223
275803
289283
271333
277270
275803
279994
271334
340337
275594
276920
277270
268749
279994
274267
271054
272381
277130
273289
276292
275174
334819
279435
276641
286699
271054
276851
338591
272172
276362
270146
273079
275873
275943
274547
278527
277969
279435
274895
275664
269937
280273
342432
272311
273569
273009
320990
283206
304089
279993
281041
269936
272311
278807
302832
274057
275663
273429
312959
275803
284324
274685
269098
275663
429664
301156
279086
281669
276572
276641
276362
276641
272800
270914
281740
273499
275035
277270
276502
277759
277339
275454
281949
274476
275873
391530
276013
274407
276851
278108
276013
275315
274406
275175
272590
274686
271334
276083
285861
277759
277409
278457
275454
274896
276990
275873
278667
321619
285023
277550
277270
272800
274196
270984
272032
279504
300038
277689
273917
384965
272172
268400
271054
277060
275384
270844
302273
280622
287117
295778
290539
275943
275244
276362
276781
279156
281530
274685
280343
283835
283626
281251
276711
274615
276712
276572
290609
276362
273848
305904
277410
277061
291936
277270
277619
277270
280552
288864
275105
356539
279854
289073
282368
269098
274756
279296
277759
277619
275873
280902
278527
279435
280134
279994
276781
279575
274477
275315
276083
274895
276292
285721
278667
275384
271264
281391
280482
286279
282368
279924
273707
280063
297174
269587
276082
281181
276083
272800
276222
283835
275664
277619
283346
274756
273359
301434
277060
276152
275943
273638
281111
276292
278597
280133
274476
331118
278527
277688
281041
273219
283905
278527
277619
276431
276152
280622
272031
284813
280971
267283
269797
273009
278946
274476
275105
278317
279505
276712
276222
319175
276851
278108
283416
280133
278666
275943
275873
276850
276712
278666
274756
279435
301574
277200
276292
328044
278597
277130
276711
273918
277759
278108
272660
276152
281111
279155
276851
275803
278806
282159
286279
277061
296895
279714
276921
281739
275733
278876
278667
275384
274476
277131
309187
272311
278178
279156
279505
272800
277340
281390
276501
271473
397606
277200
274895
272032
277409
279435
278387
275245
276012
274337
275873
282857
275873
277829
276711
273079
281460
275664
280902
271822
272172
275594
275245
