120197
117403
118241
113771
115727
118241
158819
121105
114889
116285
115517
170342
118311
122013
120895
120825
114819
120965
119638
119988
119988
120127
120686
119707
120267
115168
119150
119079
120686
120616
120685
119219
121105
120336
121873
119498
112793
119219
123968
119708
119638
121803
120825
123898
119498
113841
120825
119708
120127
121035
122083
114680
120965
119638
121175
119568
120127
120196
120127
116915
119289
118311
121174
122083
120337
120825
121663
118730
120546
121594
258482
118870
118731
118311
121384
119848
121524
112514
119917
122082
122362
119638
120337
116565
118520
133816
114260
122851
119429
121035
123479
137517
121523
115308
119219
120267
121105
120267
122571
122152
188083
133536
119569
156444
121104
116356
121594
120686
119429
119568
119638
120686
119708
123130
114121
115028
116006
120337
119010
116006
119498
120197
125435
121524
120406
118800
121105
121315
119358
123131
122012
113562
120127
158680
115588
120057
118311
121594
120407
120755
122083
118520
121524
117962
117473
249403
119708
121105
120825
121315
120825
121593
121384
116915
118311
116285
120127
118731
116426
152254
120965
119778
120965
115866
113143
118101
201632
123829
195346
119848
116635
121524
154489
122152
113841
113841
119219
117054
117612
119149
121663
119777
124458
121175
119638
119847
116425
116355
120615
113143
120825
117752
113003
120267
120058
121664
120197
120755
120266
120127
121873
122083
118800
118451
114959
121384
117543
121105
118940
120825
122851
120616
116844
121664
120756
118311
120337
121384
120336
153511
121593
118730
119708
120406
120197
113911
139264
119009
119638
118730
119568
120616
120197
118940
115658
121175
119987
121734
120476
119149
121593
119638
120825
122152
119288
119638
119708
121594
120197
117404
117822
113492
117404
118311
119847
119987
120685
119917
120686
121384
120127
120895
119638
121315
120896
120127
120127
118939
121384
141429
119987
120615
119289
120825
121663
114470
121174
113073
114959
120057
122152
126622
121105
119150
120895
118032
121105
119918
123619
113282
116705
119498
121244
120546
121174
121384
118940
112654
121315
113004
121174
120965
120407
121314
114889
119708
120546
125086
120686
119638
121035
120267
120127
120546
120546
165384
122711
119988
119638
119568
118800
118660
117194
119708
113423
119847
119219
162241
121593
120127
119778
120127
121174
120476
119289
119289
119499
123619
117613
117753
117543
113142
116984
120896
119289
121105
121105
122572
120476
118730
239765
115657
118730
115796
106439
108184
113352
113911
112934
111606
110558
100292
96241
94914
94425
96032
92539
94426
118800
92539
91562
89676
89606
90724
88279
88699
87790
84788
81784
83250
84927
82832
82902
81156
82273
80667
79758
97219
78012
76266
127810
76406
74241
74102
74521
74032
72914
72566
69702
74730
72146
71587
69981
68864
68654
69283
67746
67885
72286
66209
65302
64323
63765
65790
63904
63695
63416
63975
63276
61950
62578
61880
62438
61530
61530
60133
60134
60134
59086
58596
59295
58038
59155
59156
63067
58667
62438
58038
58178
58318
76825
58178
58596
58108
56781
57689
59575
55314
57759
57689
58178
57968
58597
58248
57968
57689
59155
57619
59575
57689
58666
59016
58667
58737
58247
57619
60832
56991
59645
56780
59574
58457
58597
58736
58178
79758
58597
59435
57689
58457
57689
57130
59295
58737
59155
59435
59225
59435
60552
58387
58247
55733
55244
56781
56572
58178
58387
58178
58178
59574
58178
59156
57758
58597
58457
57758
58107
58666
57200
56013
57689
59086
56292
57759
58038
58178
58667
58387
59016
62019
58108
57828
62927
58527
57758
58038
58596
57270
59784
58457
55804
58177
58108
59505
58038
58667
59085
58946
57549
57689
58736
57759
58248
58667
62438
58667
58527
59156
59225
58248
57410
58177
58876
56781
58527
58178
59295
58736
56013
57410
58317
59365
58038
78152
58248
58108
58317
57759
58247
58736
58666
61042
58667
80736
58178
58597
58248
58317
58527
59225
58108
56222
57829
59994
58736
57689
58178
58178
58248
60133
58597
58108
58667
57758
56781
56711
58108
59085
59435
59225
60134
58108
56222
58108
57828
57899
59156
59575
58946
60483
58178
60064
58177
81574
58736
63416
58247
58666
58666
58177
57270
59156
57759
59575
58248
61949
58108
57619
58038
57759
58597
58458
59086
58318
60063
58248
57619
59156
57829
59086
58248
57619
58108
57619
57340
58667
58108
58108
55524
58318
55454
54965
56292
55593
57270
56152
56990
57480
58178
57758
181028
59644
56851
56222
56362
56013
57200
56781
55733
56222
57200
59225
56642
58736
58177
57480
58108
58248
58597
58807
57409
58458
59156
57689
79688
58667
57340
59645
57689
59085
58667
59784
58038
58107
58667
58946
58108
55803
56222
56990
55733
55943
57200
57200
56850
56153
58387
59365
58178
55873
59645
58737
58597
58388
56431
56711
56222
58108
57619
58177
59295
56711
59575
59575
59085
58876
56851
57200
58108
57130
59156
57479
59156
59854
58667
57131
57759
57200
57689
88070
58108
56292
58667
58527
58178
57130
58387
56362
58597
59156
56222
59155
58177
58247
60063
58667
58876
55314
58178
56572
58737
63416
56222
56781
64742
55524
56222
55873
55663
54825
56292
59575
57270
59854
59086
58247
59575
58737
58597
58108
59155
58108
77524
57968
56292
57339
56292
56851
56991
57829
56362
58248
62508
60971
58666
58946
58527
56781
88279
58737
59086
56222
57200
57759
58736
58317
58806
59226
57969
58807
58736
58108
88210
58318
59924
58597
58666
61949
58667
57689
58667
59155
58736
97149
65372
61879
59226
71447
59086
60832
59086
56082
59225
59225
58108
77384
59156
58666
57898
57899
59644
57759
58736
58039
58108
59644
59085
58388
58736
56711
57968
58597
58178
58178
57689
57200
58108
58247
57549
58806
55803
56921
56222
58178
57200
58737
58667
55315
58736
59086
58388
58457
57759
59715
58667
58178
58596
57130
58387
56851
58736
58387
58667
56711
57758
56781
81016
56292
59155
57200
56013
56641
58178
59156
58457
62927
57898
55244
57060
57689
58108
55384
57340
57130
73264
56571
58667
58667
56572
58597
59015
57689
58666
58108
58666
58178
59994
88489
61950
59365
58666
58666
59575
62019
81295
57968
56712
58527
57619
58317
59156
57130
58178
58108
59575
55733
57689
60552
57201
57689
55314
82063
57130
58108
58597
56990
57689
58527
58667
58108
58038
58387
59155
58108
57968
59086
55594
58527
57688
56711
57479
58178
58737
55873
59155
58596
59435
57689
60064
57409
59644
58597
56362
57828
59156
57689
57200
59644
64323
58248
58248
58737
59155
57549
58597
55314
58178
57480
79200
56153
57619
58108
57409
58108
58527
57759
59086
59575
66350
58597
