181238
185918
187175
187174
189829
227613
191784
190248
188921
188083
189200
184521
186476
183683
184521
186685
187734
180680
180261
183403
186476
182705
188781
182705
182914
190876
183823
190178
188152
185498
187314
186476
187943
204566
185079
189689
186197
184940
186965
180539
185358
185429
187593
181727
184102
184521
191784
180959
186895
183404
189200
187663
208057
187384
186337
187384
180539
184521
181797
184242
188362
184939
191645
181797
183124
185918
190108
184661
194298
179981
185918
178514
185009
185150
185917
180470
183333
221397
185708
181936
183613
185987
194717
184450
186476
184381
184172
186127
190667
184312
186476
186616
189828
178515
184520
185009
183333
181238
187454
191155
180749
184731
193111
187804
190457
186127
180610
181168
223283
177606
185987
186406
189619
191365
182426
188152
187524
184242
185010
186337
185428
185987
184800
185079
190318
193250
188362
185428
185848
184731
194648
187385
189479
188362
186546
188711
188292
188991
188083
185498
189060
193600
185708
187943
185848
188013
186127
188851
188013
188502
188711
186965
185359
188083
192273
184172
186546
186336
179073
185918
187943
190387
185149
179143
187594
185778
190388
208616
185219
182635
187873
189479
188501
190108
187804
180400
179562
223492
181029
207009
183612
184241
178514
180470
178374
187664
186407
181238
191296
189339
187594
180958
187105
185219
186546
184032
187245
184032
189130
189410
181168
187104
189480
181797
192273
182425
212177
185080
181937
186057
188501
185498
185917
181447
184731
182914
185568
185498
192063
184171
280413
183333
189829
185079
186616
185429
179981
178026
183194
190596
182495
177467
184241
184031
211270
199047
180680
186336
182356
208197
183822
186686
187873
185987
186756
191295
188223
194648
186407
188502
180889
185499
186267
178025
187174
176768
181658
187734
182495
180959
182286
182356
220977
186197
185638
185708
187873
186336
299130
186826
181378
197092
187175
176908
186546
183473
181168
188572
188851
182984
185638
195625
180330
182844
186337
184940
179632
188362
184660
183403
186197
186337
185987
186197
190108
190387
185010
185010
185219
186476
187175
184590
179981
185498
181308
182565
186407
181867
185079
204146
186825
184939
184521
181658
179004
188083
187035
207219
186476
185149
186965
185219
184591
184520
209035
185219
189619
185429
192343
185009
182146
185778
183333
184590
183194
182495
184241
187594
183613
187943
186197
275105
186476
185010
187105
189130
184102
184311
182705
186336
185499
184102
182705
184101
186546
183753
185009
185568
207428
215809
179562
181588
182705
183682
186547
187873
190877
184800
186966
186546
187244
191365
188850
186267
187454
197511
186477
180609
187524
187594
189410
183123
188781
189130
191505
187035
184171
188991
218184
184939
185848
179772
180260
183613
187524
183403
188083
180330
188920
186406
189479
185498
186197
186476
180819
187593
185988
182426
181657
186406
193321
205404
186546
187105
185010
183542
186057
189200
189828
187244
187524
204705
203937
192482
199258
184800
187943
188292
185428
185777
185778
187454
289561
187524
185289
187105
185918
185010
184032
187593
185917
188990
176210
184032
188153
191295
188013
186616
185638
206800
180400
185708
180400
186686
187314
182006
185498
186197
185219
185080
183822
186965
184101
188083
186756
185010
189898
195136
186616
181238
187524
189689
186476
189270
189200
186477
187593
188502
187524
186756
187594
186127
194368
216019
189619
179282
186267
184242
205403
195835
185708
183613
186477
186965
187104
185429
189339
184171
190388
187245
181098
180539
185638
179562
179423
186616
186057
189130
185498
188293
185847
184800
189829
186965
185009
184451
186477
188222
180889
185847
186337
239835
185149
183543
186197
185917
205683
190946
185638
185359
179842
180958
187873
186406
189410
221677
191784
180749
179422
186546
185708
185777
189200
184591
177676
187943
181797
182146
189130
193181
185429
189200
178026
187873
191854
185569
189619
184520
188222
183333
186127
191296
187524
209943
187943
186476
180470
191854
184102
193251
188711
181308
181517
186965
188013
179003
210781
178305
179771
182775
189898
186825
202470
189899
180889
185359
187315
184521
184800
188502
180260
182635
187175
185918
187594
192762
294800
185358
190108
185917
185707
188222
188083
185499
185219
184031
219511
184451
200235
181796
185149
183264
189340
185220
184870
199536
186895
180400
235225
188432
185289
180470
185009
190108
183334
182425
183123
180889
180260
271054
185987
187873
186406
185149
187733
179422
185708
183123
185359
190597
185429
185708
187873
187105
189899
186965
191365
185079
189479
186756
186616
188223
180400
187524
196743
186965
191644
184940
186337
189479
185778
183054
187594
204076
182985
196324
210991
193460
184661
181378
179282
184311
189200
186895
178794
183613
194647
186965
187593
189898
179492
219442
188222
184521
184800
185498
179562
186826
189829
179981
199886
187175
190596
186616
187454
188431
186406
190317
187873
207987
185498
191156
186616
179911
190807
181378
179073
188222
180260
180191
217765
183683
189479
180539
192482
179143
185079
182915
184171
182635
183613
188501
184032
181727
187105
188502
185708
188362
185848
193251
186406
184940
186057
180330
208057
184940
219790
188990
179142
182006
188152
184800
187593
184730
182704
185988
184242
193670
184101
185219
185918
186756
265746
190317
185010
201631
186895
186267
193042
187524
187733
186895
188432
187733
186685
188292
187245
190806
185009
179632
186407
187594
186965
205333
179073
186895
180330
189969
184031
190806
189480
184730
187105
183334
182216
185777
187874
187943
188571
182216
198768
191435
183124
185569
180609
186966
186616
188362
217137
186825
186756
185917
186966
188641
185918
196114
185917
183264
182984
187943
177956
187105
219301
187105
188571
184520
211339
179142
185010
178166
193251
184451
191086
187803
202680
190318
179073
184590
181657
224470
182914
181448
181308
194159
184870
184730
181797
210013
180889
186965
186895
182216
198489
187594
180679
185498
190527
188431
190108
186895
180330
187454
186546
183823
186406
188013
181727
181168
183124
184520
190457
182286
180889
184800
188501
182705
188362
184590
184591
180540
186965
195137
185638
187524
190667
267422
182356
181797
191854
181936
187873
185219
188432
179492
186965
183124
178794
182496
209524
195555
181797
199117
185638
188362
185079
185359
185289
210502
183194
184171
207080
191714
179352
188921
182845
273708
181029
185359
190597
189689
185009
178794
180610
184032
215740
183264
184521
186685
184521
187943
188083
179422
187384
184450
241511
190387
193600
182146
188502
185708
189480
190387
185847
187384
186337
193251
185987
181727
178933
184940
186965
179701
178933
218464
185639
188292
213016
244374
191784
182565
189409
191784
199187
181028
187105
187454
182285
187454
187524
184172
279645
180400
180749
190387
187314
184242
187454
185987
181867
186825
180889
184172
180749
185080
180191
178235
180260
185708
185080
182076
180261
188083
190806
186127
207987
185079
180260
184730
185917
188851
181657
180679
198489
180191
179492
181867
182705
181447
299968
185010
