677042
758336
721461
720902
687587
704350
706095
680114
693244
682908
674178
725511
676273
692546
717619
688915
791511
841518
683048
688426
682978
685422
797378
683537
782083
692825
783828
717898
685841
679416
676692
712660
813512
687727
679626
692756
679556
682698
687168
676273
673200
677670
680743
690800
704419
713080
688774
684863
713499
686680
692267
681930
683397
722927
683257
692407
686261
687518
684934
711613
693594
711193
717619
679206
673969
716781
689264
678159
684235
706514
688774
681162
683327
680883
683816
684165
715035
684724
680115
689542
704908
682070
682349
687308
737873
682350
688844
698762
695409
691429
693524
685702
723347
683187
685841
691499
738292
685423
677740
723556
681582
681581
701975
674597
676133
714057
684655
689054
686121
680394
676064
783200
680743
687308
691569
688146
683188
748350
707212
684864
701555
680184
687727
677950
688007
712032
695619
691289
688845
684934
686051
677250
856464
691568
691988
683257
775239
685702
871060
712171
691359
704140
700857
712311
685841
682908
708261
681022
677949
727746
685492
708888
699251
705607
716711
734451
684794
709657
686121
683397
691149
679765
705746
676483
688844
688914
719435
701137
803943
681790
688775
683676
682000
681441
681442
679346
690172
681162
728235
687518
688076
692826
676553
683118
679625
681231
683955
679556
685771
689124
691429
686819
688985
690172
694083
685353
709168
679137
688565
685003
683956
705746
684095
705188
707004
713708
684724
726209
680604
681302
813162
683886
683676
687448
678298
702952
686191
718597
740108
687587
683746
674388
690591
689613
685282
808273
684374
682978
686051
685143
686400
686120
718527
685143
681023
684723
684654
680743
701277
678996
680045
685632
686680
814559
689054
679765
682419
682559
679206
708680
679695
717060
689334
679346
691079
705117
713359
688775
745067
683047
677321
678229
686261
719296
685004
687238
818330
776845
722508
821543
712800
784946
680114
748489
674597
683536
679485
684095
674876
682000
679066
681931
707841
677670
683047
823289
692197
695270
681651
683327
677460
685631
741854
682140
693594
681092
685772
691079
852553
691499
693175
695480
684655
684235
672502
687378
692616
685422
693942
757149
805060
972470
680743
707282
681301
683188
686400
680813
678438
678857
686261
704559
690381
702184
678788
679626
682908
680323
701975
684026
747301
700019
802197
681651
681581
677949
700438
682419
687308
685702
681441
680604
690870
679695
683467
705885
686540
688844
710007
694502
691778
685352
689054
675365
681441
692476
676901
699181
701555
705187
721390
676971
718317
674178
683886
706654
709588
707771
687797
690660
687797
689822
683328
690660
685353
683677
681022
694502
684025
680674
700158
683048
697296
681511
700229
677251
675365
677391
719155
708261
679207
692965
673619
683258
681023
687168
686330
680045
682978
707911
682489
679975
680044
709448
673619
683117
673339
681232
680185
676343
746812
712311
727397
710007
689054
688774
681581
725232
680324
686539
774331
802546
732216
770978
826642
674807
684864
799753
680115
686889
679695
685772
681790
694920
677810
701067
711613
691568
691429
759035
772096
821264
703442
802197
699601
722788
736616
677809
719994
673758
684235
702533
699321
688915
681720
679136
679416
686610
679625
708260
884539
810647
682978
700019
711124
688845
678858
686191
686959
694361
679555
1060261
686540
689403
722997
774610
699810
688356
684025
680114
672432
682908
678717
681511
685283
676483
684863
714896
679626
917854
690661
723136
678229
679206
694083
683816
711124
708051
699112
685912
679416
682209
690521
705606
680115
683676
687168
685143
684445
685143
682210
823358
685632
685981
693664
678229
693873
680533
683257
708679
820774
826990
678787
688565
682210
688076
677042
735708
973378
713498
685492
709657
710146
682000
680114
704419
685981
717409
682698
682908
685353
681581
823219
683118
678648
706584
685492
708889
680393
688006
827828
684304
691149
689752
679067
737873
686539
684445
724254
682839
714476
680673
767066
687238
690520
687797
713429
750864
679765
703302
776915
784527
688007
685352
681442
681930
685352
783480
862470
707632
753867
685981
686400
681511
685981
684375
679137
824406
683537
678857
686050
680953
679696
770489
683187
675784
677530
679137
683397
685981
723066
696667
685981
680953
692476
682280
684444
681581
695410
733334
683816
679695
679486
748210
682978
681511
684724
687518
714616
733473
797448
739689
684095
678228
684724
685283
683327
735498
683257
673130
715943
682908
808482
724184
681930
719784
678438
760362
686121
931054
681022
762736
713219
671943
717200
677810
681022
683536
833695
701206
682908
677042
723137
1182133
724603
687378
835791
747790
707282
786134
740877
846686
680045
681650
689892
835092
912336
676273
681441
679206
828038
714477
717619
701207
679765
680184
709657
855626
682978
675854
679136
682908
677879
718317
800311
681232
695968
835721
729981
720343
682628
689473
717549
690801
840959
687797
676552
692826
688774
716292
702254
682069
703931
712312
689403
691429
708190
687587
690311
681511
682419
682489
715454
695480
692476
677251
682838
686330
687936
685073
686330
674248
716781
676832
703930
679695
688286
688704
686819
678718
675785
694083
701626
703930
730819
682628
683048
707632
695550
731588
800800
785016
726000
840540
799333
732216
698762
684864
682140
689124
774120
683956
680115
681861
684724
707352
719155
690520
679486
686889
696527
684095
688216
691568
679555
733264
706445
731238
848083
682978
743531
683117
688146
734870
722858
747442
675854
681721
737803
684374
679905
683188
682280
994959
683886
865543
683676
680673
680184
680324
711124
694013
682419
679136
751423
686679
675295
682629
687308
683677
879371
689612
687797
818889
692336
715803
741644
709447
709169
716153
700298
689194
687587
824057
681930
681581
704419
680952
696178
684514
682908
706375
680114
689892
701835
740667
706794
691359
696177
685562
683397
681581
683048
686191
685841
758825
720971
701416
719086
708749
713149
781384
764692
688705
683257
679975
883841
708260
702464
680952
683397
794095
679206
681720
679277
688495
776076
680534
686820
689752
673200
686470
683467
681372
679206
824966
683397
932870
682000
674108
747301
693663
686330
695968
683466
688844
715174
710635
689543
709238
765251
793467
682838
678927
685842
684724
678508
688216
687797
687378
676343
699879
693105
679346
695340
702254
703860
685422
679835
681301
681720
684445
770419
744229
684375
683886
694153
692547
686819
690032
746813
680882
682698
708330
687168
690241
688355
719435
678997
685841
688705
676553
679206
730539
680394
684933
715384
686261
689054
961575
685911
689683
687308
691289
798006
712730
682210
691499
692895
685003
783689
691219
682210
686191
683955
689194
703651
681442
683955
682070
683397
682559
683048
686470
722857
685422
694012
684235
680184
698832
687448
734032
732146
715524
709727
679556
687168
686121
687378
716292
741785
687168
683397
683118
690870
712591
702883
687796
686051
678438
682489
718876
688356
691917
690032
680254
766857
684305
687239
674387
847524
714407
685143
800241
697924
683466
723067
684026
680045
687098
