120197
124038
117194
117612
119638
119498
121663
122082
125714
144920
125505
124108
125924
126553
123479
122991
157004
128298
121873
125016
144082
123200
177955
122293
122083
163009
122572
123550
122990
123968
123968
124946
118241
126553
125435
128788
122781
117823
176629
123200
118311
122083
157981
122571
117403
120336
123759
141010
141638
129067
121105
127670
158331
120965
122153
122083
123968
124388
123969
120407
131721
124178
122990
123968
127321
136679
126412
137447
116356
152813
120197
118940
122641
116286
117892
126762
126972
120965
124457
122990
127530
123758
120267
121105
119638
124108
125994
123689
123200
125924
122083
122502
123480
120616
180610
122850
123060
143663
144153
123899
117613
118730
118101
115448
127321
116704
121734
121524
116565
118032
124946
118730
120197
119219
122502
125993
122153
123060
122082
123689
117333
118241
119708
120127
116426
123759
119848
120127
120197
124596
163638
123131
117473
120756
121943
175371
125994
178585
125365
115936
124597
124177
127181
119708
121663
121035
117264
128088
123200
125016
147854
118730
116984
119638
123479
124527
119289
121175
125016
123480
117263
125016
126343
123759
129974
125434
135073
124318
158121
198209
121105
120965
120197
120966
126622
123061
121105
119569
123061
118451
143733
124108
123829
116775
124457
119149
124038
123619
118521
182426
124387
120407
126064
127041
124457
122082
122222
120965
121803
125784
126204
123899
118730
123550
125365
124946
117682
123969
126901
123759
145969
126692
123480
117263
123410
123060
121524
124736
123968
124946
129276
124178
122711
125435
117054
143175
121175
122572
155816
123479
115727
118800
120196
123898
145619
120127
123269
123060
125714
123829
125993
124667
123480
126901
117194
123270
124527
119079
122990
129276
121524
124946
117822
139752
119847
134375
125295
123549
137448
125226
123968
123619
124527
122990
119220
127390
122990
127600
124248
124108
122991
125295
123968
142895
123968
145829
120197
123829
125156
116914
125923
126692
125365
117264
118520
122642
123968
119079
124946
124527
126273
120616
124178
125295
118800
138425
123968
119638
126902
145829
123968
126831
123061
124038
128298
125505
123061
125226
117124
126273
122572
145060
123549
124178
126692
128298
126762
140591
116844
125714
124946
124248
117333
127530
125924
120406
120476
125854
123619
122990
125435
124457
124038
142546
124527
129626
123968
123131
124596
124248
123689
122641
122222
123968
126902
123270
125365
123968
123899
123968
121384
123549
125086
120896
123480
121035
116286
121524
116914
125854
120686
128788
126413
125854
123479
123549
124457
126902
124597
124457
118731
119219
121314
119568
121804
124317
147435
117194
120127
125156
125505
117334
125435
125016
126133
117334
124876
146597
136749
118730
124946
116775
122991
137308
154768
117333
124597
121593
128159
170972
123619
122502
123200
124946
124248
125016
122991
117683
123270
124597
124876
135423
125225
119149
121594
132420
123550
176699
127111
122083
122082
189410
121105
123479
123479
118451
121663
160286
123898
134375
158889
123060
122711
122781
121594
126413
126901
124108
147086
120685
122642
122013
152184
122851
124457
125505
129207
147784
117752
115797
123200
148273
119149
123968
120616
124457
128578
118311
116634
123480
121384
118940
122571
124876
192413
122990
123549
123898
168038
116915
124457
126622
122921
124877
124946
158190
128019
122431
125156
124597
124457
130743
121175
121873
122082
117263
124527
122153
122362
122083
119568
125016
124458
121594
124527
121873
120406
119568
120267
123689
117054
123339
116286
126762
123968
140451
135073
124457
123130
123898
123968
124318
127390
122781
123689
123549
123340
124318
121663
124247
119638
124038
126063
152114
128298
127530
130464
121593
123061
119778
123619
123759
125505
118521
122921
126901
124946
122572
118730
120057
125365
118102
124457
118660
127809
126413
122572
131232
117124
148064
124946
123410
124806
125435
120267
125924
123968
123480
123619
124946
124946
124458
124667
123130
124248
124527
124946
123130
118451
124108
126343
123060
124736
123898
121803
123619
123131
145829
125434
123829
123479
122571
124457
122501
120336
193321
123200
117752
125714
123550
125923
125714
123619
123898
128158
124247
124318
123130
126902
125435
128298
124597
122571
124457
123969
123409
124038
127879
128787
123409
124876
142267
123619
124737
127670
124387
124876
123340
124108
124248
127111
122013
125016
124387
124876
123200
123549
118311
124178
123200
120337
120197
124667
123829
118521
119219
124666
128089
125016
126482
124527
127880
129067
124946
123060
126273
123480
123829
126273
123619
117613
123061
124178
123269
118800
127321
124038
138286
123828
116495
124458
143175
118521
126692
122572
123899
118800
125854
125854
124527
121593
124247
126203
124457
127669
117404
124876
134305
123479
127181
128158
128647
133676
119080
141149
124107
122083
120755
126902
123269
125016
125645
128858
123130
119149
125435
118730
122781
124876
126482
124946
123060
124318
121594
122083
119638
123479
125784
123619
120266
120546
119359
118800
121594
120895
124108
124387
124178
123410
116984
124108
122572
123968
166222
123758
121174
121384
117962
121664
121734
121593
121384
124178
123968
123270
124038
124457
123479
119289
121524
140311
124946
119359
124458
120616
125645
123550
119149
147854
124737
124177
124178
123480
181727
119708
128298
124038
116426
126343
124457
132210
126413
124178
125016
141568
124387
127391
126413
120127
123549
125435
140870
124597
120616
117543
124946
126692
124667
124667
122711
164546
126343
125295
124248
119149
125435
125365
169156
117333
125156
125296
123689
124457
124178
123340
119289
121245
125924
124039
124597
123130
120616
123968
124946
123480
157841
122990
122990
124457
125644
124527
122502
124457
120127
122013
124247
123968
117543
117473
122642
122501
120476
124527
124457
118661
119428
125505
180750
124457
127879
140521
166431
123968
122152
123270
120127
123899
126134
120267
119219
123898
125435
125155
118381
123759
125016
124877
124877
124457
121454
125435
122362
123130
122850
125016
127739
123759
123060
124946
128019
124457
123340
125644
122571
126134
124597
124458
118171
125226
123270
128508
123968
124178
120337
117473
267492
120337
135562
124946
120407
124527
141917
128927
126412
126203
125435
126971
124457
126832
124457
124946
124667
125435
123829
128368
124946
124247
115238
123550
125295
124457
126133
123968
123968
123200
125226
124946
123409
122013
123479
127810
126412
125924
123340
124108
123829
119219
125434
127041
122781
124318
124876
122781
123061
125365
123200
129346
124038
123968
123480
121594
124946
124387
124388
122990
123899
123829
118800
121175
115936
129695
126273
123061
117962
123060
127810
123968
124946
123758
127809
117403
115727
123130
119429
117473
121804
122781
118451
120616
124737
119359
166083
124038
123479
128717
116984
127251
129905
179492
126901
122781
220978
123410
122990
123969
124527
122991
125155
132977
123410
124108
123480
123479
125226
122990
127320
124666
123060
123549
130254
123968
224050
125435
122851
125156
120406
125923
136191
125085
125435
