429733
432247
418419
428546
427777
430153
434064
425612
420026
443143
524927
427848
424356
430572
447962
429384
425682
425822
427499
424705
443142
428546
436019
423448
422051
427638
430222
428895
421282
456203
426381
424915
431200
451664
432457
424286
428057
424705
435949
429943
427708
421073
433435
447263
426940
439302
426940
424425
426032
425123
426660
428267
428965
425892
425543
431200
428616
429245
426311
425404
432248
427288
425962
440349
430502
428965
446566
426660
434064
425962
424566
449708
446076
429035
427569
468426
432108
423099
426870
428686
427499
422750
427429
427498
430711
427499
417512
428336
428057
428197
434203
446565
448939
422679
425822
430851
449149
425054
428756
429105
543156
432877
444959
423028
425892
444889
423797
420235
429734
531562
429733
429664
429035
428058
426451
430432
428476
427987
424635
422679
423937
423448
456972
428266
437347
431200
450825
419187
421352
417581
459555
429244
427219
426521
442165
424915
426591
429384
548115
444470
427708
429524
485606
428825
431619
420305
419886
428336
428756
426450
427080
430082
426800
427847
449149
439162
429664
423937
427778
442374
427080
434552
423727
483372
432597
443282
429314
454178
426520
426731
424705
427638
434413
428266
421283
430920
425333
430851
429804
428476
426590
425333
449988
423029
426102
431410
457460
424845
433366
426660
453898
431619
425753
431898
421771
429455
428197
427568
431479
425194
428546
457670
428267
422190
424565
454178
427917
426102
424914
430083
428476
431060
427010
438952
429035
428755
543086
423028
428825
431340
450826
426172
446356
431969
427080
419677
428686
426730
424425
426869
422680
425543
422121
423308
424705
455366
442863
429733
426171
562711
428546
431061
431968
424775
426800
426311
430851
429594
422819
429733
424355
427289
430153
446286
422470
424355
429035
427778
424635
423937
429454
424216
424635
428197
427359
427848
428756
435461
424356
418489
429733
455924
425892
428127
429524
429174
433574
430431
430432
425124
430152
423378
426520
428127
426939
426870
424006
425892
428406
425752
430641
428477
423727
428825
427498
455784
429384
421143
431340
469752
425752
462838
428825
427219
422959
425543
428546
431340
431200
433575
422539
430153
423936
429244
430781
425333
429943
431270
504115
430502
425543
428826
463466
422959
425753
421632
418978
427219
425123
425822
431270
423447
429174
429175
426939
427080
426102
426520
430153
428895
432038
423378
435740
424216
455644
423238
427079
427848
423518
427778
419816
426661
425263
426311
429664
427219
425822
430013
422680
425613
429454
420863
447263
421074
425613
422051
422260
424076
429245
478133
425473
427219
446844
432248
429664
428896
423238
453549
428756
426451
425823
443912
429384
426520
429664
451105
425612
426381
433435
423588
426032
422819
427917
426800
429035
424635
449289
425893
424775
429943
423518
424634
432597
503975
425892
430501
444958
457949
427917
440908
422680
428127
428266
431828
430222
451524
429943
424425
426241
419327
426730
421772
451314
442793
427359
424146
431060
428267
427219
427987
426940
421772
431968
451035
434134
430641
423028
453270
442863
426591
424006
426660
425334
427498
427918
424146
426241
424915
421772
420445
446845
431689
427009
440419
454457
424356
426870
425543
534495
444609
428966
428127
458019
429175
427220
429663
452781
425753
426870
433504
452013
424984
424146
431480
477714
426241
428826
423657
421841
426520
429245
424565
423728
425822
426381
431410
425263
422750
455785
434063
421493
439302
425054
426660
424356
422051
423866
424915
426381
429942
506559
427288
429943
428825
455854
436089
429593
425892
547347
425334
423238
425543
446565
428476
424914
424635
446565
439931
426870
421492
422051
431130
433854
426171
424775
426381
425333
430293
420305
423028
427568
456553
426521
433365
430362
429593
422958
430362
431479
422260
438813
424425
424565
432597
446984
420514
451664
453549
426101
426032
446984
428477
446496
423936
430572
422540
460533
420584
424635
446634
425194
421492
431270
425333
425264
425892
429454
448242
425892
427568
426102
427429
425404
428267
421702
425613
425124
422959
428266
427289
429803
429873
443073
424774
426590
428197
424565
427079
437486
431619
421981
423936
470102
440070
430431
428266
428127
424984
422051
421562
423518
425404
426660
450896
425333
426381
427638
487702
421422
426101
419886
426800
431689
425822
561524
447403
429035
421143
425822
422609
431619
427638
424425
424915
427708
426241
432596
427918
423797
427289
425473
426102
425054
421073
425962
424425
452781
427708
426591
431131
452013
427499
424705
424146
455016
427778
431270
433924
465353
423377
433785
426591
459066
426102
441955
428616
510959
431689
426521
430781
423098
427289
423727
428826
428406
426591
425822
430571
426870
426241
427498
441258
431131
427009
426241
453200
431689
422959
428616
429523
425473
447962
425333
429244
424146
426381
427918
428546
423168
448381
422540
468774
424775
424006
427778
433296
428127
428127
425543
435461
421562
429733
439092
420514
429105
422819
450127
422470
428407
421073
420654
425334
425333
421283
444959
425962
427568
424635
423937
425124
433296
423587
425333
426870
424775
448451
423937
422819
422958
424844
425054
429244
428685
430013
424635
423518
426381
425473
421911
427638
419117
426730
427219
431061
453200
446985
431340
426939
421701
426241
423238
427569
424495
429524
430362
447263
424914
435041
424635
420025
429245
426451
425683
426940
426870
427708
466261
448660
425194
432318
451733
432248
427079
426171
426032
443492
435461
424635
428406
425333
428407
424146
425613
421073
426102
423867
425334
444260
427987
429244
426172
427569
426800
429454
451734
426311
428267
425543
424844
428686
431829
436578
431060
427219
431340
428477
436159
430012
432108
426311
440838
426032
430362
427569
426730
423727
428546
425124
433645
439930
419816
441466
426102
424356
422540
423028
422261
422051
447473
424565
427638
427359
448730
431968
429803
424635
424216
427359
426381
427010
422750
428407
433924
446705
420654
427428
425683
427568
422540
425682
427080
427568
424915
430642
428615
426171
427987
424216
448940
431898
422679
449149
420374
431060
429943
463118
426800
426660
428965
430571
427499
427359
430083
432038
429873
431758
422540
427569
415766
427149
426660
422680
425613
422260
444400
423657
450128
425124
426590
425613
525835
432248
427778
421282
449219
420794
421562
423378
432806
427777
424146
420864
421562
429943
428476
454806
429244
447263
427359
431130
425194
424356
429244
430431
447124
426591
433086
426241
424355
417442
424565
428685
420863
428058
540362
428057
428895
427289
424076
426521
422749
418768
423029
417232
427778
425124
432458
424775
445308
428616
429733
424565
433086
423518
427289
426172
429245
422959
444749
422959
431480
441257
425403
429035
425333
433435
510190
425333
424355
427219
428057
429174
420654
431549
449429
451384
429943
424845
429175
428267
420166
426451
425333
425404
430921
428336
420864
432038
421142
425823
424146
445028
423658
421352
427778
428476
432108
508305
427917
425682
429384
426730
426381
423797
450127
428337
425334
424774
454248
417302
