537918
532400
532819
530235
535613
537219
528838
601822
526603
530863
545949
553981
554540
525277
529327
525416
562153
536800
534914
529816
530864
548185
528977
535543
527092
572699
536172
532051
533727
554750
526813
527721
531282
642121
528209
535124
532539
532889
534634
531004
531632
538616
535123
531282
529257
525765
652527
525066
531283
539314
524997
541968
526324
534705
528210
531073
558311
531771
531073
528000
534286
529397
553771
531771
527581
536311
553632
537778
533378
535263
573117
533727
531912
535473
531213
536102
535473
528070
535193
533657
544552
533587
574095
627245
528628
533727
530933
527581
535892
530166
547416
531981
533099
527721
533308
529955
525765
531143
528908
528489
531213
654693
536101
532470
530933
531632
527232
623124
529118
557613
535683
528279
644985
550350
524298
525695
531073
583593
537987
523880
541410
531283
523181
534006
535682
533937
553981
534635
536940
525556
530724
562502
537568
521225
534426
534286
534985
528908
530444
529188
560616
528489
520318
533239
533308
627175
531562
536939
583105
529886
551956
546508
537499
527372
529886
545251
526953
528419
548673
606571
529397
527301
529746
530584
555727
533448
530584
530095
534355
637301
561244
525835
539315
539734
534495
530375
525835
531353
531143
531212
627454
534844
530445
537848
565016
527581
529327
531562
533936
533867
535543
559847
560966
556635
532260
532610
534705
631854
534356
533657
534774
563828
535403
536451
533797
540013
532680
529048
529397
536311
536940
522972
532959
533518
537429
556146
527581
532679
549022
535753
546229
526953
554190
531143
530095
537289
532470
541480
559010
535124
535753
533377
639816
534216
533447
539523
532121
532888
565295
544063
531772
530235
531912
529746
532679
532400
560267
532051
621169
547905
529327
530585
569416
557124
529047
534775
530584
584013
551188
528839
528489
530933
533447
527581
528839
531073
565086
530235
531353
535124
533308
531701
527232
533867
559638
633810
526324
527860
533029
560407
534356
534775
572279
538337
529677
531353
528280
549022
576540
531772
532400
530863
545391
535543
531981
537289
530166
528699
533797
525486
535542
605873
531143
528070
532051
526394
535263
526464
533867
565016
551956
536661
533657
536591
533936
557193
528489
529048
529397
527511
530445
531911
531142
534705
573955
533657
532540
533727
557893
540292
533448
529048
527441
529746
531073
536940
525416
618654
531352
523460
534425
552235
533658
527442
531493
518153
529816
525556
528000
525835
603219
526114
525486
529816
529466
556495
529886
534915
531003
574095
524718
531982
530794
527581
554819
533029
535613
531841
525067
531073
528419
529187
534914
565156
532470
530933
554261
533517
556844
531492
520248
526254
541409
528349
527930
531422
533168
534007
533378
530165
534495
552025
528629
527790
526115
531492
536381
534566
532959
534077
530095
540851
530445
532820
558031
532260
534844
539594
535404
590787
532191
534495
531771
575562
533588
528699
538755
524927
572908
549441
551536
532610
862819
537499
530305
528070
556356
532050
561454
530863
533378
531213
527721
529397
531981
528698
552095
539105
534216
555028
531073
644147
533518
528280
534984
551606
535124
531003
529466
531073
535124
535333
532330
532051
537079
536730
536101
530654
559429
538197
532330
524299
556565
537359
531701
552374
618584
642191
553282
534704
531771
532610
544343
551956
531073
531981
560895
549581
532750
529677
534356
538337
532609
519409
536591
534565
572559
548533
536870
523041
565365
530863
537358
532190
564527
530025
530374
529885
529187
532889
525136
532261
531911
560476
531492
528070
531911
693454
528978
532539
529397
532260
553771
529187
532260
535473
551956
528210
528699
533867
541480
533936
528768
523041
538546
558800
525625
525486
533099
636883
524369
534216
534565
536451
533168
528978
533029
538057
624590
535054
543435
536590
533937
558311
540362
537219
533378
534216
531073
538756
531772
534635
616978
527790
534635
534774
564527
532679
534565
533308
530654
528559
532400
528699
532331
554260
531353
526393
540781
539524
530724
529956
532470
538197
558870
535752
529676
540292
528698
555867
533028
532959
557333
537708
530514
526813
532470
534216
532261
535473
589530
556146
536731
554889
529118
532400
532679
530933
532889
541200
532610
530445
557823
622845
545600
543644
534845
551397
533308
532050
530934
558311
532261
532749
529956
536940
584432
532959
537918
534705
537498
533378
545530
551536
549092
525556
530304
530724
557404
531911
553353
532680
530794
577238
532400
529187
530934
526044
532051
526463
572699
553073
534775
537219
533098
536381
534496
567810
574863
540012
534915
552864
530444
664749
535334
528699
530794
642889
528699
533657
529746
526882
525695
537359
527301
532889
562711
529117
530095
529327
553771
524996
530444
525625
537848
555447
537498
539035
534216
554749
533378
530584
533099
530584
535962
536311
560616
530515
528070
531911
532261
532959
528908
534565
529048
559639
526882
536172
530934
532609
531841
558171
552584
535194
552445
531562
529606
529257
550699
535543
533587
537010
536590
531492
531702
527791
523669
609156
545041
526534
534425
531981
541200
532679
528070
536241
599029
527860
536102
528210
646381
531143
539245
534915
531283
557962
531073
531632
531911
535193
534076
532679
525905
526812
526184
533028
531212
537009
590578
532400
539593
535473
552514
529187
551816
527092
582058
530165
532610
531841
571023
533727
531701
535683
533517
529327
538127
543644
538127
526394
530584
540781
533238
534425
528140
529187
537150
557124
533727
532051
533937
638209
531492
531912
534984
553841
529467
534426
526184
555936
534775
524159
530374
571790
527512
531911
535333
557543
535543
533517
533238
592114
534635
537429
535193
560965
559568
537429
538755
564527
532959
534705
533657
560337
533937
530375
527301
668940
530096
531842
539803
528908
530025
537359
528699
526533
528628
532889
532260
534635
525904
538686
529956
531772
539803
537569
534705
531073
534985
529466
528000
531492
551048
533448
521295
528768
550000
527512
532610
532819
529187
535823
533727
532400
530304
536521
531143
536660
527860
555936
526673
528140
534914
555239
540572
528908
528000
600984
524997
528698
534775
536311
527790
535194
529536
537219
529677
536870
532610
527232
529188
541479
554400
535473
530235
530584
529537
527092
528628
528000
634718
531981
529467
529746
526393
533308
533378
528908
534705
523042
639187
530235
534076
535823
557054
529746
529886
526673
536032
532330
533029
532750
529606
531143
534985
554330
533308
532679
527302
637861
527720
534705
556006
628712
560197
532679
531631
556006
563339
536660
531353
552654
571581
529327
535962
541200
533727
535822
533029
533168
532050
564737
530235
532191
529816
529118
532889
532330
553981
530165
532749
527790
534146
555727
532330
534495
557054
587784
533028
529606
537917
527092
551676
580242
526673
535892
525136
550419
532958
553003
534146
530025
556426
528280
524369
532260
530654
533028
531772
543645
533657
536242
535543
531562
526534
529327
537428
525276
527511
527092
571511
537150
524927
528978
530374
531283
527651
522972
520039
551886
