621727
643378
628851
652178
625149
619912
627664
647150
617257
622914
625708
636882
662305
622705
627175
618305
622286
625498
624311
621937
645683
629479
630737
659651
620750
650431
624032
628991
627733
621657
751492
621238
622565
627384
625848
659581
624451
619003
635416
628781
651828
624101
626337
622425
629899
625847
626476
627105
625498
621796
630108
626686
632832
623682
619981
627873
636114
614813
642051
653714
623194
622845
620261
655600
624660
614184
613626
779429
621727
624590
619003
624591
624939
616629
623543
613485
676553
620679
623403
625220
627175
655391
621867
619004
621867
627174
663772
625219
623962
620819
629549
631156
621936
624241
627803
653225
625987
625778
647987
627524
629479
629969
674038
666565
627594
615861
639955
692128
625289
623613
623753
621727
622355
633949
624031
624940
641841
623404
614673
618165
624730
620261
620051
620120
656298
635136
624102
626965
614324
624172
650362
620051
620540
629061
619562
635696
624311
620610
650152
617885
640514
622635
617885
610203
617886
657207
618585
619702
619492
621797
621797
626267
629689
622635
644355
649175
622914
619632
623124
644635
622844
622006
621587
618165
637023
625080
622146
615092
626197
679766
613975
623892
622355
622285
616978
632762
651759
629060
619143
613416
628711
620959
617257
623612
629619
669569
628292
629759
613835
618864
621518
649245
624171
624451
752121
620120
628153
621448
619352
621238
624800
619911
630248
646660
620121
617676
621658
623753
618095
619911
628222
646032
675016
612927
610902
643657
650991
630596
623334
619632
635905
617327
626476
624521
670755
628572
625359
631086
622984
673270
627943
650990
627454
628781
622565
624939
628222
623333
641841
622286
618794
629898
701276
628362
626546
623962
623054
626825
620400
628921
630108
656717
626895
621098
622356
616838
651340
620470
618375
623683
647708
711474
652457
621588
623403
623403
630667
619283
624591
630597
625359
650921
630457
630317
626686
634438
674108
618304
621239
628501
622495
663073
618933
617397
625569
623403
648965
619702
673898
630667
621378
622216
620051
623404
621028
622565
631016
653156
624730
625079
624102
624451
626476
624521
654203
626825
639746
622146
624381
623753
613416
672990
622844
625917
629968
621518
665239
626057
621238
626756
622425
719086
624172
625778
624451
653993
641492
622705
621308
624172
622635
638768
620819
621168
626616
624311
665308
620889
623194
621098
622356
641003
623403
621448
647498
616489
735847
618026
623473
630108
632203
625149
619981
651201
618863
625708
620121
619911
623403
663772
622984
624032
629480
628152
652458
622216
623752
625080
625359
735987
627803
621447
622426
622496
646381
620400
627734
625917
634857
649733
612438
623333
628083
620958
708958
618585
621587
623473
629828
739339
624800
619353
619702
646800
620400
617956
622285
629828
647638
619772
622006
627664
657905
627105
653715
632343
619143
621448
636184
651060
630387
626406
632902
623473
655390
621867
621308
620190
629689
654413
616280
619562
625917
656089
713638
632342
622985
630597
626546
740388
624101
627175
624870
631365
651340
622915
621588
623823
621517
655181
627803
623612
623473
649733
647429
622007
625498
621238
632412
626895
624800
622285
624730
722019
621028
622915
623683
631295
672013
627803
618724
623612
635556
658743
649524
626197
622425
630458
653226
631226
627733
624171
631295
629200
620331
624032
650850
621448
628572
621657
626058
625079
614045
624172
620539
627803
621517
622845
636044
627803
623752
621937
632134
667333
616978
649035
619562
620889
668590
617816
649594
628432
630876
659581
620610
621238
619772
620750
670057
622076
624521
626127
622844
745974
620540
625080
629619
625358
657276
620190
629689
629619
622216
709937
617676
628781
627733
626267
653715
637162
621797
633042
626197
739200
648196
627873
653574
628781
630387
647219
618165
620051
622216
631645
615371
619073
621448
628153
631994
639188
620750
617187
619771
633740
624590
624381
620540
630317
653226
623543
625358
619073
622984
662095
626755
619631
629061
623543
652108
619353
626197
616419
617467
659721
620609
621308
622426
618025
732845
616489
620120
621866
626406
623823
642401
615720
621238
626057
631505
646241
619213
626895
630108
624521
654762
620540
625079
625638
626127
639536
627244
625079
623193
620679
708679
645752
622216
627175
624102
661746
626407
622635
621028
619353
653505
628711
625987
621168
624591
660070
623892
622356
624032
623193
650712
620679
617397
626616
626196
718667
624590
619841
625569
628293
663981
628362
620400
621727
624381
650711
617676
625778
625080
621587
751073
626197
625987
627523
626616
622216
620680
628013
621517
643936
624242
630178
628432
624591
639955
624730
610622
621238
655181
740946
628362
653924
636323
622496
665727
640235
622914
631295
741994
670965
625847
641702
626616
649105
626476
624870
662793
623822
621727
618794
702254
621518
613835
622286
630806
617886
677949
632902
630597
616489
621238
776356
641423
617677
932311
770210
625918
657346
614604
621727
709517
624312
620050
629270
712590
640863
623542
746813
617397
625917
620539
621029
621377
647988
619492
791092
699460
741994
737384
645753
774610
646939
799543
638069
618375
619073
614603
622635
616489
621588
629409
623822
625289
697365
630457
618165
659022
625289
675505
715454
636324
639956
691498
621308
650292
621518
621937
622426
625639
626546
653295
622496
624939
616699
628781
626267
621029
615582
627873
617467
622635
615511
622356
620680
608178
626127
617327
624102
672013
741715
627873
619981
647638
619143
680254
622426
626756
645962
627174
621378
614394
647428
618585
645542
678648
631505
619981
615721
661327
620400
769022
621588
626127
620331
769301
618444
740178
736895
762457
625638
622006
638559
614185
723346
621518
616280
658324
625499
761689
623333
623543
616629
649664
660210
621587
643936
645543
621657
618724
626127
628153
619562
647149
622914
645682
614324
624661
647708
620609
627384
622077
625638
683188
625359
628711
625708
628711
620330
658953
619353
623124
620750
845429
622775
622146
659650
623403
820006
661677
634717
623194
661955
622984
629689
649315
653715
651550
618584
617606
621238
686400
619632
619562
619772
624521
705327
625917
675295
725232
659930
622984
629060
627594
716641
626337
654832
716013
671454
641492
624101
626057
616349
626057
626825
631784
627314
629270
620959
626477
628013
623613
634997
632343
622985
684514
627454
631435
628502
691429
629409
640374
621448
622705
625987
623124
623683
679067
618864
623403
626895
614044
628990
623473
626826
638070
618793
618165
624800
620330
625009
625079
786413
616908
616978
618794
624172
617327
614114
655670
626896
676063
626197
658324
622635
613206
621238
617467
634438
626197
625289
625219
620750
620051
654204
620819
626756
648406
697295
618165
615441
632762
623333
625778
624940
622774
625289
624521
640165
624940
627454
626127
627175
666914
630178
649314
626756
624032
622844
624870
624870
621029
618304
622007
625499
634648
623892
674248
625918
622495
638559
617397
624660
618096
643937
635556
628292
619492
623543
625149
627384
620749
653924
626755
622076
630247
626965
