351720
327136
333073
333562
336286
335447
339848
364781
333562
333422
330978
332374
336146
337682
332444
333353
335587
334679
350394
330629
331886
327346
324343
351791
327835
348927
335936
336356
349207
334190
346972
333842
331816
357658
335727
356120
329581
331606
330210
329721
437206
330699
323086
333562
332514
338241
332025
328603
334959
335099
325461
329302
329512
327066
416953
333841
336425
333562
348438
330210
346832
328184
333143
324832
332165
329302
333771
333771
336635
333981
334051
332794
337613
330769
331816
325949
342153
332584
394673
328254
345156
335448
325880
332025
329093
329302
345366
329721
328044
330908
326438
348299
330978
334819
334749
330908
336146
331467
337543
334469
323714
328952
333562
334959
336565
332654
330838
331816
334470
360590
334191
335937
347181
396279
331397
334470
340476
328184
333562
345923
331676
340686
332305
351790
330140
330489
336286
331187
336844
333004
348228
333841
329022
329791
333562
331816
331885
333702
336705
330489
336844
335238
334051
348927
332374
334819
332025
334400
338450
331397
341524
334261
334749
330838
333143
334051
337543
476247
332794
335657
337403
333562
348508
345086
332026
336496
338940
334121
331257
338730
342082
335378
332095
335378
332375
329162
326717
359054
334959
335867
331536
330000
331467
332724
356819
336007
343479
331397
336914
332654
331257
335728
332444
334750
331327
338800
330489
334749
335169
332794
332445
334190
332585
329022
352768
334470
331188
332166
332654
332375
329441
330978
338102
357867
333562
324343
335308
330698
338520
329860
357657
335937
335168
334610
331886
334121
331606
339778
334400
332445
331047
336355
331397
329232
332515
334051
331467
329441
333283
337682
329790
334190
334400
334330
337613
333073
353397
331187
333701
330699
340616
336076
330698
361010
326019
331677
330140
334959
329791
333981
345015
324412
334330
335238
333701
329651
329721
334540
334889
331047
379657
338660
343060
332095
331816
330000
334400
410178
331327
330769
332095
335937
328394
339219
335308
335727
331467
329232
334191
335378
331187
329022
338521
343131
349416
331118
330559
335377
355701
331117
330908
338940
337403
334819
331466
339079
336007
334749
330210
441467
332305
334400
331955
330699
332864
335238
333911
331118
335727
340896
331187
344388
333213
336915
332445
338311
333771
358844
322946
335029
335518
338032
332166
326648
332514
331467
330628
328044
331536
329791
330629
333003
334819
330210
331466
337683
335168
330210
335448
330349
334331
336705
334959
334120
332934
335866
334470
328184
333562
333493
331397
337264
334820
336425
328673
334470
336426
335727
331956
331187
356330
330558
333562
334190
346552
335238
329720
336216
333771
338730
331187
382590
335378
331956
332305
330489
336635
338520
358495
331676
332095
350184
333143
331048
329581
330839
336495
329301
356470
331257
336007
340476
342502
331187
338731
333422
331606
333353
336077
333073
332864
363873
332515
334819
328324
345016
333003
343619
435530
331397
332095
333352
333562
330280
336006
328114
334330
331466
332933
330699
333841
358146
332445
324832
339219
330978
331048
335099
335098
330978
339638
353536
329790
329511
338450
327696
339708
333702
345854
345366
334400
354933
337334
332514
330489
333004
332445
333422
331397
329720
340686
372324
334610
331746
333562
338032
328743
330908
327835
328533
352769
331117
345784
329511
330070
331187
335448
369669
332724
333213
331816
330070
332375
329302
327137
328045
333283
334750
331258
332864
332933
334400
333353
334051
329232
333003
326927
352629
345434
332863
333841
331048
333073
342013
331118
332095
333423
329651
347740
331676
334120
333772
365270
336355
331956
329650
335796
332794
336775
337892
333073
330488
332584
334121
335448
337194
329581
333352
337543
352558
329232
336286
329581
338242
334539
336775
335448
335169
333912
406686
331397
332025
334470
336286
332235
335727
329581
331118
333282
334819
349905
343200
337263
329511
330489
336076
334121
331118
331886
333771
330629
347391
333981
331466
330629
331187
358216
334400
332514
331536
345085
330698
333562
329442
330279
334191
329790
345085
331187
335866
334749
349277
338311
347460
331607
335447
335447
331118
330908
336705
360521
336006
333073
333213
334121
332863
332305
335238
329371
330769
329511
335168
335308
329931
364012
332445
335448
335657
337682
344038
333352
338172
333213
371416
324553
333492
332933
330280
330908
333981
359334
344737
332864
337822
325251
333143
332165
393415
329302
330978
340616
336426
331606
336356
333842
335448
331466
331048
333353
332305
333282
336285
332515
332794
332165
337333
432876
333911
336425
331466
336286
333911
338311
352070
334959
330977
331676
333073
330279
335098
337543
330768
339708
358635
343828
331397
336216
327834
323854
330698
336635
332863
335098
356190
330629
329791
336566
330489
328673
331816
327696
331536
332025
332793
386013
334121
333423
335937
332375
329581
332864
338730
331676
328743
335937
330489
331606
335099
348997
328394
337892
337683
335099
334959
331187
331676
335238
347251
357727
333143
335658
331467
344737
331746
332724
335238
333772
332585
348788
336425
333492
343898
332444
334819
336216
332863
328603
330559
330419
331676
333841
332445
333702
381123
336146
335029
345155
335936
334889
332934
330838
327207
331467
427289
330000
327905
330978
332584
330279
333143
345714
334749
346971
333422
331327
335099
336915
334050
330559
332864
409829
335308
333423
328323
330140
335867
334470
337613
331955
336565
456622
330139
332584
333492
332445
335029
338660
382241
327626
333981
330209
336914
332445
334400
335308
453550
336565
347321
334750
335866
332165
333772
330489
331886
328184
333423
332095
333353
333352
330559
330419
334260
333492
334331
333841
362895
332584
332235
331886
334540
335727
344178
332305
335168
331187
330419
330000
328813
330419
332445
330838
334680
329791
335587
336984
332514
330908
331956
335169
335308
336775
329511
436858
334540
337263
329511
332794
331117
335936
331885
329301
330209
365829
334260
336216
336705
331676
331607
332934
355771
329162
342571
329721
333842
328603
330978
334261
331188
330489
332235
330000
331257
352769
333073
335937
348229
325251
328254
330628
339708
323016
334121
375327
333841
326438
331258
347251
330489
331397
331327
348438
334121
345924
351092
335098
332724
337264
338241
329930
331607
333422
339708
333283
400749
331955
335308
333143
328324
344946
334051
330908
338381
330629
371765
331676
337961
330000
333632
332864
330000
374000
335238
331676
330279
330629
338730
338939
403054
332444
328114
331327
340826
330838
331676
412553
345365
337264
331537
333353
329023
333422
414089
345715
330978
336216
358425
329791
332515
330140
327416
334400
330349
411924
347530
334540
328603
332026
337334
333981
331396
330279
341175
331815
333282
330419
335447
436019
332794
333353
338870
332375
331467
332654
329860
334749
335308
352559
333003
330070
334819
335867
331606
352977
330489
331536
333073
346762
332165
336006
343340
336356
332025
336286
335308
334400
330699
330978
337263
360800
335448
336915
330629
347809
337823
345714
332933
332165
336496
337333
333353
