73401
75706
76544
76124
73750
75705
74379
75705
74449
73820
74309
75147
96797
76055
75286
76264
76264
76195
76544
78290
76194
75985
77381
75775
75846
76963
77102
75845
76823
80804
77591
75845
75217
75357
79687
80175
112930
80035
93934
75845
75915
76474
76125
75147
73052
76474
76194
75635
76614
76264
113000
76194
75706
76334
75845
76404
76683
76753
76125
82480
90651
75985
75287
74798
113279
73331
77312
75915
76683
75845
76823
74658
74658
74379
73820
74448
75147
74030
76264
77381
76544
77451
76683
76963
73820
73820
73750
75706
76474
76404
75776
75776
76125
73820
75706
73610
75217
100289
73890
73470
