158116
162027
221809
162306
157277
157278
153018
152599
157207
150713
157906
277470
286689
939685
180464
173341
249745
286480
159372
210356
151272
226138
155672
151202
155672
154903
151830
157906
157836
153716
156300
156440
154065
152528
151342
160141
151900
161468
153855
166356
186191
152040
215802
157766
152598
157976
157208
156928
157417
155043
157906
156998
159023
151271
156789
161258
220691
156928
159652
157557
151621
174458
154065
213010
160001
151271
149316
150783
156300
160281
158814
157348
152598
159932
176972
157487
156439
159233
154764
154973
155741
154764
151202
154204
155532
157277
214056
154972
153576
157277
2439199
255681
150713
158534
155880
161258
169709
164890
153087
151201
