192547
186610
206375
186470
203999
189683
189473
190660
227047
187238
260500
196737
267972
184654
197505
191638
190520
190381
191290
194223
188635
2434310
200857
184515
191359
189823
188495
192686
278658
189823
186890
189334
190101
188635
188915
190870
189404
375245
184724
206305
185982
257357
207632
195689
185912
185632
183188
187868
186051
185911
228583
225930
213987
186820
190242
192965
261827
189753
186889
185493
187169
187099
185702
188006
190102
195619
267623
230330
186749
182559
196387
202184
191498
200089
185004
188705
190242
189334
183677
270836
245694
190311
271813
272931
1985035
187867
214476
257147
194223
199461
189683
190102
185493
184934
188006
183816
186890
189194
183118
184585
