129272
130459
127875
127387
129761
124942
125500
126618
126059
128853
126059
126269
125920
126409
126688
121171
125431
126408
126408
122288
145475
123266
125361
128713
125850
128644
127945
128853
124454
127386
129621
127665
130110
128085
186121
127806
124453
128015
127805
127806
128015
123196
125640
128224
121519
127805
127666
123266
126968
127526
123545
182769
128294
128643
129132
127806
128154
128295
127876
128643
149595
124313
127316
244646
128224
127526
125221
128783
128853
121590
132066
121660
127456
128574
127876
128294
128992
129062
121380
128643
123476
122079
123685
124523
176344
128155
157487
132624
144846
140725
123476
122078
129621
126339
125501
126968
122219
125361
126897
121310
