49237
48119
48259
48538
47072
47630
47631
47141
47072
47281
46932
47071
49167
49516
48748
49027
49097
49097
65090
49516
48818
49516
48259
46443
47560
46862
46792
46583
46443
47560
47979
47072
47211
47560
53706
47072
49307
46233
45466
47630
46652
48050
47211
47071
49236
47141
49236
49097
49655
49656
49097
95889
48678
49446
48677
49027
49446
49167
46792
47281
47211
47141
46443
47071
46653
47071
47141
49726
46792
48678
49167
64671
49167
49935
69071
49446
47351
47142
46583
47281
48538
47561
49726
47840
59153
48957
49516
49725
50075
48678
48608
49586
48469
46862
46652
46722
47071
47211
48049
49586
