145265
126618
129621
127457
127805
142891
125920
125920
129273
116841
119285
115863
114816
124663
116422
115374
113977
116491
117120
116841
115165
115863
116422
114047
113418
113139
113419
105248
116771
112231
102524
111114
100149
101686
99800
99590
98263
98752
100080
95959
98612
96797
96657
96098
96168
95190
94003
95400
92466
93165
91628
92048
90372
88277
90092
87299
106225
115724
107203
88276
87857
85483
85832
83946
85064
107692
83318
82619
82479
83946
83388
81084
82550
81852
82689
80036
81642
82130
81293
80455
79547
77661
78709
79686
78709
78639
78569
77801
102943
77871
77242
76963
76264
76684
73400
74379
105876
82689
74937
72143
