111044
116841
114955
115933
115374
114746
108320
114187
114885
106225
114746
116631
114746
119425
114955
115094
117120
115444
114327
159443
112441
111183
112092
111603
112371
113209
108111
109089
107203
117260
110345
107063
115374
115863
114536
112371
108529
114676
150713
114256
115025
115374
108670
112929
115164
114396
115094
114885
114536
133044
115584
115095
117399
114536
116492
114606
114815
115723
166008
154694
140586
109229
110695
151900
114676
109717
116562
119844
107413
113070
112161
137862
107971
108460
108181
115654
124453
139888
118726
108599
119006
108600
133113
106435
115374
106295
104898
112860
112092
100149
99241
99451
98682
97844
95820
95400
93933
96238
96378
94352
