197994
115374
119914
95470
94423
96029
95261
108460
95749
96308
98403
94911
95540
96588
95400
96239
95260
177810
96728
95680
95470
95819
97915
97985
115513
97286
98333
98822
97355
97286
98124
98264
129133
96866
94981
97775
97845
98054
100219
105038
95400
116981
95400
95470
137024
137234
95889
136117
152528
120123
98333
99032
99800
138421
111812
119494
95400
98194
98264
110765
97914
101685
98822
97077
98892
109647
97845
97355
97775
98543
97635
100010
97845
97285
115933
97635
97286
100708
97775
96168
100918
95400
97774
97984
98334
97845
104618
107064
145405
95680
102105
97426
95610
96448
104200
95400
96238
95819
95540
95400
