15644
14876
15295
15364
14946
14806
13200
15434
15714
14177
15295
12780
15225
59642
15364
13478
15155
13968
14248
12920
15714
15644
14876
15225
15853
15644
16342
14806
13689
14945
16622
13758
12431
15225
15225
14806
15294
14456
15085
14667
14737
14667
15225
14526
15294
15783
14876
14876
15365
15574
14177
17320
17460
15365
14666
14667
13479
12850
15015
15365
15364
15225
15295
15644
15714
15155
15295
15504
15365
15853
15225
15505
15155
15155
14177
14945
15505
15155
16203
14736
15784
14876
15644
14596
15714
15225
15783
15365
15783
16132
15365
12990
16063
15365
13689
15155
16622
15784
12990
16203
