29332
27726
29053
26958
29821
31427
28564
29053
30031
28983
28983
28564
29123
26120
28704
29053
28844
28146
29053
28564
26260
28564
29542
28564
27167
28774
29542
29402
26748
28634
28565
28913
29122
28564
26679
33872
31009
26679
27167
26679
26679
26329
26260
26679
29053
28634
27586
29053
28354
26818
38272
39459
29612
29332
29123
28075
27167
28634
30520
28215
30520
26469
27446
30100
26608
27097
27237
27028
32894
26957
27167
30310
28913
28146
29402
29542
52868
28564
30519
27237
30939
29542
27237
39040
28913
32405
27238
25770
28495
26748
28634
31008
26748
26678
26749
26678
26609
26259
29053
29472
