8241
8521
8451
9080
7613
9009
9079
9149
8870
9009
8940
8590
8939
8521
8590
8590
8730
8940
9219
9149
9359
9009
8591
9009
9010
8660
9010
8590
18020
8939
8939
9149
7683
6704
8032
8102
8939
8520
8591
9359
9079
9150
6635
9010
8660
9010
8940
9149
8661
8590
8591
7054
9079
8660
9009
8591
9079
7613
7123
8171
6635
7194
7193
6635
6704
7054
7194
5657
7124
7054
6635
6775
7194
7194
6635
7124
6704
6775
6704
9009
9010
9149
9010
8590
8660
9009
8940
9149
9079
8940
8520
6984
8590
9079
9010
7613
9009
9009
9149
9010
