10057
9847
8521
8660
8591
8102
8032
8591
8661
8660
8660
12501
8660
8451
8101
10616
10546
8171
10546
10127
10546
9079
10406
10476
10477
10616
10406
10825
10406
10756
10127
10057
10476
10476
10337
10476
10686
10615
10615
10057
10127
11384
10267
10057
8591
11314
10127
12571
10337
8939
10337
10546
10266
10057
10197
10127
9918
10406
10965
10476
10755
9988
9987
9987
10476
12362
10476
10895
10266
12851
9708
10407
10407
8171
10546
10477
10057
10616
10756
10197
9987
10546
9988
10057
10406
11035
9918
10546
10476
11314
9080
9149
10895
11943
11943
11524
10616
10616
10127
10336
