7962
8520
7753
8031
8241
6146
7613
8171
8102
6146
8032
7543
8171
6565
8172
8031
9219
8032
8032
8171
8032
8102
8242
7543
7892
6146
5797
6285
16203
5727
6077
6146
5797
5657
6635
6146
5657
8591
7962
8102
5727
8102
8171
8102
8521
8102
9429
9149
8101
8032
8102
8171
8172
8101
8590
7962
8381
8101
8451
8520
7753
8450
8032
8102
8101
8171
8591
8032
8102
8521
8451
7892
8101
8032
7892
7962
8032
7683
8451
8172
7683
8241
8101
8171
8102
6146
8660
5727
8171
8172
8521
5727
8171
8032
8102
8032
7543
8171
6216
5797
