10826
12432
12502
12781
12781
12851
12571
12781
12990
12362
12851
12432
12501
12851
12781
12292
12292
10826
10476
10337
10407
10336
10896
10406
10546
10337
10477
11315
10616
10546
9988
12781
12292
12571
12292
13759
12991
12432
10476
12991
12572
12292
12781
12432
12501
13130
12501
13479
12781
12851
12781
12851
12432
12502
12711
12432
12432
13340
12432
9499
12851
12991
12851
12781
12292
12502
10616
12712
12781
12362
12571
12921
12501
12851
12990
12921
12991
12362
12502
12431
9568
10546
13339
12921
12920
12432
12502
12641
12362
12292
13549
10896
10126
13270
12432
12781
12502
14178
12502
12502
