9498
6565
9359
7612
9987
9499
9428
9429
9498
9498
9499
17391
9149
9498
9499
9429
9638
7753
7612
9988
9428
9359
9638
9917
9638
10616
10057
9568
9708
9498
9428
9568
9638
9638
9498
9638
11035
9918
9569
9848
9568
9150
7752
9638
9568
9429
7613
9359
9569
9429
9498
9638
10058
8660
9359
9639
8172
12222
9708
9638
6566
10407
9429
9150
9918
9498
9848
9638
9009
9638
19416
9638
9498
9848
9638
9568
9987
8730
25352
9499
15085
15086
8451
9428
9638
9568
9638
9569
9219
9638
9568
9848
10337
10057
7682
7543
9848
9987
10337
9498
