5308
7194
7542
7124
7543
5727
7194
7613
7194
7613
7123
7473
7193
7054
7263
7263
7264
7124
7683
6984
6985
7194
7194
6774
7124
7613
7473
6984
7473
7124
7543
7613
7193
7124
7194
5308
5168
5378
5308
5308
5308
5168
5238
5238
5308
5168
5378
5308
5308
5238
6705
7124
7193
7194
7124
7683
7124
7194
7054
7263
7193
7124
7473
7682
7263
7542
7194
7543
7753
7124
7613
7194
7054
7193
7612
7752
7264
7264
7683
4819
7613
7682
7613
7613
7613
5727
7263
7264
7613
7612
7194
7194
7194
7054
7194
5238
5308
7054
7543
7613
