11594
11314
10966
9010
12711
10965
11523
10616
12012
10895
11034
11593
11314
10825
11873
11454
10895
9009
11943
11943
13061
11594
11524
11385
11035
11315
11034
11454
9009
11105
11105
11524
11873
11454
9080
11315
11873
11035
11314
11314
11315
10895
11384
11175
11105
11454
10476
11384
11244
10825
11035
10965
11314
10895
11104
10476
10966
11943
11035
10965
11524
11105
11454
100781
11524
11314
10825
11384
11314
9499
10547
11593
11105
51543
12013
11594
9079
9498
9009
9149
27797
9149
8939
8870
9079
9080
8660
9498
9429
31498
11454
11384
10826
11105
11315
10616
11104
10825
11105
10965
