3841
3911
3282
3353
3771
3353
3353
3841
3422
3771
3771
3841
3841
3353
3352
3353
3771
3702
3841
3842
3352
3772
3772
3353
3352
3352
3283
3772
3422
3282
3282
3841
3352
3841
3842
3353
3282
3841
3702
3841
3771
3771
3352
3352
3352
3283
3772
3353
3283
3702
3772
3771
3841
3772
3353
8591
3841
3772
3772
3283
3772
3842
3282
3841
3282
3352
3423
3841
3352
3353
3352
3772
3352
3352
3352
3422
3353
3283
3352
3282
3352
3772
3422
3282
3352
3352
3772
3282
3911
3771
3702
3422
3283
3771
3352
3352
3283
3283
3352
3352
