6076
6076
6286
6635
6705
6216
6634
6635
6635
6565
6356
6635
6495
6146
6775
6774
6705
6635
6635
6774
6705
6565
6286
6635
6705
6775
6635
6704
6146
6775
6635
6705
6635
6146
6565
6146
6146
6705
6635
6774
6146
6774
6635
4260
6705
6565
6146
6705
6565
6565
6146
6076
6774
6216
6635
6216
6216
6216
6216
6775
6216
6146
4260
4819
4749
4819
4260
4261
6705
6705
6774
6634
6285
6076
6286
50425
6565
6146
6704
6705
7054
6215
6565
6216
6215
6775
6705
6704
6775
6774
6216
6775
6565
6635
6076
7123
6705
7193
6774
4330
