11524
11943
12012
13479
12222
11803
12013
12292
12082
12292
11873
11873
12013
11943
12502
11594
11943
11803
11943
12013
11943
12013
11873
11734
11454
11594
11943
9918
11733
12083
12082
12222
11384
12082
11873
11594
12222
11803
9848
11803
11943
14318
11873
11454
11384
11733
11734
11943
12083
11733
11734
11734
11943
11733
11594
11803
11873
11943
11873
11803
11873
11733
12013
11943
11873
11803
12083
12292
11873
12362
11873
11943
12012
10197
11733
11943
11873
11943
11943
11873
11943
13200
11803
11733
11873
11943
12013
11943
11803
11454
12013
12083
12013
11803
11943
12012
11873
12013
11804
11873
