348224
362891
336142
353322
341101
330903
367710
403048
339704
380699
331322
352066
402281
359538
364147
345360
369526
366941
361633
368827
351646
342497
358630
364707
393830
346268
338796
343335
353951
363659
403259
360725
348224
352345
341519
418903
379931
356186
363170
344243
387335
351367
377208
372738
357512
389361
354510
350110
380630
364358
351157
368757
367500
362332
345640
342777
353323
364078
337329
333068
373297
365475
349132
397741
353043
348783
376370
349621
382236
395296
341170
399417
377906
393690
354021
368478
386427
411360
331253
352205
353881
358141
336352
374414
361983
394878
387544
379512
391246
376649
333068
341100
364636
345151
353043
367710
382585
353952
347316
380141
334885
340122
374204
349760
452635
356046
374414
375811
335303
363659
328040
348713
348434
345361
369875
360516
355767
355628
353322
380420
362262
364986
350948
373296
372808
338516
356326
367779
336141
336701
377208
359539
353741
349691
381677
361074
340961
352833
350948
353532
348643
360935
425118
368688
348643
336281
384681
363450
344034
374274
343196
349202
335583
383982
345291
407518
370713
398020
360446
344942
378255
409265
369106
409893
342916
355976
351577
384821
334326
351088
423233
344243
352485
448166
368688
368408
362751
391805
413036
357094
348224
356186
394110
359329
363100
350180
350040
355977
432940
355278
349621
383075
340821
330834
334326
376091
369526
372319
340821
368827
349412
339214
354789
357583
370782
386357
402141
348294
408286
333208
401443
365964
360027
347736
360097
430147
350319
364916
342567
373647
323640
343754
332091
330904
357862
368687
376021
380840
395786
339145
350320
351717
362890
355069
353323
610126
390408
375671
339005
367709
345780
353043
355208
351576
333069
347037
337259
336700
353811
494959
393760
367640
386357
358351
335723
341101
330065
358282
337329
358351
358141
353043
384192
351157
349202
397811
345640
383773
351856
466184
331882
357024
347037
339704
404934
387195
336142
339354
349481
461785
342707
345012
334955
343056
350878
373646
431264
329926
355907
365545
398649
343475
384541
368059
379303
344034
330066
371691
364916
330066
348085
404236
373088
363100
381817
355487
378046
344034
335374
326294
383982
365963
355557
340891
339703
387474
339425
350180
352274
344104
350878
329018
377976
345291
392224
341450
352275
361494
375253
367081
339355
381398
343894
366732
392712
369386
344802
363659
356256
382096
365545
366034
339006
362961
382865
356745
360447
331951
375951
358840
350110
366243
364287
341171
340332
351158
332999
367710
405423
368478
376649
346758
348853
349551
383144
366731
350599
363170
367431
407029
356395
340332
365545
390548
377767
385099
433639
352833
476172
382726
380840
347736
359119
430636
377347
386776
405423
360656
394598
348434
353532
327132
353882
408357
361913
362612
432591
426445
323291
371690
373088
353463
342078
395576
394040
362681
387754
446350
374623
380560
415411
415969
386846
411639
379443
371062
471423
394878
433988
378954
334326
400605
383563
348714
345570
386916
384192
373786
385658
360237
461296
373017
402421
361005
383983
394528
366244
416528
399626
408845
373018
369735
359050
358211
368618
394110
411150
415271
405633
404376
377348
368757
405424
420579
365544
364497
334047
378535
409824
418972
360097
392154
371132
360795
399138
359259
398649
392433
372458
397392
401233
366871
373577
362472
392503
364707
380630
482806
362961
407798
397322
406471
377558
382865
372389
347666
383843
410801
379653
358142
380421
328739
351996
366243
397462
388872
405214
352345
351787
344383
374904
388313
375951
401093
351577
429938
442858
413595
356745
341799
347526
372389
418204
381747
376370
375881
466953
390757
351926
370713
385449
363589
373996
377278
393970
356326
357094
361005
415900
398649
431195
388173
441950
465556
405284
350179
424420
353532
365964
347526
335234
403678
379303
453404
354859
395436
354371
358351
334116
389011
337748
376510
362472
362961
380141
950389
364847
371132
378814
363519
352833
394110
394807
350179
395855
406890
339006
364497
396065
370294
360028
385938
371062
380071
352834
380561
388662
361494
381677
382586
382306
388103
418204
405284
350948
370922
378744
364707
399068
377347
839482
383843
399976
382306
375671
390617
459550
388662
551879
352135
396065
366802
374274
438178
386707
373926
362192
373018
361494
377348
390687
357373
361564
392154
352833
385868
373227
412128
432452
368338
390059
355697
361075
338796
525479
382656
362332
416528
371551
350808
347875
386847
398649
418204
359748
381119
374974
389710
450331
338307
358561
373436
380002
420370
374275
357374
378745
417017
379443
363869
388732
360517
362333
393691
402210
350110
354999
432452
374415
394877
363728
361215
368548
394179
347176
347945
364846
351856
346757
415480
376370
376789
395716
374275
348644
387754
467931
427912
361494
390548
375811
388942
391804
368757
411220
387474
389151
364078
386916
362681
387126
353532
346339
366732
353951
355907
419391
451797
391944
363170
397951
343405
383493
367012
371062
387894
361634
381258
367221
381817
367501
374204
374903
356396
401443
403538
387405
398440
396624
358351
366942
392223
397462
398580
398649
359468
347736
367780
367849
361215
358631
373577
504807
368757
402071
358351
445512
373507
353951
353532
401233
373437
361983
357653
343825
337329
370992
355418
383494
364497
366314
371970
370224
434198
393900
392224
477360
586450
377069
346548
393412
376790
357933
365405
356745
353952
372179
382656
362611
398439
345291
380910
364358
393341
395296
376789
406611
366453
368828
361913
437690
360796
380071
363450
356745
343964
338167
410661
367849
362332
385519
355837
368967
342008
373158
367570
400815
344872
360795
364637
382376
343056
406891
348573
363100
402141
346758
356256
347735
391665
362681
380560
350669
364637
364846
375462
364847
393132
380840
373437
394319
365545
365335
383564
399208
375322
389570
363171
379722
362402
360726
383563
355349
342846
363101
384192
372529
402071
389709
395088
405494
414852
364986
335164
353393
386008
353043
382097
357653
376580
402141
355139
416528
439436
402280
383564
363380
375043
386916
349202
375253
466115
395018
374205
374973
389640
368897
373576
382306
363869
404586
363520
343755
381398
362681
379443
376300
354999
374904
352974
371062
370713
375183
345291
371132
349063
386427
361494
373507
352415
368827
371970
345850
391875
388871
422674
371481
371202
348923
357862
357583
417227
368617
439156
355069
398719
367780
389989
341868
375811
409475
350040
364847
425887
363380
397602
376440
390199
379234
363170
350110
360726
335374
347107
344313
374764
376859
353533
401233
364078
375881
372669
356954
369176
360027
381189
355697
345222
411639
372389
362262
339634
360307
338726
354510
354091
371690
352974
379723
378047
395786
367221
368618
419602
361983
355767
405843
394179
362681
371830
399557
377836
358701
432033
363100
364428
392713
356465
353882
363031
362821
334116
332370
373437
368758
357443
368757
352554
407169
375532
352065
366802
350599
348923
388034
405633
375462
368618
399347
373996
380211
347247
361913
437410
395228
395297
367710
392363
373996
344453
