260994
260504
234873
277197
312605
252892
232359
253241
291933
282015
258828
234524
256943
311209
254777
274821
241787
267698
247095
236200
247863
287113
247514
227540
264694
244860
257082
243603
247584
250028
230054
257152
258828
247304
236200
257851
254778
259038
244162
266930
223279
242695
268117
243533
244651
234174
245489
261901
238784
240320
246676
235571
245140
248981
227539
273704
258130
235641
274682
317983
259457
300733
254358
238714
243603
256873
245629
248492
226772
234315
232987
249330
238644
247444
244022
228098
244860
368687
237247
238644
306808
241228
245559
239971
235571
273006
244790
245768
243743
242695
245419
246746
237736
271889
231381
241159
252403
361633
264136
235641
251425
253311
235990
236689
231940
224886
225864
234664
251495
242905
253590
249399
287253
274263
257780
258549
240390
238226
246537
239552
260434
257641
234523
229705
244302
244302
241019
259945
243044
260923
240111
236131
260504
317495
252403
234524
270492
232847
256174
261203
265184
241229
257152
241787
276777
290746
233755
226702
258129
235781
260574
246606
235571
226702
240391
229775
254708
228587
237736
243673
270980
255406
245419
226074
263717
232708
251914
251845
242835
233965
250099
240670
266162
238295
253311
258129
260435
246606
242975
248701
226143
234594
254288
264625
265673
255964
236340
267908
246676
237247
246746
246397
282015
257641
260853
248841
371690
286904
368966
287463
243463
264764
261273
245908
263647
264345
263368
258269
245768
249959
264136
232080
247235
249469
247445
284599
263438
264345
285228
229007
255267
273704
241298
239133
232987
235222
261272
265812
233407
246676
246746
234873
240810
244092
265602
243743
242765
241857
301431
331881
227051
270701
402839
254010
256454
311348
242276
259527
235082
271609
254777
263159
239971
238155
253311
258339
272936
256453
278593
248562
355278
259527
242485
259946
246118
273076
245000
240600
256453
240320
244162
291933
239133
250797
243324
254498
243464
252752
269584
268117
230822
266161
236340
275310
238784
242905
263089
238016
242486
277406
245349
236619
237946
303317
245559
240320
238854
232219
233546
265183
290047
274822
233267
236060
235711
248980
257152
273495
220486
245210
249959
322243
248492
250378
245768
250448
241788
266231
264555
278034
331183
293469
338097
348782
269444
265812
279082
299056
253102
230264
246745
244162
233337
241019
248003
240320
281317
230962
237667
243045
226143
260015
324688
263857
252124
263298
245209
240321
273286
244302
243533
246746
268047
237946
278733
266651
241717
282923
244930
230892
244161
259946
267838
254568
230054
259946
244581
264695
251914
240391
271330
260155
245559
242067
247724
261901
233825
272378
237666
231730
240810
261692
254359
256943
277895
230962
249260
285228
261692
241507
257362
257851
257152
245279
240111
263228
235711
311977
239133
240949
249888
269444
246816
243743
234943
275590
281387
253381
249959
251914
279920
239692
352554
349550
301710
237667
235571
283831
253311
259666
261412
244930
237597
254777
263787
257781
240181
249051
256663
239972
258340
252822
251356
249959
255196
232149
240391
282714
251984
240809
242696
239483
243673
256454
273774
243533
252403
245140
259038
238784
235501
237876
246606
237178
252264
240810
236759
256174
239133
237666
244721
262460
243184
286416
245209
247026
252333
243533
240321
232708
273704
226143
257572
269444
250028
244161
246536
263368
237597
266860
231870
295145
344033
253870
266022
245838
238156
247444
246047
251425
244372
254289
244302
230403
242416
252962
262460
239412
276428
217064
239064
262600
232917
249120
246676
238574
240251
257641
267768
244162
267908
247025
273984
261133
245768
254708
248143
289558
284809
258060
223838
255266
273146
234175
260225
232498
273285
235781
263857
268956
240181
233686
232848
244650
263648
256175
236200
275659
236200
238715
267419
252542
265323
238854
236130
255196
256384
239902
249680
234454
239273
243184
246257
245140
257152
255266
291374
255755
261273
235222
260574
241229
241019
246676
248562
242765
257152
244721
259038
270561
268886
244511
267139
236410
260575
239133
253800
232080
245280
399836
235571
260016
243812
243673
248212
239413
241718
238715
252473
243812
256244
239064
267768
272029
259457
237387
237317
238086
246327
256174
303875
227121
267698
235432
238365
249190
242416
274402
232079
249470
275451
245769
237527
251914
237736
280618
246816
263228
247096
249888
238156
243115
288162
235012
255196
240111
263927
264346
262390
228098
283203
248003
254777
278105
253800
225654
271469
239902
252613
272937
236759
243883
236200
241717
258130
247095
243534
256663
269933
243673
241578
237457
258060
248143
247584
245070
252403
259736
248143
244651
255686
228797
274263
238993
265114
241368
243953
263787
254708
233616
260505
246816
228238
257222
246187
244861
243184
247654
243813
253381
259876
231660
286694
232150
245280
257571
252822
256663
275171
247724
246955
274892
236899
244162
264695
254778
252193
267558
237667
259247
237877
228238
246117
252892
248981
234873
303876
244232
240041
308764
233477
248632
241997
247096
253311
242696
232778
258060
255756
233825
229705
241508
246537
264764
251356
280828
250937
252822
256664
268117
290047
257641
246816
255685
262809
257222
250866
244581
228518
242835
268606
238156
245210
241508
264416
280270
246746
232847
275241
304294
246536
272377
253590
250098
249260
328389
276568
243393
245279
243953
242276
243324
233127
235502
228867
266441
358980
254987
294796
235641
241787
218810
257851
233477
233685
252752
247584
255756
245279
236829
256663
258549
324268
259318
258828
250378
279361
239832
250866
255965
251425
252194
240390
258619
235292
240041
269025
246606
245279
242765
277895
237038
244790
282434
251215
240321
248562
257851
248422
235013
256663
238435
247165
252472
267558
277267
260365
248073
339703
228308
225236
254079
262949
284529
256174
241298
246047
262041
255476
233616
257572
295774
227819
250867
234315
257851
244721
260435
259038
288162
258270
246606
248980
291304
236759
232708
243534
241369
246188
250587
246816
266302
255965
235572
250587
239693
233406
255965
223768
232359
259107
236619
234804
261063
276288
262251
239623
264415
246606
409963
236759
256873
260295
228098
233546
235711
260993
232010
242485
239902
245768
260015
254778
249470
251146
248772
270981
332370
347736
239832
239552
220835
293819
254288
264066
269234
228518
258619
241997
245209
265184
264415
267279
300453
255685
252123
242276
236619
260016
397950
237458
291444
255196
302548
251914
268187
253241
246117
241298
264276
234314
232918
231451
266790
233546
250727
255476
241857
291025
248003
249540
236759
250518
277685
234384
246607
247025
263228
349481
246676
231520
238016
253730
252683
243533
237737
240041
241089
251356
252892
269025
246746
267279
263927
238854
251006
273006
237876
261831
260434
245908
238924
257152
245280
240810
238924
251495
257152
259597
258758
238924
259038
251076
252543
236060
250099
233616
240950
235152
271819
249120
256174
274194
242905
240111
243114
249819
256175
248561
246118
257850
263787
239553
248073
234105
229985
238086
241089
243812
253032
