1033363
1086023
1051661
946970
1042233
1020163
977490
1036506
1014506
947877
1086511
1057877
1024074
971484
1067515
1001516
980633
1044188
1043210
1661021
953675
1007102
962824
994951
907301
1006823
903669
970227
990201
1035039
1079877
1117311
1050823
1003471
1049775
953325
1008640
1049845
1269145
971624
1015414
986919
1036156
1020233
991599
1021280
1114169
1326414
1122898
1121362
1110327
1041045
1085324
963453
948507
1067794
1014366
1075546
951928
959331
1000398
951579
961496
967364
952487
943897
1055503
1065490
1056480
944875
1002913
1008779
1012480
1048797
1076106
1061159
1104880
1002005
985801
1002144
1003471
1095940
1004938
1082671
1060741
955072
957795
976023
1073940
968691
1040207
1105299
1083089
1008570
991598
974836
998303
1005776
979725
1060322
1087909
946760
1057877
1074569
1019814
997675
1097058
1035179
991668
1082181
1024773
1074150
991110
1002843
1010525
996347
967363
972951
964500
1056480
1011782
983985
989224
1143781
994951
1044118
985941
1036366
1025122
1095032
978259
1156423
992646
977351
931884
978328
1068563
951439
993973
1030779
1055992
1018836
981192
1059413
992645
1046633
1018697
1059344
984614
1078830
1002284
1011642
1016811
1007382
1017090
1127438
959262
954024
926716
974906
990620
1126391
1026868
957097
996347
1098385
1066049
1040906
1040975
1008011
1078760
1068074
1054594
1025890
939078
1159984
1169133
1193368
1023515
1033713
980354
955142
1170042
1093216
1017859
990690
923853
1146575
1004029
1057947
1063324
984404
1133375
919942
973300
986779
973928
1071706
1016532
990621
955002
1114029
1150416
1065560
1048937
1012062
1105509
1071775
1099362
989713
992087
1017440
984544
994043
1104182
1083649
1022189
1034621
1037833
1027845
1052290
1024982
1041255
1006405
1040836
999630
948996
1063115
1067795
1044677
1067864
949344
1043770
995369
941034
962544
985871
1142664
1060810
1065420
994252
932513
979586
992087
1141407
1261882
997255
986291
980773
962056
1012341
1029452
980563
1099363
1023586
1068842
1150696
942430
1025262
973369
1060810
1054525
968272
990132
943897
1026169
977072
971904
1072823
978398
986919
1033014
943897
1065001
1663326
1001795
1141965
1017859
1005916
1226891
975534
1023097
969459
995649
974976
1150835
1050195
1062067
990132
1011084
1024075
981681
1075617
1002563
992088
1024494
1035668
941593
1045585
982519
934120
1020652
995510
1098734
960310
1048449
1074988
975884
1007941
947390
1046982
1070728
1088257
951580
974278
1024983
961776
982659
980982
983636
1035040
977840
981471
1031268
1070798
1002703
961078
1124994
1051662
1026868
1022049
997395
1021141
981262
1083649
1067445
1020303
959611
996278
957307
981681
1013878
1052640
971764
1078061
949624
958144
1480273
1069820
1141896
986360
972042
994462
978119
1058924
964919
993274
1073801
1036855
964919
991180
991738
990132
1005985
1019395
1107394
1040696
1025471
1075198
972183
1013319
887955
1077572
1123248
921338
976583
983078
1104811
1056480
1051312
1023097
1060741
1023515
1466655
1032316
976723
1022399
1087490
933002
998233
964012
1170810
988735
1067236
1029941
997884
1069959
1012969
987896
1118988
957656
1633714
1014087
1009757
1067096
1088886
1067935
1016950
1006893
936844
999281
1131978
983636
1046493
1040836
1166968
1028334
990272
916101
1030360
1055992
1079318
987268
1009967
979306
981820
1063255
1156003
952977
942430
1011853
1041605
1025471
1028404
993973
1019395
947110
1102226
997744
979726
980145
975535
1087979
1049007
1043630
1152302
993694
963034
934888
992576
1043210
996558
1077433
1106068
966735
1059344
1269634
1074988
989783
1001166
1045935
978818
1063605
989713
967922
984824
1173673
1001027
1154536
1108931
956259
1143293
976792
1014366
1096360
1143712
990201
995440
1182054
1022189
1001656
955421
1070379
1026449
1055014
1063604
1293240
1064023
1009478
1074919
1010246
999769
1020722
1019745
948925
1043630
944525
1011154
1027915
1027217
1007313
957516
1101318
1077503
942430
1152092
981681
1072824
1062138
1050335
1029382
1087001
1032107
1047401
1056481
947739
1117731
982798
1011153
1014157
964430
995300
1069261
1065560
1014017
1141896
982659
1194486
1004938
1046563
1125204
1004869
990830
1050265
996767
1077503
950114
1090843
1023236
1026449
1029871
1088398
956329
1355468
1035179
1124575
1125204
1208104
982240
1089864
996837
1102226
1133725
934958
1012132
983567
1001377
965129
1043211
1022188
966736
960590
1027636
957656
1023096
1110816
1036366
965338
1052709
1136030
969948
1052220
945224
1028824
1004589
988805
1035459
1033922
928393
1062557
1007383
1044678
1117591
1124715
920501
952628
1000748
1019396
1060741
1033084
1083788
998303
979237
970577
1083230
1002493
1104322
921479
978329
992158
1106975
1010455
957097
1092309
1040487
1061718
1009198
1181217
992855
1105928
996348
1013110
1001656
1354631
982380
1058367
1017300
1043141
987617
978818
988596
997536
970576
950533
1060252
1004519
986291
987199
1012271
1042583
1161800
954094
1050753
972882
1047331
1119896
1033433
991040
963034
1024075
961777
938729
972392
1047820
964431
999700
998793
985453
1041744
1039859
943967
1024075
974557
1010036
1140359
1007593
1127159
1015135
987408
1041605
1010735
1035808
997815
977421
1024074
1026380
1004449
1040138
1045865
980494
1186734
1033992
1555982
1074849
1042093
948577
940965
965059
983357
1020163
1000609
1116544
1035249
967643
932095
1010595
975535
1059344
1039230
1004938
1030780
1155515
1058437
973929
978887
1165712
979237
989294
999002
1006614
957028
1027287
1149927
988456
1048868
1075198
967504
948856
1271730
1142664
1055503
1162149
1064583
1028824
974348
1031338
1023097
930069
1023585
995929
1014925
1016043
968062
1004939
1035598
1087490
1070240
1068004
1182893
978119
1105020
1146506
1003751
997325
975256
1051243
1108861
1090773
1043211
1033014
1047541
1026379
991738
1017300
1056969
1010595
1046354
983637
1064093
1025961
1032316
1075198
957796
1013040
1015065
1020513
1126531
985313
961218
971624
968062
1099503
1016741
1087490
981472
1014507
969878
984964
1077294
961078
1034551
1053617
1221165
1089166
1067515
1021142
919802
998373
1018418
1034620
1078410
1085045
1034481
992716
972183
1077852
1037414
970647
1013040
986850
970437
1261672
1014367
1108163
1106277
969808
1024982
1065630
1170601
1284860
1132886
1361824
1194765
1062137
1054595
1187223
1139521
1168995
1080646
1080366
996976
1076107
1168855
987757
950951
1068982
1015624
980144
1102645
1099782
1059415
998793
969599
1034131
1039090
1008710
1041116
1046424
976932
983358
1016742
987967
1072544
998932
1066957
998862
942781
1018906
940475
995090
1095452
1028824
1104950
1044957
1100551
1021910
1099223
1065630
1055014
990761
942082
1047332
1012272
1105230
1051732
1056411
1012691
978748
949066
932443
964849
1308745
1025541
1094544
1106557
1075757
1031059
951301
993065
978888
1097896
1004450
998164
918546
979027
980634
1112703
906672
1003542
1016393
962755
1038881
952418
1035389
981891
961568
1087491
923504
994044
1051173
1075058
990132
976304
912958
1019885
1027357
988176
1011224
1222562
1031688
1045097
1102995
971135
1020932
936774
977142
1030709
1058855
1046424
939847
1008291
1074291
1037903
1016043
1018418
1001656
993065
944386
1107395
998722
1024983
1134283
988177
1006825
1005567
1012970
1127579
1125274
928183
1080087
973789
1011713
1076037
952069
1009199
1101598
1028055
1021142
1017020
1000259
1024982
1039859
1041884
1136378
1029732
1110817
1200143
1046564
1126392
1037554
998792
1004310
999141
1006266
963942
999142
988875
982939
1002075
1018628
1018836
1525811
1027846
1033992
986989
1109141
1022888
962335
972532
1073312
1027358
1046494
993694
978120
1112772
1008291
1105230
1061091
994043
1549626
1123668
1104391
1007383
1023027
974907
986501
1091751
977422
1000608
1042792
1030779
1036507
1048868
960311
907650
996069
1070728
986012
1102506
1070240
