504736
533931
480363
475962
509486
506413
473797
484273
569619
545942
462902
606355
748131
503619
540635
521428
478337
472191
470235
555790
498241
484064
460737
511930
513328
534978
458642
480642
480153
497753
471493
483645
482807
508578
481340
483925
513327
528622
468210
490489
494331
487207
465417
471423
471493
603911
488814
463880
464229
761260
524083
472890
514236
486159
509347
470096
478896
507460
495099
498870
463321
496915
495867
492166
494819
494959
504039
498311
487975
532324
521010
479524
486788
459410
459690
462414
485321
453753
528134
461505
469607
473448
479035
551600
475404
469327
496495
454941
517657
490490
506204
536374
443557
503479
493633
467582
497054
460109
477569
482528
444953
504179
479734
500896
478547
513537
469328
513328
507251
519333
503131
488115
529112
506343
542660
487905
461645
614457
494679
480432
469049
469887
496985
524013
490070
511930
514236
478826
454033
469747
513816
437201
511512
538051
485670
489232
510463
470026
489651
624723
494820
488603
482668
469956
490560
478267
514096
492655
518705
505714
503899
499918
524362
518496
499080
510464
502921
469537
601326
501175
481340
525829
471842
452356
452426
494121
492515
518146
516889
473518
429589
515283
474147
467931
502641
505435
569688
488604
554813
536026
532952
490350
518496
493493
479455
503550
501943
516540
503550
505714
532045
464998
454522
509975
515632
474916
477429
476661
528692
458642
446490
481061
456198
463740
509765
497613
534489
489931
485112
464439
616412
476940
437899
472681
497892
456477
496496
519613
492445
478965
470236
478617
466395
487207
490629
565778
454312
492026
447258
493213
511162
489163
474426
587078
473239
483017
505436
480851
472890
491816
502432
489093
518147
574158
519613
486439
561727
534559
456826
486858
471004
495937
449633
452217
477848
488394
504737
490140
482528
517588
496426
485391
497613
538959
557955
526807
514515
539378
523385
479664
485600
463391
455849
562076
510674
547899
499150
448097
494680
486369
508089
479944
523454
566616
471982
537213
516680
508019
514025
476592
451589
461785
513886
479734
486928
502013
538540
490699
525409
476381
547898
595041
527994
488604
569200
493214
493632
466813
460458
453125
472261
526317
517029
543638
501594
496007
495378
473797
466953
494750
489302
548318
664882
519753
514306
522127
472610
472331
473937
496496
452007
459899
515003
490909
513118
480362
536654
668792
554045
513118
522477
531346
514026
537911
501734
510883
474147
503200
498382
505156
559702
485461
468979
477988
468350
507810
517867
481340
502991
582539
494541
505436
541473
454103
486020
485670
450820
500407
556279
488743
492375
454732
450192
451100
503968
491467
553346
497892
487346
491328
548317
634710
496007
528413
462832
443557
506762
524432
479943
465417
454592
501245
482528
492725
507880
480084
488743
490769
557816
500547
518775
544407
505016
525619
513816
505784
586310
456757
503480
484972
512350
502922
519544
490071
497683
512350
468560
472191
548666
503130
557676
509975
511651
548877
500617
470724
458083
484134
600559
494750
460947
497125
566895
441881
549085
455848
475543
515632
588685
495518
509276
479873
457106
449912
512140
493702
439576
547200
601536
455360
907367
472680
494610
466814
540705
442160
499429
487556
534699
520661
515213
460948
448935
503200
521569
494820
472121
494610
458852
465068
449703
514026
496636
458852
528133
463461
511022
510883
488744
554742
474217
492375
478197
517099
483226
520172
470794
473448
459271
492934
492445
459620
473868
465975
470655
458852
519404
480362
485252
458363
531207
499709
446141
475893
463252
499359
538540
460528
481410
489093
458433
482877
498661
487766
456198
614317
482458
474356
462763
495239
493702
457804
502642
466185
487766
472052
505226
506134
608799
494680
513118
497823
470375
448655
497264
494470
512908
491747
479385
500058
491746
456337
521150
450122
487835
528483
507600
491816
474496
480362
473449
461087
506064
775159
487347
454382
487067
519823
443138
509556
475753
497334
517309
474775
471004
463601
440833
502223
504528
452846
510184
485252
498801
516191
519823
514095
528902
515563
488604
487696
478547
477569
474636
542451
481550
456408
509556
479944
460598
465557
456617
549714
474217
465278
516051
526248
494750
490839
501874
458293
469747
493981
482597
446350
470655
502502
457734
500547
513747
487906
486928
463741
487696
743173
508090
467791
517378
477150
512839
590012
470725
479176
483017
500198
505435
511651
472262
537283
475893
507112
464858
469189
502502
541962
475404
501664
469957
455360
488954
535188
470725
485671
538959
509556
562006
454941
477639
513327
463531
469956
496706
500197
512001
517518
489582
541753
562495
510953
472681
431055
521429
514794
517308
496776
546013
450960
523454
465836
473588
500337
486369
504318
476521
459061
507671
476242
460040
487975
456059
464160
511652
477359
458642
470655
522686
462972
491188
554953
600418
470096
525759
532673
468630
468630
498661
513607
479525
446071
457455
500338
461715
486509
467652
482039
473239
504737
475055
502432
529111
518706
493213
505226
462833
487347
502432
465975
463950
506623
527017
499849
489023
493562
585543
496077
503829
501315
522128
541753
569409
546990
466115
490978
477988
469119
522546
477500
527295
536654
468210
477430
482598
468420
524502
488604
464299
497823
529949
531626
492306
469538
498451
441671
518915
475823
469258
496566
531416
536375
480502
460807
506554
457246
475893
476382
532324
468420
512629
609708
475265
491467
470515
511442
543359
537842
655453
493842
522197
453056
485042
487277
508439
494890
477779
481550
487766
488604
551670
554045
482807
466395
521918
506553
553416
459271
544547
459620
515283
490839
510534
508369
476871
469048
497683
490769
580724
496566
511651
535537
588267
477011
460249
483017
499290
469049
475265
470096
469747
488464
508788
537353
478617
473099
472890
479316
469398
532185
479944
480642
495309
492026
526109
487906
511372
479455
520661
509486
561099
524223
501036
517099
483925
522337
532114
535117
461506
475404
492305
485112
471563
508718
470515
463252
480433
527575
473449
471283
490630
499220
483785
481340
448934
525620
485671
482877
471633
495309
468141
491957
527994
525270
476172
471074
468141
480433
476102
495867
484274
544336
495099
522477
541264
507181
568851
482318
505017
519613
477849
446281
490490
473099
534140
460110
562705
453195
471773
494471
488116
453265
502223
484484
476871
468909
600209
563263
493074
486090
495448
494540
509975
495169
496776
536095
511023
505645
493213
486369
490210
494819
482528
458503
485462
515912
490490
538959
490979
477569
481760
489791
553905
463042
492934
476103
476871
497823
473868
506833
464160
503480
487417
511163
490909
516959
480432
476452
477709
473240
539657
461855
473588
487626
466395
472541
463462
513607
487557
456757
487626
510255
445303
504807
503690
496496
512350
469049
509696
468630
469118
499639
559562
563054
551810
499150
493284
476801
482458
474147
515493
550273
676824
517867
591549
522896
521918
471703
461017
451589
510184
526039
457036
519474
518496
483367
468002
496077
531068
487976
520172
533861
663415
552997
