141566
153718
154277
145268
150645
147223
159585
150645
153579
169922
152601
159515
154975
145826
184169
151763
151763
158118
158817
165871
144779
151972
142055
154277
154976
154556
167547
146316
276846
159724
148341
168035
157839
147991
154138
156163
149039
158467
144221
160702
158327
148690
157350
141915
169293
163007
147503
140518
144151
163496
172995
157699
134861
154766
144429
161261
165451
161680
144290
142474
137794
150925
149249
142753
145128
171667
151344
160214
144709
150157
150017
144499
150646
152321
149598
143103
145058
145337
186543
159585
150645
148132
149667
160493
178511
152042
145128
155464
147572
145407
149528
138423
175369
141427
147014
143662
154277
157420
157979
150226
168454
155534
132417
159375
150436
150715
147503
168245
139401
141706
167268
141636
146176
152322
147293
141147
150226
153858
147433
154487
148900
144989
160284
168036
148411
153020
143662
154836
157490
156442
142125
146525
151833
147433
145547
142614
149249
151414
162518
138703
158328
144569
144150
149738
153998
157560
167058
172924
142544
143172
173064
149458
145827
144290
147712
166918
150157
160074
147433
166290
146385
151414
152042
161959
138214
161331
142824
147782
165103
155465
139052
149667
134442
150157
143871
146874
141496
147433
147502
156512
151693
154696
168315
142265
146246
168874
161330
142405
141147
150366
146385
149318
145686
152042
143941
142753
143173
148551
157210
148061
152601
144639
165102
143452
157490
146594
136887
144919
149039
150226
157281
157211
144010
147922
148201
143032
141915
141496
166080
159585
147293
138912
195902
153509
153858
146175
169013
169852
148410
147782
144570
155674
143871
179978
149318
160004
154068
147502
162448
153090
164614
147852
143521
169013
140379
173204
144500
144010
152810
149179
161750
166569
161960
146944
158607
169991
142754
161889
162937
159864
151204
155534
160353
145547
154556
148271
146246
162029
134303
151623
154975
149668
161471
141287
157560
142683
142056
150575
160283
157281
171737
158887
157629
140798
143731
145197
136048
148760
135630
135769
151344
153788
143521
152322
149178
148760
151903
165242
139820
154976
144011
140100
162030
136956
148620
157769
147433
155255
145337
192061
152042
144989
146036
142753
162937
158328
145687
140798
143662
142125
140100
161750
137725
174392
153998
146385
151623
140449
148760
140170
139541
147153
152532
161750
144430
173134
155954
146665
225445
148760
161540
156931
140170
138424
153998
149248
145687
196601
146804
164124
146595
158886
289139
153928
141357
150855
167267
159795
153160
155674
155045
148340
167757
155045
147013
146664
153020
179420
166080
154697
146036
153579
156162
158956
149877
152112
157000
144430
161262
151065
145477
170550
155535
150017
138773
166499
143871
150855
154557
131369
141217
177324
144570
149737
155185
140588
143662
143382
149738
154207
156373
145686
146595
286485
145687
149947
151624
152601
150716
148270
158746
136538
161540
159655
151623
146874
148969
157070
152531
155953
152042
143522
139681
135839
147014
153020
145338
151623
157908
147293
155954
176417
146036
152042
145826
154766
181375
164543
152252
146385
162239
150086
160563
149877
163007
157490
157979
145338
153509
158887
157420
152322
140240
148201
147782
159585
134373
137166
165382
140868
141078
164893
167477
137236
178860
157350
166779
146385
151134
144010
147293
148341
141776
168175
151135
142683
152252
166499
155674
146874
148411
141776
161680
156442
162169
153719
171598
139052
158747
146805
150715
161051
151693
167546
158188
140449
158537
142614
153509
151274
140518
158956
155394
150576
152601
138913
146874
151693
151134
163077
149598
166080
167477
147992
161121
137655
153299
155394
150716
153090
148760
150925
147014
164474
152601
150366
148899
146595
152042
154975
149877
156931
149668
149178
129344
159934
138912
149667
143592
141775
155883
141845
160074
143103
151344
170760
169153
146036
140449
156861
166290
156512
143242
153159
154766
148969
148341
149668
152531
143032
148411
146944
150227
169013
153089
181864
136468
135839
153299
155255
142963
160004
157001
136048
179350
156442
157979
144709
147503
136887
139192
153579
145617
166360
144639
141706
147782
140728
139191
156442
242835
147014
175648
138842
143731
175578
150156
144360
158887
147922
152880
136188
149318
164124
150994
155674
142963
168245
154278
146106
140169
151484
153509
156024
146385
152880
149109
145897
151414
149947
163217
135351
150436
159794
147642
151484
146664
230333
168734
161959
144429
139890
156442
150855
152671
153090
166429
151414
161051
173693
144918
148410
139401
159655
155464
149319
153998
154207
147642
155953
165452
160144
149947
145547
159725
138144
154487
152671
159724
138563
145617
152532
149249
162239
155045
150645
143941
144150
173693
154487
158327
164055
137516
148410
145267
142335
150087
151135
145967
155395
143731
144011
164334
148201
170271
143313
149808
138563
152601
147922
153788
143242
144919
162030
147083
150855
154277
152811
156442
150715
151204
153090
170619
153090
148481
147153
146106
145757
163147
152531
160144
146874
157909
143312
145129
160283
161680
250866
157908
146315
152601
144569
157420
147572
145757
143801
152811
139331
163496
135421
136817
141637
150925
149877
186474
146455
155883
143801
153230
155953
153579
140239
160772
143732
163915
150297
145267
151413
146805
159166
138564
153090
150156
156372
166988
159794
155814
144150
153928
144360
146735
145478
139402
145268
167966
143801
153020
145337
168943
168665
152112
151484
153788
138563
144918
167827
146385
159794
146874
140658
149319
156163
154836
139750
154836
153300
153090
149179
169852
144150
157280
140309
150157
155325
151135
168176
167058
146315
164404
156931
190664
154557
157350
153020
154487
151553
154207
151553
140588
137376
153230
145198
158188
144779
150646
138913
159445
135210
151623
140868
178023
161680
143242
154556
161750
159654
145827
145407
145128
142474
151623
165312
144429
152811
143871
152950
146525
151693
160703
144639
148271
166988
148690
154278
140798
142404
145547
152951
160284
143033
158817
152182
153998
162728
161331
145268
153998
152182
156791
148271
157350
168175
158188
143731
150157
145268
145617
152252
142753
168804
142335
145058
158048
139681
146874
144360
152671
155953
154975
166429
154906
158817
204632
153718
148270
160493
150157
140449
157350
138773
157420
166429
144150
147503
163496
151134
148201
140728
144290
150087
170969
147293
144430
165452
147433
173693
158398
144290
158398
147852
204074
145268
169922
145128
161122
147014
153020
144640
165102
146106
172924
147992
148899
169153
137725
146455
149738
166080
155325
146036
145687
141775
151483
165312
168594
159376
139262
152601
149458
160284
149947
149388
156373
155255
152321
168315
161122
147084
162658
148550
143243
161541
153719
161959
154138
193667
152462
146944
156232
145058
138843
155534
153300
165173
143801
143522
175858
148480
149458
169293
145408
165871
169781
150226
154906
149458
146875
147084
173413
154207
160284
168454
149459
149738
142754
146525
160354
157560
160074
232987
149807
157281
161960
156931
154347
268326
143033
159026
147572
166569
