742196
735841
720336
823979
744430
809871
730812
766640
687301
712653
822722
704343
725992
754138
759656
857014
747434
729554
767618
687860
716285
724107
745409
801631
748691
851706
708044
762100
732418
819300
741149
802189
741637
729345
701549
753510
695542
705040
755047
809313
742964
728996
798068
732488
723968
762170
904854
894937
895216
1018276
1254406
799814
735910
724526
726971
750018
674101
726900
754417
761262
739263
795764
758818
825236
775440
763427
723828
737377
753091
745828
711396
663276
763567
761123
729276
803655
735910
785637
734025
720336
748761
680177
689117
806450
687301
723339
777466
797859
716215
769783
752183
737446
684228
645676
746316
726552
821255
801211
831313
752882
724596
721243
815459
731091
743592
973368
722919
737796
798068
708812
824608
734862
685625
720964
734025
718520
720825
742615
743662
687790
722710
825236
770272
686602
693238
844093
723898
700850
681714
740729
764405
704412
724736
779840
716914
743104
784449
742615
718938
806589
740659
745478
665720
733186
737307
691910
807706
742405
754348
741497
710628
730602
713282
1200210
820278
801490
773624
722221
826563
704831
801281
773974
681505
740520
904365
701129
728577
736888
726761
687092
853103
820767
683809
771179
785637
754558
720964
778862
727669
841439
701060
713422
734304
708812
784659
750716
678711
736329
765313
718240
673962
769992
728437
771948
713142
761682
706996
735701
787593
758398
701478
701968
697358
687511
788221
706787
741638
686113
682272
751345
689816
759307
816576
799814
701548
904226
791224
715377
744431
745967
792201
716006
818322
735421
674241
898638
729974
739473
791154
806380
781028
784170
759237
750787
737796
720196
770202
678921
690653
754767
792062
769294
741846
753999
713631
827052
793739
766430
782075
714958
726063
746038
709720
701968
787732
691212
718520
712444
822094
781098
786405
718800
748203
848074
721872
832220
856036
743313
771459
769294
788361
771180
751554
775999
759796
678920
735910
784100
756094
729764
714051
737656
728438
686324
842627
729065
769294
764056
771739
738774
746386
726970
702526
736120
714050
759726
725504
703574
724736
758468
819021
735980
763218
724526
695542
779980
741637
734514
730323
815948
680596
684927
706647
695682
721802
719917
746177
699174
750298
709161
863718
1219137
771180
771389
732698
667816
734933
891655
738913
734444
769294
718590
739472
732698
698336
747993
737726
852405
817344
729694
742685
802259
1085323
832709
763637
759168
819300
812595
857992
713771
702596
673892
733955
739262
779211
719358
767129
708113
839205
724666
752113
883554
717822
698266
873356
804145
719637
854081
745828
703993
729624
821534
794436
743383
727180
720545
726761
845699
777814
698685
735142
711257
738565
795066
801002
726761
748761
716146
780190
846538
749319
731999
775441
790316
772717
841510
882227
752672
777954
699524
727250
743733
750856
671238
732558
722432
748272
830335
715517
761751
762520
788850
765732
689955
736748
745967
713003
716006
754767
849891
722571
671168
829846
693028
708184
800513
710348
726203
722012
790735
707834
752114
740170
735073
1177722
809662
739473
724945
809662
787523
777955
737796
753510
815668
690793
722571
747364
738495
715097
807008
766221
814411
797929
817135
749948
718171
713771
718171
769714
798418
746387
695821
763777
763358
734025
717892
759237
719987
948645
729206
733117
831732
711606
774811
734513
773554
714958
800303
748412
888862
704692
708324
722640
734305
718240
728297
721453
845630
703365
738494
771249
741218
751904
769713
881598
716634
737796
697987
733955
710348
696311
706578
702457
710139
695542
785358
700082
737796
741707
1218369
748482
746387
684856
758957
846678
802888
810011
800932
728438
848214
851008
814481
797440
727878
832221
798139
762659
703016
759727
775021
778862
707276
745408
758260
754907
788012
733326
674940
829357
898570
758259
754278
762380
759657
857014
768596
1273544
721593
782983
757700
696101
754907
745479
757002
736819
687581
713631
758957
682412
733117
680108
765243
761472
731720
710488
775650
735911
758120
712514
729555
772577
826983
737308
735491
711606
733536
792132
858202
778723
729834
744361
794158
730533
787802
764335
745758
811548
762380
733536
732907
688139
706997
737308
743523
757142
748342
773903
752881
778374
754698
716424
820139
756583
717752
762590
683390
722710
710628
762241
805052
807776
733187
712863
768806
691491
767619
763288
757980
755955
734723
753161
760774
735352
765732
829287
691632
769434
805332
701829
784729
718660
717821
750926
881249
743663
705391
722920
722432
739752
749669
767898
784171
755535
759167
723968
711467
674660
765732
688140
767409
703365
799116
774253
765733
730952
714609
842068
769853
756304
751764
768805
758958
636947
761333
723479
728647
681295
719079
733675
717403
716914
867979
752323
754768
712933
1154326
750158
754698
739891
737796
751065
702806
768456
721873
711536
801630
728228
728298
752672
768735
724666
722501
743872
717752
730184
794088
783821
714190
680317
693099
682901
732558
712025
732139
778653
754907
728088
755745
811059
717821
763358
760564
696171
707067
1221233
844094
774602
839693
733675
727250
684647
731720
778094
710908
727250
758190
698616
718451
688488
698895
752603
716216
735911
856106
747434
755117
716774
699245
804075
709161
716844
698127
713561
745898
796462
731231
689257
730742
810850
741428
918404
732768
795554
707275
770900
989293
707276
711676
747085
703504
719010
773346
795345
722920
827891
724527
705879
692400
837109
754697
757980
801282
775022
746597
796183
716076
698825
831034
807357
796672
767339
734514
745758
806101
708184
776069
756933
711886
736959
1335912
717683
756793
748133
705320
716286
685835
725364
812666
697498
746037
821814
737308
816716
753441
733256
703715
799535
1125063
808824
742197
746317
809871
751904
742894
788221
718660
728927
768596
742755
689397
723758
764056
707764
722222
751974
777815
860017
789688
734933
765942
851008
723828
721244
718590
777815
732978
757492
744082
698965
719149
776349
725295
719149
710628
745409
762310
753301
746805
751136
861275
739822
773275
785358
715517
734723
785358
792621
696939
681645
717333
784101
730603
760914
845421
765034
690934
705670
769224
828450
832012
775580
830126
877617
752672
809802
736050
781447
686324
794996
823840
737796
1080225
766431
789828
785288
743454
745269
716914
700153
810151
751346
691632
713772
790246
711815
714818
691073
730253
767199
763637
754628
753581
709022
805821
688559
785568
719498
778862
726691
716775
812246
889490
708464
714819
730463
744501
799326
721664
793110
826564
734932
842417
811758
827542
690794
716914
788361
785219
749460
811967
784450
759656
789827
832640
726482
921966
694286
790316
770272
861344
766641
742965
702596
720196
811618
702038
786964
743594
706788
699104
749180
698546
769993
778723
789269
726133
879572
789199
767409
807358
719149
787313
830544
782495
758330
745968
938169
697708
769714
688698
728578
835643
786615
712165
778932
755466
756793
706019
776348
850938
936493
705181
838786
785009
779771
753510
806380
690514
772158
775092
747854
799536
770482
823701
845910
736818
881738
838786
812526
921547
