150296
141146
141845
146735
133534
135350
152601
159864
129763
133535
152950
169851
144220
145826
134372
138423
145896
132417
136538
147782
141078
144569
153369
140797
149737
131718
140309
154696
164893
147362
142614
141496
141776
154626
143661
156860
155045
203584
157629
144639
137515
175299
145687
140937
144010
143382
144359
143103
149598
165032
149318
162727
137236
135979
138703
138423
151343
147153
138004
137375
145687
152531
136467
159096
142334
176067
137864
137515
206797
134163
157001
160842
148271
131299
145477
140727
146804
151553
140519
158468
161471
163706
149807
151693
131649
136467
153299
142893
137027
138912
145268
149179
148829
146874
139890
162239
144778
147224
146175
140029
137305
134372
148830
144919
133465
130252
280687
142195
142543
140798
271049
135490
141496
144709
153788
156582
140448
131998
140658
142892
141287
143801
129623
145058
139052
139471
142823
199254
136747
148759
155465
138772
140728
139471
141775
154417
138214
159585
136747
153299
131509
132975
157978
136607
277196
133185
162588
135071
135141
146035
136747
144080
147922
129274
147363
136118
140518
133255
150157
133953
136817
129624
141566
142474
133046
139890
137864
143591
159305
161052
150226
135560
142963
144359
149528
155534
147013
134303
139471
138423
174600
143522
132207
147502
140239
141287
139192
150785
147432
140099
143731
157490
144080
142823
143591
154067
142055
137306
148899
141007
157909
146594
147991
155255
137725
136189
138424
151623
146804
141566
146175
148899
133185
159165
136747
147502
135979
129204
137655
142404
131928
149039
132975
136957
144639
142823
144430
145826
135909
134093
166848
147013
155534
146455
132067
144848
143173
141985
131300
146106
140379
156302
178163
161401
129274
159096
140169
142684
150994
136468
135560
162728
265672
152950
139331
140588
134582
165312
145058
151414
139261
137446
137725
139680
131718
146664
141776
157350
157420
234174
141566
131998
126411
152601
140379
154626
141566
132347
185495
124176
133883
136887
148340
140728
137166
156163
135630
147503
138842
143521
138702
151762
161750
156512
140309
139122
149597
144290
141915
144779
145616
157629
145687
131230
155673
135071
162309
150785
134861
126970
142753
140658
135001
139820
150156
141566
137096
145966
133186
137585
137306
130252
133186
145128
130252
140728
158467
155464
146106
132906
149807
136258
215806
131509
138354
143871
144011
135839
151134
135699
183121
153300
150576
141915
140099
129344
153579
176556
144639
158886
134861
169153
142544
148620
148760
133395
143521
150296
138424
154556
147782
156721
159165
129554
145477
144570
164683
130391
142474
135979
138633
170340
151693
158817
132696
153159
136957
134792
138284
133046
147293
145617
138284
149947
144010
146595
147223
140589
137027
128017
147433
154835
144359
219228
133465
143312
131230
136887
148340
149319
142124
144081
132627
130531
138703
145338
138284
137795
147502
150296
136537
144918
135280
136537
137446
142055
154556
133255
139890
135979
144220
137097
131020
139820
137445
140728
141078
136468
136258
133185
160143
142544
136538
162030
153998
153369
144848
133046
145897
164194
125433
148341
164892
145338
175578
182283
264625
150156
138563
152810
141077
146804
138912
155255
162239
154417
134582
166219
147642
200162
147363
143173
137585
218111
131020
146734
125712
158188
151135
140030
133394
137236
138632
143312
154556
135770
130252
130671
123966
130741
133604
119496
175089
127388
129833
127877
126411
119566
119846
120684
116005
118658
124944
113421
105947
113002
116912
109999
107415
114049
126830
113211
108671
104061
108811
107764
98684
95681
109300
100989
99104
94423
95401
95262
95891
120754
108881
99034
97497
108601
94912
109021
103852
103433
89117
89116
99103
98265
92887
99034
94214
86532
91072
88348
86252
95402
89116
88348
84087
87510
80037
90094
90932
81923
81783
80526
82970
77313
81573
75568
87790
79269
87230
80177
75497
79338
86322
81084
75706
83529
80526
80107
78221
75078
86183
75567
84926
76196
85345
81154
81434
68095
79059
70120
72284
80735
70608
68583
79059
78710
72914
79618
73123
71027
70678
67326
67047
68304
67815
66768
77173
73402
69630
71656
72494
77383
80177
70050
72355
67396
68164
65300
80247
69840
68793
65370
66348
78291
71167
65859
75287
68164
70888
67814
65720
77243
69351
69212
67675
70120
69700
77732
71517
67186
67605
69560
73891
76754
77662
107903
67676
65301
77174
79129
71028
74799
67326
77313
68792
65301
81504
75358
86322
73053
65091
73542
67745
71656
76336
69700
69770
65720
68304
73682
70190
70538
68164
65860
66558
71098
66488
66488
74520
66068
65859
71097
67815
69701
71516
65650
76265
75288
74380
85903
85834
66837
67395
69212
75707
67186
71097
66139
65860
67257
61948
66279
72774
65371
70958
67326
67326
78710
74310
64393
75776
69561
71726
64393
72494
63834
69911
76545
67536
70679
66488
69631
75777
70120
65370
70119
75777
67187
66278
70259
70189
72564
66767
66208
62996
71656
67047
67186
71028
71936
72285
74031
71517
70748
71865
69840
68792
78431
65720
74310
71307
81573
68164
66279
83669
68094
70468
81644
70678
76754
70329
75637
73612
70749
71377
65371
64812
70399
68653
65929
83809
67256
66278
66069
72913
70190
68723
64392
68234
67117
82551
66976
69771
63974
68164
67256
65789
70119
64323
65720
68164
71656
67606
64533
65161
78221
71586
80945
70679
68094
70119
61739
66278
65790
71097
71517
71307
70748
74590
73611
73961
68932
73122
72006
65789
68513
92469
64882
71377
139750
71656
69701
69561
70120
64952
65371
73751
69211
70119
68513
69421
68513
75986
71656
69980
65790
78431
65161
64812
63834
72075
63904
73332
67326
110836
73402
69072
66069
71027
73402
67116
73053
67186
71377
71865
73751
70818
68094
69072
87231
84786
64183
72424
63904
64881
65929
69980
71167
65790
67535
74450
73961
66837
63904
69072
77034
73263
68164
69840
73472
65860
66279
68513
69491
69142
82132
69771
77592
71656
66279
68234
65580
67396
74031
65790
73332
66279
65719
62996
74310
66627
70190
74799
65580
73402
64393
66348
68234
75288
72285
69282
71935
66069
72914
69072
65859
73053
67745
71516
67256
78221
73402
67675
70399
62297
65859
72983
72424
68653
66418
71028
76545
77243
66278
70679
70678
70958
75148
68792
64882
66208
64811
70468
68653
64392
64882
75428
73821
66069
66278
67326
63904
69142
70050
71865
67325
74869
70189
66208
71167
72984
67116
74240
62857
75357
69910
69980
70119
70748
69561
66208
73751
67256
77942
66278
74729
72983
70259
72633
65300
75777
77313
64881
65789
79409
70958
67745
72005
72145
68234
68164
69561
68792
79129
69211
65790
75707
66628
66767
75777
73961
73542
68653
67815
74729
71866
77313
72843
70119
77732
68234
70049
73472
71167
67745
65510
