704411
545035
627517
645326
589384
574158
622000
613060
640368
586451
575555
671795
602724
663415
586661
595111
670329
599860
588896
558584
623327
568851
601606
657688
609848
606076
610616
575555
604679
888232
596997
582330
696589
615574
620603
635828
600838
611593
583727
606216
610476
608241
600908
668793
590572
633593
591689
604121
598673
660412
567105
621022
613060
567734
622488
624584
605866
590851
659015
621720
691141
605866
611314
660831
620603
668513
1418600
628006
569899
609847
649307
596368
623327
608521
620114
609289
617041
591549
593575
611943
588755
658247
617181
627656
634152
593645
640507
592527
737096
629961
593435
678360
598673
617040
662647
585194
585054
718939
638202
629682
613060
588965
594064
640926
642952
585473
595111
576952
584495
731230
627936
647701
631149
651961
632057
652031
562845
607962
613479
591968
587987
603701
639949
595111
580585
639529
652869
591619
659783
620603
655034
627517
585194
605168
722989
591131
581213
612431
581353
601537
561098
623606
624514
556350
604958
618229
618089
689954
653218
618508
564730
657548
590711
602304
639041
606844
621091
602515
601607
638971
634921
667885
640507
664044
617670
659224
727389
585264
733255
602934
713212
629193
586520
632545
587708
597276
683389
628076
552788
618787
768874
599162
593016
585892
623956
592806
668444
629403
643161
604889
630800
595460
626400
578210
626050
595460
586381
663973
599092
690164
604470
605587
571366
584844
590222
559003
615016
660412
642882
615155
952485
659015
663205
621022
609568
595251
608521
671447
579886
577511
603282
603212
629612
635689
573810
665650
600978
619904
637714
602514
623396
658666
605657
575485
615714
619415
718309
656221
567384
596997
621022
666488
581073
639529
601537
639181
617809
654266
588825
597486
601746
653148
654126
560191
582959
641345
598743
599651
575556
609149
579118
566616
628216
644838
661251
669841
884460
629892
628565
583727
603282
674380
686044
603631
608660
578001
589245
568362
651053
589314
579537
609708
618089
597416
609009
623326
625981
708881
616063
598953
794645
751205
570876
595181
577651
641625
622070
644278
646863
574368
583727
896194
650215
579816
636666
613340
621860
584076
649657
592248
605867
586591
675846
598114
661041
637644
607054
576114
634431
646164
856873
697218
578699
602304
610196
667536
639180
608311
590082
588546
665999
605587
706087
606076
632406
606146
558515
560400
635130
639250
681783
628356
684368
607962
610267
602514
658177
705878
583727
619415
565289
606774
585962
718240
581143
609499
674730
657478
603422
616203
630869
585403
706576
581841
594063
562845
708672
610826
592458
640717
602095
617670
593784
606355
593575
586591
610965
648888
668025
587429
608731
632266
600978
630870
601048
589105
631987
599930
651752
671098
671098
614666
613619
621720
621022
587149
651054
615085
657339
594413
622000
608241
603003
585613
707275
568781
726691
583168
588057
614037
632336
632755
642813
607124
593575
968828
643790
610756
640927
722081
629124
563403
637225
596508
576324
573181
593785
648190
579118
598813
612990
800512
577931
650844
613060
625352
591829
601117
645816
617809
646723
689186
644488
608660
594273
618578
622349
587289
638552
569410
566058
632336
669771
638971
629194
593296
584286
605168
610546
573460
687021
619485
642882
663834
621022
606914
581492
593784
598533
623955
653009
593295
774043
656012
581702
633454
669980
608031
698615
611733
600419
594064
648399
581422
590921
604260
646234
571505
605099
605657
652031
747294
657898
658177
641276
583727
600978
632476
581842
606355
591200
609639
587150
594133
603492
584007
572971
583099
666907
631359
615155
652451
664882
636456
593295
599581
567245
601188
587638
615016
659504
654057
614807
595530
635409
577302
727110
587918
644767
588546
598323
633244
632197
671447
632825
695612
708742
631568
685485
674171
643650
584775
655873
632546
729205
623396
605867
622488
637993
611034
650565
671726
707973
607543
613619
630171
579816
589943
622419
611454
690025
571994
592457
604958
660133
672215
640019
650565
601537
603911
606077
642603
585963
604330
714189
627936
617880
653778
600070
606774
582261
651543
567454
587219
651962
617390
611454
597696
598533
588826
712444
631917
628425
644070
661879
613828
593156
619206
627867
637435
602794
615155
576045
614318
586940
714469
608451
568362
650494
588547
587289
624235
579467
610755
613758
558655
636596
591829
585613
573810
590991
721104
594343
590223
627727
631358
632267
618019
639041
621371
615993
585334
596368
602794
557048
561308
629891
621930
614387
578698
625003
585962
636108
609150
635410
634921
627657
624864
621860
626400
602445
659225
573391
594972
666069
616203
612083
660831
696799
579397
679339
630591
674590
614318
628775
619835
567245
707135
647632
639739
616902
603771
634711
640298
591829
563194
662577
598324
627238
708323
660132
640927
692190
611734
590712
586242
665930
608520
609149
647422
606985
606565
558375
651543
567106
614038
571226
619067
700710
646025
635898
647701
648050
612781
621372
639251
646724
617669
616134
682691
639041
599651
670819
616483
637714
652940
689675
604190
631358
626260
624724
614597
613689
602235
593296
634152
572064
682901
649517
607683
598533
623327
619137
572833
575835
600559
623187
581492
656641
627098
643301
572483
594972
649308
639530
609569
658876
584845
578769
581352
596788
576464
713421
624863
641625
665930
635199
743592
607752
605937
637155
609778
650286
592946
602235
649378
608870
636248
622419
621302
623886
626610
588686
571086
595530
681015
659784
695821
651542
710977
592737
624515
594762
604819
583378
603911
558515
687650
592597
576534
620324
612921
593225
683460
592178
610267
639251
814690
612642
654406
654406
615085
604889
594413
577302
606775
629543
599860
567525
582610
652451
658038
622489
574369
728856
587499
615435
635479
605867
707484
604610
743941
597556
584566
635828
609219
618438
617111
631079
717472
621581
604680
628565
627028
681016
650425
567454
668374
655802
616273
646793
613899
655454
583168
584217
671098
609149
590851
637783
604959
621511
648190
625422
610895
675289
605169
588617
605867
611734
634642
566826
611943
598743
681085
626889
700152
625422
616063
722710
606915
623257
659016
739961
619486
584007
610896
665929
592108
624165
668583
633524
674381
651124
647143
658038
670818
688069
591270
565360
587638
712863
579746
669562
641626
626331
661041
593016
587709
625632
649518
580445
705879
650076
596159
630730
611873
585194
633664
591760
622280
612921
622629
646724
591759
585055
616483
566687
743452
742196
610407
553207
627169
626679
593785
593156
594553
613410
608661
624793
670539
623885
616762
646235
603422
599023
603003
576813
605378
574159
615923
683739
568083
605239
585194
651473
648819
683669
679339
612152
669142
617949
640019
644698
587360
606146
735211
675567
580305
628007
631289
606356
551112
609499
578140
569829
599581
579468
623258
606146
639810
700571
646794
639042
581143
631848
607683
620812
570806
631568
573252
570597
609428
597276
624863
615994
621232
636946
662857
593714
650076
727459
587219
650845
589385
584706
704202
639251
608451
633663
589035
