935375
937261
923643
913516
864907
923573
875522
891306
937680
951998
842278
1033921
1429638
904296
857084
982378
1112980
900315
963451
885998
909045
875173
878316
948715
787453
889630
901713
825656
840811
859948
824538
1029312
835713
840252
850310
842278
862392
933979
829846
861345
840392
908906
941451
931674
1088187
962195
952626
944106
934189
968271
872938
967363
843466
869027
855688
888094
884950
946690
968760
849611
898500
879014
851846
841789
895636
849821
815460
935864
858621
807357
878735
946131
907719
881948
862532
840462
850449
1016810
899129
945293
876570
931674
888862
845561
1419092
909115
856805
918544
966455
853383
1017438
919522
1043908
979375
832919
966385
882996
858201
909395
954931
892703
898080
961216
941801
939147
1047540
974556
952067
888094
857433
894379
1080783
841998
905763
953394
906182
835363
944176
849751
882367
880271
1294427
902691
893751
922385
896335
879992
906252
898221
916798
965896
857992
878945
939077
1043070
887046
976303
950671
931953
980493
925319
964080
1063254
907230
932722
915820
967852
1051102
937191
980214
966315
948366
945922
935167
927693
927693
1068282
991109
1067933
934328
940125
934608
873846
927204
891446
964848
1040695
875522
1007382
871681
932372
900455
918963
939985
935097
932931
923573
1065349
893262
1017857
889561
940613
898570
832780
872798
1048867
1041953
825726
857434
943408
902271
833199
878316
950462
870075
864836
859598
875662
989293
862811
903389
895008
846469
830195
855757
858831
826354
970087
890817
795904
955420
862741
882577
807637
890817
837599
1011292
827682
1023096
945922
841999
872310
937751
1019185
859389
835993
901922
907230
896195
885998
844163
826215
810221
851428
852684
888024
801701
984963
871262
862811
948576
877269
916658
817904
1028753
905345
923083
920360
814900
917356
848144
918474
876290
814063
822583
949903
896684
807986
897871
921827
940194
870005
916309
941382
914563
832710
837110
913515
838856
868398
868608
863929
828101
874266
862043
874964
794367
857923
879154
893402
919522
819859
887116
926436
935306
856805
831732
855338
865116
811757
858062
834107
853802
885440
845421
829846
907300
873148
821605
938798
861974
882996
954023
885998
929579
860786
942360
878386
897243
818532
862113
881529
856386
859948
933421
862742
912188
878666
881668
830265
937681
931186
903878
827403
949763
889142
910722
1021000
935306
1008499
872868
832920
892494
892563
877548
948157
873427
861834
1261671
963452
1010943
800513
828869
872798
857015
939077
890748
861973
841719
941801
896964
837041
858900
892214
818323
854152
916309
984055
848285
928392
909814
801282
834387
813714
966315
871262
860367
886068
785916
827263
869656
948995
861275
897103
902411
940334
934678
836412
913096
828310
876989
926715
896265
832780
881808
880411
844443
927065
822443
980283
845422
871332
828659
1000537
883414
952906
868957
842279
873427
846609
846259
840672
855618
897243
856875
816018
939147
947668
905345
859669
933281
874685
942010
917287
918614
879224
981820
806729
954303
903458
869866
857014
869656
890049
858272
883065
889211
856247
900525
957305
803378
883135
970156
907300
961566
846957
964919
986290
923363
859809
868748
931115
918684
870285
1042652
862043
922875
851567
957236
878316
891237
838507
873567
893122
877199
891237
857574
922385
922595
847935
906811
822653
864697
867560
924760
920500
821257
892005
837529
982030
878595
899547
885230
924690
949694
842348
820348
845561
836481
897104
863929
790876
868957
938030
972950
877478
889561
962754
866723
890329
860856
817834
861834
829358
883834
870074
831732
844164
838367
816647
878107
1093774
844094
906322
919173
821396
888443
888582
895636
849332
827542
892355
864627
878386
849822
909116
950950
926925
881878
1338985
858690
902690
901014
901573
874056
854081
916798
883345
893053
895706
904297
874754
967293
863929
887047
897523
841720
847237
897103
830335
933001
901783
913307
886697
988315
844025
940614
829357
848355
910164
868609
823701
828799
837949
984404
877967
889002
882297
908278
873357
905135
862323
918055
880271
870494
838297
852196
873776
848704
906043
922874
845282
869446
807917
871961
902970
902970
851846
913655
1191761
905345
875942
983077
841859
917985
899547
910932
907021
925249
983077
856526
824888
827472
867142
914354
873637
840742
857434
837040
1034410
906322
1261951
914144
877897
908417
838158
972043
821256
871821
853732
823002
873498
849472
888303
850939
921967
824120
822094
914843
944525
895287
926366
885300
1011153
854221
878526
864697
837459
828450
938169
931395
882716
910024
868469
895427
901992
930976
993484
902900
797650
888303
937472
937052
907230
952417
875732
855548
857224
882926
850450
894449
921548
864418
966804
983077
894030
869028
885510
868887
839764
910443
980633
822723
855408
848983
1120873
880830
832501
920151
912957
978817
852825
915331
874266
909186
822723
918056
905764
838018
836551
936843
859179
918125
905694
865675
957934
873847
845002
886069
826006
901992
976722
982589
868329
949205
892983
840952
970925
877478
959401
886348
783612
885370
881319
891307
803587
824120
917218
888024
943966
904856
877059
861834
828310
879085
874615
867072
849263
843675
946341
953465
853244
970366
907300
1043629
947529
941173
867212
898081
905065
869307
956258
912748
1078340
892843
954303
888024
872310
848494
844862
814203
918614
1058855
891377
875173
851428
832221
915750
897941
875034
898151
921618
931815
919452
893821
871681
888303
847307
840253
834107
841231
889421
893332
930068
892703
903948
834037
877827
867072
839835
895846
831942
899618
929580
927903
871682
961566
913447
1070029
963522
914494
862742
1054525
975534
920570
864418
866164
844234
818812
851427
903878
887465
903320
807707
886837
844793
899757
855758
905275
861554
908487
882786
911910
878386
839625
788990
932443
770692
845701
869866
991319
867282
837180
831244
873707
898431
824399
965827
923574
910233
933909
830196
873637
873986
847865
867142
994462
1021211
892494
958983
827961
849961
883694
892843
846330
886836
889700
833129
909536
879783
836552
883625
813923
898710
862393
875383
943477
883554
856037
877059
918335
971065
937192
880063
905694
942151
931535
858901
836202
867980
914354
890818
857713
932443
880621
942291
885720
882787
923504
902412
847377
876151
941173
931744
948646
900456
851288
875243
870773
885230
850381
848704
852825
875244
859808
887675
846539
871123
887815
890957
796603
859390
928462
899827
853733
811898
832222
896056
839136
924202
887745
980563
856596
814971
887745
847377
896405
835295
928881
911560
875872
916798
881250
1078410
803098
913307
843187
866304
886278
838298
1066816
996347
959820
892355
849612
926786
862882
883833
861345
931605
842069
880831
861415
888094
884812
825656
865186
933840
889631
1051731
853314
994042
864209
839206
875453
839136
902901
866653
1031267
894310
955490
884113
895498
891028
828451
933980
823212
875244
1005427
919453
933351
885860
904996
1021141
975465
907650
867421
913586
862044
852266
831943
838578
849193
886767
887326
917567
929091
870704
833968
906322
824540
922944
897034
880900
1007382
974348
895637
835085
871123
857295
825797
903180
877618
836481
866863
923294
990760
833619
930069
1040766
