129486
129556
129695
129485
155047
128648
163848
126902
128647
138845
124946
150648
168736
131371
124947
143734
129696
129695
129626
129556
129206
129346
135212
129067
128299
134095
128368
123549
124876
129765
175512
132070
129555
129276
128857
129277
130603
128717
131371
129695
121523
130743
131232
125155
150368
129277
131162
129276
131162
130953
129904
130044
125505
124946
129765
122432
125155
145619
129555
131232
130254
128787
130185
123479
129416
124038
133397
125505
126133
129276
150228
131790
132210
132139
130533
129695
131651
130114
129346
145549
125295
124038
132698
130533
132209
129556
130883
131511
126622
130743
130673
203168
140590
123060
128298
130045
130813
130324
131511
169854
