63486
67466
59574
59645
60064
60133
59993
58736
57758
59156
59365
88209
60622
61041
60622
59644
60623
59854
59714
59644
60972
59994
59993
59295
58597
59854
59644
60273
59645
60064
64254
81296
59644
60971
59226
57689
58178
60552
60342
60343
59504
59435
61530
56641
62298
60063
59575
60134
60134
59505
59365
68585
64883
59924
60553
58108
59994
60343
59784
59574
60553
59435
59505
57689
60064
59645
56571
59016
59435
59505
59854
151904
62438
59644
61041
59575
60623
59645
60064
62438
64045
59226
59365
59644
60064
59575
60622
75429
59575
59086
58178
59645
59924
59644
59714
60971
60203
60133
59574
60064
