36946
36597
36108
36247
36317
41067
37225
36807
36178
37156
33873
36317
36317
36737
39041
36318
36177
34293
34362
34292
34432
34292
34432
36527
40578
36667
36178
36248
36458
35758
36736
36527
36667
36667
34572
36248
36667
36527
40438
36248
37225
36248
36248
36527
41415
35969
36178
37155
36737
41067
37295
36177
36038
36247
36178
36806
36317
36177
36597
36667
40647
36248
36597
36597
36667
36387
36596
36667
36597
34851
47772
36178
41067
36667
36736
35968
36457
34152
33943
34851
34362
35829
36597
37226
33873
37086
95263
36666
36178
36807
36597
36667
41835
34292
37156
40787
37085
38064
40997
43162
