9498
9499
9569
9568
10057
9708
9498
9359
7263
9150
9638
9987
10407
9569
9638
9358
9079
9499
9498
9638
9568
9149
9918
9638
9638
9429
9220
9917
9987
7124
7473
7403
7264
7683
7193
7123
7193
7264
7682
7194
7194
9638
8940
9010
9638
9987
9149
9848
9150
9499
9429
9499
9568
9638
7123
9498
9429
9569
9638
9569
9847
9708
9917
9847
9777
9499
9569
9498
9149
9499
9708
9499
9568
9638
9639
9429
9568
9568
9359
9498
9568
9149
9638
9638
9988
9498
9987
9150
10756
9009
9359
9498
9918
9079
9568
9569
9498
9428
9987
9499
