299479
276711
275594
276781
275873
278737
278527
275803
276153
298152
278597
278666
276292
279924
278736
280623
276501
295778
278108
277550
277550
272661
276781
278527
279994
269447
277480
280064
279924
275594
280553
282369
275942
282857
319593
277549
273917
278387
280622
278666
322387
282927
278178
279016
290539
276572
268889
272451
275524
276642
276921
277689
279644
276711
273359
286209
271892
298990
276571
317708
274966
273359
282159
275245
283416
278178
276641
278737
279016
274755
279924
274756
275594
278737
303810
274267
277060
271613
276013
271752
296895
276572
275594
326648
275035
273848
277131
273917
280692
276641
275664
276432
274057
273289
278038
319803
274057
274337
288095
277270
