88978
89676
89118
90375
89188
89188
89117
91283
90095
89676
88768
100152
88838
90165
87720
103016
90584
91702
88419
88419
89397
89187
90724
96451
89117
89188
88978
89257
88629
89118
90165
88629
90305
90095
91213
88210
90584
89467
88768
89187
89187
88768
87302
93028
87022
88698
126482
119289
86813
86813
87791
87791
93517
87720
86254
87232
89187
89118
88908
106787
89187
89676
89187
90095
89188
90165
89607
96381
87372
87301
87650
87232
87162
87371
87232
99803
86603
87162
86812
87860
90934
89258
88699
90095
88699
140102
87720
102946
108394
87162
108254
87791
86324
87092
93028
92470
87302
86882
88139
86883
