340685
337613
337404
338730
338940
338171
370788
340616
341873
338590
341035
338521
345435
338730
342083
341803
339289
338172
349276
352558
338590
336705
389854
388596
332933
336216
360731
338590
351581
337124
331466
339987
338730
339988
342572
338521
361848
342083
341174
339708
338591
342432
360171
348788
393765
338381
347042
348159
340546
340965
341943
344108
391531
366946
340616
346902
380216
340895
347530
393905
394812
348020
461022
338241
343898
352419
353397
341175
346832
355213
342990
339708
339988
339987
387829
432877
341384
339220
339917
342502
363664
340826
368692
342502
343060
339988
344667
343968
340965
339289
343339
339638
355492
395931
354724
396279
395301
339359
340965
340476
