17879
19974
19974
20114
20045
20463
20044
17530
19137
19555
21511
19556
20533
18229
19555
19416
19905
19835
20044
19556
19625
19765
19905
18089
19486
19556
19904
19416
41765
19696
19765
19486
19416
19974
19416
19556
19696
18089
20603
19974
19975
19486
19974
20324
19416
20115
21511
19416
19626
20044
20044
20045
19905
20883
20045
20045
19905
19556
22419
19905
19835
21511
19626
19625
21162
20743
19974
19905
19974
19486
18089
17530
17600
20044
19766
20045
17600
21092
19625
19905
19626
19626
21581
19346
19974
19625
101479
19905
18508
20114
19765
19975
22838
20324
26191
20464
20045
18927
20044
19625
