172089
173556
173346
172229
173695
173695
199188
173486
168806
179212
174185
173695
173136
174673
173137
173835
173695
174743
172927
201353
205054
173416
173765
173486
181727
172647
171740
167829
172369
173137
174254
174044
173066
197581
198978
172228
173556
171670
173276
178096
172788
174673
172229
173905
174883
173067
172927
175720
188920
173975
174185
168946
188571
195346
172787
168108
168248
169366
170553
178585
168247
167899
169365
171950
171809
168457
173556
172020
171670
171809
171740
175302
220350
166712
173137
176140
174184
172159
165174
171809
172089
172019
174463
171810
173416
171879
171879
172159
173556
173975
167759
172089
171391
171880
188641
171739
171600
171669
172508
168876
