221536
224470
222794
221187
257854
224680
241232
221327
221327
220908
221885
279156
222793
223282
240254
220838
222235
225657
224680
223283
222165
224959
224959
223282
222794
224470
224680
223772
221886
225168
219093
218114
222025
221327
224610
223702
245212
222095
272451
281949
269727
218812
216717
222584
218952
221536
216996
217904
216089
225168
220349
215740
214343
222235
257645
258273
223492
216927
221676
226076
224190
221955
220698
222095
221047
223562
222305
221327
221118
241860
224679
221327
219860
225727
225169
223283
221816
224750
222095
220838
222793
319175
220698
221816
220489
220629
223702
227054
220629
221886
225168
222794
220488
222863
223701
219861
222095
238997
223352
222933
