12974929
13204995
13198429
13128935
13204925
14271025
13299215
13297329
14755253
13630764
13296072
13413620
13462930
13227136
13344753
13433805
13390781
13385053
13560083
13947578
13367801
13251232
13371224
13474244
15264067
13354392
13796225
13462231
13509236
13347474
15145608
13095755
13576702
13684401
13295231
13353899
13192140
13174610
13194654
13315555
13451890
13883247
13598562
14099694
14033901
14846466
14654814
13319187
13451681
14810846
13712408
13361932
13594791
13445185
13494914
13864179
14053527
14066029
13165599
14524136
13554980
13670711
13883805
13460551
13688103
14608643
14288548
13675179
14028310
14883689
13219237
13435822
13684048
13859287
13193813
13296833
13266172
13659463
13763321
13810257
13589619
13384557
13560005
13308846
14126510
13714779
13254857
13199611
13102108
14266198
13740063
13823736
13753334
16684686
13436591
17612006
13494073
13918655
13279023
13261352
13188435
13515305
13185432
13312544
13226496
13395100
13951408
13410326
13962583
15645054
13481916
14533558
15703583
13535696
14894651
13400618
13677689
15108443
13199886
14190833
13870179
14175118
13984723
13796074
13251152
13238021
13629845
13473535
13463826
14090676
13658481
13398522
14085997
13275527
14823270
13324068
14030331
13228382
13286562
13656457
13349213
13190038
13756678
13074164
13585700
14798821
13893154
13656662
13263650
13519279
13596387
15280186
13919904
14364112
15833490
13465081
13806547
14348886
13262043
13771277
13723294
14252502
13167126
17308734
14184264
13153925
13355495
13707509
13303182
13400055
13413046
13940089
13252615
13766807
13575503
13479887
14049814
13541490
13266025
13382455
14538579
13248281
13309115
13262110
13367714
13261761
13384616
13453622
13287534
13555665
13582066
13981782
13246465
13336494
14357334
14774441
13344177
13636474
13820722
13235710
13781819
13711067
14498278
14632099
13690184
13928072
13846564
13732858
14231335
14107851
13928421
13767710
13363244
13134156
13593170
13599876
15164590
13565023
13439654
13446986
13828751
13214962
14160369
13391388
13899432
13617752
13281244
13422399
13421979
13236195
13414716
13505164
13324198
13320427
13252189
13504116
13217617
14382613
14000916
14760189
13445097
13460463
13433922
13469962
13377209
14109174
13470871
13469753
13511939
13531216
13439441
13627251
13531984
13572912
13376511
13430849
13081980
13217965
13316585
13896147
13114733
13467235
13331179
13957819
13330061
14274561
14616657
13431266
13228508
14527885
13433850
17307603
13004449
13343122
13875822
13106771
14002449
13088611
14042469
13180107
13303591
13775875
13120949
13222991
13219220
13121019
13103208
13533866
13352272
15562273
13052082
13950904
13409404
13488467
13303800
13228998
13613698
14246413
13898379
13364980
14080112
13043489
13154611
13748633
13103484
13345703
13853468
13135054
14199685
13157474
13901941
13201196
13169417
14066562
13188205
13157264
13746956
14064537
13216143
13213977
13133378
13561102
13445161
13248620
13296883
13293041
13153353
14681049
13242265
13333970
13279631
14029894
14185436
13231229
13366168
13204270
14206669
13762808
13569969
13188621
13447463
13377689
13297647
13332430
13375453
14683839
13273691
13857307
13017853
13069398
13057245
13119056
13094402
13136867
13120244
13705187
13216139
13223473
13272434
13511020
13129393
13100129
13461082
13743880
14702068
13293526
13337388
14023745
13075055
14481013
13068140
13105577
13790396
13105017
13459127
14023042
14251153
13149366
13190993
13132742
13151251
13292755
13363297
13168433
13122894
13124780
13153137
13144407
13966259
14581444
13116119
13312241
13484755
13252664
13213412
13773002
13288006
13221305
13113675
13793466
13717825
13121149
13961091
13922607
13208663
13812323
13315175
13402270
13201399
13466178
13484337
13297015
13237159
13211806
13083429
13850664
13591334
13394164
13198392
13189942
14163984
13209568
13389835
13785360
13370418
13397448
13274942
13327813
14319666
13473088
13521420
13276967
13322644
14832529
13793881
14091765
13099913
13986650
13191129
13177090
14099658
13653076
14677337
13147547
13537903
13204190
13540488
13175275
13443754
13236248
13155788
13543211
13323200
13473714
13833899
13165214
13827333
13038797
13662362
13900111
13949141
13958011
13030833
13430201
13530427
13180021
13156692
13489149
13068899
13148591
13091319
14552451
13009950
13091179
13179811
13882999
13890263
13056537
13286183
13050391
13100957
13933007
13850591
13614658
13815809
13313562
13402124
13131968
13876223
13225768
13417698
13394159
13055555
13111709
13865813
13075601
13308320
12990321
13106542
13278288
13032996
13139927
13088033
13933702
13182322
13061562
13975748
13070223
13025453
13173312
14648623
14026804
13196361
13267392
13516664
13299311
13464910
13293793
13400654
13205231
13162975
13266275
13430826
13213053
13752247
13399257
13183160
13173592
13042704
14492169
13339188
13765165
13082024
13976163
13518687
13647478
13212911
13284500
13899894
13209278
13242804
13244201
13331505
13393177
13531677
13879849
13098018
13304755
13537614
13652298
13239520
13038441
13315580
13998654
14061652
13960100
13028313
13790938
13097807
13206695
13090125
13155429
14123673
13178408
13303987
13498991
13135244
13197194
13148023
13256629
13083208
13857286
13137336
13390869
14214467
14636254
13262566
13125672
14712942
13254743
14109422
13351826
13482993
13222197
13151515
13879008
13091170
13050241
13161293
13311037
13107583
15990245
13091100
14104882
13964845
13460783
14224036
13162200
13341839
13072312
16600889
13289945
13048844
13641678
13583918
13303005
13489555
13230993
13096684
13812373
13709702
13312502
13959813
13231203
13237209
13050937
14584706
13229387
13949826
13849390
13431306
13796030
13116519
13175887
13261515
14005981
14563054
13163175
13235534
13991313
14301140
13330172
13162756
13213184
13322419
14047607
14667959
13773330
13432842
13403718
14033708
13129091
13109116
13184617
13270941
13126714
14321461
14617389
13216602
14030911
13887382
13078870
13240140
14016383
13258928
14585959
13954572
13062318
15166780
13109462
13116726
13403994
13188176
13133210
13171623
13511833
13168132
13218908
14054798
14808132
13216533
13371377
13388908
14265865
14989028
13572806
13556183
18135558
13063715
13864473
13904424
13588171
13471040
13722827
13210803
13649352
13129364
13274500
13107434
13307676
13109599
13117631
13115955
13119797
13465104
13752022
13317524
13409298
13018593
13001691
13492272
13144451
14084338
13467269
13342458
13173785
13188732
13071743
13087528
15004948
13310749
13138514
13297409
13660806
14015682
13236574
13158071
13097796
13908542
13645510
13280085
14382917
13638313
13623227
14635262
13300479
13262833
13088503
13298174
14580715
13156671
13141375
13616941
13282110
13233779
13353700
13853921
13114835
14068550
13247817
14543907
13189567
13810129
13178392
14028530
13313051
13280015
14598524
13152410
13115742
13152061
13245303
13862371
14454437
13889821
13454554
13991932
13172456
13307111
14047664
13213450
14144886
13112946
13996608
13698446
13326877
14067220
13148356
13977820
13780441
14108707
14023917
13163024
13158832
14171427
13377374
13092831
13211355
13546117
13954771
13145353
13114901
13154013
17782276
13316260
15022403
13775762
13073833
14657050
13148147
13185304
13215407
13966924
13056581
13591933
13189913
13586064
14585247
13244179
13160087
13086053
13101628
13393505
13146537
13933117
13678816
13468028
15074572
13340563
13143953
13374298
13207371
13119019
13170145
13471520
13303546
13022635
14451986
13359630
13320937
13077671
14023774
13787981
13044216
14543411
13963988
13437925
13161623
13574190
13111057
13278263
14019793
13049314
14721512
13197102
13032899
13603592
14091100
13296698
13283777
17554159
13193050
13186276
13433941
13255281
13006498
13408309
13248506
13179780
13193679
14777873
13192911
14576514
14117781
13881570
13146884
13095478
13018790
13920263
13078925
13123975
13386378
13082767
16551413
13921730
13494216
13853492
14457011
14447513
13184320
13370174
13292019
13216096
13117756
13502245
14109885
13312340
13251576
13082415
13863616
13058669
13207086
13167624
13180965
13235163
13279095
13285171
13269665
13168951
13844339
13617906
13800338
14201869
13200940
14068817
13653666
13136753
13212533
13233417
13154074
13068027
13227410
13168113
13214419
13390146
13205410
14608987
13218680
15103272
13045887
13146112
13801592
14710607
14254807
13544428
13851531
13347748
13864242
13535697
13476749
13696058
13178727
13047420
13204988
14143337
13867175
13233833
18305668
13151977
13525570
13178727
14620648
13605471
13956714
14670307
13212181
14696708
13832323
13484851
14672472
13568105
13538142
13361577
13953851
13118661
13168878
13776728
13139823
13183196
13267355
13593944
13131160
13059990
13126481
13214553
13224052
13202470
13471298
13024299
13547148
13224402
13551199
13585493
13362342
13242560
13459076
13999177
13009283
13551200
13144500
13267285
13527313
13163358
13483731
13605398
13870734
14189500
13322601
13879465
13211550
13126969
14008884
13344044
13041761
13686696
14528311
13227544
13132553
13062221
13363317
13889030
13956568
13689207
14548214
14460979
14670441
13171597
13233618
13811364
13975287
