24280146
24437014
25770949
24294460
24717360
25233920
25765008
26416854
24514815
26251256
24536676
24947354
24369681
24406418
24814512
25264651
25088926
25219253
28352558
24715823
24985837
24945887
26840523
24910197
24905657
26249441
24929334
25433322
26043259
24817790
25053092
30516643
25196690
25475364
25723656
24504754
25427731
24549593
24301510
26044446
24655614
25525442
24868566
24510760
24556019
24557275
24419265
26027474
27106690
24812692
30747475
24819118
24997566
24889726
25198850
25126493
26147320
25061329
24097843
25647873
24930513
24991626
24184728
24129273
25898679
24092046
25153802
25515869
24433370
24142473
31472651
25303126
24176067
27416231
24149038
25152545
24741378
25379046
25856354
25419903
24148964
24081286
26805518
25018651
24430781
24329579
25023889
25289363
24534708
24310511
24344664
24572074
24336703
26083968
24224255
24808493
24340475
24299476
25556933
26315778
24915283
25568247
24217480
24810658
24178997
24714274
24781111
24470798
24446003
24823924
24921146
24726703
24329714
24522621
24961236
24718182
24868344
24608179
24651551
24676067
24998812
25250247
24278030
24965356
24098184
24688778
25153095
25219655
24086311
25763593
24191495
24420091
24340261
24879096
24525830
25864023
25379941
24340675
24316230
25175651
24524782
25099801
25890983
25870939
24200919
24354923
24601051
24823431
25589261
24642887
29053060
24366518
25011310
25336988
24709517
25186406
24603984
27805662
25396145
24668727
25573193
26574674
24602514
30513545
24311337
24443830
24461849
24187925
23968129
24742689
24177378
25573403
24238910
24282004
24541261
24698059
24522194
24546290
24201405
24067096
25872051
25000270
24182337
24042093
30477227
24800449
24868332
24089372
23946683
24659571
24094820
24281440
24821817
24292057
24954728
24379640
26695358
24481541
24377754
24873361
25071645
25271816
24546705
24620738
25599380
26460336
24827056
24856878
25002850
24871546
25340332
25074999
24549638
24872519
24465124
26073959
24521069
30669425
24909536
24874824
24504516
24489918
24036986
24634215
24961639
26445455
24251963
25002567
24816994
24295265
30296742
24238553
24427060
25515005
24058707
25035812
24286256
24304485
25691220
24492499
24223253
24309021
24215292
25096921
26449711
24312513
24821180
24517153
24809586
24633093
25311339
24745191
24739254
26151132
25025331
24954301
24686313
24883550
24514569
24611442
24834171
24606971
24611721
26042736
24404567
24546904
24537404
24232609
23960360
24028667
32097497
25836276
24397857
24212284
24797011
24176665
24911065
24593348
24303430
24337024
24325920
24281429
25599437
24343589
24853165
24246787
24296236
24609622
24314814
24268997
24228000
26065850
24327662
25133231
26653505
24088659
24499196
24762993
24461970
24476288
24845827
24825782
25442845
24311667
24590342
24610735
24717804
25493063
26384818
25099078
24378228
25114024
24521895
24281914
24220243
24695944
24637835
24441296
24823477
24489274
25578547
24752583
24546756
24619671
24497167
24474328
24354966
24517072
26176333
24695870
24559258
24344769
24554997
24413006
24698594
24752513
25389901
25175482
24923838
26547479
24583911
24715845
24965324
25600617
24749230
24504987
24471251
26114239
24369770
24268008
27095882
24816486
24519373
24521398
24963715
24741195
24780237
24742103
24679384
24264167
24716540
24279532
24420266
26517093
24919922
25397370
24362436
25042846
24259278
25181625
26158869
25573165
25747489
24510430
26237507
25719621
24145150
25869086
24098914
24366134
24435348
24773528
25459386
24631538
25218847
26549985
26017572
26056754
26151811
24405525
26108089
24108343
24738746
24331980
24316615
24160725
24006093
24787008
24927249
24312910
26106129
24421446
24701726
26569048
24628250
24747962
24450849
24401470
25229459
24913978
24137254
24320592
24125451
24183770
24563506
24467612
24434507
25877253
24258502
24282877
24433808
24170849
24360054
25054153
24248584
24308716
24320589
26452058
24377301
24309972
26025037
24255006
24116647
25760332
25652914
24097929
25717588
24320519
26692876
24208630
24237615
25541234
25751113
26603198
25496744
25180985
24678045
25505336
24790493
25406228
25058620
25126505
24221408
24211700
24433452
24882821
24712055
25100732
24718411
24962791
24615183
24491002
25059384
24544572
24973129
24689706
24289575
24529555
24479478
24935553
25027955
24941699
24601633
25112185
24909571
25187616
24796007
26487743
25972787
25040872
24796911
24931288
24493583
25160024
24475283
25754318
24421225
24060067
24948400
24296835
25779880
24986325
24496725
24443924
24291038
24416197
24170279
25799716
24318626
25130899
24214351
26510299
25969853
24377503
24248993
25399372
24427228
24014526
24928701
25405728
24095614
26259628
24194092
24474582
26425575
24684041
24767363
24504684
29259174
25169589
25067967
24064813
24910122
24097500
24020812
24142199
24966346
26133562
24878484
24152745
24288101
24392934
24056778
25412918
24128087
24197232
24462565
24085274
24231595
25828414
25734964
24139890
25878980
24555386
24189758
24247659
24158050
24129275
24323507
25680836
25748723
24385458
24337895
25141928
25736850
24786078
26610795
24725035
26035566
24438047
24444332
24482956
24012004
24102381
24140585
29884400
25638158
24041688
25279725
25174470
24764144
24813103
24069136
24443355
24702192
24487425
24506842
26368296
25340417
24658471
24081499
24016405
25362977
25579001
25135429
24359261
25055245
24069202
25814578
24442164
24612581
24342079
24999720
24220832
25594013
24496711
24371833
24638283
24484907
28398627
24341450
26401608
25122783
24394601
25528362
28954157
24171662
24356466
24672017
24510191
24556497
24813726
25080804
24299961
24992942
26643959
24554957
25175721
26873533
24253725
25011729
23993490
24796124
24601193
24494752
24874907
24540500
24427703
25899364
24711964
24745139
24673760
30728233
25195137
24318609
24340120
24186885
24369594
24838446
25355702
23994813
25816107
24326287
23961778
25947830
25781046
24034973
24065983
25361011
24131146
24123953
24920162
24384397
24540915
24059627
24043354
24010947
24516191
24424836
24093641
24038884
23985943
24351431
25382871
24346333
24088120
25304923
24121993
24138267
24122552
24151816
24086653
24818467
28023837
24706299
26267218
24311059
24931961
24413099
28400640
25351648
26476748
24468834
24636875
24288569
29322566
26503497
24793254
25968500
24141200
24278022
24229411
24475954
25408985
24537206
25168586
25285992
24163617
24089094
24609075
24512343
24426017
25474079
26444337
24543352
24456887
24787523
24336408
24658523
25065358
24944041
24569404
24718099
24244774
24855620
25129055
24058643
24176468
25076530
28273798
26223000
24078894
25807016
25714684
25663769
24304277
27978362
24470363
25281240
24440261
24517368
24394305
24825095
24246307
24652025
24573940
26577383
24692812
24788427
24893961
25191980
25977433
27397060
24470223
24484540
24592236
24474061
24464004
26451663
24508564
25098317
24610953
25301281
24216062
24941310
24568698
25532530
24580502
26124938
25245267
24586438
26396767
26346200
24719070
24436696
25241495
24245256
24047112
24525606
25309731
24533358
24155435
28343842
24117510
24156273
24248116
24213335
24229888
24341496
31630228
24475874
24460578
24624360
24245811
25667254
24289533
24342056
24711804
24857216
25265378
24425447
24435645
24552422
24097745
24178553
24104939
24203557
24238129
24094389
27886856
25281578
24265504
24226812
24075322
24212773
24316070
25871331
26532813
24208512
28788248
24764741
25032728
25199513
24362726
24913437
24653132
24419927
24393805
24560451
24883125
24600400
26074924
25034613
24237567
25451503
24180572
24223176
25144194
24521405
24160388
24413568
24165975
28579764
25761605
26379993
24392615
24539425
24629661
25077912
24688399
26682622
24880537
24919091
24711936
24531741
25806933
24237913
24112056
24120507
24856721
24351964
24359297
24466854
24054712
24306286
24086840
25530631
24101088
24286590
25869159
25799246
25905407
26289683
25890810
24212906
25407219
24186575
24967837
24251879
26365741
25998159
24725413
25099771
24437381
24196004
25606411
25235126
24098990
24505055
25928033
24175118
24484382
24168832
25289740
25062192
24559533
26074983
24069586
25048084
24564772
24564631
25094529
24833596
25182601
24578530
24268149
24271361
24524332
24214090
24064766
24170578
24083484
24249500
25449330
25146978
25440387
24329887
27800795
27116405
24638731
24619245
25147257
25864264
24646902
24359011
24440866
24562114
24438073
26677862
24620153
26568559
24723451
24457280
24575942
24721635
24658916
24715768
24221630
24568330
25211163
26588809
24571819
24986825
24693415
24101218
24109600
24180978
24446451
26355744
24652347
25332407
25617715
24761442
24042900
24163168
24789938
25027823
25130422
24472223
24878638
24849863
24323877
24461327
25412237
24098564
23927030
24020619
25039343
24962725
24143749
25385973
26206417
25536274
24498620
24596680
24291885
24511542
24517408
24520342
24389107
24627830
24427870
24354814
24385894
24803554
24458391
24988079
25012523
24678815
24194106
24783370
24757667
25067071
26628824
25664712
24572022
25619105
24420952
25143406
24797405
25752854
24260663
26613946
24267159
24654577
24346220
24689777
24388336
34621911
26396804
