8963424
8798451
8902310
8998905
8900703
8939886
8836377
8932832
8911530
9496268
8971107
8930247
9319561
8825900
8816122
8977673
9431522
9298608
9430404
8938420
13187829
8946521
9001906
8872344
8884357
8899723
9169043
8907964
8897069
9433823
8926963
9531117
9961499
9505415
9445697
8867524
9017691
9123295
9739673
9111701
9468606
9402812
9237770
9114075
9046047
9363071
9285823
9036408
9576865
10222368
8880935
9422020
9506322
9066163
8964468
9534958
9387098
8824431
8894345
8954271
9503528
9177773
11433191
10055999
9137194
8965447
10037350
9218214
8967891
9018246
8889732
9246078
8873598
9557305
8931010
9057149
9780878
9499265
9817477
10782237
9200121
8920674
10040140
9302164
9269337
9188666
8927727
8996035
9154513
9368377
9054565
9015731
9350566
9303630
8881421
9137470
13681551
8981927
8966002
9797850
9432773
9027396
9122733
9056940
9306913
9008747
8969005
9029979
9245380
9051911
9045066
8980670
9041504
8873040
9200887
9953809
9312498
9336594
8905305
9440103
8940926
9365859
9070697
8905584
8867239
8895876
9079077
8820863
8932404
8931706
9229244
8851385
13734349
9350354
9665981
13134106
9434516
9406578
9087250
8995823
10137920
8925280
9053724
10555798
9974483
9265982
9019151
9319063
9545289
9035075
9121753
9080964
9001271
8964114
8935478
8943090
10396972
8964463
9251104
8982273
9391070
8872894
8953495
8910261
8883790
8943646
9001897
9341271
8925557
9434513
8806123
9044293
8993655
9159396
8823863
9407693
8832944
9370885
9002246
8982061
8968651
9499678
8981363
9925450
9333797
9576297
9089621
9107431
9155345
9420544
9950035
9647539
9174273
9119864
9647399
9179651
9590756
8883301
8904604
12027976
9395330
9029136
10252880
9001967
8858296
9990335
8919617
8879108
8851799
8960756
9153526
8826794
9720942
10131208
9245860
9489059
9331490
9225885
9133481
9446594
9522444
9258223
9398051
9309209
9140815
9260947
8924577
8923459
9017609
9287139
9221764
9405246
10881546
9039401
9366063
9136345
10458359
9327090
9126147
8970394
9638665
9019705
8938894
9124890
10331102
8986528
9034791
9595991
9882213
9145425
9433463
9178670
9093949
8846208
8868419
9392531
8957470
9353977
8842716
9294539
9022565
8930929
8982405
9190192
9404194
9229235
8967947
8923736
9181042
9452806
9527749
9051970
8981148
9285389
9325201
10336478
9654657
9239641
8985827
8958169
9036744
9252493
9106588
9008457
8918986
9302781
10131555
9061678
9470547
10778243
8899640
9069222
8905017
9461118
9598782
11263731
9183836
9533268
8909627
9141021
9479066
8863876
9432060
9211562
8857660
9112313
9631814
9077531
8958026
10273126
9546745
9106166
9064678
9293908
9569304
8904805
8947480
8992530
8967945
8931136
8930228
8974580
9306550
9004054
9011387
9750271
8963125
9045332
9209815
9085912
9128935
8961309
9049872
9995774
9007127
9136758
9004612
8927574
9598638
9231047
9344056
8910113
8942032
8936025
9192424
8900195
9735324
8946499
8953553
8953484
8895164
8967243
9175729
8956557
9596471
8934417
9119084
9019696
8881475
8914720
9414316
9036738
9011384
8949363
8895443
9438064
8938607
9112170
9360466
10362943
8905082
10037468
8842082
9060276
9148768
8877214
9039393
8946220
9081648
9489539
9007753
9471519
9079762
9095128
9294813
8851930
9446725
8949712
8948734
9026751
8911438
8892859
9110074
9032754
8952783
9358159
9483040
10037744
9113355
10207396
8898513
9691456
9578378
8926452
9346984
9438760
9494425
9895820
8871344
9497708
9015713
9461040
9204362
9629783
8859890
9227759
9456779
8876443
9458245
9411799
9845952
9515378
9026259
8908641
9771218
9223080
8899701
9634114
8866385
8888666
9442880
9702142
8911435
8887129
8981419
9366122
9010125
10033903
9808864
9369191
8893063
9628244
8898999
8987423
9099662
9602891
8930988
10025727
8906474
8908569
8907800
9596464
9554349
8943490
8927846
8934621
8961930
8975899
9155538
9666518
9425975
9405162
9512023
9035964
8933573
10222829
9010612
9634321
9003487
9122990
8891247
9576839
8880841
9949109
8970311
8924773
8991543
8951663
8961231
10064491
9071446
9355641
9256812
9024930
8968426
9027720
9555045
9244098
9668402
8895645
9106854
9508249
8944954
9085691
8932453
9726721
8901442
8865541
8934060
8911779
10122179
8839001
10090331
8920999
8977293
8892851
10008613
9568525
9004532
9002367
9504408
9551692
9425763
9498750
9056147
8908915
9022552
9162589
10088096
8976106
9050908
8916947
10127278
9488273
8986791
8871688
9022551
8972334
9279719
9008513
8911570
9188990
8963042
9043223
9199534
9520469
9513485
9054049
9811719
8980433
9058100
13966265
9985911
8851012
9272662
9208684
10057781
9029464
9129969
9037007
9218183
9407112
9260927
9463127
8800096
9088133
9290751
8966324
10046326
8876296
9401455
8796813
9547569
9400337
9560211
9493858
8872664
9868502
8840325
9013889
8907865
9350817
8923999
9194296
9171946
9013539
9269100
9439098
9124379
9233895
9461098
9526473
9178160
8955705
8941947
8786054
8886979
8956753
9446640
10239443
8901856
8985459
8939502
8909399
8895360
9547845
8874617
8983783
8995098
8831104
8928117
8858063
9059215
9411788
8986786
8918409
9259109
8918339
9015981
9118932
9437142
8894662
9068434
9126545
9423313
9605117
9501050
9351303
9044687
9091273
9374282
9165029
10691614
8935937
9032532
9199041
8890818
8942363
8814409
8950674
9451876
9501116
8915194
8902133
9939739
8965272
9326576
9248141
9295635
9530661
8924972
9818907
9354793
9584581
8912191
9034836
9381264
8841997
8886278
8817062
10078099
8845140
9166493
8904437
9099302
8930490
8959545
9080515
8942154
9262459
9013603
9113900
8811964
8941455
8940757
9372324
10187685
9267487
9574173
9428406
8854776
8900664
9157829
8908766
8953396
9359051
8955771
9527795
8939916
9881765
8796945
9993167
9194917
10261856
8858617
9140508
9360099
9388595
9494828
8810774
9590724
8936633
8820412
8852820
8927134
8914423
9394811
8840387
8885437
8848979
9203717
8844579
8876776
8862668
8803510
8858757
8969041
9216499
9063191
8905273
8812450
9024078
10154506
8866579
9032247
8783323
8848697
9361633
8845553
9319237
8874469
8862945
9263571
9259101
9064305
8963102
8797850
8845484
8817686
8830467
9258263
8954161
10172523
9147211
9440905
8947945
9381398
8836823
10110362
9384821
9334952
9389082
9429242
8986010
9065912
8878380
9014228
8878870
10584953
8812727
8862596
8831655
9562085
8887181
8894445
9597287
8837033
8973020
8889486
9016882
8917560
8847717
8880124
8833328
8924056
9037553
9487140
9524856
9708057
9780695
8907922
8885013
9028543
8878378
8911694
8805251
8870276
8844364
8863152
8868739
8846250
8819499
8940819
9818271
9247435
10193124
9176053
8945428
8847577
9432871
8994878
9660353
9015971
9141621
8938863
8847786
9502505
8863291
8956673
9594490
8881032
9515915
8856028
9455500
9447677
9064093
9219843
8881379
8811674
9449561
8813630
9392847
8831440
9550834
8888224
8914835
9006749
8864686
8830323
8800429
8924472
8972944
9447815
9584639
9507182
8863708
8954575
9515285
10120623
8951083
9361558
8933693
8983561
9269643
9395152
9471492
8898490
9040344
8957439
8993479
8879283
9049354
9052986
8987053
9023931
11477974
9337321
9104391
9085184
8952690
9179892
9355621
9347935
9577024
9217396
9032170
8855045
9024068
9248687
9531486
9133164
8991800
9146784
10660236
8857909
8902120
9104738
9012264
9270268
9207199
8987050
9122548
9259931
8830949
9529740
9380622
9203148
9035522
9284865
8873205
9021763
9397315
8806992
9165572
8858607
8876697
9145527
8931385
9014989
9121710
8897999
9573671
9135400
9339973
9045230
9202939
9037199
9356593
9357292
9147480
8993683
8943745
8906658
8812018
9354428
9478681
9365044
9032028
10078850
9474909
8845684
8822844
8814324
9430907
9434260
8923629
9358479
9060105
9297645
8831366
8785967
9415193
9071838
8992008
9444526
9082665
9385648
9068766
9043063
8872783
8835766
8814184
8847220
9167665
8857138
8925236
8859722
8842821
8997525
9146293
9447669
9178420
9174928
9101240
9339758
8844843
9357359
9147967
8941158
8877880
8927818
8817255
8888915
9047880
8948631
9103965
8891708
8915734
8990538
8951984
8938783
9063455
9448505
9591267
8915525
9972755
9118562
9168291
9166964
8819071
8868241
8932079
9532528
8992004
9477211
9571570
9447249
9128410
9045156
8960296
8842398
8857904
8952962
8902884
9319783
9424619
9727183
8885563
8984462
9232196
9378309
9166612
8958826
8878296
9281087
9027273
9086711
9051090
9027273
9114648
