787657
682817
766073
684354
678207
688405
677997
692595
683446
689382
887187
847165
762371
715994
686449
676601
677788
728706
682467
683935
683864
677508
686938
680582
682957
682467
690361
716063
678766
684702
708730
682118
704539
798412
687217
717460
683515
680023
681210
702094
679674
681769
766702
684353
1144081
689382
685680
682398
848352
679254
677787
680163
788424
683584
713618
708799
686170
680092
830890
695039
798901
710266
696995
679673
679953
689591
707891
694900
676949
688614
687007
703770
681349
675692
683096
683515
686867
794640
717739
676600
684912
680651
694411
698462
679185
684842
685400
683933
678765
678276
777946
685261
702093
683235
827468
678486
775362
822299
682397
683514
687426
677298
751684
687287
746935
798970
682118
680581
681629
682047
710685
1131089
737855
682466
707053
681769
680861
683515
684004
685889
799110
677717
701045
683584
699090
681978
699021
682047
681280
771241
679323
680162
717040
686239
687356
682397
682676
784792
680022
677228
677787
702792
708728
683165
684911
683444
678625
680022
678695
710195
678904
684003
795617
736388
683304
682466
683375
785141
679184
679883
790379
719136
684073
682815
681768
693083
676809
683165
680651
677088
677577
703001
692664
687006
676669
800576
677437
685050
685959
711173
791287
683724
682117
743582
684422
683095
744699
693642
677996
702582
682047
789261
709287
684562
676948
690778
740718
682047
803090
679043
741626
691825
691756
682606
683584
681418
678765
678765
686099
678275
687914
680790
686866
811332
681978
776340
686377
679672
679533
744071
698601
683234
682536
682745
712290
678415
682746
679881
705864
676808
682466
679741
700277
683933
706214
714385
686238
677088
689870
675691
681907
707890
683933
680580
683793
679672
691965
685120
698042
692314
677368
677717
675900
693432
680091
747492
686727
685539
679463
791007
688193
682326
686377
730240
686726
681418
685399
692034
681139
699159
679741
687704
684491
680719
683932
679392
678484
690637
677297
837593
676598
705375
690079
683374
797921
793591
688123
712220
727935
682465
682186
699927
682745
678693
678275
686447
723465
733453
704956
686307
790866
679392
682117
680580
742603
862389
682675
684282
741625
682605
697762
684211
685468
730799
682605
682186
748539
713407
797572
798898
741206
684910
705095
723884
680928
677786
818665
678135
677227
738831
677227
682465
699787
692942
681138
710474
678694
683723
682675
683443
682535
743022
677297
809725
735479
685468
683164
677925
818036
695945
681627
803090
678903
683303
748330
681348
678204
678763
679183
677715
677645
679392
677995
679322
683443
681068
682534
878732
688332
678274
682255
682814
705374
682884
681696
796454
692104
682325
683653
713546
677785
677296
683443
689659
716200
680299
687354
722836
793031
788352
844787
679671
742672
850585
675900
690497
739320
688960
685469
697412
685050
681277
714944
678623
678623
703489
677994
681766
794079
676318
680439
678762
681068
680928
954585
745047
689379
788351
684420
682604
682116
682883
740996
681976
684420
680020
682116
687215
681626
816360
685957
690427
681766
688890
712917
757828
681487
922595
677087
686236
888650
691335
676737
784719
689939
679880
838570
690497
688611
789538
685328
708307
848418
792960
712219
683442
703907
673873
673454
659554
665212
671428
682744
656901
626029
628753
617927
608009
611711
714453
600396
597182
592083
611641
590897
571270
565193
616600
565612
599418
583633
545078
542493
539559
535578
534252
614435
545357
519794
513857
610872
600605
608776
594738
594668
488782
501564
492763
476139
495138
473415
489271
469574
466500
458608
466780
453718
451553
446804
570082
447292
476488
441636
440098
435698
439331
432346
465872
435559
452252
422847
415793
421240
425362
409716
409925
508897
403989
403011
403639
401405
401684
405875
396864
385480
403918
385969
380799
387715
378005
381149
376539
386806
376050
371021
369903
363128
361034
364456
359357
356913
354607
417468
415583
354188
359636
353979
355166
448689
347833
346785
396655
400147
344899
343851
338822
341267
337006
336447
332047
340848
340009
335399
335400
340639
342525
335749
336518
388832
340149
335889
336727
332047
336657
353699
336936
333444
336377
336098
387854
336447
331000
339800
337496
336238
336028
367808
387644
339660
336168
332885
341476
342524
336377
331279
350137
350137
331977
336307
354398
335819
340079
337355
335958
341546
335260
336657
335539
331697
340289
339242
341267
363687
332116
336237
337425
339171
364805
339521
339521
331907
340219
357052
339939
332676
331628
336727
335470
337984
335819
336308
372208
332187
337355
385829
349579
339730
336168
336866
339591
390228
340219
342105
335399
338054
339660
338473
333374
398750
372977
333723
341825
333374
336587
339591
338403
336727
332885
331558
340009
340429
340987
358308
340079
335749
331628
405175
331698
340219
341406
346295
361941
339520
353280
333374
349229
336307
332536
337564
340289
362639
336308
339381
331698
335959
370392
361592
337355
340987
361103
338542
384292
335539
394629
334351
339800
338822
333862
343851
381498
350696
334980
337705
339031
336447
335888
332885
374373
339241
335260
340289
336307
338123
341965
360474
339241
334841
336448
340080
337286
340079
340777
333444
331698
341616
332327
360823
361731
339590
332466
343711
341127
332257
342943
332606
341127
340708
333863
368227
339799
334561
339730
336307
334002
337774
343921
340079
342803
440727
336726
387993
332256
338263
338333
339101
349229
332465
341336
332815
332955
331418
340568
331069
339870
337704
338822
348251
337216
338193
339171
348530
365223
340428
342105
336797
336168
336447
337844
335888
336377
335608
335470
371230
357122
334771
343012
331208
336797
343641
356353
354118
334073
347622
342384
337914
369624
369414
336796
337565
340009
353909
480189
335330
338333
337005
340707
336447
344549
339171
337565
336237
335329
337075
332605
335958
351603
337216
336378
351394
335819
337076
330719
356772
352092
341616
332466
337565
344270
337145
333234
367459
342593
332955
368646
343921
334282
358658
333862
336098
334561
340847
331977
330999
338123
338333
336377
339101
331977
336237
339799
338821
332536
337564
335958
339939
332326
346575
369275
336586
336656
332465
332117
331837
340917
335469
361940
332046
339240
334003
333513
367458
340079
335120
444987
336587
337774
332117
417608
331278
333793
339869
337635
333094
335469
336726
333164
331557
332676
392533
333164
331208
341615
339659
363966
359356
336796
339590
340009
339730
332326
332536
351324
334561
338751
366760
339032
341126
336447
336447
338263
355375
340358
335050
362011
331488
332465
332186
337774
342035
354327
339870
341057
332326
338543
355375
338054
337774
389529
394698
339311
331138
338123
342035
338822
336377
357401
339590
337843
336167
333443
338612
342523
338193
337844
333094
341197
402590
341545
339730
345037
339311
335748
337634
336027
331976
340637
332047
341126
336377
334002
343082
340218
338123
340428
339241
333374
342383
339101
394418
339240
340009
347343
440517
334281
401892
339730
332745
335399
334002
338262
357261
397981
336168
335539
339730
338542
441495
339660
356981
334422
