5849581
5499099
5473326
5487504
5619092
5477447
7944997
6139227
5530948
5691522
7456851
5900846
5712405
6351486
5589478
5538631
5598209
5833377
5520751
5498819
5649614
5598279
5505873
5813680
5815357
5728330
5842108
5453001
5798734
5905596
5870394
5831281
5765278
5931438
5595205
6290092
5817940
5816123
5524590
5863687
5653803
5542610
5910972
5816263
5656667
5800757
5839660
5833654
5828346
5492252
6182809
5479191
5777708
5761224
5786159
6510311
5550294
5888762
5839801
5861033
5823177
5530248
5619509
5729026
5556579
6033201
6578200
5694662
5782108
5861661
5550782
5497280
5528152
6365872
5868576
6484608
5667493
6058974
5724765
5954695
5745440
6858278
6012108
5632850
5925569
5906921
5796915
6304408
5856144
6257682
5498538
5512647
5574110
5562446
5574598
5816470
5954763
5630473
5823245
5749279
5863057
5535065
5796076
5558463
5921237
6328223
5493996
5816261
5499723
5872276
5873184
5457118
5838540
5555110
5536951
5589894
5904754
5529826
5983748
5466198
5815492
5923612
5548266
5687606
5834489
5554203
5978859
6071124
5518302
5501260
5661415
6343938
5840007
5560907
5854674
5808926
7600796
6278563
6310133
5467874
5864872
5610637
6176660
5541002
5895115
5869971
5642765
5720503
5749977
5487152
5478630
5800684
6273325
6292321
5559299
5561744
5623766
5693959
5701084
5729511
5583745
5703738
5979206
5643741
5554899
5628515
5609169
5644510
6392827
5495182
5566982
5530802
5585980
5822753
5530802
5782942
5849854
5450621
5872134
5563211
5483098
5918371
5784968
5606234
5495461
5535062
5876045
6325706
5596177
5809902
5515157
6321935
5564607
5842729
5480374
5580951
5494344
5585700
5662460
5818074
5613778
5861937
5461446
5837631
5474018
5866337
5856000
5488686
5548892
5460678
5563909
5487498
5841191
5785874
5753605
5525772
6408960
5774699
5614754
5796281
5827222
5516761
5789645
5556573
5795023
5934923
5934224
5864100
5897974
5788388
5447825
5549658
5602042
6331431
5833438
5721058
5839165
5464308
5835673
5902165
5916064
5608748
5827361
5489732
5555525
5545397
5703736
5618107
5495110
5532617
5865706
5808782
5453203
5565165
5838327
5942954
5734468
5506564
5787969
5837349
5644927
5885961
5513688
5525911
5635289
5535620
5842936
5465915
5808154
5457812
5537854
5569772
5593798
5569353
5803682
5510264
5778538
5591424
5796418
5817651
5860326
5865634
5671745
6112256
5587652
5622854
5666507
5534011
5761915
5682362
5668672
5810038
5817232
5812063
5503769
5587373
5583951
5799700
5489730
5907611
5837208
5568445
5837557
5659104
5584718
5694095
5606301
5477367
5586884
5853481
5748994
5568933
5779237
5735863
5832178
5606580
5578363
5491196
5981996
5927796
5458579
6245170
5689556
5779166
5792507
5722872
5628022
5545885
5590444
5639335
5650301
5617474
5823237
5551121
5563903
5627042
5670346
5904117
5693115
5863327
5843632
5556709
5884072
5826729
5488540
5731530
5638916
5587860
5865004
5677540
5575217
5782936
5854946
5833853
5629487
5508376
5913825
5751156
5521856
5767989
6105340
6341554
6280719
5531355
5754928
5842863
5865074
5538620
5480648
6380318
5610559
5769246
5805706
6324024
5635005
5925909
5693116
5758350
6057286
5782238
5878344
5856203
5790479
5556918
5573263
5476178
5520038
5499574
5896921
6096746
5916896
5484487
5848798
5829590
5781607
5798719
5935964
5681659
5657633
5483090
5839718
5827914
5800395
5498247
5721051
5513683
5598754
6136558
5855363
5865840
5723356
5491960
5528350
5877783
5950771
5622780
5486862
5915010
5671601
5819254
6048414
5797741
5868564
5907537
5879459
5956149
5774692
6316198
5569139
5469960
5796833
5748640
5766591
5590302
5566764
5561526
5810872
5810803
5558523
6017612
5761003
5937710
5608112
5514242
5889237
5524228
5782583
5828611
5599869
5901808
5636537
5743190
5546997
5574096
5885115
5588065
5765471
5674254
5486790
6265629
5873102
5740048
5734320
5478130
5541409
5567951
5810800
5843487
5798717
5502435
5761001
5844815
5501947
5481133
6087665
5522971
5535053
5877013
6337779
6474464
5600148
5739070
5882601
5473590
5867863
5527301
5625083
5582967
5689969
5765262
5520525
5828611
5767008
5946578
5839017
5643312
5643592
5534984
6431650
5498105
6349652
5882950
5522761
5980453
5556074
5890002
5447256
5810518
5792429
5915076
5816106
5526949
6300549
5938544
5525483
5880922
5929324
5892935
5835872
5473937
5831752
5491608
5489722
6335821
9195332
5678861
5504460
5846978
5518429
5861715
5757367
5727823
5503551
5564386
5930652
5674601
5461714
5581358
5605245
6009996
5859829
5845581
5821973
5818760
5507393
5548392
6317661
5504739
5799344
5898942
5663566
5582126
5903412
6018167
5638910
5581568
5929534
6688396
5524854
6099257
5527648
5788867
5564174
5687520
5618863
5868767
5850119
5814428
6501979
6524329
5600773
5519683
5515702
6337775
5473027
5609644
6003847
5639328
5946784
5902782
5629409
5576607
5770984
5828467
6028153
5937355
5532675
5873098
5581426
5907950
5597420
5541196
5914515
5746050
5648407
5539869
5544059
6224835
5625918
5737040
5809469
5912280
5531278
5838734
5515493
5883225
5712525
5541196
5581217
5802624
5512141
5820784
5471631
5838315
5479173
5834683
5934491
5772242
5900127
6417746
5685982
5852282
5479451
5791936
5917167
5838383
5528831
5572694
5499776
5780621
5503547
6438139
5797873
5863526
5749960
5777269
5994625
5977025
5645612
5857730
5547410
5852282
5868346
5914025
5912348
5567874
5974580
5905574
5494608
5464924
5821620
5552788
6319054
5570320
6449314
6155338
6221970
5871210
5859615
5836287
5864365
6329601
5955583
5831049
5856263
5797384
5891535
5910183
5518634
5913536
6297192
5804997
5513256
5641771
5849418
5632830
5543569
5940915
5562704
5911858
5559282
5483082
5840685
5486015
5645121
5582819
5546361
5589734
5486364
5834400
5791864
5817777
5573321
5512207
5521775
5837473
5492091
5503546
5450185
5453816
5540703
5854375
6051477
5817357
5735569
5664817
5778943
5500892
5909134
5864014
5467716
5512486
5457449
5947408
5739621
5913324
5767419
5543148
5642607
5625564
5862756
6357606
5682487
5490206
5869881
5625146
5671103
5971924
5676760
5650848
5792632
5593227
5538887
5505641
5522613
5582610
5880568
5841243
5551736
5875746
5564239
5943425
5844804
5742203
5783412
5484058
5825388
5877282
5866875
5828252
5577789
5765950
5718456
5586799
5571503
5597485
5716710
5638624
5673127
6061532
5911716
5651475
5613130
5797171
5538537
6267365
5877561
5856539
6082974
5713916
6401536
6002095
5532878
5735289
5836563
5642744
5729980
5572411
5848576
5795913
5609288
5593853
5672708
5809673
5871136
5442290
5884965
5863873
5568919
5867644
5518421
5806320
5913881
5802619
5742552
5756452
5959278
5511155
5496977
5782222
6271902
5861705
5879446
5563190
5868759
5788229
5762875
5502844
5652870
5615293
6425979
5569406
5608448
5621300
5973875
5776425
5549081
5892647
6005864
5837539
5847387
5469947
5773701
5792629
5798915
5774749
5707209
5888246
6430520
5500120
5798077
5585400
5760500
5853882
5493554
5752398
5942306
5503542
5507803
5801429
5513810
5863242
5511714
5625211
5964376
5579533
5611662
5517022
5602652
5918838
5648889
6307662
5870156
6022278
5638410
5827689
5809599
5609215
5590287
5868199
5617806
5536437
5623603
5913249
5901794
5922887
5886079
5632753
5589031
6998633
5791719
5824126
5521560
6002161
5792906
5799542
5791928
5623184
5624720
5839842
5924842
5769857
5962000
5608447
5677523
5697848
5540488
5562210
5703017
5532596
5851576
6379112
5687022
5807365
6350126
5486777
5915483
5609425
5891666
5542234
5525192
5849900
5573804
5637921
5521491
5873298
5950755
5599088
5962977
5793326
5770417
5629959
5670677
5884959
5590425
5626395
5528403
5554456
5800518
5626535
5572405
5762382
5528752
6330149
5482446
5563465
5952988
5833484
5503539
6434357
5646441
5665159
5699173
5869035
6043017
5481188
5590006
5508358
5839002
5574780
5525051
5970869
5813719
5547820
5720197
5858698
6352569
5666486
5587702
5620947
5817699
5855416
5864635
5859187
6297741
5653355
5709161
5820982
5608096
5830900
5486497
5537343
5886357
6720369
5777539
5522955
5603486
5891245
5559274
5707764
5646648
5851991
5864005
5804497
5626114
5732627
5672490
5830130
6257089
5750577
5509264
5555991
5533151
5850525
5596570
5819094
5822447
6282163
5478812
5493549
5468684
5463935
5890196
6033727
5826009
5853178
5473294
5923093
5559622
5820700
