18741554
18409099
18569809
18148932
18952622
18443113
18171631
19335504
18146137
18365796
18158570
18227087
18687635
18499058
18763764
18543967
19526806
19524921
18214515
19960185
19774191
18382763
18149696
18117917
18166179
21499883
19577928
18902959
18837795
19332078
18631966
18276392
18130628
19975686
19311823
19794583
18658227
18280793
18128463
18160661
18460081
18757405
18403716
18504362
18408047
19604468
18336248
18770745
18161848
18062810
19378523
18218352
18574132
19294847
18116447
19455697
18249778
19274313
18327724
18617783
18647886
18596481
18340574
19939014
18566239
18683227
18949470
19403663
18849106
18630076
18238812
20042802
18260463
18817955
18483614
19881463
18440730
18851270
18476489
18687557
19492156
18574760
19322994
18263746
20053833
22804692
18179232
18361384
19319707
18960502
18321015
19443260
18072650
19726546
18187124
19221577
18145357
18507985
19291980
18160653
18072511
18184889
18634123
18210242
20015978
19295332
23715312
19017215
18625602
18900785
18589912
18155695
18421519
18070485
18407061
18551146
18807541
19313836
18501836
19291765
18152617
18519646
18913283
18193127
18784701
18357817
18183558
18470545
18262412
18131036
18293631
18490730
18385126
18130686
18254449
18190472
18109384
18337982
18308578
18233427
18195012
18644595
18360262
18323524
18964968
18219248
18471663
19174706
19003936
18451893
18537591
18616584
18205066
18391199
18500574
18475221
18154081
18142487
18265830
18511749
18855449
18167700
18183135
19374456
18359490
18116434
18948411
18189491
18115108
18163858
18247042
18369058
18417181
18264992
18288809
19197403
19858333
19809582
19895350
18277423
18740134
18256607
19565125
18237400
18321771
18285452
18388053
18419272
19133073
19123435
18259541
18668544
18718063
18789094
18976135
18519708
18288106
18524596
18584522
18789164
19617857
18259820
18371010
20174440
18216307
19800847
18259261
18226783
18616371
18534025
20144966
18381207
18519913
19311589
18974245
18566918
19829409
18365140
19289728
18484014
18722320
18928008
18298229
18437079
20092858
19666883
19601090
18333011
19325908
19761102
18336644
18736358
18573762
20073023
19453441
18443224
18387141
18395172
18394124
19028654
18742225
18417871
18426183
18691728
19777232
18383016
19597734
18344463
18402222
18310309
18331052
19154996
18321344
18397125
19022642
18414794
18513694
19618058
18511318
18395169
18168108
18479121
18589194
19643551
19068740
18178235
19228611
18266727
18330354
18214135
18129973
18311496
19153949
19502467
18983320
18328119
18659384
18410322
18727550
18263021
19073834
18377145
18382872
19721004
18248704
18542395
18212035
19405101
18348090
18341246
18443426
18279923
19405731
19314375
18280761
18646741
18485822
18294660
18393279
18416956
18239972
19082424
19886044
18320363
18288374
19199273
19555335
18351164
18584369
19119648
18282713
20095640
18036585
18344804
18186050
18332023
18494967
19366125
18630324
18328252
19671201
18242623
18384265
18166563
18404520
18610838
19506999
18322943
19380234
19982354
19238172
18731598
18214267
18279431
19196545
19662471
19670503
18643874
19349432
18410597
18393973
19378274
20151162
18845019
19353829
18338584
19015786
19392731
18970528
18824206
19839659
20063228
19506785
18556565
19679579
18340121
18918983
18952438
18392154
19157848
18285084
19523548
18529536
19366331
18839920
19075153
18278519
18313790
18305618
18385030
19358927
18287459
18405914
19118732
18492655
19168391
19577813
18639257
18733965
18676623
18309456
18435454
18270833
19547501
18675016
18585058
18362327
18690591
20037872
18292904
19396080
18532256
18424488
18393268
18283894
19728326
18303170
18070382
19351241
18322586
20070767
19741595
18397669
18388030
18278306
18318532
18211602
18197353
18461082
18807227
19005651
18767346
18400109
19268962
18967168
18535954
18378038
18352267
19285584
18239609
18405068
18953618
18437964
18382229
18356946
19562723
18172000
18270969
18316297
18614807
20148080
18867571
18386770
18429443
18309453
18117314
19371003
18631428
18463174
18377895
18420779
18235205
18336967
19494971
18149298
19037217
18531202
19527727
18933080
18233249
18610893
19665878
18392842
19342223
18378733
18465898
18371959
18314827
18186734
18328237
19326020
18479588
19665598
20139346
18325093
18306096
18549850
18256927
18454444
19486449
18253990
19965572
18462751
19152804
19102517
18254967
19285716
19201205
18282696
18670954
20274419
18810781
19654909
18580787
20005452
18392978
18939852
18432020
18625207
18309515
18254339
19312885
18331865
19692833
19450756
18714397
18339128
18314474
18454231
18439284
18566468
18305115
18243090
19701909
18318382
18535944
18415394
18373627
18379425
18309441
18650487
20073546
19073877
18476158
17940110
19154896
18255593
18221229
18797437
19928551
18194549
18312794
18259364
18637356
18240017
19334393
18591120
18474900
18252240
18742680
18372859
18908767
19432384
19339350
19040768
19328173
19233257
18450242
18980493
18422864
19665098
18668293
18915748
18421397
18975185
20405717
19915836
18685544
19031618
19397039
18448985
18379561
18495012
18352741
18385987
20134096
18266904
18907297
20202542
18463233
19388239
18937889
18370970
18422724
18080841
18343169
18308736
18570649
18444023
19703299
19617252
18152427
18240150
18209628
18173868
19597835
18450448
18429426
18337582
18530768
18357627
19334456
18481250
18850162
18297003
18443883
18326616
18750496
26004426
18407215
19116545
18921402
18826206
18665077
20443079
18584617
19021065
18350639
19133932
18274579
18737012
18832698
18566245
19713003
18858889
23527008
18855396
18662769
19460449
18246223
19441033
18740993
18687982
19699244
18746022
19080222
20160908
18286941
18491303
19148319
18335553
18236305
20627531
18140620
18342676
18356575
18747628
18744691
18767111
19231360
18241679
19894732
18168414
18269338
18259350
18324444
18195793
19411067
19182889
18370890
19004787
18460010
19515482
18394846
18698315
18387583
18295319
18667584
18875857
18918810
18801194
18857698
19109692
18839259
18923910
18529783
18647120
18674219
19503396
18129997
18141381
19193362
18332193
18292453
18429834
18041086
18033614
19886487
18416494
18430603
18486128
20115224
18414748
20136945
19966318
18347559
18961901
19017985
19693230
18501494
18983622
18184405
18771717
18979711
18979990
19300850
19711319
19008556
18785337
18773460
18921527
18581321
18315777
18118609
18324367
20030709
18328488
18215063
18083268
18156883
19416577
18192783
18284347
18725268
18551358
19361540
18274639
18791899
19520713
19239035
18502817
19442069
18260182
19220178
18245864
19175478
18335612
18294125
18430599
18691255
18467267
18337983
19035299
18252705
18235942
18234546
18296706
18280712
18302852
18188799
18232031
18495201
19346102
19756710
18958541
20081621
18456787
19537333
18365153
19023635
19336254
18249771
19081325
18243975
18992694
18362638
18735601
18415091
18291887
18151083
18404823
18382474
19430751
18484023
18708080
18828210
19007568
18063008
18142000
19684209
19008056
18286366
19107095
18529281
18642985
18350552
18868300
18607645
18498271
18718975
18482556
19262356
18825137
18451196
18697673
19525036
18374718
18297960
19762015
18427938
18542341
19719760
20027210
18157296
18272676
18421440
18647522
18432754
19282746
18872767
19227361
18552117
18490095
18246831
18458666
18628874
18624264
18443440
18093386
18327990
18832816
18470470
18831070
18489677
19348050
18361653
18304102
18790701
18752845
18442183
18303684
18195846
19647818
18036813
18377927
18546459
18633064
18924517
18352920
25123035
18366539
19356149
20628832
18770303
19088369
18633969
18443157
19713467
18119224
18258911
18546805
18318278
18450700
18497565
18590108
20089363
18193956
18321630
18480174
18505876
20157600
20056955
18406699
18538214
19202982
19105970
18670497
18921723
18778542
18276578
18462081
18867103
18555043
18103227
18575647
19094931
19125243
19237062
18355292
20178759
18933593
18462570
18661764
19973489
20137970
18519144
20245180
19876756
18379318
19484517
18539328
18489600
19292448
18570968
18273575
18439382
18795164
18709676
18315757
19520692
18693889
19126777
19372625
18560069
18239698
18539814
18713514
18783567
18183893
19581456
19654093
18567122
18547916
18349351
18382807
18312544
18212459
18468295
20879422
18885259
18871220
18371282
18500283
18539325
18944555
18856902
19155831
20135313
18921787
18317781
18354028
18384270
18395584
18335799
18611540
18764496
19822202
19384983
18380359
18865070
18768128
18282089
19052530
18831406
18463263
19600240
18886023
18316941
18219509
18367647
18818904
18515575
18179071
18352352
18717772
18875687
19039050
19765210
19773801
19964543
19581521
18453062
18527585
18360939
19192912
18510753
18304995
19229788
18231449
18200509
18175296
18371276
18571516
18193874
18161328
18757509
18270632
18781186
18656445
18390133
18533033
19487510
18475273
18498250
18468497
18378749
19985422
19278748
18421633
18785656
18439164
19674759
19162946
18341869
19009430
20154788
18456552
18731664
18731245
18277404
18673624
19116290
18244857
19367865
18434411
18591767
19996384
19665676
18200576
18416042
18301779
19300257
18556287
18682214
18068573
18294026
19359763
18584295
18217478
18590580
