31816746
31663091
32623150
31515094
31392101
31806828
33091796
31430723
31095265
31075500
33837643
31515090
31446015
31076198
33697118
31922204
32565037
32346848
31284679
31606305
31223356
33213388
31253738
33021040
31146391
31990580
32361794
31102319
32009368
31526542
31032053
31233340
33181255
31742774
31308072
31290332
32769672
35931943
30992452
31884065
32092686
31406341
32032830
31568656
31983033
32646679
31935889
31586605
33096047
31342155
31818903
31240461
32226221
31464377
32137660
32172652
31470872
31892443
31464656
32258139
31249470
31444961
32577112
31098820
31541762
31616494
34850633
32063836
32368421
32994771
31565090
31877287
31496993
33722040
31222577
31184861
32384132
31628363
31268674
32409415
31312604
31260292
31710219
31439718
32853405
31325526
32732368
32045883
33124395
31709311
31225021
31659653
31722093
31744093
31456690
32316871
31729980
31303381
33441687
30838717
31157270
32872887
33700734
31325102
31371478
31809392
31371408
31345846
31135828
31251348
31109637
31776565
33429255
31514306
33294738
36385908
32614609
32399071
33068582
31419666
31051734
30975605
31345562
31533230
32017101
30992158
31147978
31143717
30977212
30928601
33009705
31485248
31621860
32337469
32721814
31736193
31389703
31339136
31861630
31370426
33764562
33029466
31353939
31357990
31086512
31300789
32345496
31560883
31467435
31036085
32634506
32763017
32483366
32050831
31232413
30973716
32910734
32405213
31204685
32238358
31171161
31697913
33115440
32166696
33015215
31729550
31838295
31722146
31725010
31264607
32808550
35551205
33587646
31370070
32366027
31217952
31569540
32353106
30992989
31725499
32766715
31664806
31332704
33388941
32439288
34498321
32232484
31834869
31574286
32400316
31102708
31154811
31069113
31111298
31006535
34372394
31280947
31166055
31168290
31284089
32075338
31654815
32347096
30952546
31447661
31370066
31654044
31710685
32102502
32654679
34068086
31851767
32682336
31369712
31070716
31143422
32614380
32053194
31196084
32008774
32118986
32660895
31089923
31970011
32034266
32335917
31423980
31207747
33029665
31081190
31475102
31030414
31143698
30962876
33267405
31803781
31118974
31051995
32197205
32300922
33223823
32129807
31400999
31478663
31038166
31342959
31544246
31266133
32561854
32348554
31787299
31900932
31687210
32067574
33289053
32636163
31846032
31359578
34339417
33386274
37748718
31634899
31155847
31329058
31457777
31451701
31253488
31707604
32528675
32115346
31261030
33541045
31399738
32791908
30993739
32410288
31186086
31095150
31745456
30919077
33496202
32549555
31483825
31827591
32114295
31793717
32041309
33124778
35836141
31410281
31336247
31106465
31987181
31416706
32203624
31410347
31343717
31355660
31326116
32181689
31648231
31660593
31104366
32662626
31474114
31302370
31390093
31406086
31403782
31212901
31372911
31456862
31404341
33440813
31791897
31325628
31273804
31906088
32375080
31040107
33272069
32126790
31821996
31880944
31654373
31327998
31556873
32428230
31191945
31485983
31349650
31530822
31404756
32367397
31281763
31277712
31656469
31611420
32583071
30988353
30961251
31212126
31355723
31338681
32391140
37651200
33006803
31453992
31508189
32098359
32407414
31131947
31945684
32718423
31808373
31754594
32488221
31453013
32612961
33500451
32425223
32148574
31565597
32868650
35188753
32431715
31939394
32306837
31862288
31402444
31323033
31558123
31116439
31133690
31611902
30973750
31069434
31777360
33330310
31987097
33029638
32250683
32587115
31985767
31709679
33829262
31776727
33685946
32290560
31360954
33092144
31967328
34783802
32200463
32520062
31845732
30988203
33223448
31692427
31654921
31403697
34711375
32962096
31994078
31340211
31319534
31648703
31640111
31131168
31263939
31427790
31764641
31259818
31666442
32063917
31656525
31560910
31314156
31826591
33825767
32224206
33114001
31359554
31310803
31236770
31197519
31727415
32509512
31538837
31295644
32174544
31220214
31275390
31323861
31369956
31456911
31676286
31983944
32652756
31988762
32896437
31197515
32959924
31529338
31738726
31159102
31973537
31186410
30956908
30941193
31118242
31716862
31354169
33150452
31721262
31403687
31183124
31298016
31775529
31634028
31275456
32589196
31182635
33702906
31373306
31926669
31367369
31543722
33837773
31227824
31187664
31088347
31285234
31273497
32073614
31294101
31210779
31260996
31164962
31971574
31417163
31591910
31663149
31593796
32065722
31564741
31932951
35074402
32668394
31700236
32203102
31933440
32756256
31399773
36062253
31669013
31889716
30924141
31549372
35368156
32145689
33009921
31029394
33286777
31449428
33313108
32169784
32695559
32341666
32592263
33334758
31677743
31410386
32239348
31436856
32339152
31128427
31776008
31366311
30980082
30957383
31340959
30891451
33473952
31357232
31197292
30966463
31783412
31040146
30835857
30922252
31161742
31158529
31134853
32405779
31745487
31255541
30946069
31298562
31700086
31579608
33404106
31216984
31689609
32152247
31228997
31182762
31506552
31455917
31126329
31257633
31167257
31024429
31357228
33258344
32975971
33421985
31329501
31525969
31000403
33114189
31143088
31232626
31687860
30934748
31939922
31023657
32348920
31366724
31263357
31445506
31110751
31428185
31168930
31078484
32803386
31973027
31254277
31502777
31772300
31232766
31089937
32602659
31938455
31767757
31390607
33208400
31412817
31171510
31543492
32775167
31947881
31127091
31428252
32166558
31332148
31339832
31367628
31061788
32107891
31793529
31685273
31245753
31532317
33334186
31486152
31453113
31324393
33974220
33912339
31248614
33388171
34002087
31323066
32943064
31603833
31248264
31403245
32135894
31409042
31901083
31890956
31965897
31529869
32487970
31301345
33282359
31258741
31762862
31839199
31644897
31516667
31502349
33675849
32138265
31478811
31478812
33370288
33168024
33570108
31596567
33128563
32148323
31022600
31105782
33071432
31261741
30861823
33385723
32892076
31463305
31676253
31211731
31384940
31152574
32489710
33967089
37780912
31167031
31693085
31434039
32206149
31185610
31415811
32117449
31460091
31593281
31959605
31604386
31466656
32904365
30834860
31945356
31045502
31874813
31180298
30977126
31139789
31628268
32403242
32027908
33709925
31900375
31996548
30938433
32669900
31222483
31273888
33713418
31458202
32712923
31794074
31073229
31494660
31318866
31400858
31317745
31299447
31115342
31400928
31992703
32966030
32008209
31404420
33252384
31944512
31923908
31932499
32395206
31801196
33074844
31121278
31854904
31766833
32498782
31686723
33154395
31148026
31213397
31009527
31527060
32628197
31159758
31380670
31477611
31090614
31420201
31101160
33253288
30807263
31655710
31221290
31435287
31658993
31545778
31171282
32358745
33543903
31018746
31388143
31239306
31458262
31389607
33529372
31511622
33949196
31374312
31795253
31175539
31005962
32019516
31999542
30920405
31120084
31279536
31367118
31170372
31535997
31200194
32524898
31044794
32124071
31925018
31531175
31860831
30970689
31282186
31677216
31357895
33542081
31644390
32139363
31858666
31382969
31564700
31803141
31369349
31126787
32563377
33637067
31363134
31482005
31249639
31846165
32023983
31720724
35565904
31279040
32409721
31252081
30789444
31015804
31213179
31481374
32376615
30988635
31726940
31857336
31445684
31509590
31091583
31121894
31426269
31235947
31436256
34239036
31245865
31275196
35106756
31938211
33262355
33042281
30998479
31772196
32070353
31347064
32312427
31894350
32557085
32653119
32553314
31734969
33754186
31950643
31225538
31243907
33674914
31105409
31661984
31721626
31744465
31337632
31443513
31477318
31936252
31637536
32686082
31883241
31038636
31320730
31161629
32608626
32141869
33188878
32364177
32479207
31232100
31376115
33478444
31452942
31323663
32601219
31501410
31777357
31183068
31640397
31174757
31711147
31746208
31520965
33654095
33674210
31316257
30798865
31215195
31419554
31198223
32142075
32556590
31081307
31135714
31445535
32095141
32041711
31099603
32997922
31449095
31240057
31093527
32433944
31041215
31205484
31241313
32166936
32419416
32965655
31436733
35155286
30987366
31151357
32996595
33228961
33599545
33167290
31215192
31241454
31120343
31284404
31603653
31463410
31241380
32293977
32422627
32163650
33654019
31923322
33515103
31631800
31133055
31501474
31208485
31179081
34288887
31195006
31229996
31148001
31776234
31163366
31486807
31463965
31093521
31085489
33266041
32113151
30989246
31738656
31244102
31576482
31180125
31220075
31220495
31210298
31349074
31300325
30986802
31215746
30962147
32175521
31203872
31685716
31516836
31626836
32041629
31432813
32614757
32225106
31153444
31768336
31399429
33020402
31861157
32366327
32233487
31724405
36758161
36773527
31771619
32046100
32026195
31075988
32733279
31176351
31092260
31243957
31135212
31545955
31148551
31704357
31728803
30984631
32611052
34623493
31387972
31212946
31516901
31397470
33696684
31492036
31753597
31208686
31537085
31573473
31950692
32054129
31795432
31935743
31609998
33954749
31689688
32122432
31481627
31511170
31753803
31011238
31313237
31669014
31090299
31948245
31505863
31371416
