1311353
1331120
1459636
1336567
1402432
1334263
1356124
1322668
1401245
1344460
1633551
1351305
1479541
1339431
1318966
1344670
1345647
1332516
1332027
1445248
1356543
1330002
1331888
1336916
1411721
1322108
1392164
1309396
1336008
1310654
1316032
1317220
1327906
2242325
1312749
1313518
1310794
1323436
1305904
1338592
1351304
1350396
1323645
1319106
1423175
1335239
1359615
1338522
1315892
1312051
1317498
1316940
1537652
1321411
1311772
1520121
1332586
1366460
1620629
1331189
1328116
1313658
1316032
1538770
1314216
1346555
1362689
1355844
1324833
1335100
1326928
1321760
1311981
1342084
1369953
1332236
1569153
1337056
1329442
1876753
1343272
1332167
1459076
1325042
1402920
1321411
1331887
1317918
1376658
1336008
1323436
1435398
2099840
1309886
1333214
1343272
1337265
1435469
1334471
1316172
1313238
1443080
1353888
1354168
1488969
1351444
1346345
1339779
1406481
1363945
1305555
1303948
1339499
1540306
1346834
1333563
1360384
1364574
1328883
1334122
1311072
1329861
1309187
1475768
1334680
1323435
1313657
1307440
1329162
1319314
1508945
1352421
1317499
1314565
1333563
1306742
1377566
1313726
1329093
1310863
1318826
1329512
1347951
1379800
1372188
1557698
1333004
1310094
1328255
1337124
1327836
1305136
1342293
1348091
1339919
1340129
1327486
1328114
1319453
1321898
1316870
1543519
1335309
1361222
1322317
1315124
1321340
1391535
1376937
1319174
1309885
1341316
1335658
1313447
1312051
1317289
1325181
1386156
1362060
1357100
1345156
1415910
1544915
1325111
1339779
1330210
1330000
1340547
1490785
1314913
1342293
1317847
1312259
1312050
1315542
1314704
1330698
1320012
1336147
1317847
1315612
1531155
1543168
1313028
1316100
1320291
1309885
1311980
1323295
1324622
1313726
1312260
1316101
1312049
1307580
1397541
1352211
1442591
1326508
1519631
1342573
1387902
1319383
1351722
1329511
1324762
1325600
1332375
1334191
1321340
1378752
1493718
1325320
1323364
1307509
1408367
1345575
1316031
1313237
1344249
1321758
1337334
1529899
1405782
1355354
1686492
1319173
1321200
1410462
1357798
1764300
1317568
1311560
1315961
1338311
1473952
1332863
1317497
1326227
1309464
1311351
1316799
1474580
1312747
1349416
1430507
2744302
1364014
1323853
2092573
1330768
1325040
1317637
1318406
1333561
1310862
1313725
1314284
1539327
1315541
1313027
1316100
1322176
1336286
1349416
1307230
1326996
1326088
1428203
1314214
1314913
1314215
1329929
1335378
1346483
1455722
1335238
1423592
1339498
1406271
1329860
1359823
1305065
1542120
1333562
1316589
1326857
1318545
1486384
1362897
1338730
1355982
1410950
1323225
1321898
1444266
1318894
1314633
1554064
1327764
1339498
1375259
1337193
1346204
1337752
1369462
1338171
1326019
1321339
1324132
1358357
1323713
1387063
1334680
1330489
1434349
1323084
1323084
1333910
1313166
1312468
1313236
1311141
1307858
1310861
1318125
1332234
1356680
1317986
1354165
1313236
1410740
1316100
1323573
1338520
1426735
1355353
1468921
1337543
1327135
1385037
1327973
1327694
1462146
1314214
1319522
1388878
1330558
1349556
1412836
1476186
1325459
1334330
1334678
1339428
1342851
1320849
1367087
1353397
1342990
1437352
1362267
1403477
1318125
1548616
1320500
1315191
1303946
1313725
1330139
1327066
1404803
1337263
1437142
1329999
1328881
1360800
1305273
1315191
1428132
1317008
1310861
1335517
1341383
1316029
1307578
1325459
1365131
1311559
1335237
1375748
1323573
1307579
1329999
1318963
1313236
1346621
1314143
1336285
1342361
1397888
1334818
1312537
1332442
1330557
1320010
1312257
1353117
1542469
1329998
1383640
1336214
1535624
1361359
1435186
1485055
1889740
1442799
1350673
1363944
1326646
1725184
1344037
1446222
1336494
1623768
1423033
1484357
1352419
1404314
1559859
1336074
1387202
1357238
1319172
1337053
1548056
1980539
1342850
1361569
1338379
1310371
1353676
1350882
1416537
1344177
1377982
1455650
1380147
1469340
1350882
1349904
1434837
1404384
1312258
1316099
1353606
1321757
1315331
1329998
1314702
1315052
1319731
1311070
1343268
1315121
1371905
1314213
1325179
1336633
1319241
1377353
1314003
1318054
1335935
1319102
1551408
1402847
1394535
1329229
1342291
1350323
1394954
1329230
1339915
1319241
1314632
1350043
1326366
1314631
1322804
1574038
1321128
1309253
1328950
1307647
1435324
1318683
1314911
1355282
1375746
1358494
1347249
1329928
1328531
1318682
1515368
1363523
1353326
1321686
1333141
1332791
1334188
1327134
1315539
1351790
1533457
1315330
1364990
1335167
1345574
1331464
1316238
1396211
1334678
1310860
1306739
1314143
1328670
1326575
1334259
1316797
1310790
1357516
1317076
1430436
1549103
1452367
1315540
1364571
1363384
1388528
1317565
1313305
1331814
1306459
1311279
1554481
1341382
1326016
1365269
1343896
1634524
1322315
1318892
1353465
1331394
1324759
1537996
1355980
1320079
1323223
1604141
1320568
1330347
1317844
1335165
1319450
1549731
1317914
1324689
1320499
1344664
1338797
1339426
1430016
1341591
1326225
1346621
1556646
1444264
1565097
1344665
1323711
1332162
1314142
1346061
1354164
1360310
2651893
1312256
1315329
1309951
1316307
1334607
1412764
1354094
1333419
1354094
1422682
1340684
1619855
1343268
1566284
1333070
1424218
1337052
1400122
1321406
1315050
1335584
1599671
1341382
1432460
1413253
1420517
1343547
1344734
1336563
1408154
1329369
1353047
1330067
1420936
1343966
1465916
1359611
1329927
1545470
1340823
1382171
1336073
1339914
1365618
1413531
1352906
1312955
1312256
1323850
1591149
1406268
1317005
1317704
1348435
1345153
1312954
1317215
1343756
1312047
1324130
1314142
1419468
1350951
1419049
1345433
1320149
1329927
1314701
1307716
1346131
1316098
1310789
1329019
1326784
1342150
1313723
1529406
1350462
1330555
1409062
1313025
1328809
1767299
1380775
1360380
1476672
1314212
1325317
1317984
1318262
1326085
1307995
1407734
1446638
1338867
1403405
1568728
1330346
1329787
1565306
1332231
1452156
1418352
1317495
1438047
1312256
1319869
1379028
1326225
1311767
1311837
1320777
1326923
1313234
1372183
1318053
1326225
1356817
1582697
1375675
1318193
1340892
1613708
1337888
1385314
1308134
1433158
1494063
1313163
1324758
1349972
1325107
1335164
1344035
1320288
1321754
1314630
1330276
1316935
1315748
1317913
1315189
1326993
1374208
1308483
1390133
1311347
1319379
1316097
1313233
1314840
1321894
1332930
1325805
1537437
1663857
1518160
1356258
1324618
1414439
1365129
1336282
1363313
1314630
1306388
1328250
1314560
1311347
1315748
1537717
1348575
1313722
1319240
1328110
1314420
1332301
1308414
1544142
1543304
1327551
1309671
1305061
1309671
1306109
1320916
1309112
1309391
1311068
1330555
1421494
1444473
1331882
1342079
1418490
1342778
1363661
1435323
1321544
1330275
1333768
1397676
1453552
1354372
1331741
1336700
1328180
1326573
1310858
1524306
1529474
1326154
1311067
1321335
1320915
1315118
1332230
1341869
1527378
1316445
1312255
1356118
1333069
1324268
1341310
1397676
1331392
1330763
1337609
1377141
1316026
1312744
1446218
2088725
1525283
1381890
1416883
1312744
1432459
1420236
1335653
1462702
1338168
1339494
1350809
1379516
1379167
1332161
1333417
1360518
1387129
1530103
1378538
2016855
1332510
1682016
1360378
1485820
1404940
1384266
1507333
2394788
1799566
2190141
1525213
1449780
1415905
1451037
1334325
1332929
1313722
1541557
1323848
1577177
1323848
1316305
1358003
1324128
1313720
1311765
1496646
1326293
1398792
1371274
1336561
1851530
1323569
1399770
1412482
1319728
1347456
1321055
1347596
1453272
1467310
2178406
1604277
1491477
1376722
1409129
1380912
1370715
2000999
2641970
1464098
1331113
1480441
1364917
1314419
1386430
1332789
1325525
1342078
1537924
1320007
1346129
1607141
1328807
1323290
1348923
1362682
1350390
1337050
1343265
1331531
1364429
1356816
1323359
1328947
1323779
1430222
1379026
1325595
1321055
1321404
1445239
1570542
1327760
1379934
1846501
1377560
1348434
1575571
1540857
1575990
1325664
1314139
1327550
1342357
1336001
1323638
1313930
1337049
1321892
1349621
1322661
1332858
1316933
1382658
1582555
1376162
1387966
1327899
1332020
1383426
1335302
1314418
1400538
1323568
1423028
1325734
1329226
1317632
1312743
1379236
1353742
1355488
1480232
1370575
1331252
1363171
1320076
1407173
1314139
1344941
1355348
1320007
1327620
1313651
1328039
1313022
