3134378
3183340
3701731
3234326
3065999
3062507
3009285
3200592
3099176
2970591
3095823
2969333
2982186
3083042
3082902
2987843
3111399
3208204
2984490
2996922
3014384
2971359
3090934
3066558
3479624
2997202
3121385
3208342
3404887
3306615
3264568
3067046
3080876
3096311
3119918
3098755
3233976
3172512
4445861
4983810
3566579
3004046
3575520
3281541
3465444
3255070
3280703
3016757
3167693
3010052
3107695
3121316
3155261
4996173
3120966
3097149
3019621
3074729
3095263
3115728
2968215
3047001
2966399
3092819
3475362
3574402
3114820
3081294
3100502
3509307
3559455
3038549
3121456
3124808
2982602
3065719
3084647
3046861
3144295
2997760
3086533
3261775
3238236
2990356
3064043
3068583
3223429
3084437
3048607
3098616
3310106
3101897
3122921
3111886
3096240
3098475
3070887
3107136
3324145
3128019
3095542
3157215
3711158
3112165
3279863
4136585
3421300
3276301
3121734
3100920
3143036
2968772
3092329
3183407
3265754
3613584
3100850
3150440
3275393
3064112
3207852
3004114
3092678
3050491
4295413
3099383
3276301
3097567
3031564
3011029
3022204
3062365
3160079
3095192
3095681
3599126
3868518
2963045
2979319
3283286
3274834
2993707
3095123
3141430
3107066
3105530
3053774
3123410
3002228
3123479
3142547
3105669
3127251
4946440
3105669
3100848
3085203
3077101
3095330
2982670
3190529
3104201
3168668
3108182
3128996
3004811
3026673
2991192
3233554
3274693
3247174
3526975
2981553
3073818
2978131
3077102
3470818
3046579
3119637
3259956
3163779
3084226
3140939
3078009
3043785
3002925
3187387
3538988
3054751
3153232
3028350
3025067
3104760
3016057
3132418
3087228
3076123
3054262
3491493
2998315
3120056
3236139
3172440
3198911
3028629
3038407
3052446
3081291
3084644
3248361
3102385
3012215
3471587
3241098
3307939
3086251
3099940
3179284
3069977
3008164
3230411
3069977
3098891
3072560
3212460
3161892
3183475
3265752
3051955
3070395
3079405
3124455
3246474
3209107
3091977
3156863
3113489
3155256
3169086
3094421
3084643
3154488
3031282
3124316
3014728
3285657
3105666
2974218
3108531
3108740
2994054
3100009
3229223
3083805
3343420
3071302
3098822
2997617
3140101
3038615
3231668
3483599
3050698
3458175
3195278
3018291
3085760
2985184
2961995
3086040
3148692
3087437
3076611
3145898
3079335
3123757
3189132
3087227
3167270
3146736
3184731
3759069
3122220
2973030
3245985
3016824
3573979
3104270
3521523
3189130
3036868
3572371
3033375
3282094
3136677
3074724
2988465
3110973
3053770
3160494
3223145
2955429
2992725
2984693
2998872
3082896
2988465
3430096
3128994
3080381
3143452
3072698
3447558
3219513
2989862
3102802
3106923
3115304
3059008
3116073
3315620
3093163
3070743
3582288
3061663
2966744
2990560
3101894
3022270
3021153
3146874
3096586
3139959
3126410
3106154
3028975
3079963
3027090
2990701
3115024
3516215
3572441
3136747
3493655
3099240
3158818
3097913
2981411
3095538
3084293
3218885
3461736
3051536
3123337
3093791
3055934
3112928
3102801
3110134
3035051
3109995
3581030
3021292
3052652
3078494
2991048
3070812
3018777
3076608
3092394
3408094
3118515
3070882
3004318
2982039
3147780
2982038
3103359
3046156
3016123
3125780
3087504
3080380
3090647
3475425
2987905
3121799
3142892
3066551
3156791
3028485
3359202
3070742
3061312
3103289
3510487
3178792
3106852
3138142
3026250
3214343
3234458
3100844
3090228
3158118
3376873
5158552
3868093
3241932
3193599
3119144
3479755
3139050
3104546
3017450
3118656
3062989
3086107
3121798
3063618
3185218
3022269
3132415
4867296
3107479
3005086
3076328
3038472
3105244
3055654
3016541
3018007
3114324
3513279
3093650
3031697
3084290
3002990
3104266
3174809
3039380
2986577
3068435
3077725
3135278
2980711
3298715
3540449
2977008
3169571
3101961
2997193
3162098
3009347
3486458
3176765
3083382
3013467
3117327
3068436
3075210
3091065
2979104
2982526
3098539
2984761
3075280
3105733
3068785
3007391
3344464
3125639
3023874
3098399
3049019
3227473
3449091
3102311
3377151
3154834
3108107
3004038
3186124
3054188
3146593
3014515
2985669
2997892
3053489
3516631
3017239
3102311
3055444
3133391
3497493
3037912
3088479
3104963
3013606
3096652
3206867
3012977
3082613
3187520
3206448
2975890
3078143
2999148
3071647
2983153
3152598
3100982
3007808
2984271
3090156
3096162
3189965
3140025
3561192
3475072
3133809
3264001
3108455
3575510
3191502
3062986
4893906
3512300
3139047
3014584
3030229
3104964
3092182
3098537
3308491
3065501
3079470
2955984
3100493
3067596
3003060
3078003
2984131
4552013
3002361
3001174
2989649
3099585
3045595
3080029
3121866
2977566
3100493
3046014
3071787
3013606
3033162
3156160
3107617
3048040
3020521
3104264
3108105
3007668
3493091
3065080
3107546
3158254
3209311
3245839
3558885
3110968
3112854
3212803
3553158
3023732
3069900
3110899
3599745
3121445
3139116
3261764
3586055
3080167
3181372
2980848
3154273
3074230
3114182
3113483
2974910
3118512
3013465
3056630
3047689
3186681
3084638
3080935
3074091
3157276
3135694
3104333
3014792
3064591
3104753
3110200
3203374
3112925
3090295
3072833
3005502
2985596
3145891
3015071
3101400
3154552
2981057
3082751
2996563
3081425
2980010
3149034
3078072
3055512
2994746
3087990
3210219
3130595
3054534
2990625
3073740
3058164
3056558
3249191
3094205
2983081
3001172
3510761
3114181
3064101
3941355
3036932
3055441
2995025
3091481
3108803
3008855
2998448
3087919
3054044
2984618
3114600
3320782
3050901
3025826
2980567
3076744
3059771
3109920
3139604
3172920
3298222
3037910
3081004
3106637
3132829
3106637
3214338
3174806
3081842
3235851
3009274
3051040
3059072
3039865
3127242
3003336
3217691
3270354
3101399
3097628
3115298
3179695
3036932
3008435
3103564
3106148
3074718
3105869
2967296
3017515
3076045
2983431
3119070
3269586
3084775
3119629
3506219
3239761
3254568
3230122
3445524
2971555
3038886
3122490
3175294
3141069
2978680
3135203
3052786
3072761
3122700
2991392
3012835
3164328
3091759
3024987
3079187
3100490
3104261
3082400
3131082
3071295
3548755
3313307
3047198
3111525
3151057
3892951
3122630
3114669
3113201
3115296
3035952
3169077
3085613
3095810
3026384
3248212
3033299
3317359
3043147
3077301
3021006
3619298
3049573
3053484
3133386
3017094
3525357
3092807
3313028
3089105
3086102
3113341
3003126
3112922
3055370
3116135
3066755
3127660
3268746
3222509
3172430
3049853
3130523
3178576
3145189
3241505
3102374
3105517
2971625
3117601
3096158
3078488
2997956
2993486
3155526
3097625
3118159
3080513
3112083
3031342
3012205
3048035
3253728
3107124
3077090
3134783
3015277
3203370
3211891
3127519
3027361
3107193
3000750
3010877
3464521
3094691
3019189
3080932
3047686
3252750
3225162
3072411
3103771
3127658
3129474
3025125
3112432
3070595
3108591
3113828
3003543
3117321
3097275
3218037
3085611
3283133
3108870
3116274
3002636
3097486
3009690
3089244
3455581
3250655
3018770
3140719
3402917
2993765
3083237
3119835
3095180
3209307
3111455
3111453
3118647
3072828
3104399
3121511
3096995
3157132
3140858
3529335
3476533
2981751
3081350
3124654
3020096
3053272
3104399
3181438
3109777
3115783
3079674
3130660
3076111
3055786
3486591
3082816
3000121
2982240
3224183
3088824
3016185
3638642
3185419
3124863
3095249
3115155
3074645
3485403
3349554
3103072
3000260
3286973
3088613
2988316
3161951
3133873
3208678
3099020
3084074
2999352
3317845
3127238
3186187
3589402
3201483
3512223
3027010
3110964
3093642
3090150
3034205
3077089
3088544
2973789
3117600
2998653
3056554
2998514
3236754
3127657
3087776
3034832
3137364
3607561
3002773
3098600
3128704
3137155
2992576
3107192
3093502
3062979
3031479
3240526
3071361
3131498
3322174
3125560
3510267
3000818
3038883
3112919
3275728
3110194
3090428
3131357
3223833
3035181
3077437
3073666
3481350
3472201
3097971
3498393
3064447
3093781
3096505
3206930
3112360
3031828
3108239
3115643
3131497
3060395
3168166
3163416
3144768
3118017
3120462
3030711
3115223
3138622
3085399
3108448
3106493
3126747
3091896
3041956
3495879
3124373
2991808
3104538
2997116
3049709
3199596
3099858
3124163
3245694
3095737
3017231
3100207
3266507
3074992
3180667
3418559
3131497
3297587
3243946
3082185
3093291
3015624
3082256
3104256
3096224
3042933
3020932
3102860
3067169
3491197
3134290
3030500
3019326
3173473
3000606
3098040
