10968
9641
9501
9082
7754
9082
9012
9082
9012
11108
10479
9710
8942
9571
9850
8663
8523
9082
8942
9151
9501
9990
9990
9711
9082
92984
24871
9082
8523
7545
8453
9641
9431
9361
8942
9501
9151
9431
9152
9361
9920
9920
10060
10549
10549
10898
11527
10130
10130
9431
10549
9641
9431
9990
9361
9151
9012
9501
9920
9431
9501
8942
9012
9012
9082
8663
8453
9152
8942
8942
10410
10129
7614
9012
7964
8732
10339
11038
9152
10409
9432
9431
9081
10060
9501
9221
9571
9082
11527
18932
9641
10409
9571
12435
10130
9990
10270
10060
9641
9570
9640
9570
8872
9920
8592
10410
9851
9012
10479
9082
9501
9082
8663
9152
9082
9501
8593
9081
8593
9012
9012
9990
10619
10549
9710
9362
9222
9501
9571
9431
9431
9990
9990
11038
12505
9920
10898
9571
10060
10409
9641
10200
10549
9990
9990
9641
10899
10549
10060
9851
9361
9082
10549
8244
9431
13134
9571
12435
9850
9012
9151
9151
9012
9082
9152
9012
8942
8942
9082
8663
9431
9570
9081
9012
9640
8942
9152
8523
8593
8872
9361
9152
9501
9501
9221
8593
10968
9012
9012
8453
9011
9082
8593
9152
9501
10549
9990
9431
11457
9431
9081
9082
10618
9361
10968
9501
9501
10619
9990
9501
9082
9501
9221
9222
9151
9012
8942
10549
10409
9571
9221
29481
10898
9152
9082
9221
10619
9571
9361
9082
8942
9011
8733
9011
8593
8663
8523
9431
9501
9431
9920
8942
9082
9641
9012
9221
8593
9082
8662
9082
9361
9990
9361
10060
8942
9431
9012
8872
8174
8244
9082
9920
9361
8663
8872
9152
9151
9501
12015
12435
12295
13483
12295
10479
9012
9221
9571
9641
9501
8732
9431
9571
9850
9501
9920
10479
9011
9920
9641
8663
8593
8174
8942
9012
9081
9012
9012
10059
9501
9082
8732
9012
9012
9152
9082
8872
9082
9431
10898
9082
9431
9012
8523
9431
8592
9641
9011
9151
8522
8523
9151
9361
9012
9152
8872
9011
8942
8523
8662
8733
9081
9082
9012
8733
8663
9012
9571
9222
9152
8942
8732
8733
9221
9081
8663
8872
8174
8942
8942
9011
8103
8733
9082
9151
8453
8593
9082
8733
9082
9012
8872
9152
8174
9012
9570
8733
8593
9920
9151
8453
8943
8942
8942
8663
8523
9082
9152
8942
8942
9012
9082
8662
8523
9012
9501
9082
9222
9221
9081
9152
8942
8942
9151
23822
9920
9501
9640
9501
9011
9012
8104
9082
9012
8523
9221
7754
9082
9012
9570
9081
9011
10549
9571
11946
9152
9222
9501
9500
9082
12365
9012
9431
9012
9012
9012
9640
9012
9431
8942
9151
9082
8592
8663
8663
8733
8732
8942
8942
8523
9012
8523
10479
9012
8942
9431
9152
8942
9081
8592
9012
8592
9431
8522
8872
9012
9081
9081
8942
8453
9152
8593
9082
8663
9082
10479
8872
8733
9012
8244
9012
9361
9431
8523
9012
9151
8593
9222
8803
9640
9012
9151
8523
8663
8732
9152
10060
9640
8872
8873
9151
9990
8663
9222
8593
8523
8523
8522
8663
9012
8942
9152
8033
9151
9011
8593
9012
9012
9012
9501
8174
8593
8034
9012
9082
9710
8942
9082
9920
9151
9501
8942
9012
9012
9012
9082
9011
9012
9361
9151
9012
16348
8453
9012
8733
9012
8523
8942
8593
8592
8453
17535
8523
8663
9012
8872
8523
8663
8942
8244
9012
8802
9151
9081
9640
9571
8593
9012
8942
8174
8593
9012
8523
9011
8942
9012
8593
8522
9012
15718
9012
8662
9012
16766
8523
9082
9082
9082
8663
9082
8872
8592
8523
9012
10619
9920
9571
9431
9501
9082
9571
9152
8453
8942
9081
9152
10618
9082
8453
9990
8593
9361
9431
10129
9990
9501
9641
9012
10339
9920
9151
9012
9361
8732
9431
9081
9011
9431
9431
9571
9081
9501
10130
9571
9920
9221
9011
8732
9082
8593
9012
8733
8453
8662
8453
8942
10060
9501
9221
9501
9221
9501
8942
9082
9082
10060
9081
9012
9011
8942
9082
8593
9012
9152
9431
10060
8244
9082
8103
9082
9990
9152
9082
8592
10060
9082
8173
9571
9501
10339
8942
9221
9571
8942
10060
8663
9012
10130
9012
8033
8592
9082
7615
9012
9082
8662
8593
8593
9082
8523
8593
9151
9011
9152
9081
9500
10968
10060
10409
9640
9640
9990
10130
9640
11527
9361
9990
10409
10619
9990
9501
9570
9990
8523
9990
9571
9850
9501
9990
9431
9920
10270
10199
9500
9571
9501
9501
9501
9990
9920
10828
10059
10829
9850
9990
41916
9920
10479
11946
10549
9920
10828
9850
9920
8593
9221
9641
10828
10130
11946
10409
10829
10130
10130
10409
9920
8593
10130
10060
9990
10479
9990
10060
9081
10269
9990
10618
12994
10409
10409
9431
10409
10130
9500
10409
10479
9920
10898
9571
10130
10269
9850
9501
11876
10618
9501
10060
10130
9501
10060
10130
10339
10618
10479
10967
10269
10269
10060
10409
9920
10828
10479
9501
9641
10479
9570
9920
12016
9431
10688
9571
9501
8523
9431
25429
9501
9222
9780
9082
9641
9850
9431
9919
9990
49111
10060
10409
10339
9920
9501
9920
10479
12016
11527
10409
10619
10409
10059
9640
10339
9920
9431
10828
12296
11666
13832
26617
11387
10758
10968
11107
10339
9990
11317
11107
10409
10199
11526
12435
10968
12784
9500
10479
10409
10340
10060
10618
11876
9850
10200
11876
8872
10060
11387
11457
12504
11457
10828
12435
10968
10619
10409
11038
11387
11038
10898
12365
10479
11457
12994
11387
11667
10479
11038
10618
12295
11736
12435
10130
10548
10479
11107
11037
10968
10549
12924
11596
10129
11946
10549
10199
9920
9571
9920
9431
9012
10130
9571
9920
10129
9990
9920
11527
10898
10059
9990
10548
10409
9990
13762
10828
9990
9920
10479
9920
11527
10478
10479
10339
9990
9990
10618
10060
10200
10339
9501
9431
9571
9990
9361
10548
9361
9710
9500
10549
10549
10059
10060
10199
9920
10409
10060
9850
9990
10129
9222
9850
10130
9920
10409
12225
12435
12085
10898
12435
11107
10479
10409
9501
9920
9990
9151
9571
10339
10339
11875
10618
12645
10898
10409
9990
10339
9501
9781
11387
9990
12225
11037
10409
10409
9920
