14459
13760
15158
13412
14179
15297
12503
12782
12293
12782
12782
12503
13201
12643
22492
17253
15018
12363
13900
16275
13271
12922
12224
12852
12642
12015
12433
12643
12014
12643
13690
12573
11944
12364
12503
12782
12364
11595
11874
11456
11036
11805
11874
12503
13761
16275
13271
13831
12923
13201
13691
14179
12992
11525
11874
11595
11036
11455
11804
10897
11874
11805
11455
11385
11455
11805
11735
11805
11944
12015
12084
13411
14878
13411
15157
15367
23400
14389
13760
11944
12853
12922
14809
12782
12852
13620
29267
12992
11805
12713
12783
13271
13202
12852
12922
12363
12503
11875
12433
13271
12852
13621
12853
11874
12922
12992
13481
12433
12712
15716
12713
12782
13760
12294
13481
11316
11456
11595
11316
11036
11875
11944
12503
12923
12783
12433
12293
12782
11944
11804
11595
11316
11316
11525
11385
10897
11106
11944
11944
11385
11525
13132
12294
11734
11874
11106
10058
11455
13062
13411
13690
15437
13411
13481
12433
12712
14878
13412
13132
12503
12434
11037
12084
12503
12363
12015
12224
11874
11735
10897
11944
11595
11875
12014
11874
13271
13342
12922
13271
13411
15367
12782
19628
12852
13830
12433
12922
12783
12363
12922
12852
13551
13271
12922
11944
11875
12293
11805
12014
12294
12433
12922
12294
12014
12224
11874
12433
11734
13831
12643
11805
12084
11944
11945
12014
12923
11804
11944
13202
11525
11106
11525
11106
13620
13341
11595
11735
11804
15088
12922
12573
12642
12922
12782
15786
14739
12713
12783
11595
11525
10897
11455
11595
11386
11595
11455
11595
11385
11874
10548
11455
10827
11456
11456
12014
11525
12782
13132
14739
15227
14389
15157
13690
13481
14878
12922
12433
12852
12503
12084
11875
12083
11805
12363
12293
11874
11874
12014
13760
12852
12224
12503
12363
13062
13621
13062
11874
17043
12503
13131
12503
12433
14668
12433
13411
12992
12922
12503
14180
12852
12713
12293
13271
12713
11944
12084
12293
12293
14878
13760
13830
12992
13271
13411
13481
12573
12014
11804
11525
11455
11386
11595
11595
11455
11525
11525
11106
11386
11874
11525
11245
12503
11386
11875
11594
11735
14459
12853
12922
14668
14878
14319
12992
12992
17113
14878
12922
13271
12364
12643
11595
12293
17044
13341
12922
12503
11734
12293
13481
15367
13341
12992
12503
12572
12922
13061
21514
12083
13132
12922
12853
12783
12084
12363
12293
13760
13900
13272
12713
12293
12014
11386
11945
11875
11385
12014
11595
11875
11525
13690
11106
11525
11735
11455
11595
11036
11804
11456
12572
11944
11804
11386
11386
11456
11455
11804
11386
11874
11385
22771
11805
19488
11874
12364
12014
11734
12852
13271
14808
15577
12783
13272
11944
11944
11455
11036
11874
11037
11805
11455
11944
11595
11106
11037
11595
11525
11455
11734
11525
11385
11805
11805
11874
12014
12363
12642
13550
13271
15227
14738
19977
13341
13272
12364
12294
12154
12014
12853
11944
12083
11595
12014
11874
11455
11944
12503
12573
12503
12293
12223
12293
12852
13062
12852
17532
13271
12014
13970
12852
12363
12922
12852
20536
12433
14319
14669
11945
12433
14319
12364
12014
12642
12713
12992
11805
12363
12224
12713
12153
12783
12643
13690
12293
12922
14249
14389
15786
12922
12992
12503
14320
12084
13481
12433
12503
12154
11735
11734
11455
11525
12084
11455
11595
12294
12503
12992
12852
13201
13620
17532
12992
13969
15367
14878
13621
11525
12433
12084
12224
12363
12014
11874
12224
12642
12293
11875
12014
11874
12573
12363
12014
12293
12364
13970
19627
12852
12852
12364
12783
11735
12294
12363
14808
12922
13271
32898
12363
12852
12852
12922
12572
12014
12503
12433
12083
13131
12294
12503
11944
12782
13062
11944
11385
11804
11315
11386
11385
11385
11385
10617
11595
12014
11455
11874
11456
11455
11456
11385
11595
13760
11734
11456
12922
10757
15088
12573
26194
22980
12922
12363
12712
14878
15646
12014
12363
11735
11875
11874
11734
11385
11875
12293
11386
12363
11944
12363
11874
12014
12712
12433
12014
12364
14110
14180
13271
12992
13272
12922
13271
17252
12503
12992
13132
12433
12712
12573
12294
12783
12503
13830
13271
12713
12363
12223
11874
12363
12294
12782
11944
12433
12223
11805
12503
11874
11455
11874
12014
11874
11525
11944
11875
12224
11874
11385
11805
11246
11734
11525
11455
12294
11246
11874
11455
12503
12433
12293
14180
12782
44773
13760
11734
10896
12783
11386
11805
11316
11385
11385
11525
18649
12852
12014
11525
11875
11804
11805
12014
12013
12293
11874
12713
12992
15995
14738
14459
14668
13341
17602
12782
13131
13830
12642
11944
12363
11875
12014
12084
22701
12503
11945
12014
12712
11944
12991
12224
11804
12293
11804
12433
12642
11874
14180
15297
12503
12922
15856
13062
14389
12922
12782
12852
12922
13131
12503
11316
11315
17253
20466
21304
11804
11385
11734
11735
12503
11316
12782
12363
13481
14110
13480
12991
12503
13062
12712
12992
12224
11944
11735
12363
11944
11805
11874
11874
11525
11316
11525
11245
11315
11525
12922
13341
13480
13691
13830
13342
12572
15367
13481
14249
12922
13900
12782
11874
11874
11944
11944
12363
12363
12503
12712
11875
11735
11804
11735
11804
11385
13341
12364
11805
12083
11875
12573
13761
12433
12852
13970
12712
12433
12852
12503
12922
12573
12363
12223
12712
12433
12363
12364
12294
11875
11944
11316
12364
13131
13411
11386
12014
11944
11944
12573
15296
16554
12433
11944
11386
12224
12363
11945
11874
11246
12223
13411
11595
11944
11594
11525
11385
11595
12084
12294
14669
12503
12782
17043
12502
11944
12363
11525
11805
11525
11386
11315
11525
11735
11595
11455
11455
11595
12083
12084
11805
11525
11944
12433
11385
11106
11106
12712
13970
12852
13481
13271
13690
13900
13201
12992
12572
12783
12433
11804
12363
11735
12014
11945
11804
12293
12293
12363
11735
11805
11804
12782
12503
11595
12083
11804
11386
12013
13062
13830
12922
17322
12363
13062
12712
12363
12922
13480
12713
12992
12991
12922
12852
13341
12293
13760
22492
11944
11944
13201
11944
13341
11874
13411
15646
13201
13480
13272
12433
12782
11874
12293
11875
11944
11734
12433
12014
12363
11874
11874
11944
10408
11595
11386
11525
13830
17043
14598
15646
13899
14459
15786
13271
13271
12712
12573
12293
12363
12013
12014
12922
12433
12014
12293
11875
11874
11595
11455
12294
12853
