19904
18578
18716
94842
18438
18437
27656
19974
18647
18368
18926
18578
18647
19835
19415
21301
18438
40646
18647
18786
18997
18507
18926
19904
18647
18577
18647
19066
18577
21860
18647
18507
18717
18787
18787
19136
18787
18438
18647
18996
18996
18647
18647
19066
18647
19555
18438
18787
18158
19625
18647
19066
18577
19136
18717
18717
18787
22278
18996
19206
19135
18996
18996
18717
18717
18717
19205
18367
18786
18996
18507
18647
18926
18996
18507
18717
18856
19136
18368
18647
18926
19136
18996
19066
19066
19136
18787
18647
18996
18507
18577
18717
18997
18717
18647
19136
18926
18507
18647
18647
18996
18717
18437
19136
18717
18437
19066
18578
18508
18926
18787
18647
20253
18577
18577
18507
20044
18717
18647
18647
18647
18437
18577
18507
18507
18647
18577
19136
18577
18716
19136
18228
18577
18717
18926
18578
18996
18996
18577
18927
18647
19485
18717
18228
18578
20114
18647
18507
19067
18716
18507
18926
18438
19485
18926
18717
18787
19066
18996
18716
18647
18577
18578
19415
18717
19066
18577
18996
18507
18717
18787
18717
18577
18437
18717
18717
18438
18996
18577
18996
19206
22349
19066
18508
18577
18717
18507
18996
18577
18926
18228
18647
18787
18996
19066
18647
18228
18577
18367
18647
19136
18996
18577
18996
18647
18507
18926
18437
18298
17251
18438
18367
27237
18647
27167
19485
19136
18996
18577
18577
18717
18647
18507
18228
18368
18647
18716
18437
18996
18438
18716
18857
18647
18996
18997
18856
18787
18647
18507
19276
18019
18508
18717
18158
26539
18647
18507
18228
19205
18577
18717
18577
18507
18997
18508
18996
18996
19625
18158
18717
21440
18717
18647
18926
18926
18717
19136
18437
18647
18926
18578
19066
18787
18997
19135
19415
19066
18577
18577
18647
18577
18996
18996
18717
18228
18647
18926
18647
18228
19136
18508
18508
18577
19206
18717
19136
18507
18926
19485
18158
18787
18647
19066
18437
19276
19066
21929
21441
18926
18647
18717
18717
18577
18438
19066
18507
18717
19974
18508
18647
19136
18367
18578
18437
18926
18298
18507
18507
18647
18786
18786
18996
18507
18647
18647
18228
18996
18996
18647
18717
18647
18507
18717
18508
18647
18508
18578
18996
18647
18717
18577
18507
18647
20603
18437
18996
18857
18996
18786
18716
18508
18996
18507
18647
18438
18577
18228
18717
18577
52310
18717
18647
18717
19136
18508
19066
18647
19276
18577
18787
18437
18368
18577
18716
18716
22279
18926
18717
18926
18717
18786
18717
18926
19206
18508
18997
18577
19206
19066
18577
18926
18647
18577
18857
18508
18507
18438
18927
19345
18577
18647
19136
18507
19136
18437
18577
18577
21720
19066
18647
18647
29612
19625
18298
18717
18926
18228
18577
18438
18717
18508
18577
18647
26748
19206
18507
18437
18508
18437
18578
18577
18647
18786
17739
18996
19205
18507
18367
18926
19066
19136
19416
18926
27726
26259
18927
18647
18508
18787
18507
19066
18787
19136
18716
18647
18997
18786
18438
19415
18997
19136
18228
19066
18507
18507
18508
22767
18647
18717
18577
43020
18717
18716
19555
18647
18647
18716
19066
18647
18577
18507
18647
18996
18997
18088
18996
19066
20114
18996
18716
18996
18438
18857
18508
18716
18507
18647
18647
18577
18577
18507
18437
18647
19206
18578
18996
19066
18786
18368
18996
18647
18647
18507
18787
18786
18926
20533
18717
18717
18437
18508
18997
18647
18717
18577
18857
18996
18996
18577
19136
19066
18647
18716
20253
18787
18647
19136
19136
18437
45745
19136
18996
18716
19135
18158
19066
19346
18927
18997
18926
18996
18578
18647
18717
18158
27167
19066
18438
18437
18647
18577
18647
18297
18647
19136
27657
19136
31288
19624
21789
18647
18577
18367
18437
18717
18647
18647
19067
18717
18717
18717
18717
17809
18647
18717
21440
18856
18507
18717
18438
27238
18508
19136
18228
18577
18577
18577
19066
18647
18927
18717
18507
18507
18857
18507
18856
18997
18996
19067
18228
18507
18507
18856
18716
18717
18508
18647
18647
18787
18368
18647
18577
18298
18716
18717
18228
18717
19066
18717
18437
19276
19066
18996
18647
18926
18996
18438
18228
18437
18647
18927
18857
18368
18647
18577
18786
18438
18856
18927
18507
18856
19206
19136
19066
18856
18926
19136
18577
18647
18857
18577
38621
18996
19206
18787
19066
18508
18578
19135
18647
18996
18926
18577
18716
18996
18647
18437
19136
18996
18577
18717
18578
18507
19206
18717
18228
18507
18716
18996
19066
18927
18857
19136
18507
18717
18717
18507
18647
19066
18717
18577
18578
18927
18647
18507
18647
17460
18507
18926
18927
18996
18996
18647
18647
18926
18926
18647
18997
18996
19416
18508
18507
18647
18507
18577
18996
18787
19206
18578
18577
18717
18507
18787
19485
18927
19066
18717
18647
18786
18507
19136
18787
27028
18647
18647
18438
18577
18787
19834
18647
18438
18647
18926
18228
18647
18717
19206
19205
18996
18926
18507
18926
18787
18647
18717
18507
18438
18647
18578
18437
18647
18438
18647
19066
18507
18507
18438
18158
19136
18787
19066
18578
18228
18857
18926
19066
18717
19135
18786
19276
18228
18437
18437
18647
18437
18577
19066
18438
18717
18926
18367
18716
18717
18438
18438
18647
21510
18857
18437
18507
18507
18647
18717
18926
19136
18647
22279
18437
18717
18507
19066
18577
18578
18298
18507
18648
19206
18647
18438
18438
18647
18647
18508
18647
18647
19066
18507
18438
18437
17740
18298
18647
18648
18997
19066
18437
18228
20463
19066
18577
18717
26749
19136
19136
18647
18996
18158
19136
18787
18647
18507
18786
18857
18367
20603
18507
18577
18717
18647
18926
18438
18856
18927
18787
18717
18507
18926
19066
18717
18717
19415
18578
19066
18647
30031
18438
18927
18997
18717
18647
18647
18507
18717
18926
27586
18787
18577
18996
18926
18996
18927
19136
18927
18647
19206
18367
18717
18508
18647
18648
18159
18368
18717
18926
18438
18647
18647
18577
18996
20463
18228
18647
18926
18228
19205
19136
18717
18996
19066
17949
18577
18228
18507
19695
18786
18647
18787
18856
18996
18438
18717
18647
19136
18508
18647
18577
18647
18577
18717
18927
18996
18927
19136
18507
18508
18717
18787
18717
18717
18857
18926
18228
18577
18647
18508
18647
18578
18647
18647
18926
18507
18717
19136
18717
18647
18508
18717
18577
18717
18438
18717
18368
18367
18508
18717
36805
18647
18996
18647
18577
