17041
13270
14736
14946
14387
14248
14737
15225
14248
14875
14945
15853
14876
14178
15364
13968
19625
15853
20044
14387
26470
14806
17111
14177
15575
15365
14736
14807
13270
14737
14457
16272
14247
14737
14387
16901
14317
16552
14247
14526
14666
13968
14177
14317
14387
14457
13829
14806
14247
14736
14667
13828
14178
14387
15435
16831
14457
21301
15016
14387
14667
15225
14248
14248
15225
14387
14527
16762
16343
18159
14806
14317
14317
14806
14248
14457
14247
14596
14666
14597
14457
14107
13899
14387
14946
15086
14527
14736
14317
14736
13479
15016
14457
14946
14736
14736
14666
14387
14387
14667
14387
14667
14107
14178
14387
14736
15156
14387
15504
14876
14876
24304
14667
14387
14596
14597
14387
13968
15295
14317
14667
14596
14107
16552
16342
13968
14596
14177
14248
14597
14736
14318
14387
14317
15784
14457
16902
14666
14318
14317
14178
14806
14387
13898
14247
14876
14736
14807
14596
14317
14667
14317
14177
14736
14596
14666
14247
14387
14387
14946
14317
14318
14457
16622
14666
14247
14666
27168
15854
14597
14387
14666
14247
15225
15155
14667
14247
17251
16832
14247
14317
14667
14666
14736
14247
14946
14526
14387
23536
14596
15295
14736
14247
14456
14946
18578
20882
14247
14178
14876
17041
13968
16342
14457
14387
14666
14317
13829
14597
15155
15295
14387
14387
14387
18647
15644
16832
16552
14945
14178
14387
14248
13828
19974
14317
32406
15295
16273
14667
16622
14387
15644
14177
14247
14318
14667
14596
14387
14108
14387
14666
14178
14247
13410
14806
14597
14736
14807
14317
14597
14876
14317
14317
13968
15226
14107
14736
14107
16133
14806
16762
23467
14876
14806
14667
17948
14736
14387
14946
14387
15295
16133
17739
16622
15225
16063
15295
16971
14387
16831
16203
16902
14946
14597
14806
14806
13899
14806
14666
14666
15086
16272
15156
17250
15295
14876
41764
14667
24863
15853
16971
16063
17251
16342
15784
14946
14876
14946
14736
20952
15993
15295
15435
15854
15295
17111
15365
14317
16552
14876
14248
14736
14667
14387
14596
14597
41206
14806
16063
14667
14387
14177
14597
14946
14457
14666
14456
14108
14945
17740
15784
14736
15435
24863
16133
14247
14666
18019
16622
16273
15295
15016
15714
14038
14318
14736
14806
17530
15435
17391
14946
14457
14946
14736
14247
14247
14946
14457
14876
14875
18507
15854
14457
13130
14806
14597
14387
14667
14317
13829
14596
13829
14178
14457
14456
14387
14178
13619
14178
13339
14736
14597
14806
14457
14177
15434
14387
14667
14387
14247
14667
16343
16342
14317
14457
14248
14317
15434
14597
17251
14807
15645
15644
14666
16972
16133
17879
14666
15085
14248
14736
16133
14387
14806
15295
15574
15854
22279
17670
15086
23397
14387
14457
17181
15714
15714
16273
13549
14806
14806
14875
15504
14247
17599
15295
18508
14387
14387
14457
14387
22349
14247
14736
14667
14736
14387
14177
14038
13339
14806
14597
14177
14108
14247
14876
14107
14806
14736
14596
13968
14387
14248
14248
14317
14387
14457
15365
16063
14247
14667
15225
14806
14248
14667
14806
14317
14876
14876
15853
17320
14177
14387
14177
14248
14597
13899
14317
14247
14317
14667
14247
13968
13758
14807
62297
14946
14806
22768
15155
14108
13898
14178
14527
14806
14876
32895
14317
14666
14247
14318
15714
20464
14737
14807
14736
24723
14875
14248
15714
16133
15365
16552
17111
16343
15644
14597
14317
13759
15155
14457
14457
14247
14736
14736
14387
14317
14177
14596
14248
14597
20463
14457
16133
14806
14666
14177
14177
14457
13968
14876
14317
14666
14248
14457
14178
14666
14317
13899
13828
14666
13479
14876
14247
14247
14597
14387
14596
14037
14667
14247
13479
14317
23885
14107
14387
14666
14667
14457
14387
14178
14387
14178
14527
14317
14736
15854
14945
14247
14178
13968
14737
15016
14457
14876
14387
24374
18857
14806
15295
14318
14597
14178
15574
13968
13968
14247
14247
19625
14806
14248
15365
17041
14806
14457
13409
24235
14247
14317
14248
14596
14457
14736
16761
13479
15854
16342
15364
15156
14876
13828
15225
14387
16203
14736
14387
14387
14247
14387
14736
14177
14248
13479
14457
14387
14806
14247
14666
14248
14457
14736
14876
13899
38202
14107
14247
14456
14667
13898
14177
14247
16692
14317
14387
14177
14806
14318
14387
14527
14387
14318
13340
14387
15295
14876
18019
15156
16133
21860
16832
15295
14807
15155
15225
15085
14876
17111
14317
18996
20603
15854
15575
14387
14247
14247
15574
14248
18577
14038
14178
14457
14457
14247
13339
14178
14456
14317
14317
14247
16902
14177
14247
16133
20463
15504
14317
14317
14037
15295
14177
14247
15644
14736
14456
16203
16622
15714
24793
15783
15504
16203
16832
18229
15923
15714
14666
14248
14456
14806
14736
14247
15295
20882
14387
14946
14736
13968
14108
14317
14248
14737
14248
13968
14247
14388
14597
16272
15225
14387
14387
13898
14387
14388
14737
14317
14876
14666
14387
14457
13968
14387
17041
14457
14387
14806
14527
16692
18578
14387
14457
14457
14806
14806
14737
14178
14876
16762
16203
16133
14317
14456
15155
14457
14387
13968
14177
14388
14248
14457
14667
18508
28634
15155
14317
20812
14876
14807
14248
14317
14247
14387
14317
14876
14597
14876
14666
14457
14247
14456
14597
14178
15365
14457
20323
17251
14666
14946
16622
14387
14317
14876
14247
14247
13898
15016
14317
14597
14527
14317
14317
14387
14736
14178
14247
14247
14946
14597
14597
14317
16762
14666
14387
14457
14387
14317
13968
14457
14597
13898
14666
15365
14387
13899
14597
14806
14387
14597
14247
14247
14736
14666
14317
14597
14666
13968
35269
14666
14875
14876
14248
14108
14108
14457
14387
14737
14596
15155
14387
14178
14666
14876
14317
14317
14178
14387
14177
14317
15155
14666
14736
14806
14387
14178
14667
16762
14178
14526
21860
14387
15714
13828
14247
14457
14806
14736
14667
14038
14666
14317
14457
14737
15156
14876
14387
14038
15225
15155
37993
14597
16133
15295
17250
14247
14317
14037
15155
14457
14457
14736
14177
15155
14107
14597
14666
14387
17251
16342
14736
14596
14248
14457
14387
14806
14387
14666
14667
15504
14666
14247
14248
14597
15505
14806
14666
14247
14457
16063
15295
14317
14107
14247
18159
14457
14317
14946
14318
14736
14736
14806
15854
15086
14667
14946
14806
15365
16273
15784
14737
14457
14597
14737
