10758
10898
11316
9850
10478
10967
10479
11107
10967
12784
11527
11107
11457
12853
11596
11806
14740
12015
13831
11875
11456
12435
10478
11736
10409
10409
10059
10338
10897
10409
10898
10757
11038
11107
11736
10409
10898
9989
11456
11527
10897
10548
10688
10478
9989
10338
11107
11317
10828
10897
10618
9919
10478
16136
10338
9989
10618
9919
10059
9990
10618
10757
11456
10269
10129
10478
10618
10059
10618
10059
10479
10897
10758
11387
11387
11317
11316
11317
11386
11596
10897
10898
11387
11387
11875
11875
11316
11875
13901
11806
15158
13343
13831
11456
12435
11456
11805
11526
10897
10898
11456
10898
10408
10339
12294
10758
14669
11526
11805
12783
11596
11316
11456
10897
11806
12365
10618
10129
10478
11107
11037
10618
10478
9849
10408
9989
10897
10409
10548
11945
11526
10757
10478
10688
10478
9919
11596
10967
11037
10898
11107
11316
11386
10897
11107
11456
11247
11386
11316
11456
12364
12993
15927
13272
14530
12924
12434
12364
11875
12295
12853
14460
11805
11527
11037
11526
11107
15787
11526
11736
10967
11107
15717
11386
10967
11596
15159
12294
11456
11875
13482
11177
10898
10897
10339
10968
10548
10548
9011
10478
11107
10688
11037
11037
12085
11666
11735
10967
11945
12085
11736
11945
11387
11805
11945
13621
12294
12364
13412
12294
12854
12364
28082
12294
10827
10967
10409
10129
10618
10897
10897
10618
10548
10059
10828
10478
10129
10129
10548
12434
10409
10828
10409
10898
10897
15368
11457
11317
11317
12015
12434
11526
11386
11875
12225
11386
11386
11945
12015
12434
11456
11875
12365
11595
11386
9989
12644
10478
10618
9920
10059
10478
10828
11456
11037
11317
10478
10478
10408
11457
10408
10549
10408
10548
11387
12644
10758
22912
11456
11386
10967
9430
10059
10478
10967
11876
11875
13063
13272
12434
12085
12294
13273
12853
14181
12923
12714
12225
11107
10618
10548
10618
9500
10897
11317
11596
10967
12155
14460
12085
11386
11666
11876
11735
11596
12504
11735
11526
11805
11875
12295
12365
11806
13273
12993
11386
11806
11736
12015
11317
10967
10967
10408
10618
11107
10548
11387
11316
11107
11946
13272
13761
13203
17254
12923
14390
11526
16067
11526
11526
11945
11386
12504
11456
11875
13692
13272
12993
23401
11387
11805
12644
13901
12294
11386
13692
11596
13412
14739
14739
13691
12504
12294
13203
13761
12574
11386
12574
13901
12713
12854
10967
10897
10408
10757
10408
10408
10548
11037
11107
10409
10548
11037
10897
11037
10059
10479
11875
11876
11456
12294
13901
12643
12783
15647
12294
12853
14879
12434
12923
13343
12923
14250
12365
12783
13831
11875
11456
11875
11456
11456
10828
11037
10758
12853
10827
11316
10478
11875
22494
11316
10409
10618
12574
9989
12784
12364
16974
12923
16416
11875
15997
11875
11526
11596
11037
10548
10967
9570
9989
10898
10478
10618
10059
20956
10408
11805
10479
10478
10617
10618
10199
11037
10967
10827
12434
11875
11945
12784
12364
12574
11526
12015
11526
14250
12573
13691
12853
12294
11805
12014
14250
13971
13272
11875
11386
10967
12295
11806
11596
15298
12993
12434
13272
14739
12294
12015
11876
10967
11876
12015
11456
11106
10897
10827
10618
10827
10618
10478
10898
10548
11596
10967
10478
12294
10968
10897
13762
13482
13272
13481
13272
14460
14390
12993
12993
12853
12713
14530
12294
10897
11875
12295
12085
14670
12434
11945
10898
10548
12993
11596
11387
11526
10967
11037
10409
10409
9850
10198
10828
11945
10408
10548
10479
9989
10128
61960
10548
10478
10548
10618
11037
11247
13482
12365
13971
11945
12364
11316
10967
11526
11386
10548
10618
14949
11037
10618
10827
10898
11596
10897
10408
10548
11386
11037
10059
12434
12784
10967
10897
10688
10897
10827
10129
11526
10967
14460
12015
11805
13761
11875
12853
14250
11805
11456
12294
11875
11037
11526
11107
10967
18581
10478
12574
10618
10478
9850
9849
10898
11387
11107
11037
11596
12015
11876
11106
16137
12364
11525
11107
11876
12015
12015
13132
11736
12853
12923
12015
12015
11456
11945
12434
12853
17184
30806
12853
12015
11945
13342
12364
11456
11736
11386
10967
10967
10478
11107
11106
11805
10409
10897
10897
10548
10967
11526
11386
11456
10897
10478
12504
10548
12503
11875
11876
12434
12783
13692
15368
12364
13343
13412
12853
13691
11946
11107
10898
10478
10338
9990
9989
9709
11037
11316
13482
10968
12225
11317
11875
11037
11386
11526
11456
12784
12224
11945
12015
12015
10828
10408
10618
10967
10129
10408
9849
10479
10478
11316
11875
11037
10479
10059
9990
10129
10548
10409
11805
11805
12993
11596
10898
12993
15508
11386
11247
11456
11526
11037
14809
10967
10338
10059
10898
10408
10548
11456
11596
11875
11107
11107
11387
11876
10897
12713
9012
10338
13202
10268
10898
10409
10828
10897
10478
10827
11036
11805
21794
14669
11386
12714
12434
12504
12784
12993
11875
11805
10898
12504
12014
14180
10967
11945
11805
12015
12923
11596
11316
11107
10548
10408
10129
12295
10339
12434
12923
11875
12783
13481
11037
10897
10408
11107
11316
11386
11387
11107
11456
11806
15298
11386
11246
11526
11875
11456
11805
11316
11107
9430
10478
10967
10548
10059
10129
10059
10478
12853
11595
12015
11386
11316
11387
11107
11526
12434
11247
10967
10547
10967
10408
10897
10758
11107
10967
9849
11456
11037
10898
10897
12295
10757
11596
11456
10617
12923
12015
12015
11875
12085
13761
11037
14180
11386
11735
12504
11387
11456
11246
10967
10757
10898
11037
10898
11107
10617
10967
10967
10827
10548
11526
10617
24169
10478
10338
10827
10129
11107
10617
10129
11596
10967
11107
12364
11386
13831
10339
11316
12084
11735
11456
11316
11386
13342
10548
10827
10898
10268
10478
11456
10967
11316
10897
10618
10338
10058
10059
9989
10408
9989
10478
10548
10338
10338
10059
10408
9989
10199
10338
10059
10897
10338
10199
10478
10338
10548
9919
10618
10478
11736
11176
11317
15089
11945
12365
14180
11876
11875
15997
12014
12783
14180
14390
12993
12014
13482
13412
13272
11735
15228
28640
10897
11107
12853
11386
13273
14669
12713
13342
11456
12364
12434
11945
11456
11596
14669
11386
11806
11316
10618
10408
10408
11106
11107
10827
10548
10617
10058
10688
10408
10408
10897
11386
10967
11386
10897
10967
13272
11456
11876
12853
12504
12644
