12851
12501
12082
12292
12291
12362
12362
22000
13269
12292
12083
12711
12361
12711
12502
12152
12431
12362
12292
12083
12362
12432
12991
12431
12292
13130
12362
12781
12781
12781
12362
12292
12780
11872
12432
12362
12292
12501
12361
12292
12571
12710
12013
12361
12292
12990
12291
12920
12850
11943
12851
12851
12292
12990
11803
12641
12501
12292
12012
12990
12292
12362
12222
32126
12432
12013
11454
12013
12361
12361
12501
13130
12083
13689
13200
12292
12292
12292
12362
11942
12361
12432
11454
12850
12292
12711
12851
12502
12292
12292
12851
12920
12850
13200
12501
12781
12711
12502
12292
12501
12152
12501
12362
12292
12362
12990
12850
12222
12851
12292
12082
12362
12362
12292
12292
12292
12991
11943
12292
12013
12222
12571
12502
12501
12362
12361
12571
12292
12082
12292
12432
12292
12362
12222
12292
12012
12013
12571
12222
12641
12501
12501
12431
12501
12501
12012
12362
12501
12571
12292
12921
11943
12292
12501
12850
12921
12432
12082
12361
12362
11943
12292
11943
12292
12292
12292
12362
12012
12781
11872
12501
12362
11942
12362
12292
12850
12362
12571
12851
12990
12502
12502
12431
13828
12780
12222
12222
12431
12082
12012
12291
12851
12571
12152
12222
12362
12013
19695
12362
12292
12361
12850
12152
12082
17111
12292
12920
12431
12431
12711
12851
12222
12292
12013
12362
12292
12991
22628
12502
12571
12292
12362
12362
12292
12292
12501
12362
12082
12850
12781
28634
12781
12012
12572
12361
12502
12291
12501
12012
12431
12431
12501
12571
12362
12501
12780
12222
12362
19555
12292
12501
12292
12291
12012
12502
12502
12571
12362
12292
12432
12083
12920
12571
12501
11942
16762
12502
12850
12571
12361
12292
12361
12711
12501
12432
12362
11943
12641
12501
12851
24793
12502
12850
12501
12292
12851
12432
12292
12780
12710
11942
12292
12292
12292
12501
12432
12362
12362
12432
12501
12431
12851
12361
12641
12711
12501
12222
12781
12641
12362
12641
12920
12502
12432
12501
12361
12431
12781
21022
12502
12432
12431
12921
12431
12292
12362
11873
12920
12362
12920
12152
12502
12502
12502
12431
12431
12850
12502
12362
12431
12501
12082
12501
12502
12432
12152
12082
12711
12850
12431
12571
12571
12362
12851
12501
12362
12082
12361
12292
12361
12502
12501
12013
12222
12431
13339
12361
12571
12152
12501
12362
12012
12222
12012
12780
12361
12501
12501
12431
12431
12292
12292
11872
12292
12292
12152
12361
12291
12571
12432
12710
12222
11943
12850
12292
12362
12362
12571
12501
12082
12501
12781
12152
12292
12361
12501
12291
12431
12292
12082
11873
12362
12362
12920
12012
12501
12710
12291
12152
12432
13968
12361
12292
12362
12850
12082
12362
12292
12222
12501
11942
12431
12361
11873
12362
12501
12502
12012
12013
12292
12501
12432
12432
13199
12362
12083
12362
12641
12571
12362
12362
12362
12361
12711
12222
12641
12361
12432
12502
12501
12292
12222
12501
12013
12990
12362
12362
12780
12432
13339
12501
12432
11942
12501
12501
12361
12292
12221
12431
13339
12291
12362
12851
12222
11943
12501
21930
12291
12292
12222
12502
12571
36247
12362
12362
13339
12501
12291
12362
12641
12502
12221
12361
12781
12431
12641
12012
11943
12501
12501
12502
12083
12432
12361
12362
12013
12432
12641
12850
12920
12292
12362
12292
12361
11942
11943
12362
12431
12013
12292
12292
12361
12362
11873
12432
12502
12432
12781
12012
12292
15714
12292
12780
12431
12431
12432
12362
12291
12921
12082
12222
12571
12431
12361
12362
12361
11943
12501
12431
12222
12362
12432
11942
12502
12990
12362
12362
12292
12292
12153
12432
12292
12291
12501
12291
12920
12501
12292
12222
12432
12501
12432
12292
12851
12292
12362
12362
12152
12292
12502
12082
12362
12851
12362
12361
12431
12083
12362
12012
12152
12780
12222
12013
12292
12362
12711
12432
12501
12781
12222
12641
12292
12222
12291
12362
12501
11943
12292
12571
12711
12292
12222
12711
12431
12501
12501
12013
12013
12083
13619
12501
12362
12362
12013
12571
12851
12501
12361
12361
12571
12361
11943
12641
12292
12292
12641
12501
12082
13339
12711
12082
12781
11873
12501
12711
12222
12781
12152
12431
11943
12850
12501
11942
12572
12013
12641
12431
12781
12012
12641
12361
12501
12571
12431
12781
12361
12431
12432
12432
12362
12083
12362
12222
12222
12431
12850
12292
12292
12921
12292
12222
12780
12501
12362
12292
12432
12780
12921
12222
12013
12362
12711
12292
12292
12222
12083
12851
11873
12432
12013
12431
11872
12501
11943
12362
11942
12291
12781
12571
12361
12362
12362
12362
12292
12362
12501
12292
12711
11943
12432
12501
12431
12571
12781
12571
13968
12362
12152
12222
12920
12362
12013
12432
12292
12292
11943
12291
25840
12361
12362
12012
12012
13409
12501
12501
12502
12222
12571
12082
12781
12222
12501
12362
12362
12431
12362
12291
12082
12431
12362
12432
12292
12851
12501
12921
12431
12013
12780
11942
12431
12012
12222
12222
20393
12292
12501
12082
19695
12361
12292
12501
12920
12711
11943
12432
12292
12222
12641
12571
12292
12292
12432
12990
12502
12362
12362
12502
12711
12431
12501
12432
12291
12291
12850
12990
12501
12152
12431
12362
12781
12850
12641
12012
12291
12432
12361
11873
12432
12781
12501
12362
11943
12920
12501
12013
12082
12222
12502
12850
12501
11873
12502
12361
12152
12361
12222
12711
12851
12292
12222
12292
12222
12780
12082
12362
12361
12850
11873
12013
12641
12222
12711
12291
12502
12362
12641
12501
12361
12362
11872
12082
12501
13689
12711
12222
12222
12431
12292
20114
12012
11943
12362
12432
12291
12012
12361
12362
11873
12362
12012
12711
12222
12012
12920
12292
12501
12013
12361
12361
12292
12292
12361
12432
11803
11803
12641
12362
12012
12780
12362
11943
12502
12431
13898
11873
12431
12361
12431
12362
12292
12082
12362
12431
12013
12292
12362
12571
12711
12362
12501
12501
12641
12291
12781
12362
12432
12222
12222
12431
12291
11942
12571
12013
12571
12222
12850
12501
12361
12222
12431
12292
12222
11873
12012
12502
20114
12362
12501
12431
12292
12711
12431
12432
12431
12710
12571
12432
12431
12571
12362
12990
12013
12501
12502
12362
12292
24863
12362
12222
11943
12222
12710
12431
12222
12291
12292
12850
13968
12432
12432
12292
12362
15085
12501
12012
12362
11803
12361
12222
12362
