19276
14387
13619
13758
13689
13270
13549
13689
13409
13689
13619
13270
13200
13340
13410
13340
13270
13270
16133
13828
13758
13828
13409
13759
15225
13479
13270
13270
13828
13479
13479
13759
13339
13479
13270
14177
13968
13898
14317
13199
13689
13339
13828
14108
14736
13409
13339
13409
13689
13479
13270
13409
13270
13340
13968
13269
13479
12781
13829
16343
14317
14248
13898
13689
13898
13619
13270
13828
13758
13479
13479
13479
14596
13618
13199
13549
13479
21860
13270
13968
13410
13410
13269
13060
13270
13270
21371
13898
13409
13898
13479
13898
13759
13689
13199
14247
13619
16761
13688
13689
13339
13689
13339
13479
13828
13479
13479
12850
13339
13759
13619
12921
13549
13759
12990
13409
13479
13269
13689
13479
13479
13060
13479
13828
13688
13898
13269
13898
13479
13199
13689
13130
13409
13269
13270
13619
13410
13758
13479
13479
13409
13339
13410
13269
13479
12990
13689
13689
13339
13549
13619
13409
13339
13479
13689
13409
13409
13269
13340
12990
13269
14876
13619
13828
13828
13200
13758
13968
13758
13898
13968
13200
13758
13339
13480
13758
13200
13339
13758
13409
13759
13199
14247
13270
13758
13410
15365
13270
13758
13340
13340
13270
17739
13199
13479
12711
13340
14247
13479
13409
13758
13199
13689
14247
13339
13479
12991
13339
13479
13339
13339
13409
13758
13479
13898
13479
15156
13339
13829
13758
13270
13688
13269
13270
13270
13270
13479
13479
13409
13340
13270
13130
13340
13758
13340
13199
13829
13479
13899
13270
13479
13759
13968
13270
13339
13479
13759
14038
13270
13688
13479
13619
13409
13269
13409
13759
13479
13759
13758
26190
13898
13269
13409
12990
13339
13898
13060
12990
13269
13689
13688
13968
13270
13270
13828
13828
14108
13828
13200
13200
13339
13898
13270
13619
21511
13479
13758
13200
13200
13339
13758
13549
13339
13410
13409
13339
13759
13269
13339
13898
13619
13409
13270
55313
14178
13269
13269
13479
13339
13270
13479
13270
12991
13270
13409
13199
13619
13759
13688
13829
13410
12990
12920
13479
13479
14387
13479
13828
13340
13200
13829
13479
13410
13828
13689
13758
12991
13339
13269
13130
13479
13409
13340
13689
13828
13479
13410
13759
13479
13479
13269
13340
13270
13480
14247
13828
13759
13340
12990
14247
13199
13759
13270
13758
13549
13828
13829
13479
13340
13410
13619
13409
13759
13549
13340
12920
20743
13759
13339
13828
13479
13758
13688
13270
13689
13758
13409
13758
13759
13758
13688
13758
13130
13340
13898
14178
13479
13828
14247
13968
13479
13759
13270
13619
13758
13409
13479
13759
13270
13758
13339
13479
13758
13968
13339
13758
13828
13339
13479
13829
13479
13828
13758
13828
13270
12990
13409
13339
13270
13689
13409
13199
13479
13409
13410
13409
13479
13759
13339
13549
13758
13409
13409
13269
13689
17110
13968
13898
13479
13619
14876
13270
13619
13689
15226
13828
13758
13339
13829
12991
13269
13270
13828
21511
12990
13759
13968
13339
16063
13689
13340
12991
14178
13619
13270
13828
15505
13758
13270
13618
13828
13479
13410
13898
13758
13480
13688
14736
13479
13479
13270
13829
13688
13340
13968
13340
13899
13479
13968
13200
13340
12990
18228
15854
14806
14806
14248
13968
13759
13828
13898
13828
13269
13339
13479
12990
13480
13619
13339
13410
13270
13339
13689
13270
14177
17740
15155
14177
12850
13829
13619
13200
13340
13479
13828
13269
13828
13759
33314
13409
13060
13270
13689
13269
13409
13410
13409
13409
13758
13200
13968
13340
13828
13619
13758
13898
13968
13339
13688
13339
14876
13688
13759
13828
13200
13270
13270
13339
13828
13339
13479
13339
13410
13479
13270
13340
12990
13270
13759
21022
12920
16413
16692
13409
13200
15225
18648
13828
13130
13689
13758
13339
13618
13688
18787
13130
13759
13829
13828
13269
14248
13759
13339
13479
13340
13829
13339
13269
13409
13409
13758
13968
17669
13269
13339
13409
13898
13269
13689
13410
14387
13828
25213
13479
13479
13898
13409
13759
13479
13199
13270
13479
12850
15365
13060
13758
13689
13968
13340
13410
14736
13409
13759
13898
13758
13410
14248
13968
13759
13689
13688
37714
13480
13409
13409
13828
15854
13479
13689
12990
13619
13899
13618
13480
13759
13340
13269
13409
13409
13618
13269
14387
13479
13269
13410
13270
13339
13618
13829
13409
13270
13340
13828
18228
13269
13828
13828
13340
13410
13270
13270
13479
12990
13479
13409
13409
13270
13480
22070
15086
13200
13479
13480
13339
14247
14317
13200
13549
13130
13409
13899
14317
13269
15155
13759
14457
13270
13688
13899
13688
13829
13898
13898
16483
13968
15644
14317
13340
13479
13339
14248
13899
13410
13968
13340
13479
13409
13270
13130
19136
13619
13828
13758
13829
19136
13479
16692
13828
13759
13758
13968
13130
13689
13759
13828
13758
13898
13339
13479
13409
13898
13968
13828
13828
13758
13759
13898
13339
13339
13269
15644
13409
15226
13828
14457
13759
13759
14876
13689
14038
13689
13269
16691
13479
13898
14247
13759
13549
13829
13758
13339
13828
13758
13480
13898
16203
15016
15086
20812
14736
13270
13689
12431
13480
13758
13199
13689
13829
13199
13549
13340
13689
13758
15156
13269
13549
12990
13269
13689
13479
15225
13409
15085
13409
13758
14457
15714
13549
13689
13479
13479
13898
13898
14247
13968
13828
15225
13759
13759
13688
13619
12990
13200
13759
13759
13339
13689
14247
13339
21441
13410
18718
12990
15784
13759
15365
16133
14666
13619
13898
14597
13479
13200
13479
13898
13409
13479
13270
13479
13480
13480
13479
13758
13269
13339
14038
13619
13479
13270
13618
13619
13618
14736
16692
16622
12641
13549
13828
13200
13409
13410
13898
13270
13758
13758
17041
14457
19485
14177
31009
14387
19904
13130
13968
13758
13759
14248
13968
13968
12850
13339
13479
14457
13200
14876
14108
13339
15924
14737
13619
17111
14597
13968
13479
13270
13409
13269
13479
13339
13340
13689
12990
14736
13269
14247
16343
14806
18158
15155
13689
14457
16343
14876
13269
13200
13898
14107
14108
13898
13759
14317
13828
13130
13689
13270
13479
13269
21021
13968
15155
14317
22209
14178
13829
13409
13689
13479
15225
13270
13759
13409
13898
13199
13479
13200
13828
13898
12572
12921
13339
14108
13828
13200
13409
13689
15155
13479
13130
13410
13270
13619
13270
13200
13479
13339
13270
15784
13759
13269
15365
