25283
24724
23886
23257
23466
23956
23815
23676
26540
23327
23815
23885
23537
23816
24235
23397
24304
24305
21930
24445
25212
22768
23466
24235
23257
22838
26609
75358
25212
24305
23257
24374
24444
24793
23257
26260
33384
23886
24444
27378
30032
26260
23886
27168
24304
23397
24723
23396
23955
25561
24653
24025
27308
23257
23257
25003
23327
24304
26330
23467
23815
26260
23048
23327
25143
28844
23885
23397
23397
27447
23886
24025
24444
26749
22977
23397
24026
22977
26330
25841
26610
25701
24374
24514
40019
23327
23397
23327
23816
23536
23257
82343
30031
24304
23676
23256
24374
23327
23257
24444
23326
24654
24723
22977
23327
23816
24234
29263
28635
23885
24863
34361
29542
28565
26260
24374
30451
30032
25353
30381
24723
24304
22838
23885
35689
29822
29054
29333
28634
23326
31358
30520
23257
25771
23396
23886
27308
59574
23397
23745
22977
23746
23956
23746
23746
26819
24025
27238
24375
23048
24235
24444
27237
24305
23397
28076
25771
23606
23327
22978
23466
22000
24654
40438
25352
24444
25352
27168
29123
29542
23327
23257
26330
30310
26260
29613
23257
27656
24234
23885
28076
23537
23327
23606
24235
34082
23886
23816
24863
23397
24234
23886
23467
23607
24444
24165
27657
23466
25353
28006
23955
28146
28216
27238
22908
22838
23676
26190
24165
23815
24234
24654
23327
23187
26609
23746
24724
28146
34362
23956
27168
36876
25771
24863
24235
25003
24165
24793
28356
26679
23257
23327
23746
23257
23187
37714
23397
24234
26609
23746
26470
23466
23746
23397
23257
22977
23187
23676
23396
23955
23257
23536
23886
23815
23816
27098
23955
23327
23956
24724
23397
23117
23397
23397
23117
23956
23047
23816
25701
26680
25213
26191
23885
26609
25701
26749
29543
25353
24025
23397
23536
31498
23955
31428
28565
23746
23396
23396
24444
23396
28635
23327
22908
23746
23885
22978
23816
24374
23816
23885
23956
22977
22838
26190
30032
26190
24864
25282
30521
30032
26889
23257
35269
23746
28146
22838
23397
23746
25631
24374
23117
23676
23816
24305
23746
25702
24375
23746
23955
23466
23326
23956
23885
23327
23536
23327
23816
23256
22907
23746
24235
23816
22908
23536
23257
23327
23745
23397
29263
26749
32686
23396
22628
22698
23187
23327
23815
25701
28145
23397
23886
22558
23187
23816
23885
23256
23467
24374
23467
23187
23815
23815
24654
24653
24793
23606
23396
23886
23047
23397
27238
24933
24374
22908
23816
22838
22978
23746
23536
23885
23536
23956
23396
26260
24165
23816
23396
23746
23746
23745
24305
23886
24165
24654
24374
26680
24304
32894
23816
23467
24164
25213
24304
24654
23955
24165
23885
26749
23955
24514
24235
24304
23187
24025
23676
22977
23816
23536
23885
24794
24375
24794
23467
23746
24305
23257
23327
23746
23118
24794
25213
26679
23397
23886
23117
29543
23467
24234
23886
23466
23816
24095
24724
23536
23885
23326
22978
22978
23118
61041
23607
23117
23326
23326
23466
23816
23955
24235
22908
24025
23746
23886
31288
55314
25003
24794
23257
23815
22838
23396
23048
23745
22768
24794
25283
23327
22140
23257
24234
23956
23816
23397
25072
24794
23885
23885
23537
24863
31428
33384
26191
35409
28635
27168
26190
26679
23257
24724
24794
23257
23886
24514
24445
23816
23746
24514
23606
24723
23397
23466
25213
23466
23606
26749
24235
23676
23815
29193
38622
25213
25701
33384
30520
26749
36666
24444
59644
26679
23885
23397
24235
22978
30241
29613
25352
23956
22907
44629
30520
25701
26749
25283
24793
25282
25212
25073
24304
23676
23397
73333
23955
26051
23816
29333
23396
32407
30451
27726
27936
31499
28845
32895
34920
26540
26749
29612
62508
23397
29054
25702
42812
30381
27657
34850
36248
23327
23327
28146
34292
33942
29543
30101
28704
27168
23467
27656
24724
24304
27727
23397
23955
23466
23536
24305
23327
23955
23396
32685
30032
74450
27587
25282
29543
38762
31917
27797
29054
27726
29613
28635
27238
27098
22768
30520
23396
29543
25772
22978
25352
23746
23536
29542
30939
23188
49029
24794
25282
26679
25701
30520
27098
25282
28565
27657
69073
24234
27656
23327
25701
30102
26191
29543
33873
28635
24654
25981
29124
34781
24863
25701
26190
25282
24234
24723
25701
24304
23746
25841
23327
26679
27656
23815
23746
24375
28145
23676
24654
23467
24793
23885
23886
23746
24654
24235
23816
24584
23955
23536
23885
23397
24025
23745
24165
23956
26679
25282
25772
25701
23397
23396
24025
23745
23467
22070
23187
23746
23885
23397
23816
23955
22908
22978
23606
23327
24374
23816
23326
23815
23117
23396
23396
23885
23466
23327
23396
23467
23746
23676
23397
23466
22139
23327
23676
23886
23047
23327
23956
23676
24025
23746
24305
23257
23397
23327
23885
23816
23327
24793
23327
23816
23885
23606
23466
22768
23676
22977
23955
24374
24095
23466
23397
22768
48958
23816
27657
22908
27587
30031
23886
22977
23746
32407
23327
22908
24375
24305
24723
24234
23676
23885
24723
24165
23257
24724
24235
23885
27657
23466
24235
28635
23467
23816
24723
23117
22978
23955
24444
24235
24304
23606
24444
23955
24165
40717
23326
23327
23955
22977
23327
23327
23536
23536
22908
22908
23815
24444
27237
23117
25701
24305
25701
30450
29333
29053
23816
22908
23397
23397
23327
28146
23816
22419
24793
26680
24304
28635
24863
24724
24653
25422
24794
27656
27168
25352
25631
26400
23746
23886
26888
23326
24234
22838
24794
23397
23327
24095
23746
23816
23257
27517
23467
67187
23327
22908
23048
24165
22838
28635
23326
22978
24304
23187
27098
23955
23885
24933
23467
23327
26190
34571
23816
31009
23885
25562
25213
24375
24304
23397
23467
23816
24025
27517
25631
23326
23886
23676
23396
24305
23397
23327
22838
23397
28076
24863
23537
23326
23327
23536
25701
31499
29124
23257
24794
30031
25282
24234
24374
24723
26819
24723
26190
23955
24374
24514
27866
22279
24724
31009
30032
24235
30032
29124
23816
37644
23117
25492
24305
23397
22908
27727
24374
24025
23956
23326
24025
24235
23746
23816
24165
22978
26469
23816
23327
23397
23746
23327
26120
27447
24234
23396
23886
23746
23746
24235
24863
23537
24304
27587
22977
23816
25702
23467
22908
22908
23397
23327
23536
24374
23257
23396
22838
23466
23676
23606
24235
22978
23466
23746
24095
24374
25213
23816
26540
23676
23746
23536
23466
23396
23467
23257
