23396
24234
23186
23675
23326
23465
23396
25840
23745
23116
23325
23047
23326
24303
23885
23326
23256
23395
23465
23815
23466
45395
23466
23954
23396
23395
23326
23465
23814
23466
22907
22907
22907
24024
23046
23256
23326
22906
23466
23884
22836
23884
24374
23396
23325
23396
23954
22976
23256
23396
23046
22767
23396
23396
23605
23325
23396
22907
23605
24024
23954
23396
23256
23326
23465
23955
23256
23465
23465
23396
23815
23466
23466
23046
23814
23256
23745
23326
23396
23465
52308
23256
23465
23675
23256
23326
23396
23325
23395
23326
23955
23885
23047
23256
23466
23186
23396
23745
23466
23396
22907
23325
23884
23884
24303
22977
23396
23326
23465
23326
23396
23396
23116
23605
23675
23745
23256
23325
24164
23884
23326
23326
23745
23256
31217
23116
23675
23466
23675
32893
23395
23326
23954
24373
23326
23256
23744
23395
23465
23326
23396
23396
23256
23466
23954
23954
23396
23535
23535
24513
23326
23326
23814
23815
23814
25212
24303
23465
23675
27586
23326
23325
25141
23255
23745
23466
23675
23395
23535
23815
23815
25281
22907
23186
23396
23325
23326
23256
22906
23814
23395
22767
23396
23395
23815
23745
23186
23256
23395
23396
23256
23396
22837
23395
24303
23465
23325
23815
22977
23256
23395
23396
23815
23396
23814
23186
56359
23745
23256
23326
23395
23326
23815
23815
31497
24792
23885
23744
23395
23256
23395
22976
23326
23396
23326
23814
23675
24862
23396
23256
23396
24094
23465
23256
23954
23884
23465
23466
23396
23325
23465
23395
22907
23396
23884
23535
23465
23535
23396
23954
23884
23326
23255
23675
23325
23256
22907
22976
23815
22767
23745
22976
23047
23326
23396
23256
23465
23815
23465
23256
23325
23465
23396
23395
23256
23396
23396
23396
23395
23256
23885
23255
23745
23814
22977
24233
23465
23395
23255
23465
23815
23815
23954
23256
23465
23326
23744
64879
23674
22977
23884
23466
23885
23675
28983
23256
23256
23186
23396
22906
23466
23256
22767
23395
23255
23325
23955
24653
22976
23326
23326
23535
23465
22977
23605
23465
22906
23745
24513
23256
23536
23256
24374
23954
23465
23536
23256
23954
23326
24164
23675
23256
24024
23395
22907
23535
23256
23116
23884
23256
23466
23745
23256
23326
23535
23325
23326
23395
23815
23396
23395
24303
23395
23256
24163
23326
23256
23396
24444
24233
23256
23326
23256
23465
23326
36734
30938
22767
26189
23536
23256
23954
23326
23674
23325
23326
23395
23745
23326
23326
24722
23884
23395
23326
23745
24094
23046
23326
23326
23465
22976
23396
23745
23675
23395
23395
23466
22837
23396
23535
24024
23326
23465
23325
22977
23745
23465
23536
23395
23744
23396
23884
23955
23256
22977
23395
23395
23605
23256
23396
23395
23465
23814
23326
31008
23815
23256
23256
24233
22907
23395
23186
23395
23954
22906
23256
23395
23256
23395
23675
23046
23745
23326
23256
23395
23745
23186
23046
23815
23884
23466
23954
23535
23955
23396
23396
23535
23536
23814
23255
23326
23256
23884
23326
23954
22418
23814
24024
24303
24304
23535
23535
25770
23325
23466
23395
23047
23885
23745
23466
24862
23326
24094
23326
23675
23395
23256
23954
22976
23884
23326
24163
23256
23884
23815
23326
23745
23605
23675
24303
23814
23745
23186
23395
22976
23396
23395
23884
23395
23395
26399
23326
23256
22976
23256
23326
23325
23046
23955
22976
24025
23605
32405
23465
23744
23605
23396
22906
23605
23256
24932
23256
22907
24094
23326
24303
23745
23396
22907
23815
23465
23256
23186
23814
23396
23954
23396
23256
25281
23815
23745
23745
22906
23745
23325
23396
23885
23744
23815
23395
24373
23605
23186
23255
23814
23745
23396
31496
23675
23675
23326
23465
23815
23256
23256
24094
23256
23395
23396
25212
23256
23256
23395
23466
22837
23466
22977
23814
23116
23256
23745
23325
23256
24722
31427
23395
23326
23814
23815
24024
24233
23466
23884
23536
23396
23885
23536
23326
23745
23396
22976
23885
23745
23396
29542
23466
23954
23396
23395
23745
23256
23325
23535
23535
24303
23396
23535
23046
23395
23675
23744
31496
23396
23395
23814
23395
23396
22976
23256
23466
23255
23745
23326
23954
23884
23256
23885
23466
23326
23885
23256
23466
23396
24163
23396
23255
22697
23745
23815
23116
23046
23954
24443
22837
23815
23256
23395
23256
23395
23466
23256
23465
23465
23395
23256
23465
23395
23745
23326
23047
23395
23814
23606
23326
23884
23396
23745
23116
23116
23885
23326
23745
23535
23745
23186
23535
23395
31497
23395
23326
24163
23256
23396
23884
23605
23256
23396
23466
24373
23396
23466
23325
23466
23186
23675
22837
23326
23256
23256
23256
23256
23396
23326
23256
23326
23396
23326
23326
23395
23326
23675
23396
23745
23395
23326
23325
23047
23465
23605
23396
23745
23815
24094
23465
62435
23885
23465
23815
23675
22977
23325
23395
23885
23256
23466
23814
23326
22977
24862
23465
23325
22767
23255
22907
23466
23326
23395
29052
23396
23955
24373
23885
23955
51610
23675
23396
23396
22837
22837
23256
23465
22977
23256
23396
24164
23326
23675
23466
23326
23675
23884
23326
23326
23466
23396
23465
23396
23396
23326
23326
24304
23884
23535
22488
23885
23256
23535
23325
23745
22977
23466
23395
23396
23396
23256
23744
23396
23814
23465
23535
23396
23395
23326
23885
23396
23535
23884
23744
23814
23745
23395
23885
23815
23465
23326
27097
29541
23256
23465
23256
23465
23465
24025
23256
23675
23396
23465
23256
23396
24373
23605
23884
23395
31008
23885
23326
23745
23395
23814
23326
23466
23395
24793
23326
23326
23675
22977
23256
24024
23326
24024
23466
22977
23395
23256
23395
23047
23815
23326
23535
23884
23884
23046
23884
23396
23326
23325
23326
23744
43858
23116
23186
23815
23326
31007
23815
23396
23465
23256
22907
23535
24373
24234
23326
23884
23395
30729
22906
23186
23255
23186
23814
23744
44766
23466
31496
23396
24164
23465
23046
23745
23256
23326
23186
23745
23326
24373
23465
23815
23395
23745
23885
24094
23186
23326
23256
23396
23954
22837
23326
23885
23536
23116
23326
23814
23466
23536
23326
23395
23186
23745
23256
23256
23535
23326
23955
23815
23395
23325
23605
23326
23396
23396
23814
23326
23605
23466
23256
24303
23815
23395
23745
23256
23465
23466
23256
24234
23256
23396
23326
23745
23256
23535
23395
23395
23814
23814
22906
23675
23326
