26959
27168
27517
26889
27658
27587
27727
71378
28147
27867
27238
27588
27588
38204
27867
29124
31708
28565
28565
29124
28077
28705
28216
27168
27658
34991
28077
27727
27727
27238
27588
27657
28566
28146
27937
31499
40509
29613
30590
26750
28146
27169
33874
27239
26470
28635
28635
29543
72915
28217
27658
27239
31987
27727
27727
27378
28007
31988
28704
34781
34781
27937
29544
27588
27239
28147
27169
37575
27238
27239
50635
27588
31708
27657
30521
30521
31009
29473
36737
41835
27727
27098
30032
71448
27587
26750
34152
27169
29543
27308
29962
27238
28355
28635
28635
27657
27658
27657
27169
28076
30312
31708
52033
37645
45607
28076
27587
28076
27168
29124
31498
28076
27937
27727
27099
27029
32965
30032
30032
32197
27238
29473
39740
33385
26680
31987
29613
27238
27169
27867
27587
27169
34292
29124
28076
30730
29613
34781
36318
29543
28635
31917
29474
33384
27658
28147
27588
27657
32406
26750
32686
29543
27727
27587
28355
31917
27727
27447
27728
28146
27588
27168
27168
29054
27657
26749
27238
27238
27658
27587
26680
27657
36597
27308
27168
27239
26679
27657
26679
27657
27727
27169
27238
27657
27657
27587
27727
27028
27658
27658
27308
26679
27728
27168
27657
31987
27727
27378
29054
29124
28565
27099
28146
28355
27168
27518
27169
27308
28844
27587
27169
29543
27308
27029
27658
27168
28077
27727
26749
26889
27238
27169
27448
27658
27169
27658
27518
27308
27238
27727
27098
27308
27657
27727
27098
27239
28077
27099
27378
27308
28146
28146
27238
27517
27098
27168
27727
26750
26680
26750
27099
27168
27169
27657
27239
27169
27168
26820
27169
26750
27168
26191
27169
27587
26959
27169
27168
27169
27029
27727
27168
27169
27587
27239
27657
27099
29124
27937
27727
27169
27239
27238
27588
27098
27308
27238
26820
27169
26610
27378
33524
28844
27238
27239
27098
32406
27587
39600
28147
28566
36178
29124
27168
27517
27169
28635
27657
31498
29124
29054
26680
27867
27029
28146
36178
27168
27098
27168
28146
28635
27867
30102
27657
27727
28147
30032
27727
27727
27727
27657
27168
28984
27587
26819
27588
33385
29613
29054
28077
30521
29822
27168
27657
35759
27448
26819
27168
30521
27588
30520
27238
30451
43093
28216
31988
29613
30102
28076
29543
32406
39460
29543
28636
28985
31359
27448
30032
39740
29613
27727
32965
34292
35340
27937
27587
28147
27448
27657
30800
27099
27448
29613
35759
33174
39181
28635
30032
33384
29124
29543
76826
28147
34851
28146
38203
66838
28565
29543
27378
29124
28915
31009
28146
28984
27657
28565
27517
27727
27168
64813
28006
34082
31080
31359
27098
28146
27099
27448
27448
27098
27238
27658
27867
27098
35619
27099
27588
27238
26959
27169
27239
27168
27657
27168
27169
27098
27937
27378
27238
27308
27168
28076
26959
26959
27099
27378
27588
27587
27657
27657
27587
27238
27657
27657
27168
27239
27099
27169
28216
27448
28565
26749
26959
27238
27099
26820
27239
27587
27168
27168
27099
27657
27657
27308
27378
27098
27378
27028
27029
27238
27238
27168
27239
27657
28565
29124
27727
27657
27658
28146
27029
27308
27098
28146
27727
27099
27168
27098
26889
27657
26889
27168
27587
27588
27239
27867
27727
27239
27099
27168
27658
27657
28216
27377
27168
27238
27588
27448
27099
27168
28844
27099
30102
33384
27099
27238
26680
30521
27518
27238
27168
29334
35270
36527
27099
27169
27168
27657
27238
27099
27448
27168
28147
27169
27517
27098
30521
26610
27099
26610
28146
35270
27238
27238
27238
28216
29543
26958
27657
27169
27727
27168
27727
27099
28146
27168
27169
27238
27029
29613
27657
27098
26260
28635
27657
27238
31428
27518
27308
27239
27378
27727
26959
27168
27099
27936
27238
27657
27028
27657
27937
27169
28147
27169
27168
27238
27168
27099
27378
28076
27657
27238
27098
27588
27098
26750
27308
27098
27657
27587
27168
27169
27588
27658
27099
27168
27378
27657
27238
27657
27657
27169
27098
27587
27169
27728
27378
27727
28984
27727
34712
27658
36178
27657
27378
27587
29124
29613
27168
27518
27168
27168
27658
27098
27727
27099
27728
27587
27727
27238
27238
27588
27028
27239
27658
27169
27517
27727
28076
27378
26749
27448
27658
27169
27657
27238
26819
27239
26749
27238
27099
27308
27587
36247
27657
28077
27447
27099
27378
27239
27239
27587
27238
26819
27238
27517
45746
27238
27867
27727
35270
28146
28216
28076
35759
27518
27588
27588
27099
27098
28216
27867
27168
64184
27587
27098
27168
27657
27728
27099
32337
44280
28635
27238
40997
27588
30451
27658
27029
27169
36736
27169
27727
27238
27238
28635
29613
27308
27238
26680
27238
28565
27099
28147
27308
30730
27587
27657
28147
27657
27239
27238
27238
27727
27588
27238
26959
27168
26959
27238
28006
26749
27517
27238
27169
27098
27168
27238
27378
27238
27308
27169
27728
27727
27169
27727
27657
27168
27867
27169
27168
27727
26750
27518
27238
32407
27029
27657
27028
28565
27168
27308
27168
27239
27308
27238
28146
27169
27727
26750
27657
27308
27658
28146
27658
27727
30032
27447
27168
27238
27169
27937
27168
27797
28146
27168
27169
27168
27588
27588
27657
27169
27099
26540
26749
27168
27169
26889
27238
27098
27587
27937
27238
27448
30311
27169
27168
27238
27588
26750
27168
27447
27169
27308
27099
27098
28146
32896
28146
27657
27238
27239
27587
27168
27448
27168
27238
27239
27098
27029
27238
27099
27168
27658
27169
35270
27238
27378
28076
27029
28076
27239
27447
35130
27658
27657
27657
27658
27588
27657
27658
28565
27169
28006
27378
27657
27378
27098
27657
27587
29473
27169
27238
27657
28077
46166
27168
27657
27448
27308
26680
27239
27448
27588
27028
27028
27308
27657
27169
27099
27238
27238
27238
26819
27098
27308
27587
28007
26749
29124
27588
27168
26959
27168
28216
27588
27658
27587
27447
27309
27169
27448
27448
27239
27657
27238
27238
27168
35899
27168
27239
27168
26749
27099
27308
27658
27238
27588
27169
28146
35060
27168
27099
28146
27588
27727
27169
27239
28076
27029
27378
27168
27098
27517
27658
27517
27239
27168
27727
27238
27239
27168
28216
27168
35689
27238
27238
27588
26609
27448
27238
35759
27657
27099
27727
27588
27448
27657
27727
27238
27168
27587
27238
27378
27657
27448
27239
27099
28426
27308
27238
27308
27168
27099
28146
27728
27238
27658
28146
27238
