7123
6634
7123
6634
5796
5867
31497
6635
6215
5587
11593
7683
6146
12780
8660
8101
6356
60970
9498
6704
6076
6216
6285
5726
5587
5797
6216
6146
6286
5657
5726
5797
5727
6286
5797
6146
5657
6216
5727
5797
6076
5727
5657
5727
6146
6216
6145
5867
6146
5727
5657
5797
5797
6146
6146
6146
6216
6215
5796
5726
6146
6076
5727
5797
5796
6215
5657
6146
6076
6146
6076
6146
5727
6286
5796
6076
5727
6565
6565
5727
6146
6215
22349
6634
6146
5657
6146
5657
6146
5726
5727
5587
5587
5797
6146
6146
6286
5796
6146
6146
5308
5797
6076
6146
5796
5657
5796
5726
7124
5797
6145
6146
6705
5656
6215
5657
5797
5727
6216
5866
6146
6285
5727
6216
5727
6076
6146
6216
5866
5797
6076
5657
5797
6146
5797
6146
6216
5657
15713
5797
5796
6216
6145
5727
6146
5727
6216
6216
6146
6076
6145
6146
5727
6146
6146
5657
5727
6146
5657
5726
6146
6216
5727
5796
5866
5587
5726
5796
6215
5797
5797
6215
6356
5727
6076
5797
6076
5796
6286
6146
60829
10406
6775
6216
51541
9638
7194
5727
19276
6146
5796
6216
5727
6146
6146
6146
6076
6215
6216
7124
5727
6076
6006
6635
6146
7124
5727
5727
6355
6146
6216
5797
6146
4749
5727
6216
6285
6285
13758
6216
5727
5726
5587
6286
6076
6076
6145
6076
6216
6216
6146
6216
5727
6774
5726
5726
4819
6076
5727
5657
5727
5797
5726
6216
6285
5727
5657
5797
6146
6635
6285
6216
6215
5727
5797
6286
5727
6634
5727
6216
6146
5588
6355
5796
6146
6146
6285
5727
5727
6285
6076
6146
5796
6215
6146
5657
6215
6565
6146
6146
13269
7193
5727
8032
6146
6006
6216
7054
6146
21930
9079
6775
6215
5727
6216
6215
5797
6076
6076
6146
5797
6216
6216
5587
5727
6216
6216
5796
5657
6215
6146
5727
6146
6146
5727
6006
6215
5727
5657
5797
6146
5657
6216
5866
5797
5657
6146
5727
5657
5657
5657
5796
5727
6146
6285
5797
5657
5587
5727
5727
6286
5657
6146
6704
5727
5587
5727
5657
6216
6146
6285
6146
6076
5797
5657
5866
5656
6076
6216
5727
6215
5727
5587
6146
5866
5727
5727
5727
5867
6565
12990
6635
7543
6286
6146
61528
9638
6635
7054
6774
6215
7682
7194
6634
6355
8660
6076
7682
6216
6215
5796
6704
6076
5726
5657
6285
5797
5657
6076
6146
6216
6146
5797
6146
6146
5797
6076
5657
5797
5797
13060
5657
5657
6216
6215
6076
5796
6146
5657
5797
5657
5726
5727
5726
5796
5657
6286
6146
6076
5657
4749
7054
6216
5727
5796
6076
5656
6286
6355
6076
5727
5797
5797
5587
6146
6215
6285
7193
5797
6215
5866
5797
6215
5797
5307
5727
6355
6145
6146
7263
6006
6146
5726
6215
5657
6216
6286
5796
5657
9917
8172
5727
7962
6704
5727
6146
6076
5796
55732
9079
7054
5588
5727
5726
6355
5657
6286
6145
6146
6146
6145
6215
5727
6076
5657
5727
5797
5727
5727
5797
6146
5797
6146
5727
5727
5867
5657
5796
5727
6146
6146
6215
5726
6216
5796
6076
5727
7612
5727
5797
6565
5796
5727
5797
5587
6216
5796
6146
5797
6076
6775
6146
5727
6145
5727
6076
5797
6215
6076
5727
5797
5867
5797
5797
6076
6145
5587
5797
5797
5657
6216
5727
5726
5797
5867
5657
5656
6286
5657
11803
8730
6286
6146
10406
7193
5727
106225
8940
6635
8241
6076
5727
6076
6076
5797
6146
6146
5656
5238
6285
6216
5657
6215
5727
7961
5727
5797
6286
6146
5797
6216
5797
6146
6216
6285
5657
5099
5587
5866
6286
5797
6704
6286
5587
5797
5727
6286
6216
5796
8171
6145
6285
6146
5867
5797
6216
5657
5796
6216
6145
5866
6076
6145
5726
6146
5587
5657
6146
6285
5727
6145
5657
6145
5727
6286
6216
6215
6635
6146
5727
6146
5727
5587
6076
6216
6146
5727
5727
5727
6216
5657
6146
6286
5796
5727
6774
6774
5796
6216
6285
5796
6215
7543
5727
6146
5657
6006
6146
6145
5169
6286
6076
6286
5726
6146
6146
5797
5726
5657
6076
5796
6635
6355
6146
6285
5796
5657
6216
6216
6076
7053
5727
5727
6705
5727
6215
5727
5796
6146
5727
6285
6145
5727
5657
8171
6286
5797
6146
6146
6216
6216
5797
6145
6146
5726
5727
5727
5797
5587
6286
5657
5797
5657
6146
5657
6146
6146
6285
5727
5657
5727
5657
6215
5796
5657
4749
6076
5797
6215
6076
5867
6216
5797
5587
5168
5727
5727
6076
5657
5797
5796
5866
5657
6076
5587
5796
5727
5657
5238
6216
6076
5727
5657
5797
29542
8940
6216
5797
5727
5727
6076
6076
6285
5727
6076
5657
5727
5657
5726
6146
5727
6565
5797
5797
4819
5796
6145
5727
6146
5727
5797
5587
6146
6076
5727
5796
6216
6285
6285
5797
5726
5727
5796
4679
5656
6146
6146
5797
5797
5657
6285
5797
5168
5797
5727
6146
6146
5797
5587
6146
5727
6076
5657
5727
6286
5588
6215
5657
6704
6216
5587
6285
6076
6076
6076
5796
6145
5867
5727
6146
6216
6215
5796
5797
6146
5797
6565
6564
6146
5727
5796
6216
8031
5308
10127
7053
4889
6704
7123
7193
6635
6355
8590
6634
6285
6705
7193
6146
6215
6635
8171
5587
7124
6635
5587
5797
5657
6146
5866
5796
5726
5726
5796
6145
5797
5726
6286
6216
6076
6286
5308
6146
5657
5587
5657
5657
6076
5727
5657
5727
6146
6286
6076
6145
5797
6076
6215
5727
6286
6076
5307
5797
6215
5727
6145
6285
5657
5796
6286
5797
6076
5657
6146
6076
6146
5867
6145
6145
5657
5727
5168
5796
5727
6146
5657
6215
5796
6215
5727
6286
5797
6146
5378
6285
5797
6285
14875
5796
5727
5657
5727
6006
5727
5796
6146
6146
6216
5797
6216
6286
6216
4819
6704
6216
6285
6215
6145
6216
7194
5726
5796
5727
6146
6355
6215
6076
6145
6146
6146
6565
6146
6076
6146
5657
6146
6076
5727
5797
5657
6495
6076
6215
5727
6146
6076
6286
5657
5657
6146
5238
