7546
7197
7546
8733
6707
6708
7266
7686
6218
8524
7546
7546
6777
6638
6638
7197
7196
6707
6707
7197
8245
8664
7126
6778
6778
6638
6288
6568
6638
7057
6987
7337
6637
7266
7756
7127
7965
7127
7057
7127
7616
7267
7057
7057
7057
6638
6777
6638
7197
7126
6638
7057
7266
6638
6149
7756
7057
6148
6638
7616
7127
7127
7126
5660
7127
6707
6707
6638
6708
7127
6638
7267
6707
6219
7267
7196
7126
7685
7127
7546
7616
7685
7616
8035
7546
7965
7686
7546
8175
7196
7267
6708
7546
7057
7197
7057
7127
7057
6987
6707
7197
6777
5800
7126
6707
6637
6778
5869
7057
6708
5660
11808
7755
7546
7546
7965
7197
7267
7616
8175
7756
9154
8454
7546
7756
7057
8035
7057
8035
7127
7057
7196
6638
7546
8105
7616
7616
7756
7686
7686
7686
7266
7755
8174
6777
8105
8105
7057
7126
8035
7685
9643
7686
74272
6778
9083
8105
8036
8035
7686
8036
8036
7546
7686
7546
7127
8035
7616
7616
8594
8524
7616
8594
7476
8175
8454
8036
7616
8105
9013
8175
8105
7546
6637
7267
7197
6288
7686
7267
7616
7616
7127
8105
7127
7616
7966
7197
7197
8105
8105
8105
8594
7686
7616
7616
6777
9572
7266
7476
7127
7057
7267
7686
7546
6778
7267
7546
7476
6988
6707
7546
7057
7126
6148
7686
7057
7616
7616
7197
7267
7127
7057
8594
7756
7686
7616
8035
7616
7756
7266
8035
6707
8104
7197
7686
7127
7197
7197
7616
6708
7197
6708
7616
6638
6708
6567
6568
6708
6708
8594
7267
7126
6638
7616
6987
7686
6637
6637
6638
6568
6638
7127
6637
6708
7056
6638
5729
7266
7197
7056
7127
5730
6358
7057
6358
6218
7127
6777
7127
7057
6777
6638
6707
6708
7197
7126
7056
7196
7057
7127
7057
6777
6707
7266
6987
6777
7057
7057
8035
7057
7197
7476
7546
7686
6777
7197
7127
7126
7266
6708
5869
6708
7965
6707
6778
6707
6638
7057
6777
6638
6708
7127
6707
6777
7965
6777
6638
6637
6638
6777
7546
7127
6288
6707
7057
6777
7546
6568
7127
7266
6219
7127
7057
6708
7057
6568
7616
7127
7755
7197
8175
7546
7686
7197
7615
9153
7057
7266
6289
6707
6637
5799
6638
7127
6568
6149
6638
6707
6637
5659
6219
6148
6358
6638
6777
6289
6777
5729
6568
6708
7127
6638
6778
6218
7057
6638
6638
7057
6637
5799
8664
7965
6778
7127
7266
5730
6708
7127
7126
6708
6637
6637
7126
7686
6638
6778
6778
6778
7057
8105
7127
7197
7546
7545
8595
6778
7057
6148
6708
6987
6707
6149
6638
6707
7127
6638
6708
6568
6637
6638
6148
5660
6707
6777
6777
6777
7546
6707
6568
6638
6778
6777
6777
6218
7057
6568
7197
6568
7756
9922
7056
6708
6777
6568
6288
6638
6987
5170
6288
6707
6638
6148
6778
6707
6358
6567
6638
6079
6218
6707
6498
6638
5240
6778
6638
6707
6707
6149
6638
8105
7127
6777
7126
6568
7615
7266
6777
6638
7127
7127
7266
6638
6777
7197
6708
7127
7127
8943
7127
8175
7197
7127
7545
8455
7615
6568
7686
8244
7685
6987
7616
7056
7127
7197
6638
6707
6777
5590
7197
6707
6359
7057
6708
6637
8594
7057
6708
6707
6707
6847
7546
6568
6778
7546
6638
6777
7127
7057
6708
6707
7755
6148
6707
6778
6708
8105
5380
6637
7056
6777
6358
6777
5869
6708
6148
10550
6638
7197
8105
7197
7126
7127
7476
6987
7197
7196
14323
7127
8105
7616
7685
7546
6218
7616
7825
7127
8035
8664
7685
7756
8175
7126
7057
7197
7197
6638
6148
6288
6707
7057
6149
7616
7057
5660
6708
6568
6637
6289
6219
6708
6568
5170
6219
6567
6638
5659
6707
6637
6777
6568
6568
6638
6288
6289
6637
6638
6568
6288
6288
6289
5659
6359
6149
7127
6777
6218
6568
6638
6708
6568
6288
6708
5241
6707
6778
6567
6568
6707
6498
6707
7615
5800
6778
7197
8035
9922
7756
7197
7127
8175
7616
7615
7476
8664
7126
7197
7546
7197
7546
7196
7197
6567
6708
6568
6149
7127
6777
6358
15651
6778
6149
7755
6568
6568
6148
6288
6708
6148
6637
6708
6288
6079
6148
7057
6708
6149
7056
6637
7057
7127
6707
5310
6778
6637
6638
5170
6708
6708
6708
6148
6289
6987
6289
6568
6149
6218
6637
6568
6708
6777
6777
6638
6708
6638
6638
6148
6638
6288
6638
6707
6638
6637
6707
7057
6708
6778
6637
6777
5729
6987
6637
6638
6289
6708
6148
6777
7196
7057
7965
7406
6777
9433
7476
6777
7546
7476
7476
8175
7546
6638
8245
7196
6638
7127
7127
7057
6637
7127
7127
6568
6777
7127
6987
6777
15720
6637
6568
6708
6707
7127
6707
6777
6708
6149
7127
5729
7196
6149
7057
7267
6638
6707
6568
6987
6078
7057
7196
6638
7476
6708
6568
6707
6708
6148
6778
5380
6637
6778
7127
7127
7127
6707
6707
6848
6708
6079
6707
6707
6708
6638
7197
7127
6567
6637
7057
7056
7127
7127
7197
7267
7266
6638
7266
5590
6708
7546
7966
5659
9642
7197
7197
6289
6847
7197
8035
6707
6707
6848
9084
7546
6777
7057
6778
6778
6707
6638
6778
7196
7057
6638
6568
6777
6638
7196
6778
6707
7196
7126
8245
6778
6219
7197
5241
6638
6568
6288
6288
6079
7267
6638
5659
7197
5729
83564
6288
6777
6568
6708
6638
6218
7057
6568
6777
6148
6708
6708
6708
7127
6638
6638
7057
5730
6637
6568
6707
6708
6148
5729
7127
6218
6218
6288
6289
8035
7127
7127
8594
8175
7546
7127
6708
6987
7197
7546
8104
7616
8035
7476
8105
8175
6987
8104
8944
6987
6638
7056
5730
6568
6708
5799
6708
7546
6707
6568
7057
6777
6148
6638
6707
6707
6847
5799
6638
6638
6638
6638
6567
6568
7755
5869
7267
9502
7057
6707
6708
6637
6708
6568
7126
6568
6777
6568
6777
7126
6778
7127
6637
6637
6708
6567
6288
6708
7127
6638
6218
6707
7616
7127
5729
6148
6219
6708
6288
7056
7197
6987
6707
6707
6848
7616
