12851
13270
13061
12991
12782
13201
12991
12991
12991
12781
12851
13480
13340
12781
12502
20813
13479
12921
13200
13270
12851
13270
13479
13968
12921
13270
12502
13340
13131
12851
12711
12991
13340
12851
13270
12781
13131
13480
12990
12711
13410
13340
13409
12852
13759
12711
13270
13759
13201
12851
13340
12990
12921
12921
20464
12781
13340
13480
13480
14318
13410
13479
12642
13131
12991
12991
12851
12851
13270
13270
12921
12851
13200
13200
12991
12990
13480
13270
13409
13271
13829
13480
13480
12851
13619
13479
13759
12991
14737
13270
12921
12991
12851
13270
13200
13131
13270
12851
12921
12781
12782
13270
13270
12851
23397
13060
12782
12781
13689
12782
12711
13480
12921
12991
12851
13270
13270
12921
12991
12781
13270
13200
12921
13200
12921
12921
12851
14877
12921
13480
12851
13270
12782
12921
12991
13200
12781
13480
13479
13689
13340
12851
13200
12712
13270
12222
13060
13340
13270
13270
12921
13200
13200
13130
12921
12990
12711
12502
12502
12502
12781
21511
13480
13480
12712
12782
12502
12781
12921
12781
12782
13899
12851
13270
13480
12083
14877
12990
12851
13271
13480
12920
13410
12990
12921
12782
12781
13270
13130
13410
12851
12990
12781
12990
13479
13620
12782
13060
13200
25283
12712
12921
13130
13201
36248
12781
13270
12990
12921
13340
13340
13270
12711
13270
12920
13270
12991
12921
12851
12991
12991
14387
13479
19137
12781
12921
12921
13968
12990
12921
12921
13270
13200
12921
13200
12502
13410
13270
13200
13061
12851
12851
13480
12920
13060
12781
12991
12782
13270
13620
12921
12921
13410
13270
12851
12851
14736
12921
13340
13480
12991
12991
13270
13270
12990
12082
12990
12781
13200
12851
12782
13480
12641
13340
13410
12711
12990
13759
13340
12921
12781
13200
13480
12991
12991
13480
13340
13270
12781
12851
12921
12921
13200
12990
12921
13410
12851
12852
12921
13270
13410
13270
13270
12781
13270
12991
13270
12921
13271
12781
12781
13130
12921
12781
12781
13200
13200
12572
12990
13270
12782
12991
12921
21093
13200
13200
12711
13410
12851
13061
12921
12921
12991
13270
13340
13270
12852
12851
20603
13410
12781
13340
12851
12851
13340
13270
13270
12921
12851
12292
12641
13130
12851
13130
13130
12851
12851
12781
12502
12990
12921
12921
12851
12991
12921
12851
13480
12851
13480
13340
13340
12990
13131
13340
12921
12921
13130
12782
13200
12432
13340
13270
12921
12921
13270
12921
13270
12991
12851
12781
13130
12781
12921
13061
13270
13409
13339
13480
13410
13480
13131
12712
12921
13270
13410
12712
12991
13340
13340
12432
12362
13270
12852
12851
12921
13340
13200
32407
12851
14178
12921
12781
13479
12642
13201
13130
12991
13759
12990
12781
13201
12991
12991
12920
12782
12991
12991
12851
14876
13479
12781
12921
12851
13270
13201
12921
12990
14317
12781
12781
12851
12921
12851
13270
13340
12991
12851
12711
12991
12991
12921
12572
26470
12851
13409
12921
13200
12711
12851
12642
12711
12572
12921
12990
12921
12991
13270
12991
12782
13340
13759
12921
13200
12782
13270
12781
13200
12781
12921
12991
13340
12851
12921
13130
13689
13271
12851
12991
12502
21512
13480
12571
13270
12292
12781
12642
12641
12781
13271
12991
20953
13340
12991
12781
12711
13201
12991
12851
13410
12781
13271
13131
12572
13340
12782
13410
12991
12991
13270
13200
13060
13130
12851
12990
13131
12921
12921
13270
12921
12991
12991
13060
12781
13131
12851
13410
13270
13200
12782
12781
12921
12852
13340
12990
12921
12851
12782
12921
12921
13619
13200
12991
13480
12991
12711
13270
13340
12990
12921
12782
13689
13201
12711
13340
12990
12921
12293
13200
13340
12781
13270
12921
13270
12712
13130
13061
13200
12851
12851
13271
12851
12642
12781
12921
12781
12851
12781
13270
13270
12782
12921
13410
12781
12781
13270
13201
12921
13480
12641
12991
13480
13270
13270
12642
12432
12781
12851
12991
12851
12781
12782
13409
12851
13200
13340
13201
13270
12781
12851
13270
12013
13270
12921
12501
13480
13270
12851
13201
13270
13759
13130
12781
12851
13689
13201
12851
13270
12921
12851
13270
13270
12851
12921
12851
13340
12851
12991
13200
12781
13759
12991
12711
12851
12921
13130
12991
13270
12781
12711
13130
13270
12851
12642
12990
12851
12782
12991
13131
12990
12921
14877
12851
12851
12851
12851
13130
13340
13480
13130
13340
12711
12921
13480
13130
13270
12991
13479
12991
12851
13480
12781
13340
12920
12851
12921
12851
12991
13340
12781
12781
12851
12781
12921
13410
12781
13340
12641
12781
12781
12362
12851
12991
12781
12991
13130
13131
12921
12781
12991
12990
12990
12782
12921
13201
13689
18997
12991
12712
13201
12852
12711
12991
12851
13200
13270
13060
12781
12781
13340
13410
12921
11873
12991
12711
13480
12921
12991
13201
12921
13271
13340
12781
12921
13201
12502
13131
12781
13340
12851
13271
12921
13270
12781
12852
13130
13270
13270
13200
12711
12781
12781
13061
12711
12991
12781
12990
13061
13130
13130
13270
12781
20464
12991
12432
12781
14317
12991
13270
13270
13340
12991
13131
13130
13060
12781
21163
12921
12851
12781
13340
12921
12991
13061
13060
13271
12990
13759
13270
12991
12711
12921
12781
33594
13130
12991
12851
12851
12781
12921
12851
12781
12781
12362
12991
12851
12851
13270
13270
34223
12781
13131
12991
12920
12642
13410
12991
13340
12711
12851
13270
12921
12223
13340
13270
12711
13270
12991
12991
12571
12991
13409
13060
13270
13271
13131
13340
13479
12920
13340
13410
12711
12921
13270
13270
12991
12990
13480
12921
13270
12432
13480
13340
12990
12781
12991
12781
12711
12851
12991
13340
12781
12712
12921
12851
12851
13130
13340
12851
14667
13130
12781
12991
13969
13200
13340
12851
13131
12432
12502
12851
12851
13200
12991
12921
13689
12851
12991
12781
12781
12991
12711
13340
13130
12851
12851
12851
13270
12502
13899
12781
12711
13130
12571
13200
12642
12921
12012
13340
12921
13340
12851
13410
13270
13270
12711
12711
12641
35061
12991
12851
13200
13270
12851
14387
13270
13410
12921
12991
12920
13340
13410
12991
11873
13200
13270
13410
12781
13759
13131
13270
12781
13270
13131
22560
12851
13130
12991
12990
14387
13200
13410
13410
12781
12782
13130
13340
12990
12711
12991
13270
13270
12921
13340
13480
12991
13200
12851
12782
12572
12991
