22907
20254
20254
20394
24235
19625
30032
20533
21930
24305
27867
21371
24165
21790
22768
19695
20603
22419
24374
20533
20603
24304
20673
20324
23955
19974
25702
23397
21791
20463
22000
20464
20673
23257
20184
24165
23676
20463
20603
24235
25980
22838
25213
25422
21441
22628
23397
27657
21022
35340
21022
19625
19975
23396
22769
20533
19975
20114
19905
23257
22489
22698
20045
20673
19905
19834
19975
20463
19905
21092
19835
20463
19975
19974
20464
20114
20533
20184
20394
20114
20044
20184
19975
20114
20464
20464
20044
20045
19904
20393
20114
20114
20044
20114
21092
20115
20044
20324
20114
22140
20253
19975
28565
20533
20393
25841
21441
19905
20114
20115
20394
21441
25212
20603
20114
20534
20114
22279
20463
20393
20534
20044
23327
19765
20464
20044
19905
19975
42813
20114
19555
20254
19905
20045
20184
19974
20114
19905
20254
20394
19904
20114
20044
20254
19904
22000
20323
20533
20533
20603
20394
20184
20044
20464
25352
22419
20254
22070
20114
20463
19974
19416
19905
24514
27867
20044
20114
20184
20393
22838
21930
19905
23606
20394
20463
20673
20742
20115
19835
21231
19835
20184
20184
29752
23396
20044
22768
28564
19975
20044
20324
29613
27168
30031
20533
23466
20533
20184
29752
23257
27238
24654
24305
27168
21162
25771
22000
22279
25771
19974
20114
21860
20184
21790
19974
20044
20533
20394
22349
20533
20184
20324
21441
20603
20115
24305
22559
20114
20044
20883
20603
20253
20673
20044
20044
20044
19975
19975
19625
41415
20044
20045
20533
20115
20323
20952
19975
19835
21161
20114
28564
19904
28216
19905
20394
20463
20044
20184
19905
20045
20603
20463
20603
20463
20045
19835
19625
20603
20184
20464
22349
20045
19904
19974
20114
20882
20673
20254
20883
19904
20463
20533
20114
20045
20463
20184
20463
20184
19765
21791
19626
20114
25143
19905
20812
20393
26679
19975
20044
19905
24723
21442
26260
20044
19974
20393
19974
20464
20044
21022
20394
20603
20114
19555
20603
20463
20953
20533
20393
20533
20463
20115
20115
20044
19974
20254
20393
19904
20533
20533
21930
19834
19904
20114
20114
19625
19835
21371
28565
24723
25562
23955
19905
22000
20533
20044
20114
20394
21092
20603
20673
20324
19835
27307
20463
22000
22279
29053
22069
20114
20952
19625
20743
22489
25701
22908
23816
21511
22488
23746
24445
24793
59085
23606
21022
22908
36247
20533
19835
20883
60133
20953
20114
22349
22279
23886
20184
20394
19765
20533
20603
20184
19975
19765
31428
31009
26469
29263
20114
26190
23816
20463
20394
27238
22768
20114
51124
19975
23885
20044
20114
23257
23536
23676
23396
20603
21022
28146
20393
24723
21511
20045
20044
21441
20254
22908
25143
20045
20393
23396
22489
25212
20394
25981
23815
21511
20394
20533
20114
21302
23886
21441
21930
20952
20324
20114
21790
21441
20114
19905
20184
20882
26190
23187
26610
22349
22559
21441
20882
29124
20673
21162
45955
20673
29543
23327
19625
19626
20114
19974
24095
20882
20603
23885
20394
20603
21301
20393
20114
19975
20044
28076
19695
23956
20463
20393
22768
30940
23816
19974
74380
21371
20882
31009
22629
23955
20883
25702
22279
20114
23467
21371
20882
21092
21022
22768
20463
27099
20114
20603
19974
19905
20324
20603
19974
21999
20533
20044
20184
20883
23327
20953
25491
25701
23188
22000
21092
22838
20324
22838
20463
20114
22419
21860
19626
21441
21092
21022
21022
22000
19974
22977
22698
24235
21092
19904
19905
27168
20463
22000
26959
21511
20952
24305
20603
52939
20254
19905
21231
23397
19905
22559
20253
21022
21441
70958
20533
32406
21301
48749
20813
21301
21651
36596
22838
21442
21441
20533
24794
21790
22908
20393
20044
20254
20254
21791
22279
24304
22349
24863
24305
21790
39739
20673
20952
20952
22908
21371
19905
22349
21371
20114
21511
40507
25911
23467
28146
25771
24095
20394
23466
28844
20045
25282
24025
21860
24514
25143
22419
19905
20533
19904
19904
18996
33802
22279
21860
20463
20464
19555
21022
19975
21930
22977
19556
21511
24793
19975
21371
22838
22348
32197
21232
29473
25212
19974
21441
25702
21790
21022
20393
21022
32406
26748
22978
28215
22907
21232
23466
22000
26469
20324
21580
20114
20114
20463
20044
20114
20393
20463
19975
20812
21161
20464
21581
20323
20323
20463
21999
20393
20603
20044
20323
20603
20114
20114
20253
22977
19975
20044
20254
20533
23815
19974
20114
22000
20114
20044
20673
20393
20114
20533
20603
22348
19905
20393
20114
19974
20952
20114
20254
20393
20533
19975
20533
22768
20114
19905
19974
20184
19904
20184
20044
23397
20464
19555
19974
20254
20114
20254
20253
20394
19904
20114
20324
19905
20394
20323
19904
20464
20533
21022
20463
19974
20393
20044
19905
19974
19975
20114
19904
19974
20114
20533
20533
20533
20464
20533
20533
20114
19974
20114
20114
20114
19556
19625
20044
20114
19975
19904
19974
19974
19974
20044
20323
19974
20533
20254
19904
20393
19904
20393
20463
19974
20114
20394
20324
19904
19975
20603
19974
20464
19975
20533
20394
19835
19974
20114
19974
20114
20813
20393
20044
19904
20463
22279
20463
20672
20952
20812
28844
42044
19974
24444
28914
22000
21022
20463
21092
21441
24374
24375
24444
20114
27657
20045
19905
20114
21022
20882
20323
19765
19974
20533
19695
19974
20603
19834
20114
44419
20184
20045
21999
20393
20602
20393
20394
19905
19974
20253
20393
20044
20044
20882
19905
20044
20393
23397
21371
21022
22418
19625
20114
21441
20394
20533
20324
20463
25003
19974
19905
24863
20044
20114
20464
20394
20813
20044
22279
28145
20393
23396
21650
20393
22000
21022
23396
27727
24374
20603
20533
23746
22768
39530
22070
20114
34501
22768
22000
20184
19974
21999
19974
20115
23396
20114
22698
20603
20393
21371
21860
20253
25841
20463
20044
23815
23257
23396
20882
22000
20393
21092
28845
39040
23746
20114
20184
23885
24863
24794
22489
28564
24863
23396
25282
28146
20602
32406
22419
22349
20533
19974
20183
19904
20184
20184
19974
20394
19975
20394
21860
20533
20044
21161
20393
20045
20952
19975
20533
20393
20114
20463
20044
19835
20882
20743
20114
20044
20184
19905
20533
19975
19625
20114
19625
20464
19695
22000
20673
20394
20114
20045
20184
20114
20044
20044
22628
20464
22139
21441
20393
20184
20533
20393
20882
22698
21860
20533
24304
20114
