11384
11943
11593
11593
11594
11872
11454
11383
12222
11384
11803
11873
11872
11733
11454
11803
11453
11523
11454
11593
11523
11314
10476
11873
11245
11733
11314
11523
11384
11733
11314
11384
11384
11803
11454
11384
11733
11384
11384
11453
11803
11523
11174
11105
11594
11105
10965
11523
11593
11384
11104
11384
12501
11593
11872
11454
11454
12082
11314
11384
11453
11523
11383
11733
11594
11524
11803
11453
12013
11942
11733
11802
11524
12082
11523
11803
11593
11384
11314
11594
12012
11454
21092
11454
13340
11873
11663
11593
11523
10895
10895
11873
17530
11384
11873
11803
11453
11035
11454
11314
11873
12013
11942
11803
11733
12013
11873
11873
11454
11384
11873
16622
11314
11872
11802
11873
11314
11872
19136
11733
13060
11034
11594
11035
11803
11524
11384
11383
11803
11523
11453
11314
12152
11453
11244
12082
11524
11594
11803
11873
11803
11593
11594
11454
11523
11384
11873
11453
11524
11524
11873
11383
12850
11035
12012
11873
11453
11383
11384
11384
11105
11803
11803
11314
11454
11873
11524
11873
12012
11593
12012
11524
11524
11523
10895
11524
11733
11454
11454
11384
11594
11384
11942
11593
11245
11245
11593
11314
11733
11733
11454
11593
11454
11104
11524
22139
11244
11873
11384
11593
11734
11523
11453
11524
11943
11453
11105
11314
11034
11593
11942
11034
11524
11873
11035
11524
11384
11803
11453
11105
11454
11523
11454
11314
11384
11663
11453
11733
12012
11523
11244
11314
11454
11174
11454
11663
11384
11593
11942
11104
11524
11524
11314
11594
12012
11594
11384
11454
11384
11454
11384
11384
11524
11803
11524
11384
11523
11314
11524
11244
11453
12012
11035
11593
11314
11523
11384
11872
11384
11314
11174
11245
12013
11523
11734
11105
11803
11454
11314
11803
11314
11873
11453
11314
11035
11314
11803
11314
11873
12431
11384
11383
11384
11873
11593
11942
11524
11523
11872
12013
11803
11314
11454
11383
11454
11873
11453
11105
11593
11454
11803
12082
11314
11384
10894
12012
11035
11453
11454
11384
11524
11384
11523
11523
11594
11454
11524
11943
11942
11453
11593
11314
11733
11105
11105
11384
11453
11384
11105
11593
11593
11384
11454
11523
11454
11454
11314
11733
11454
11524
11453
11524
11594
11803
11733
11454
12711
11384
11384
11454
11523
11314
11523
11244
12012
11524
11384
11524
11315
12850
11454
11314
12082
11453
12013
11803
11872
11872
11523
11384
11384
11105
11384
11035
11384
11524
11384
11314
11384
11034
11593
11594
11104
11244
11035
12083
11873
11454
11384
11314
11383
11524
11733
11314
11523
11314
11453
11314
11593
11314
11523
11733
11803
11384
11803
11803
11803
11454
11803
11593
11594
18507
11383
11523
12012
11594
11384
11314
11454
11524
11524
11384
11873
11873
11523
11873
11384
11593
11453
11454
11453
11105
11454
11314
11453
11594
11454
11803
11034
11314
11384
11384
11733
11524
11454
10965
11314
11733
11454
11942
11314
11523
11244
11384
11803
11454
11594
11803
11384
11594
11244
12013
11593
11383
11454
11314
11454
11873
11384
11454
11384
11523
11873
11314
11594
11314
11454
11035
11453
11593
11524
11454
11454
11453
11524
11034
11314
11384
11593
11454
11454
11524
11384
11523
11733
11384
11244
11593
11593
11593
11873
11383
11384
11873
11593
11384
11523
11314
11314
11384
11384
11314
11803
11384
11873
11454
11593
11524
11453
11942
11524
11454
11384
11733
11454
11523
11943
11035
11733
11453
11524
12012
11384
11523
11733
11873
11594
11873
11314
10965
11803
11593
11523
11314
11384
11384
11384
11314
11873
11454
11454
11454
10895
11384
12083
11942
11105
12851
11453
11453
11035
11454
11384
11803
11454
11803
11734
11873
11104
12711
11803
11803
11384
11104
11803
11524
11105
11524
11314
11384
11593
11873
11873
11733
11383
11803
11524
11384
11314
12012
11803
11454
11314
11314
11593
12013
11594
12013
11733
11314
11873
11873
11523
11314
11524
11523
11384
12012
12083
11314
11384
11384
11384
11524
11524
11244
11524
11314
12431
11383
11454
11663
11523
11314
11384
11523
11453
11733
11593
11454
11873
11523
11803
11733
11523
11872
12222
11733
11523
11733
11733
11454
10965
11384
11104
11593
11873
11593
11454
11593
11873
11244
11524
11454
11943
11523
11314
11314
11453
11314
11943
11594
11454
11384
11454
11734
11593
11523
11524
19416
11384
11454
11803
11454
11594
11314
11035
11523
11524
11524
10964
11384
11105
11244
11454
11384
11383
11873
11034
11872
11873
27378
11872
11593
11803
11523
12012
11453
20044
11593
11803
11803
11384
11384
11733
11383
11523
11454
12082
11453
11314
12431
11383
11384
11454
11453
11523
11454
11383
11384
11035
11454
11454
11524
11873
11384
11593
11315
11803
11523
11524
11314
11593
11314
11943
11384
11593
11594
11314
11314
11803
11454
11314
11454
11244
11733
11943
11104
11454
11453
11593
10894
11943
11384
11453
11314
11523
11454
11314
11593
11314
11942
11384
11593
11454
11384
11384
11593
11384
11383
11314
11524
11383
11454
11384
11384
11314
11803
11384
12013
11314
11523
11943
11384
11524
11873
11384
11454
11802
11384
11454
11593
11453
11314
11803
11802
11384
11453
11244
11454
11733
11593
11104
11593
11943
11594
11384
11523
11453
11803
11523
11524
11524
11733
11803
11524
11314
11523
11523
11593
11384
11384
11384
11523
11244
11384
11524
11314
11314
12361
11244
11873
11314
10965
11872
11314
11942
11873
11454
10965
11174
11384
11802
11943
11314
11523
11594
11524
11384
11524
11593
11314
11035
11873
11523
11523
11803
11943
11523
11454
11384
11454
11802
11384
11803
11523
11593
11384
11593
12083
11524
11594
11453
11523
11524
11314
11594
11733
11523
11593
11943
11873
11663
11384
11384
11453
11873
11314
11454
11803
11594
11454
11523
11034
11453
11803
11384
11524
11593
11453
11803
11523
11454
11454
18996
11454
11803
11873
11384
11453
11872
11593
11523
11244
11384
11872
11105
11803
11733
11384
11943
11314
12012
11453
12013
11872
11314
11384
11524
11803
11872
11524
11454
11593
11523
11314
11383
11872
11453
11454
11384
11384
11733
11803
11454
11524
11523
12012
11872
11803
11873
11803
11454
11593
12990
11523
11803
11105
11594
11384
11523
11733
11105
11454
11454
11594
11523
11524
11384
11454
11314
11733
11593
11593
11873
11175
11802
12012
11733
11384
11454
11384
11453
11384
11523
11872
11454
11733
11523
11523
