25771
22978
23746
24304
25143
26190
23816
24723
24165
25492
23746
26260
24584
23816
23885
23466
24305
22838
22977
23257
22768
23536
22768
23257
22838
23327
22838
23047
23746
30101
23467
22907
23397
23536
23746
23396
22349
22978
23396
23257
23397
26399
23397
24794
23257
22907
23815
22698
22768
23397
23466
23397
23327
23885
23816
29543
22977
23327
23397
23397
22698
22628
23396
22838
23466
23327
23886
24304
22837
22908
22838
23467
23047
22908
22629
23257
22908
23327
22768
22837
22559
22908
22558
23746
23257
22908
23396
22838
23397
24724
23746
24584
23187
24724
23466
22768
23187
23327
23257
22628
23047
22908
23467
23885
23396
22978
24794
23048
22978
28984
24793
31987
27238
23257
24235
23048
22489
25213
22908
23257
22978
22559
29822
23886
22908
23327
23886
22629
22908
23327
22977
23537
23396
23397
23816
23326
23955
22419
24374
22978
23257
23396
24305
22279
22907
23746
22838
22908
23327
23816
26190
23256
23397
23467
22977
23466
23885
24794
23117
23257
22837
22978
23886
31987
22907
23117
22978
22698
56780
23327
23746
22977
22698
22838
22419
23467
22978
23467
23396
22629
26540
23746
24025
23466
22838
23047
22768
22908
23815
23327
23327
23885
23257
23257
23326
23327
22419
22978
22000
22628
22768
23885
22488
22838
22908
22838
23537
24374
23676
31987
23048
22838
23816
23467
22907
23327
23466
22838
22908
23257
23187
23257
22488
22977
22629
22768
23327
23467
23257
23188
22489
22978
22768
23257
22907
23816
22908
22977
23607
23676
23397
23396
23746
23467
23885
23397
23397
23187
23397
23397
22768
23327
23326
22838
22907
22907
23326
23396
22837
23746
23606
25143
23397
23257
23327
22768
23396
24234
22349
24235
22978
22837
22908
24793
30031
31917
23397
23117
23606
23886
22838
23187
23396
23746
22419
23047
23047
22978
23466
23327
22768
24305
23397
23047
23117
22908
22768
32337
24654
23047
23257
23396
22838
22908
25142
26679
22838
23955
22838
23117
22838
22768
31498
25352
22978
22838
23886
22907
23397
22977
23397
22768
22768
23257
25772
23047
23396
22768
23257
22977
22977
23467
23117
22768
22419
22768
23047
23327
23746
22978
23396
23188
22978
22837
24723
23816
23467
23536
23327
23397
23257
23467
23396
22838
23745
23257
22489
23257
23048
22978
22908
23187
22838
23467
22419
24375
22838
24793
23257
23396
24304
23397
22698
22977
23397
23816
23466
22768
23117
23746
22209
23397
23537
23466
23327
23257
23047
28146
23397
22768
23187
23327
23746
23816
23466
32895
22838
33384
22977
22908
22978
23815
24235
25212
23257
22768
22349
23396
22489
22978
22908
22908
22907
23117
23117
22908
23396
24235
23396
65859
26749
23955
25422
23327
23467
24234
23257
23257
23257
22908
23745
23466
23676
23537
22977
23536
23676
83808
25282
22768
22908
22838
23397
23326
22768
23187
22908
24654
23048
22908
25282
23257
22489
22978
22838
25492
23676
23257
23327
22978
23397
23886
23327
27727
22908
26120
25841
28565
25073
28565
28146
32895
28634
28635
29053
25283
25352
24863
26190
26191
32964
30870
31428
31010
22768
22977
30591
24304
23885
23397
23955
22837
26190
23466
23326
23676
23955
22838
27168
22768
32895
27168
27098
24653
24653
27168
24723
24304
64393
23676
25492
23466
24724
23257
24724
23117
26749
28076
34082
24723
27657
25282
22838
23048
23815
23257
22698
24234
22489
32895
32406
27726
25841
22978
27168
26190
28565
27168
24305
27168
27866
24654
24165
23886
22768
22908
23257
24445
24026
22768
24305
22418
25422
24794
24793
23886
23816
24864
40228
25702
23327
23816
43091
24374
24375
23466
23397
23886
30032
25213
29473
27238
23047
24235
24793
23885
24235
23816
22838
23955
24305
23257
23187
24235
24444
22768
22908
30590
24165
22838
25282
23816
25282
23326
23885
28565
22977
22838
26261
24374
23257
24375
24444
23048
22838
23466
25283
27238
26679
26470
55104
32686
27447
24305
26260
23187
23466
33873
30590
24165
23397
22908
23816
29543
31009
31498
24933
25841
25771
24724
32895
38552
31778
29053
24375
27098
24374
23257
25352
25282
25422
24724
25352
25771
26680
23327
23327
23816
23118
23746
23746
23396
22349
33244
30590
33384
33105
27587
23397
46164
29961
28635
25422
23466
23676
22978
23466
23327
22977
23257
31917
31009
22838
27238
22838
23327
23676
25282
26749
23117
23327
23396
27727
27237
23885
24584
25352
28984
29613
28565
24794
23467
25352
23397
23885
23117
23257
24375
23746
25911
26191
27168
30800
30521
25701
28565
29123
30031
28634
24514
25352
24444
28635
24444
30032
28705
30940
27098
26749
27098
28076
70539
23396
24235
27657
27657
23816
27657
28076
27587
25841
26120
24584
29543
26051
24793
23956
24514
24724
24235
30591
28635
29543
28216
23327
29822
27727
26190
47632
34781
26191
24025
24235
24724
25701
28216
25282
27168
24863
23676
27866
23606
40088
23327
22977
22977
22837
23397
26679
27587
23815
28635
27238
25282
25143
23327
25561
40717
24444
24863
24165
24164
26260
30520
32406
23885
24234
23885
25841
25980
22838
31428
26190
23606
23397
24863
23048
24654
29054
34850
34780
22699
26888
30102
30521
23885
23885
24794
30381
25562
24654
25841
29054
23885
23885
23397
27727
22908
22908
24304
36248
28076
34291
24724
23885
25841
28565
22978
23397
23885
22838
27098
24235
28146
34851
31848
22977
26749
27237
25352
25352
29543
30031
24235
29613
32406
32965
29124
44418
28146
28146
27726
23397
24374
23397
23048
28076
23396
23397
28634
24164
22977
23886
23257
23397
24584
30939
33384
31428
23327
22489
24793
35269
29124
23955
27098
25841
26191
25073
25771
29124
30939
29053
28705
29472
36736
30521
28565
29543
24863
24234
24374
22559
26749
25352
23886
33872
24374
27168
22768
23885
23396
28635
23257
27587
27168
25283
24305
25701
23815
31219
33873
23327
25841
28565
24305
36387
23396
24584
23467
25422
23467
23746
24374
26190
23467
22838
23466
22978
23187
24304
24724
23676
24165
24653
21860
23536
24793
23257
23327
22768
23816
23326
23397
23537
22418
21930
24165
25282
24444
23187
22837
22977
24374
24305
23257
23467
25212
24374
22907
23397
24863
23955
24165
22977
22978
24863
24234
22768
22838
24375
22977
26120
25213
23257
23816
24374
38692
26469
23397
25702
25631
25283
24165
36387
23885
24374
22908
22908
30590
29542
35898
22978
22977
26121
23746
26749
22838
22977
22977
