1886
1397
1397
1397
1466
1467
1467
978
1467
1397
1467
1467
1467
1886
1886
1467
1466
1396
1466
1467
1397
1397
1397
1397
1467
1467
1397
1397
1956
1466
1467
1396
1467
1397
1327
1885
1467
1466
1397
1466
978
1467
1886
1397
1396
1956
1956
1467
1886
1397
1397
1397
1397
1467
1397
1397
2375
2444
1397
1397
1397
1397
977
1885
1397
1466
1467
1397
1955
1396
1467
977
1467
978
1885
1466
1397
1397
1467
1466
1397
1886
1886
1886
1885
1397
1397
1397
1886
1467
1955
1955
978
1397
1467
1396
1885
1467
55803
1466
1397
1467
2375
1956
1886
1396
1955
1886
1885
1397
1397
1467
1467
1396
1466
2374
1467
1467
1396
1397
1467
1467
1467
1467
1885
1885
1955
1397
1467
1466
1466
1886
1397
1956
1885
1397
1397
1467
1396
1397
2375
1886
1397
908
1396
1467
1396
1885
1466
1885
1956
1466
1397
1397
1467
1886
1397
1886
1397
1885
1397
1397
1466
1396
1467
1467
1397
1467
1886
1467
1397
1885
1466
2374
1955
1885
1886
1466
1885
1955
1885
1886
1467
1467
1467
1397
1467
1885
1816
1397
1397
1397
1467
1397
1397
1397
10406
1886
1397
2374
1816
1816
1466
978
1955
1885
1396
1397
1397
1396
1886
1955
1397
1397
1466
2445
1397
1397
1466
1955
1466
1467
1466
1467
1466
1467
1885
1467
1466
1397
1467
1397
1466
1467
1467
1467
1397
1816
1955
1397
1397
1466
1396
1396
1397
1955
1467
2375
1396
1466
908
1467
1467
908
1886
1466
908
1886
1397
1397
1397
1467
1467
1396
1466
1956
1397
1467
1955
1397
1397
1467
978
1397
1467
1885
2375
1467
1396
1467
1397
1467
1466
1467
1397
1467
978
1397
1396
1466
1397
1466
1467
1816
1396
1397
1467
1397
1466
2374
1397
1397
1466
1397
1466
1466
1886
10546
1397
1466
1397
1955
1467
1466
1397
1467
1886
1885
1467
11105
1466
1956
1397
1467
1885
1467
1467
1396
1816
1396
1467
1885
1886
1466
1466
1886
1397
1396
2375
1886
1397
1397
1396
1397
1397
1396
1955
1467
1397
1397
1467
1397
9638
1397
1466
1467
978
1467
1397
1467
1886
1397
1467
1397
1466
1467
1397
978
1397
1397
1397
1396
1396
1397
1467
1467
1467
978
1466
1955
1397
1466
1886
1396
1467
1396
1467
1397
1467
1397
1467
1397
1467
1466
1466
1397
1397
978
1466
1397
1956
1397
1467
1956
1886
1886
1466
1396
1397
1397
1466
1466
1397
1467
1396
1885
1397
1467
1886
1466
1466
977
1397
1397
978
1885
1397
1467
1397
1956
1397
978
1397
1467
1466
1467
1397
1466
1467
1466
1397
1397
1885
1397
1885
1466
1466
1467
1397
1397
1466
1886
1955
1886
1956
1397
1467
1397
1467
1467
1397
1397
1397
1397
1886
1467
1467
1467
1396
1467
1467
1467
1466
1396
1397
1397
1467
1955
1467
1467
1467
2375
1467
1397
1886
1396
2444
1955
1396
1885
1396
1467
2375
1467
1397
1397
1397
1467
1397
1885
1396
1886
1467
1397
1955
1396
1467
1396
1467
1466
1467
1397
1466
1396
1467
1467
1466
1397
978
1396
1397
1397
1397
1397
1956
1467
1466
1397
1467
1397
1466
1815
1466
1466
1397
1467
1397
1397
1397
978
1467
1467
2305
1396
1467
1396
1885
977
1467
1397
1397
1886
1397
1397
1467
1397
1466
1886
1815
1466
1397
1467
1956
1467
1397
1397
1467
1466
1886
1886
1466
1467
1396
1466
1467
2375
1397
1467
1467
1467
1397
1467
1466
1397
1467
1885
1397
1466
1397
1397
1397
1467
1467
1886
1886
1886
978
1396
1816
977
1466
1466
908
1956
1467
1885
1397
1397
1467
1396
1886
2375
1397
1397
978
1886
1397
978
1886
1815
1466
1467
1397
1397
1885
1397
18438
1397
1956
1397
1467
1397
1397
1467
1397
1467
1467
1885
1467
1466
1397
1467
1885
1467
1956
1397
1397
1397
2305
1467
1466
1396
977
1397
1396
1466
978
1467
1816
1886
1886
1396
1466
1397
1397
1397
1467
1466
1467
1397
1466
1397
1886
1467
1466
1886
1886
1397
1467
1467
1467
1466
1397
1397
1466
1467
1885
1467
1886
1467
1397
1955
1467
1467
1886
1396
1397
1467
1467
1956
1886
1467
1467
1466
11524
1467
1467
1466
1467
1397
1467
1397
2444
1886
1397
1397
1466
1467
1397
1467
1397
1466
1397
1397
1467
1466
1885
1396
1397
1397
1397
1396
1397
1466
1397
1467
1396
1885
1466
1467
1467
1466
1955
1397
1397
1815
1467
1467
1397
1885
2863
1467
1397
1466
1466
1467
1956
1886
1397
1397
1886
2305
1467
1397
2305
1467
1467
1467
907
1397
1397
1397
1466
1397
1397
978
1956
1885
1397
1467
1397
1467
1397
1397
1397
1397
1396
1956
1886
1467
1885
1467
1466
1467
1467
1466
978
2375
1467
1467
1466
1397
2374
1466
1467
1397
1397
1397
1467
1396
1397
1397
1397
2305
1467
1467
1467
1467
1397
1397
1397
1397
1397
2305
1885
1816
1397
1397
978
1397
1466
1955
1397
1466
1467
2374
1466
1467
1396
1885
1467
1467
1397
1397
1466
1467
1397
1467
1396
1466
1397
1397
1467
1397
1397
2794
1466
1466
1396
1467
1396
1397
978
1886
1396
1396
1467
1886
908
1467
1467
1467
1397
978
978
1397
1886
1397
1397
1886
1467
1886
1466
1397
1467
1885
1467
1466
1466
1467
1397
1327
1397
1466
1397
1467
1397
1467
1886
1396
1396
1466
1397
1397
1397
1955
1327
1396
1467
1886
1466
1886
2444
1397
1466
1466
1397
1467
1397
1397
1885
1955
1397
1396
1467
1885
1956
1885
1466
1397
1467
1956
1956
1467
1466
1467
1397
1466
1467
1886
1886
1397
1467
1397
1467
1466
1397
11943
1397
1397
1397
1466
1467
908
1955
1467
1397
1397
1467
978
1397
1466
1396
1397
1396
1886
1467
1467
1397
1396
1885
1467
1466
1466
1467
1466
1816
1396
1467
1467
1396
1467
1467
1397
1397
1397
1466
1467
1467
1467
1397
1397
2864
1467
1397
1397
1885
1467
1397
1397
