19066
19764
19206
19974
19624
19136
19555
19625
21022
19415
19974
19765
19206
19485
19345
18717
20742
19694
19695
19625
19066
19136
19206
19485
19624
19276
19205
19205
19415
19275
19485
19136
19625
19066
21092
19555
31357
19276
19416
19485
19136
19415
19415
19625
19066
19416
19485
19555
19625
19485
19625
19555
19624
19764
19555
19066
19205
19486
19486
19416
18996
18926
19625
19555
18997
18996
19206
18997
19206
19555
19415
19206
19416
22837
19066
19485
19625
19067
19415
19136
19485
19206
18927
19485
19485
19276
19486
18996
19485
19485
19136
19205
19625
19275
19555
21860
18927
19555
19066
19136
19136
19625
19555
19276
19486
19555
19136
47142
19765
19415
19485
19136
19416
19136
19625
19904
19625
19625
19066
19415
19625
19066
19275
19066
19275
19415
19206
19415
19276
19415
19206
20113
19206
36247
19206
19695
18926
19555
19066
20044
20952
19625
19485
19486
19624
19206
48399
19485
19485
21091
19276
19485
19066
19555
19136
20114
18996
21929
19625
19066
19555
19485
19136
19765
19136
18996
20603
19624
20114
19555
20184
19415
19066
19624
19625
19066
19485
27307
19275
19276
18508
19066
19486
19415
19136
19625
19555
19485
19066
19136
18857
19625
18996
19624
19206
19275
19066
19276
19067
18996
18857
19485
19485
19485
19205
19415
19066
19625
18926
19206
19275
19416
19555
19136
19625
19136
19136
19485
19205
20952
20323
19485
19205
19136
19625
19066
19555
19136
19136
19066
19625
19416
19205
19206
19695
18996
19136
19206
19625
19695
19135
20952
27656
19625
18996
19136
18926
19625
19206
19136
19485
19066
19485
20044
18996
19066
19136
19624
19834
21092
18927
19415
19415
18997
19206
19486
19066
19415
37225
19485
19275
28285
19206
19485
19834
19136
19625
19206
18996
19415
19136
19485
19485
19205
19485
19625
18927
19275
19276
19276
19415
18717
19275
19136
18926
18926
19136
19555
18997
19066
19136
18996
18856
18996
19136
18996
19136
19624
19136
19205
19136
19066
19905
19625
18996
19624
19486
19135
29123
18997
28843
19205
19136
19485
19415
19904
19136
19694
19555
19206
19206
19066
19136
21022
18717
19555
19415
18927
19486
19485
19415
18996
19625
19416
27168
19624
19625
19066
26608
19625
19206
18997
18997
19067
19764
19555
19346
18787
18927
19625
19136
19136
19555
19555
19136
18647
19276
19067
19625
19136
19275
18647
19485
19625
19205
26190
19135
19206
19206
19625
19834
19206
19135
19136
18996
19415
19135
19136
18996
19485
19415
19765
19486
19485
19276
19625
19415
18997
19346
19555
19834
19206
19066
19275
19066
19136
19904
20043
19136
18996
19485
19136
19067
19066
19136
19625
19624
19905
19485
18927
19136
19415
19345
18996
19136
19136
19415
21022
19205
19206
19136
27656
19486
19764
19275
19066
19346
19555
19485
19066
19485
19275
19764
19416
19415
19206
19625
19555
19415
19136
19694
19206
18857
19695
19416
19555
19136
19555
19136
19275
19066
19485
19415
18996
21161
19555
19136
19066
19275
20532
19555
18996
19416
18927
19974
19206
19136
19555
19415
19205
19136
19764
20253
21441
18996
18996
19136
19276
18647
19066
19485
19416
19415
18927
20532
19135
19136
19624
19345
19485
18996
19485
19136
19136
19485
19276
22069
19416
19555
27167
19416
19066
19206
19415
19276
19625
19066
19555
19136
21440
19066
19136
19135
19345
19206
18926
19066
19415
19624
19974
19415
19067
19555
19416
19485
19136
19136
19625
18996
19275
18926
19555
18926
18088
19066
19624
19625
19555
19764
18856
19625
19485
19835
19695
19625
19415
19486
19625
19276
19485
19485
19765
19136
19485
19276
18996
19205
19416
19066
19625
19625
19136
19206
19276
19415
20044
18996
19136
19485
18996
19625
19136
19276
19625
19066
19415
19485
18996
19486
19345
19486
19694
19206
18927
19136
20393
19205
19136
18926
19555
19625
19206
18926
19625
19136
19415
19625
19555
18926
19555
19625
19416
21790
19205
18927
19486
19136
19486
19485
42323
19066
19066
19625
19136
19695
18996
19206
18996
19415
19625
19206
19485
19415
19206
19555
19205
18927
19416
19486
19066
31009
20114
19415
20113
19345
19206
19136
18927
19067
19624
19695
19695
19555
19485
18997
19346
19416
26539
21021
19416
19625
19206
19066
19416
19555
19275
19136
19765
19066
19136
19066
18997
19764
19415
19136
19974
18996
19695
19066
19415
19485
19485
19555
19555
19346
18996
19136
19415
19624
18926
18926
18996
19415
21022
19066
19066
19624
20393
19206
19136
19136
19205
19276
19066
27726
19206
19555
19485
19206
19276
19695
19136
19555
19206
56430
19136
19276
21650
19555
19904
19904
27587
19136
19066
19136
19136
19486
19066
19416
18647
19136
19415
19555
19136
19485
18996
19625
19136
19625
19206
19695
19066
19136
19764
19485
20952
19694
19415
19624
18927
19275
19485
19416
19555
19136
19136
19135
19136
19624
18997
19625
19485
19625
19345
19485
19765
19485
18438
18996
19276
19136
19764
19066
19415
19555
19555
18716
18717
20183
19625
19625
19834
19066
21510
27587
19415
19415
19206
21091
19625
19345
18507
19415
19135
19974
19206
19415
19206
19555
19625
19415
19834
19136
19485
19136
18927
19485
19206
19205
19485
19485
19136
19136
19555
19485
19974
19206
19136
19765
19625
21929
19206
19066
19066
19066
19276
19136
19624
19415
19346
19136
19555
19135
18577
19135
19834
19346
19415
18927
19136
19066
19486
19276
19695
19136
19136
19206
19625
18996
19345
19415
19485
19066
20463
37714
19485
19904
18857
19345
43021
19136
19904
19485
18997
19555
19136
19485
18996
27586
18996
18996
18717
19555
19136
19485
19555
19066
19066
19625
19485
19276
18997
18996
19625
19415
19625
31917
19485
19555
19416
19625
18927
18996
19276
19346
18997
19695
27098
18787
19415
19206
19276
19416
19555
18926
19276
19485
19625
19136
19136
19135
18927
18996
19834
19416
18717
20254
19764
19206
19625
19136
18996
19486
19555
19625
19486
20044
18927
19485
19974
19346
18997
19205
19974
19067
20393
19555
19346
19136
18996
19904
19625
19136
19136
19136
19485
19485
19415
19555
19276
19136
19485
19066
19905
19625
19275
19555
18996
19066
19275
19974
19485
19415
19415
19136
18997
21510
19415
18927
19276
19555
18717
19486
19136
19206
19485
19555
19416
19974
19206
19555
19485
19066
19136
19066
18997
18996
19067
20183
19415
18927
18926
18996
20114
21161
19066
19625
20044
19066
19625
