15156
16063
21510
20882
19136
16762
16622
18158
20533
16552
15714
15365
15644
15644
15994
16692
17530
20603
17600
17670
16273
15714
15645
15295
15086
15853
15994
16272
15784
15644
15365
15784
15574
15644
21721
15365
17111
15505
15365
15504
18508
16762
17320
19416
19556
18647
20882
18648
19066
18578
18229
17180
15854
15644
15714
15435
17251
15644
15644
15155
15155
15644
15156
15714
16133
15644
15854
15784
15644
22000
15714
16273
15645
15365
15225
15714
28634
15854
15854
15435
15644
16203
18158
18228
15225
15295
17739
28635
16133
15574
15714
15714
15295
18856
15854
15295
16692
15784
17670
25771
18717
15434
15784
17739
15645
15784
15854
16691
16133
17250
15854
15644
17670
22069
17740
16971
16482
16692
15645
16971
18088
18019
15854
15784
16063
15434
15714
17251
23397
15853
15784
15854
15854
15295
15365
16134
15155
15714
15644
15505
15645
15854
15435
15574
15853
16203
16622
15714
15784
15714
15854
15645
16343
16063
15365
23396
15225
15295
15155
15644
15645
15714
15853
16203
16133
16762
15225
15574
17251
17041
15504
15854
15365
15295
15714
15365
15644
15784
15505
15783
15854
15994
15714
15645
15645
15714
15225
15923
15714
15575
15155
15435
15854
15924
15853
15644
15714
15783
16133
15574
16273
15155
15645
15505
15434
15993
15645
15714
15226
16203
15644
15575
15644
15295
15295
15714
15365
15574
15575
15365
15365
15784
15574
15155
15993
15854
15714
15854
15575
16342
15295
15644
15365
15504
15365
15575
15923
15365
15784
15644
15644
20114
15295
15225
15644
15365
15296
15994
15574
15574
15645
15156
15365
15784
16063
15923
14387
15574
15295
23886
15994
15714
15854
15784
15365
15644
17740
15714
15714
15784
15155
15295
15225
15853
15016
15365
15644
15085
15295
15714
52869
15365
16133
15365
15155
38203
15784
15575
15644
15714
15295
15784
16064
15295
15156
15226
15644
15644
15365
15714
15784
15924
15295
15295
15225
15504
15714
16064
15365
15155
15714
17600
15784
15645
16902
15225
15156
15853
15854
15435
15784
14736
15574
15225
15714
15854
16064
16133
15574
16272
15155
15644
15784
15714
15365
15575
15574
15295
15644
15574
15435
15365
15365
15784
18787
19764
15435
15364
15644
15295
15225
15645
15784
15156
15156
15714
15644
17041
15365
15714
15434
15644
15155
15364
15365
15435
15784
15714
15365
15644
16064
15784
15714
15086
15714
15645
15645
15225
15644
15295
15714
15644
15575
16063
15505
14387
15365
26470
15644
15365
15574
15784
15574
15365
15644
16063
15435
15644
15295
15645
15086
15854
15924
15784
15365
15644
15714
15435
15854
15644
15854
15365
15714
15715
15644
15853
15714
15435
15085
15295
15505
16203
15784
15574
15853
16063
15504
17250
15714
15644
15923
16273
15295
15993
15155
15714
15574
15155
15714
15295
15365
15784
15016
15854
15783
15086
15574
15295
15714
15295
15784
23536
15225
15434
15295
15365
15784
15574
15853
15644
15504
15854
15295
15784
15155
15574
15365
15784
15574
15784
18089
15644
18019
15854
15645
15645
15575
15365
15225
15574
15714
16552
15714
15994
15225
15365
15155
15364
15434
15644
15365
15365
16133
15853
15714
17180
15644
15086
15575
15644
15365
15784
15784
15155
15575
16273
15574
15365
15504
15714
15435
15155
15714
15854
15155
15644
15714
15784
15365
15364
15714
16273
15714
24375
15226
15854
15784
15295
15714
16203
15854
15435
15365
15714
15644
16133
15364
15225
14597
15295
15644
15365
15295
16343
15505
15715
15156
15574
15015
15295
15854
15715
15993
15644
16133
15644
15574
15365
15575
15854
15085
15226
15435
16552
15714
15435
15854
15295
15435
15714
15365
14807
15784
15644
15784
15644
15644
15365
15156
15714
15784
15574
15016
18228
15644
15365
16273
15574
16063
15575
15156
15854
15854
15365
15295
15295
15505
15225
15784
15575
15714
15435
15365
15924
15365
15644
15574
15644
16133
15784
18997
15574
15225
15504
16064
15993
15714
16203
15435
16134
15644
15086
15225
15295
15225
15574
15714
15295
15365
15226
15296
15784
15853
15504
15365
15644
15644
15714
15923
15644
15574
15435
15365
15226
15364
15155
15714
15295
15714
15714
15853
15225
15644
15714
16063
15156
15505
15853
15994
15644
15435
15784
15784
15085
15784
15714
15854
15644
15365
15435
15714
17879
15364
15295
15225
19486
15505
15644
15644
15714
15784
15784
15575
15505
15574
16064
15225
15155
15155
15644
15645
15853
15853
16133
15644
15714
15784
15155
15644
15644
15784
16273
15714
23537
15854
34082
15644
15714
15644
15783
15365
15156
15784
15645
15295
15714
16133
14387
15853
39949
15435
15435
15295
15644
15365
15435
15853
15854
15714
15435
15714
15783
15365
15225
15783
44488
15714
15295
16133
15575
15853
15644
15854
15714
15714
15155
15434
16203
17600
15225
15155
15854
15295
15924
15575
15644
15574
15365
15156
15784
15644
15295
15155
15365
15225
15156
15435
15574
15714
15645
15644
15365
15435
15225
15714
15505
15645
16063
15155
15225
16133
15365
15575
15365
15296
15644
15365
15365
15644
15364
15365
15156
24723
15365
15575
15086
15853
15644
15504
15435
15364
15854
16203
15714
15434
15364
15853
15365
15784
15435
15295
15644
15645
15365
16134
15085
15295
15225
15714
15365
16203
15784
15644
15365
15784
15435
15714
15853
15644
15783
15295
15226
15714
16063
15924
15364
15644
15644
15504
16133
15644
15714
15854
15854
14946
15225
15644
16762
15575
15575
15365
15365
15225
15365
15784
15155
15575
15784
15435
15155
15784
15854
15364
15784
15295
15295
15365
15295
15156
15365
15854
15365
15644
15784
15714
15645
15924
15714
15295
15853
15505
15853
14387
15714
15086
15295
15364
15365
15365
15714
15644
18158
15295
15156
15923
15365
15645
16273
24793
15784
15225
15156
15365
15365
15575
15853
15645
15365
15644
15295
16063
15365
15575
15784
15574
15365
15784
15714
15295
17250
15155
15854
15714
15504
15505
15155
15156
15575
15645
15156
14666
15225
15434
15295
15784
15364
15365
15225
15574
15156
15365
15085
15365
15714
15854
15505
15853
15644
16203
15085
15714
15644
15575
15365
15714
15365
15505
15505
15854
15853
15784
15226
15364
15714
15993
15784
15854
15854
15784
23327
15505
16552
15714
15993
15784
16273
15505
15225
15295
15644
26749
15504
15155
15784
15644
15644
24444
15644
15435
15435
15435
15504
15644
15645
15225
15645
15365
15364
16971
15504
