28635
64534
28146
28146
33105
28566
29124
28146
42464
28147
28565
28565
30521
28635
28077
28076
28076
27657
28146
27936
28146
28076
28146
31918
28635
28216
29613
28147
28077
28076
28355
28146
28496
28216
28216
28565
28077
28566
58108
29125
28636
29124
28635
30032
28077
28635
28076
28775
28635
27727
28705
28426
28216
28566
28147
28146
28705
28146
28146
28356
28495
28216
28356
28635
35969
28146
28146
28076
28705
28076
29054
28635
28565
28635
28705
28566
29334
28636
29054
28077
28146
28077
28635
28495
28147
27866
28146
28076
31010
28146
29124
28147
28565
28565
28147
28146
28146
28006
28146
28216
28636
28635
28426
28635
28146
28845
28076
28635
28147
28635
28146
28146
28147
28077
28705
28076
30102
28356
28006
28216
28077
28147
35760
28077
28076
28565
28705
51474
37924
28845
36178
28636
29054
28147
28007
29124
31010
28146
28076
28426
28146
28146
28426
28496
28077
28985
28356
29125
28007
28146
28635
28146
28077
28216
36248
36667
29124
28565
29613
28147
28356
29054
41835
28147
27867
28565
28566
28566
28146
28566
27658
27657
28146
28845
28146
28635
29822
28146
28635
28356
28565
28356
27867
28076
28566
28915
28635
28146
28565
28565
28635
32127
28635
28565
28216
28216
29334
28146
28565
28146
28566
28076
28705
28565
27867
28077
28146
28635
28566
28076
27657
28566
28636
28635
28146
28356
28356
28705
34991
28146
28565
31219
28566
27657
28146
28635
28566
27867
28356
28077
28146
28147
28566
28077
28216
28076
28984
28566
28217
31988
28146
36318
28635
28705
27727
27727
28426
28565
28355
28076
28356
28146
28565
28217
28566
28076
28426
28495
28566
28635
28077
29124
28147
30800
29054
28566
28566
28426
28007
28915
28147
28006
27658
28007
29613
28077
28425
28565
36667
28147
28076
28216
28566
69284
28147
28216
28635
28146
29124
28076
28635
28565
28356
28146
36317
28565
28565
28635
28496
28705
28495
28147
28076
28147
28845
28076
28565
28147
28146
29334
28635
28495
28077
28566
28705
28216
28635
28147
28565
28077
28566
28705
28705
28635
28146
28146
28147
28216
28566
28077
28566
28146
28147
31010
28635
28076
28984
28635
28635
28146
28635
28147
28845
28565
29055
28147
28426
28635
28006
29054
28216
28146
28635
28984
28635
28146
28216
28146
28147
28146
28146
28077
28147
30801
28565
28146
28705
28426
28635
28146
28635
29054
28076
28147
28147
29124
28635
29054
28705
28565
28635
28636
28146
28146
53499
37225
28216
28915
28635
27657
28217
28146
28216
28217
28216
28566
28845
28565
28635
29054
28565
28635
28077
27937
28635
28566
28147
28635
28007
28565
28356
28216
28076
28216
28566
27728
62997
28216
27937
28076
28007
28705
28636
28007
28635
28146
28425
28216
28426
28217
27936
29334
28565
28705
28566
28635
28635
28146
29054
28565
29403
61042
27937
28565
28565
28146
28077
28007
28076
28146
29124
28216
28216
28146
28146
30940
28077
29613
29124
27658
28705
28076
28495
27797
28566
28845
120198
28425
28425
28216
28146
28636
28635
28146
28566
28635
28635
28705
28635
27937
28566
28566
28565
28146
36667
28146
28636
28147
28146
28217
27937
28566
28635
29124
28426
28565
28216
28495
28705
28146
28356
28147
27728
28216
28147
28356
28007
28635
28147
28147
28566
28635
28216
49797
28705
28216
27657
27727
28146
28216
28147
28635
28076
28565
28565
28566
28565
28356
28636
28077
28635
31639
28146
28146
28705
36736
27658
28216
28845
28007
28566
28566
28147
28635
28146
28077
28216
28216
28077
28356
28216
29613
28007
28146
28426
28635
27937
28146
28566
31918
28566
28216
28635
28076
27658
28426
28216
27867
28146
28146
28286
28356
28356
28565
28146
28636
28914
28635
28566
28565
28147
28077
28705
28635
28146
28146
28566
28844
28565
28356
29124
28566
28565
28077
28216
28635
31918
27657
28286
28146
28146
28217
28076
28077
28635
30521
28076
28496
28635
28146
28146
28146
28146
29613
28356
32476
28356
27867
28076
28426
28147
28077
27937
28076
28636
28146
28146
28147
28635
28495
28216
28146
28077
28216
28146
28146
28426
28216
28216
28635
28146
30032
29194
28356
28077
28146
28216
28217
29055
28076
28635
28076
27867
28566
29054
28286
29124
28565
28635
28077
39671
28216
28566
28146
30102
29125
28495
28146
28565
28635
29124
28076
28147
28565
30102
28635
28635
28635
28146
28356
28635
28566
29124
28356
28147
28007
28146
28146
28146
28635
28565
28565
27727
28426
29194
28566
28286
28566
28635
28356
28635
28565
28705
28845
28914
28775
27727
28076
28705
28495
28565
28565
28985
36038
28635
28635
28635
28635
28146
28635
27936
36178
28635
28077
28076
28076
28565
28495
28216
28635
28566
28705
28077
28146
28146
28147
28355
28565
40019
28705
28076
28635
28566
28216
29054
28635
28147
27937
28146
28566
28146
62438
28565
29543
28217
28495
28565
28216
28146
28565
28356
28146
28216
28425
28635
28147
28146
28216
63836
28566
28565
28635
28705
28147
28496
29054
29054
28566
28216
29054
28566
29054
28146
28566
28565
30032
28217
28076
28565
28286
29055
28635
28076
28426
33803
28146
28147
28566
28216
28565
28495
28565
28216
32476
28076
28565
28636
28146
28216
28146
31010
28147
28635
28565
28636
28147
28635
28636
28147
28565
28147
28216
28146
29124
28355
28146
28636
28147
28146
28705
28566
29055
28216
28217
28984
28147
29054
45048
28565
28146
28146
28076
29124
28077
28216
28006
28076
28077
28565
28705
28216
28635
28216
27936
28635
28496
28076
28565
28565
28077
29125
28635
27937
28147
28635
28146
28705
28495
28146
28216
29124
28566
28077
29055
28146
28216
28636
28147
29055
28565
28565
28216
28984
28356
28286
28146
27937
28565
28566
28286
28635
28216
28635
28496
28425
28565
28635
28006
28146
28147
28705
28146
28426
28216
28077
28636
28565
28216
28635
28216
28356
30940
28565
28146
28845
28565
27937
28216
28146
27657
28635
28635
28635
28635
28635
28147
28844
27588
28356
27727
28356
29054
27798
28076
28146
28077
28216
28007
28565
28565
29054
28426
28146
36178
28216
27658
28146
28217
28076
27936
28635
28705
28076
28566
30311
28425
56711
28286
28984
28077
28635
28216
28146
28147
28775
28146
28844
28147
28635
27168
28076
28635
28635
28146
28426
28146
28565
28565
29055
29054
28635
28565
28147
28146
28495
28565
31010
28146
28147
28146
28216
28286
28426
28636
31009
28286
42883
28216
35969
28565
