30102
30241
29613
31010
30521
30101
30032
30102
29962
29962
30032
30032
30241
30032
30032
30520
30101
29892
29543
30032
30102
29543
30032
30032
30032
37714
77105
30521
30032
31988
29543
30032
30521
30032
74242
30102
30032
30032
30032
30101
30381
36876
30031
30032
29613
30031
69074
30032
30032
29543
30451
30032
29892
29962
30032
29544
30521
29613
30101
30032
30521
30032
30102
30032
30382
32197
30591
29822
80039
30521
29962
29962
29962
30102
38203
33175
30032
31917
30521
30032
30800
30031
30521
38064
29543
30032
30032
29543
30590
30800
30312
31498
30311
38902
30032
30521
30591
29822
30521
30032
30520
29823
29962
30032
30591
30102
29612
30032
30102
30242
30102
30590
30032
30521
30102
30102
29962
29823
30311
61671
30032
30102
30032
29543
30521
30242
30032
30032
30032
30032
30032
30521
30311
30800
31988
30032
29613
29822
30520
30032
30032
29823
29822
29543
30032
29823
29892
30102
29544
29543
29822
30032
30032
30381
29823
30102
30032
29962
29822
30521
29543
30521
30102
30102
30521
30102
30521
41486
30102
29473
30451
30102
30521
31708
29613
31917
29613
29823
29893
30311
30102
30101
29543
30032
30101
29543
29822
30381
38064
30032
30032
37994
29543
29823
30032
30102
30102
29962
29474
30311
29962
30032
30940
30032
30032
30032
30101
30032
30032
30032
29962
30102
30451
30381
30102
30520
29962
30242
30311
30451
30521
30521
30521
29543
30032
30521
29543
30521
30101
30032
30102
29473
30032
30312
31010
30032
30102
29543
30032
29892
29823
33384
30590
30591
30032
30381
30521
30521
30032
31010
30381
29823
30032
30032
29962
30032
29892
30032
30032
30521
31010
30591
30521
29613
29823
30032
30241
30102
29613
31987
30032
30102
30032
29752
30102
30590
37785
30032
30102
30102
30032
30102
30032
30101
31010
30032
30311
29613
31498
34502
30032
30032
30381
29613
30241
29822
29962
30102
30032
30032
29822
29543
30521
30102
30032
30032
29892
30102
30102
30521
31009
30521
29613
29892
30521
30940
30032
30032
38553
30521
29543
29962
30801
30032
30032
30032
30451
30032
29892
30032
30032
30032
29823
29962
31918
50915
30521
30032
30102
65861
29962
30032
30381
32406
30521
30102
30451
30102
30032
30032
30521
29962
30451
30032
29963
30521
30521
30032
30032
30032
30800
30032
30521
30032
30591
30032
30520
30521
30590
30590
29822
30102
29822
30521
29543
30102
30102
30032
30032
30032
30102
30032
29822
30521
30032
30101
29892
30311
30241
30521
30032
30032
30520
29892
29753
30312
29962
29892
37644
30032
29823
30032
30521
29892
30521
30032
30521
30032
30032
30521
31010
30520
30521
30521
29823
30032
30102
30032
29823
30102
30451
30032
29962
30032
30032
29962
30521
29613
30032
30521
30102
30521
30102
30451
29543
30102
30032
30032
30032
29543
30032
30102
30102
30032
29892
30031
30521
29962
29962
30032
30102
30521
30032
30032
29543
30451
29544
30312
30032
29682
30521
30451
30311
30032
30242
30102
30102
30521
30521
30102
30032
29822
30032
30032
30311
30032
30451
30102
30032
30032
39600
29822
29892
30032
30520
30032
30102
30312
30102
30311
30520
29962
30521
29752
29613
30032
30032
29543
30521
30101
30032
30311
30032
30521
30032
30102
30032
31359
30521
30032
30032
38692
30032
29962
30032
30032
30032
30102
30102
30521
30521
30311
30521
30032
30032
30102
30521
30102
29963
30520
30032
29543
29962
29613
31918
30032
53639
31499
29962
30032
30241
33663
30520
30102
29613
30730
29543
30102
30032
29753
30032
30032
29823
29543
29962
30032
29962
30032
29613
30521
30521
30521
29892
30521
30102
30520
30521
30451
30520
30521
30032
30521
30032
30032
30242
29822
30102
30521
30521
29962
30521
30591
30521
30032
29822
30032
30032
30102
30032
29752
30102
30101
30241
30032
29613
30032
32826
30032
29543
30032
29543
30032
30101
30032
29544
30102
30521
30241
29962
30032
30521
30102
30102
30032
38553
30102
30032
29613
30102
30032
38064
30521
30032
29543
38063
30102
30102
30521
30032
30101
29962
30521
29543
29543
30101
30311
30521
29613
30032
30451
30032
30032
29823
29822
30032
30521
32896
30521
30032
29892
45886
29613
30032
29962
30032
30521
29613
30032
30521
29613
30521
29613
30032
30242
30032
30521
30381
30032
30102
30032
29962
30032
30521
30032
30032
30032
30032
30032
30102
29962
30102
30451
30102
30521
29892
30032
30032
30032
30032
29892
30521
30102
30102
30032
30032
30032
29613
30102
30032
30032
30381
30032
30032
29962
30032
30031
30102
29613
30032
30032
29543
29543
30451
29962
30521
30032
29823
29823
30032
29474
30032
31009
29752
30102
30731
30521
30381
30102
29543
39182
30032
29613
30521
40927
30032
30032
30521
30521
29543
30311
30101
30102
30521
30102
30520
29543
30032
30451
29403
29613
30032
29543
30032
29892
30102
30101
30032
30032
30032
30032
30032
30521
31010
29613
30032
30311
30032
29543
30032
38553
30032
30032
30102
30032
30102
30032
30032
29963
30521
30520
29613
30032
29823
29543
30032
30451
30032
30521
29543
30032
30032
30031
29543
30101
44978
29962
30521
30032
30102
30032
30032
30311
30521
30032
32616
30521
30032
30032
30312
30032
29613
30032
29543
30591
30591
30451
30590
29962
30032
29962
30521
30521
30521
30311
30521
30032
31499
29613
30032
30032
30032
30032
30102
30590
30451
30102
30032
30521
30032
30032
29753
30032
30521
30242
30032
30102
30032
30032
29822
30521
32895
30520
30031
30102
29963
30032
33454
30102
29823
30102
30032
30312
30521
30101
30032
30102
30451
29892
30102
30521
30102
30102
29543
30591
30101
29892
30102
31010
30521
30032
30032
30521
30032
58667
30241
30381
31988
30591
31010
30451
29613
31010
29823
30102
30311
30451
30032
29543
30102
29892
30521
30102
30031
29962
30032
30521
30102
30032
30032
30381
30521
30032
29962
30032
30032
30101
29962
34292
30032
30451
30032
30102
29892
29962
30032
30032
30102
30241
30451
30032
37505
29612
29613
30520
29613
30102
29962
29962
29613
30032
30381
30451
30032
30870
31498
29613
29543
30032
29543
30032
29892
29613
30800
30032
30590
29613
30102
30032
30102
30451
29543
29543
29752
30032
37016
29823
30311
30381
30032
30032
38134
30032
30032
30032
30032
31010
29823
30032
51962
30521
30102
30102
30032
30032
29962
33384
30102
29962
30521
29822
30312
30032
29823
30521
30031
30451
29613
81715
30521
30032
