12292
15155
12851
12990
14247
12501
12362
12362
12502
12501
12920
21999
12292
13060
12292
21371
12780
12501
12851
12920
13130
13689
12780
12361
12851
14666
12920
12780
12571
12571
12850
17530
12781
12920
12780
12711
35269
18089
13340
12850
12641
13619
12781
12781
12571
12920
13339
12921
12920
12362
13060
13060
12780
13968
17739
12921
12292
12850
13339
25841
12990
12781
14666
13270
12851
12920
12152
12501
12851
13339
12571
12292
13060
12921
13898
12711
12781
26540
12431
12780
12362
12991
12431
12990
12781
12431
12432
12152
12920
12781
12571
14387
12920
13479
12711
12292
13270
12851
12850
12013
12851
12780
12431
12641
12292
12990
12781
12921
12711
12222
12710
12501
12990
12431
12431
12431
12431
12851
13200
12920
12502
12920
13340
13898
12711
12711
12781
12990
12641
12920
12780
12362
12711
12850
12920
12362
12082
12781
12990
12501
12501
12781
12501
13130
12362
12780
12711
12502
12990
12851
12292
12781
12641
13060
12362
12781
12990
13129
12362
12292
12501
12711
12502
12711
12991
12781
12711
12431
12921
12222
12990
12850
12851
12711
12501
12641
12851
12361
12571
12361
12362
12920
12362
12431
12781
12502
12641
12502
12571
12711
12432
12780
22000
12711
12362
12501
12571
12502
12501
12432
13689
12920
12780
12362
12362
12711
12501
13269
12781
12711
12851
12501
12501
12921
12501
13479
12501
12851
12362
12291
12362
12431
12781
13758
13269
12292
20393
13200
15225
12990
12990
12431
12990
12362
12710
20673
12362
12850
12710
12362
12920
12361
12362
12851
12920
12292
12920
12571
12990
12781
12781
12920
12851
12641
13269
12361
12781
12431
12571
12920
12431
12501
12502
12780
12781
12921
12781
12362
12850
12851
12501
11873
12501
12781
12711
12362
12781
12431
12920
12502
12222
12781
20114
12781
12850
12432
12292
12501
12990
12431
12291
12641
12362
12431
13200
12362
12920
12291
12361
12781
13828
12362
12641
12431
13130
12711
12781
12501
12780
12292
12292
13339
12711
12501
12711
12362
12571
12361
12781
12431
12571
12921
12921
12850
12991
12711
12920
12990
12361
12851
12362
12362
12571
12502
12501
12850
12362
12781
12361
12850
12920
12501
12501
12781
12990
11803
12501
12991
12851
12921
12851
12851
12641
12361
12711
12292
12781
12711
12432
12501
12292
12641
12781
12501
14247
12711
13270
12781
12362
12571
12571
12641
12501
12920
12921
12851
12921
12850
12501
12850
12432
12431
13200
12431
12502
12292
12432
14317
12711
12851
12362
12501
12780
12292
12501
12502
12781
12431
12571
12711
13200
12851
12781
12851
20253
12431
12571
12711
12781
12780
12431
12850
12850
12850
12781
12362
12502
20044
12431
12851
12780
12501
12851
13060
12781
12781
12851
13061
12851
12013
12711
13968
12501
12780
12571
12711
12432
12781
12501
12222
12851
20114
12362
12990
12572
12781
12851
12851
12501
12641
12850
12850
12851
12780
12850
12781
12711
12501
12711
12780
13410
14387
12781
13130
12362
12781
12711
12361
12431
12851
12711
12990
12222
12921
12781
12920
12780
12641
12501
12361
12851
12920
12991
12990
12781
12502
12501
12501
12990
12781
12501
12361
13269
12502
12571
12920
12851
12920
12710
20044
12850
12502
12292
12291
12501
12362
12711
13060
12710
12990
12920
12501
12291
12850
12431
12781
12292
12781
12362
12990
12920
12990
12571
12292
13270
12851
12431
12431
12571
12851
12850
12502
12851
12501
12571
12711
12222
12781
13200
12711
12501
12501
12781
12432
12502
12851
12362
12431
13270
12710
12501
12920
12711
12781
12850
12431
12851
12780
12990
12781
12781
12920
12851
12432
12292
12362
12921
12711
12990
12432
12501
12780
12780
12291
12781
12781
12292
12990
12781
12432
12990
12501
12571
12781
12920
12850
12921
12502
12361
12432
12361
12920
12013
12920
12781
12082
12711
12641
12851
12851
12920
12501
12781
13200
12501
12850
12781
12921
12851
12990
12432
12711
12990
12850
12362
13339
12781
12642
12850
12292
12292
12362
12362
12502
12571
12222
12222
12502
12781
12501
12641
12780
12291
12362
12292
12292
12291
12851
12432
12711
12431
12711
12432
12850
13060
12991
12990
12432
12991
21860
12850
12362
12990
12571
12292
12502
12851
12641
12432
26260
12641
12991
13130
12432
13060
12641
12501
12920
12920
12711
12362
36246
12501
19904
12780
12780
12292
12781
12292
12990
12850
12780
12921
12362
12990
12850
12990
12921
12781
12501
13200
12501
12711
12991
12641
12990
12292
12362
12572
12990
12851
12780
12711
12361
12780
12361
12641
12432
12571
13269
12851
12921
12921
12502
12222
12850
12362
12292
13060
11803
12362
12502
12362
12711
12641
12990
12781
12781
12920
12780
12292
12781
12501
12711
12361
12291
12292
12291
12501
12851
13339
12431
12920
12851
12291
12362
12851
12781
12641
12362
12501
12432
13270
13269
12501
12362
12501
12432
12431
12851
12780
12292
12501
12292
12571
12292
12501
12781
12432
12780
12710
12851
12711
12781
12641
12571
12851
12781
12990
12502
12432
12920
12222
12431
13060
12501
12991
12222
12990
12920
12920
12990
12921
12921
12431
12850
12850
12990
12501
12990
12571
12362
12780
12082
13270
12921
12781
12501
12361
12641
12571
12781
12920
12781
13200
13060
12502
12502
12501
12920
12362
12921
12781
12711
14177
12292
12501
12710
12990
12292
12501
12641
12990
12292
12920
12920
13130
12571
12780
12362
12711
12990
12781
12990
12781
12711
12431
12920
12991
12780
12990
12292
12920
12990
12502
12781
12501
13270
12851
12502
12781
13269
12501
12362
12432
12501
12571
12781
13060
12571
12920
12362
12502
12711
12990
12921
12781
12781
12361
12851
12501
12850
12431
12920
12431
12781
12362
12502
12571
31916
12990
12780
12361
12571
12432
12781
12361
12431
12432
12362
12711
12921
12222
12851
12711
11943
12432
12781
12292
12362
12361
12711
12781
12920
13409
12781
12920
12641
12780
12850
12851
12851
12780
12501
12711
12710
12502
12781
12711
12361
13200
12921
12851
12991
13060
12362
12222
12711
12990
12781
12920
12851
12431
12711
12851
12501
13340
12850
12851
12851
12920
12432
12780
12641
12781
12850
13130
12432
12851
12920
12501
12850
13200
12361
12781
12850
12990
12920
12780
12920
12781
12920
12991
12082
11314
12781
12361
12781
12850
12781
12920
12362
12920
12851
12571
13060
12082
12851
12711
12501
13269
12431
12850
12292
12502
13688
12781
12990
12292
12920
