5796
5657
5657
5796
5726
6146
6076
5726
5797
5796
5657
6145
6076
5377
6146
5726
5726
5656
5727
5797
5726
5797
5726
6145
5727
5727
6076
4749
5796
5727
5796
5797
5657
5797
5657
5726
11732
5727
5796
5587
5727
5796
5587
6146
5796
5796
5866
5727
5656
6145
5727
5238
6076
6565
6146
5727
5657
5656
6076
6146
6146
5797
12082
5726
6774
6146
6145
5657
6285
6215
5726
6215
6705
6146
5377
5796
6216
6564
6285
5796
7124
6075
5587
6146
6285
5867
5727
6076
6146
6215
5796
5657
6076
7193
6704
5726
6006
6145
6285
5726
5797
5727
6145
6145
6076
6076
5797
6146
5727
6146
5657
5796
5657
6215
6216
5796
6285
6285
6146
5727
5796
6146
6145
5726
6145
6076
6285
6145
5727
6285
6145
6216
6146
6216
6215
6216
6146
6215
6146
6076
5796
5796
6286
5726
6216
5657
5727
6216
6146
6355
5657
6355
6495
6634
5727
6285
6216
6844
5657
6774
6076
6215
18018
5796
6215
6216
6286
6285
6215
6634
6215
5726
6216
5726
6215
5726
6146
6286
6146
6215
6215
4819
6355
6146
6286
6564
6146
6076
6215
5796
6215
6634
5866
6215
7123
6216
6145
6145
6704
6146
6145
5308
5867
6076
6145
5797
6076
5796
6704
5657
6286
6844
7054
6215
6216
6215
6076
7193
6145
5866
5797
6145
6075
6216
7543
6076
6146
6076
6285
6285
5797
6635
6285
6215
6215
5797
5796
5796
6075
6146
6076
5587
6145
5099
5866
6215
6634
6216
5587
6145
5727
6076
6355
12571
6146
6146
6216
5796
6146
6146
6145
5726
5726
15225
6146
6076
6285
6076
5657
6145
5797
5727
6146
5797
6215
6285
5797
5867
6216
6145
6216
6145
6146
6215
5797
4818
5587
6495
5797
6145
6215
6076
5238
6564
6076
6635
6145
6355
5587
6145
6355
6146
6286
6215
5796
6216
6006
6216
5657
5796
5656
6145
6076
5796
5726
6076
5168
8032
6216
6704
6006
6145
5727
6215
6076
6145
6215
6146
6215
13758
6216
6146
6215
6146
5657
6774
6145
5796
5657
6145
5168
5308
5656
5727
5796
5796
6076
7542
5587
5796
5727
6146
5657
5727
4679
6076
5587
7053
6216
6215
5587
6285
6146
5657
6146
6216
5797
5867
5657
7123
6146
5726
5727
6285
6146
5727
6215
5726
5656
6286
6076
5797
6215
5797
6286
6146
5796
4819
6146
5727
6145
6146
6146
5657
5797
6146
5866
5797
6146
5796
5797
6145
6634
5726
5657
6216
5796
5796
5726
5657
5796
5656
6216
5657
6565
5656
14457
5726
6076
5726
5796
5796
5588
5727
5796
6216
6146
5308
5727
5727
5797
7193
6286
5727
5587
5657
5727
5657
6076
6146
5658
5587
5727
5657
5587
5727
5727
5657
5308
5307
5797
5657
6076
5797
6146
6286
5657
5727
5587
5727
5657
5796
6216
5657
5727
5727
5726
5657
5797
5657
5797
5657
5727
5727
6076
5727
5307
6146
5587
5727
5727
6146
5657
5727
6635
5727
5727
6076
5727
5657
5727
5727
6146
6146
5657
6146
5866
6286
5658
5727
5727
5727
5657
5797
5587
5378
5727
5657
5657
5727
6216
5657
5657
14596
5308
5238
5657
5657
6216
5657
5377
5380
5730
5799
5241
5730
5800
5730
5730
5660
5730
5310
5729
5660
5800
5660
5799
5800
5659
5729
5660
5660
5800
5311
5659
5241
5660
5101
5730
5660
5799
5310
5380
5730
5310
5799
5590
5730
6149
5730
5730
5730
5660
5730
5590
5729
5730
5660
5590
5241
5730
5660
5171
6219
5660
5590
5660
5730
5380
5800
5660
5240
5311
5590
5730
5730
5590
5660
5171
5590
5660
5240
5729
5799
5730
5730
5729
5869
5660
5659
5730
5799
5310
5799
5241
5730
5171
5660
5730
5660
5241
5730
5310
6288
5659
5730
5729
5659
5660
5800
5310
5240
5240
5660
5240
5311
5310
5170
5660
5660
5171
5800
5800
5380
5171
5240
5730
5311
5380
5660
5171
5170
5730
5730
5171
5870
5660
5660
7616
5381
6219
5659
5730
5730
5310
5800
5310
5730
5729
5241
5590
5800
5240
11878
5241
5730
5800
5311
5659
5729
5171
5660
5729
5800
5170
5660
5310
5241
5240
5171
5171
5800
5660
5171
5799
5310
5310
5590
5660
5311
5310
5311
5380
5660
5381
5241
5311
5380
5241
5310
5240
5240
5590
5171
5171
5660
5171
5660
5240
5799
5800
5799
5660
6219
6149
6149
5240
5660
5240
5310
5101
5870
5240
5660
5240
5171
5729
5241
5171
5240
6149
5171
5311
5660
5800
5729
5170
5660
5310
5660
5311
5240
5241
5310
5730
5659
5730
5240
5310
5310
5380
5171
5240
5799
5660
5241
5730
5730
5730
4402
5311
5241
5171
5660
5171
5310
5660
5660
5381
5660
5311
5799
5729
6708
5241
6638
5730
5590
5170
5311
5241
5380
5660
5660
5729
5730
5171
5660
5241
5380
5660
5730
5241
5310
5311
5660
5311
6149
5311
5799
5590
5311
5240
5310
5170
5240
5660
19215
6219
5729
5869
5241
5171
5240
5170
5660
5171
5310
5311
5380
5800
5730
5170
5590
5171
5310
5799
5241
5101
5171
5660
5240
5799
5241
5310
5241
5241
6289
5660
5310
5171
5170
5311
5660
5241
5381
5171
5171
5241
5101
5241
5241
5310
5590
11250
5171
5311
5730
5241
5590
5660
5310
5171
5170
5241
5310
5310
5660
5240
5171
4891
5241
5381
5311
5170
5310
5170
5311
5241
5170
5240
5381
5800
5241
5730
5659
5310
5380
5171
5170
5590
4822
5171
5171
5241
5241
5310
5241
5660
5311
5380
5241
5310
5240
5730
5310
5311
4402
5310
5240
5100
5170
5380
5660
5241
5241
5310
5660
5100
5310
5311
5241
5310
5590
5170
5311
5171
5170
5171
5240
5241
4822
4752
6149
5240
4682
5659
5170
5729
5241
5240
5241
5241
5171
5311
5380
5241
5311
6708
5240
5171
5240
5171
5240
5241
5240
5241
5171
5170
5171
5171
5241
5171
5170
5171
5241
5171
5729
5171
5171
5170
10341
5171
5310
5590
5240
5310
5171
5869
5241
5311
5659
4751
4193
5381
5799
5240
5380
5310
5241
5730
5799
5800
7966
5660
5660
6219
5241
5241
5311
