27936
28425
31498
27587
32406
28565
30031
27727
28564
29054
28635
28216
29054
27308
71098
27727
46234
27657
28076
28145
31918
29542
27587
27657
27727
30032
27238
27657
28076
27657
28495
28215
27657
28635
30940
28634
27657
27238
28076
27657
29124
28635
27936
28146
27657
28565
27867
27517
28146
28146
28146
28076
28635
27587
28146
28356
27308
28146
28425
27797
31428
28704
28146
28146
27657
28146
37295
27866
27867
28635
27727
29054
28076
28076
27587
28146
28076
27657
29613
28495
27936
27657
27727
28076
27866
28704
27867
28215
28146
28356
27238
27657
28146
29333
27587
28006
27587
28146
28076
72844
27727
28076
28076
28146
28145
27657
28145
29054
27168
28216
27727
28425
28146
27727
28355
28564
30102
28635
28146
28634
27727
27867
27238
27726
36457
28146
28076
27587
27726
28565
28705
28215
27727
29053
28215
28146
27727
27168
28076
27377
28076
27727
27727
27657
30101
27656
28076
27867
28634
28076
28355
27657
28076
28565
29054
33314
29752
28146
27587
29613
28146
27378
27657
28076
28634
27587
27587
36806
28146
30730
28076
28146
28076
27727
28146
27656
27727
28495
40926
28146
27727
28076
28356
28076
27448
28425
27727
28146
28705
31708
28076
28076
30521
27866
28146
27587
28146
28565
28146
28565
29333
28635
27657
28355
27657
28565
28705
28635
28564
28076
27169
27517
28076
28426
28076
28565
28215
29054
27727
27727
28076
28146
28076
27657
27657
28565
28355
27587
27936
27727
28215
28145
28076
29822
30032
28076
27657
27727
27377
27867
28076
28076
27098
27377
28425
27726
27308
27587
27796
28216
27168
27657
28565
55803
27588
28076
28565
38831
27657
28425
28145
27727
36666
28076
27029
28215
27587
28425
28355
36596
28006
27727
27517
28146
27727
27169
27726
27726
28076
28565
28007
27657
28076
27657
28076
28076
28145
27587
30031
27517
28146
28145
28704
28564
27657
27656
28146
27937
30381
28565
28565
27727
27727
28285
27727
29752
28076
30521
28006
27727
27657
28635
27937
27657
27517
27727
28914
28704
28635
27937
28216
27587
28565
28215
27727
27587
28006
28565
27867
27657
27727
27727
28076
28146
28076
29543
29123
28565
27727
27517
29543
28216
28006
27657
27727
29612
30241
27448
27168
28146
28216
27936
28076
27797
29613
27936
28355
27587
29123
28635
27936
27657
28216
28216
28146
28216
29123
28635
27727
27866
28076
28356
28146
28075
29333
28356
27936
28146
27517
27657
28076
28356
28216
29753
28146
27657
28146
28146
28146
38761
27657
28076
27657
28145
27238
27657
28146
28006
27727
28565
28635
28146
27517
27587
28564
27657
28565
28076
27168
28145
28146
28146
27657
28216
29333
28565
28635
28426
28146
29194
28146
28844
28076
28076
58178
27657
27448
28634
28076
27587
28146
29612
28076
27657
27727
28075
28076
27308
27866
28565
27517
30031
27657
28076
27657
28076
29612
27867
28076
27867
28145
29543
27936
28076
27517
28146
35340
27657
27936
28705
28565
27657
31009
28076
28076
27727
28076
38692
28146
27727
30590
29333
27727
28076
28076
28076
28216
28076
28146
27867
28076
28216
28146
27867
27937
27588
28076
27936
27727
27797
27727
31987
28216
28145
27238
27657
28146
28635
28355
30520
28146
27727
28286
27657
28216
28146
27657
27727
27726
28983
28076
28076
27727
31987
27727
28076
27657
27098
28565
28076
28565
27657
28076
30031
27657
27657
28564
27727
27587
28705
27238
28076
28006
27657
28914
28215
30101
28146
27936
27727
28215
28076
28564
27587
27587
27657
27587
27727
27168
60132
32406
28146
27517
27448
29543
28635
28216
27587
27587
28146
27727
27726
28146
28216
37295
28635
28425
27727
27587
27657
27657
27657
27727
28145
29123
28146
28076
28426
28145
27867
27238
28006
28006
27657
27936
29054
27727
28076
29124
28076
27727
28635
28565
27727
28146
27657
29054
27727
28076
29333
27657
28495
30521
29613
27727
28565
28215
27587
27657
28076
28146
28146
29333
28146
28146
27657
30311
28076
28146
28355
28146
28076
27797
27657
28145
28215
28146
27656
28146
28076
28146
27587
26819
27448
27168
28146
27867
28984
27936
27587
29123
27866
28076
27657
28146
27447
28565
27308
27518
31499
27727
31079
28146
27587
28286
27657
28495
28146
28076
27726
28076
27727
28076
28984
27587
28565
28355
27657
29054
28635
28076
27587
27727
27587
27727
28146
28006
29612
29054
27447
28565
27657
29123
28216
37295
27657
28146
28565
28565
29193
28216
28565
28216
30520
28076
27308
27517
28145
28146
28076
28146
30730
27727
29054
27657
27936
29054
28215
28146
27168
36806
28076
28216
27588
28076
27727
28146
27587
27867
28425
27796
27657
27727
28635
28565
28635
27517
29612
27726
27727
28146
28216
27657
28564
28146
28216
27587
28146
28146
27587
27447
28146
38343
27587
28076
27727
29333
27657
27587
27168
28216
28146
28146
27657
28425
28146
28844
28355
28145
27656
27587
28145
27657
27378
27726
29542
27657
27727
27588
27657
28216
28495
28216
27657
28565
29054
27727
28146
28076
28565
30591
27727
28076
27657
27587
27727
27726
27168
28145
28076
27517
27587
27307
29123
28145
28635
28216
27587
27867
30520
28006
27796
28216
28565
28076
27657
27727
28635
27657
27587
34362
28705
28426
27656
27587
27587
30031
27727
27727
28216
27657
27169
28076
27727
28495
28146
27657
27657
28285
28565
29054
27447
28145
27726
28146
27727
27727
28565
27657
27867
29124
30939
28635
28076
27867
28076
28216
27726
28076
27657
28146
28355
28565
28565
27726
28076
28146
28705
27517
27448
28076
27866
28146
28845
28076
28076
28146
28285
33873
27936
56710
29123
27657
28146
28634
28635
28635
28215
28146
28076
30032
27727
40857
28356
28355
28145
28006
27936
27657
36806
27587
28146
27727
30521
29962
29612
36317
28216
27657
28634
27517
31498
27866
28146
28705
30032
28145
28634
28425
27867
29054
28076
27587
28076
28076
28146
27727
27726
29543
27587
28635
30521
27937
27587
27657
28634
28565
28146
27726
28564
28076
28705
27517
27727
28984
27657
28146
28146
28146
29543
28565
27588
28216
28145
27866
27657
28145
28076
27657
29054
28076
27587
28564
27657
27517
27657
28495
27656
29124
27657
70539
27866
28146
36247
27936
28076
28076
28914
31498
27657
27867
27866
27657
27727
27657
30520
27727
27587
27657
35339
31918
28635
28634
28146
28565
31079
28425
28355
34362
28075
37644
27377
27657
28215
43021
28076
27796
28356
28076
27936
