3352
3352
6635
3771
3213
4190
3423
3841
3771
3352
3772
3841
3771
3841
3771
3771
3352
3282
3841
3352
3422
3352
6635
3702
3352
3771
3352
3352
6286
3423
3283
3771
3772
3772
3841
3771
3771
3353
3841
3352
3352
4819
3352
3352
3702
4190
3841
2863
4260
3422
6565
3772
3702
3911
3282
3842
3282
3772
3771
3353
3841
3352
6635
3841
3841
3701
3772
3772
3352
3352
3283
3282
3422
3772
3352
3422
3353
2863
6635
3841
2863
3282
3352
6286
2444
3282
3422
3282
6216
3213
3352
3282
3772
3283
3352
3352
3771
3283
3282
3353
3282
2933
3352
3352
2863
3772
3352
3212
3353
3352
3282
3352
2794
3352
3352
3352
2863
3352
3352
3841
3841
3422
6634
6216
3352
3772
3282
3352
6076
3422
3841
3352
3283
6216
3353
3283
3282
3422
3353
3772
3352
3422
3422
3282
2933
3841
3422
3352
3841
3841
3352
4191
3423
3841
3352
3353
3353
3352
3352
3282
3353
3353
3701
6216
3352
3701
3772
3282
3423
3352
6635
3352
2794
3352
3701
3352
3771
3352
3352
3352
7193
2305
3353
3282
2933
3282
3771
3283
2933
3771
3282
3352
3911
3352
3282
3422
3771
3283
3771
2934
3422
3701
3352
3282
3353
3352
3352
3352
3352
4260
3422
3353
3352
2933
3282
6076
3282
3283
3423
6146
6146
5238
3282
5169
2933
3353
3422
3911
3352
3352
3353
3352
3701
3283
2863
3283
3352
3352
8660
3282
3353
2794
3282
3422
3283
3422
3283
3352
3352
3772
3283
3771
3771
6216
6565
6565
3283
3353
3352
3353
6286
3352
3352
3841
3841
3771
3212
3771
2794
3353
3282
3282
3283
3353
3422
3282
3353
3353
3352
3352
3352
3282
3282
3282
3702
3841
3352
3352
3771
3352
3352
3352
6635
3701
3842
3422
3282
6076
6146
3352
3352
2445
3352
3352
4330
4749
3282
3422
3282
3283
3353
3282
2933
3352
3353
3841
2863
6145
3352
3283
3352
3353
2933
3282
2375
3352
3352
3282
3352
3353
3352
3353
3282
3352
3282
2864
2444
3352
3841
3352
3352
3282
3282
3771
3422
3422
3352
3353
3283
3352
2444
3283
2933
3282
3283
3352
3283
4749
3283
5797
2375
3283
2793
3772
3352
3353
3422
3282
3353
3352
3352
3212
3702
3422
3772
3283
3422
3352
6285
3422
6286
3422
3282
20602
2933
3282
2864
2864
3771
3352
2793
2794
3282
3841
3283
2863
2934
2933
3352
3282
3352
7613
3213
3282
3422
3352
3353
6076
6215
3352
3352
3283
6215
6145
3282
2933
16063
5867
6076
3352
2863
3422
3283
3213
3422
6145
2863
5866
5657
2864
3422
3353
6565
6146
3353
2793
6565
2793
3213
3353
3283
3213
3772
3282
2934
5796
6146
6285
3352
2794
6285
5727
6285
3283
3352
3282
2863
3283
3771
2933
2933
2863
5866
6145
3422
3283
3282
2933
2933
2794
3352
2863
2863
3353
3212
3283
2863
19625
3352
5797
2793
3282
3282
2305
2793
3213
3352
2933
2933
3352
3353
2794
3353
2793
3282
3352
6565
2794
2933
3353
3283
5727
4749
3283
3352
3282
2863
3283
3353
3282
3212
3353
2934
2864
2864
2863
2864
3352
3282
6146
3213
3282
3352
6774
3422
5796
2933
2794
2794
3282
3283
3352
3353
6705
3352
6565
3772
3283
2793
3282
5796
3422
2863
3422
6216
2864
2863
2375
3352
3283
2794
5797
3353
2794
3771
3282
3352
3282
2864
6146
3353
3352
2933
3352
5727
3422
6146
3422
2794
2793
2863
5657
6705
6146
3352
3283
5726
2864
3352
2863
3282
2933
5727
2863
3282
3353
2864
3282
5797
3422
5796
3282
3352
5657
3841
6215
6146
2794
3422
2933
3352
5726
3282
3353
3353
6705
5727
3213
5587
2864
6565
2863
3352
2864
2933
6634
2375
3282
6146
6146
5727
5797
5726
2864
2794
3282
5727
5657
3283
3282
3352
3423
2863
2864
2863
3352
3282
2864
3911
3422
2863
3352
5797
3282
5657
3352
3422
2933
3423
3283
3422
3282
5797
2863
2933
3283
3422
3282
3423
2864
4400
5238
6774
4190
3283
3352
3422
3422
2863
3353
3283
3352
3352
3353
3352
2933
3283
3353
2793
3422
2863
3352
3772
3352
3352
3771
3352
3911
3841
2375
3352
2863
3283
3283
3352
3772
2933
2863
3352
4260
3352
2933
3282
3422
3352
4260
3352
3352
2794
3702
2933
3283
3352
11943
5866
3422
2934
3423
2863
2794
3212
2374
5797
2794
3283
3283
3283
3352
3352
3911
3282
3282
3282
2794
3353
3282
3352
3841
3353
3283
3282
3213
2793
3352
3422
3282
5168
5797
2864
2933
2794
3352
2445
3213
3353
3771
3353
2794
3422
2864
5517
3282
2863
2794
2864
3422
3282
2863
3283
2793
2934
3352
6146
3352
3282
3352
2864
2794
7053
3352
2863
2793
3283
3352
7123
5657
2933
3772
3422
5727
2933
3353
5796
2374
3352
2864
3213
3353
3771
2864
3353
2933
2863
2863
3282
5727
5168
5866
2864
2864
2863
3352
2934
2933
3283
6565
5796
2863
3352
2863
4749
3282
5797
3352
3213
2794
5797
3282
5657
3283
2863
2793
3282
5727
2933
5657
7193
5726
3283
3422
5726
6145
2864
3282
2933
2864
3213
3352
3352
3282
2793
2863
2793
3422
2863
5726
2793
2933
3352
3422
2863
3283
3771
3283
3282
2793
5308
2863
6076
2793
5657
3352
2793
3282
3422
3282
3352
5587
3282
2933
2864
3352
5727
2794
2933
2864
5727
3282
6285
2934
3283
2934
2863
2864
2934
3353
3422
3353
2933
2444
7542
2863
3422
2305
2933
3283
2934
3282
4190
5238
3353
3423
3352
2793
2933
2864
5168
5727
2864
2793
2863
3352
3282
3283
3353
3423
2863
2794
6635
2864
2863
3352
6845
2863
3283
5727
2864
3352
2863
2933
3352
2934
2864
3911
6076
2375
3282
2793
2933
2933
2794
5657
5727
1955
3352
2863
2794
2864
2863
2863
2794
2863
5308
5797
3353
2864
5796
2863
2863
5866
3282
2864
2863
3352
5308
2793
5657
2863
2864
3282
2864
2863
3422
2794
5727
3841
3282
2793
5657
2933
3841
3352
2933
2445
3282
3422
2863
3283
2794
2794
