27867
28146
27587
28146
27867
33105
29054
29613
27727
28146
28635
29124
28705
28565
28844
28216
27588
33873
64813
27727
28566
28077
28147
28356
27727
27937
28146
28216
45816
28146
28076
28704
27727
27727
27727
27727
28845
28216
28146
36318
27937
28006
28076
27867
28007
28076
27728
27517
28146
28076
28007
27866
27657
28146
28076
28077
27727
28635
28146
28146
28146
28146
28146
28565
28076
28216
27867
28007
27658
27588
27937
28076
28146
28006
27588
29543
27587
35828
27588
28565
28146
28076
27727
28146
28077
28216
27657
28076
27936
28216
28146
27937
28007
31499
27657
27587
28146
28147
27937
27657
28216
29124
28006
27657
27587
28425
28076
27937
27657
28146
28146
28146
37086
28216
27727
27727
28147
27727
28076
27728
28146
41555
27727
28076
28216
31289
28146
28426
28635
28565
29612
29124
28635
28635
30032
27587
28077
28216
28146
27657
27447
28076
28147
28216
28216
28146
27239
28635
27657
28356
27657
27657
36178
27936
28705
27658
27727
28635
27657
28146
28146
27587
27728
28146
28076
28146
27658
28146
28076
27727
28076
27658
28215
28565
27727
27587
28076
27657
28077
28146
27727
28216
27657
27588
27867
28077
29612
28146
35829
28146
27657
27308
27727
27587
27587
27727
28146
28077
27657
27936
28146
28565
28007
28076
27727
27448
27658
27658
28076
27658
27517
28356
28147
27727
28565
27658
28146
28076
27727
28076
28077
28984
27936
27727
28635
27937
27866
28146
28146
27937
28076
26680
27867
27448
27658
27727
28495
70261
28146
28635
28077
27727
28216
27937
30939
29822
28076
27867
28146
28146
28426
27658
27727
27657
27657
28077
28216
28635
27588
28495
27657
27168
28076
28146
27797
28076
28216
27588
27937
27937
28565
27727
27588
27728
28146
27517
28146
47632
28076
28355
28216
28216
27727
28077
27658
28425
27587
28146
28565
27937
27727
28076
27727
28077
27588
28147
28635
28146
28147
27588
27587
27727
27587
28146
28216
27937
28146
28635
27728
28076
27727
27727
27727
28076
27657
27796
27657
76546
28146
28216
28146
28077
27727
27937
29193
28216
29054
28635
28077
27587
28077
27658
27727
28076
28356
28146
36946
28147
27587
28147
27727
27657
28635
27657
28077
28356
27727
27727
27587
27727
28007
30521
27587
28146
28705
27937
28216
27517
28635
29613
28146
27588
28705
28076
27657
28007
27867
27657
27657
27657
28216
27518
28146
27727
66838
27588
27657
28076
27657
27518
27657
27657
28146
28425
27657
27657
28216
28216
27658
28076
27587
28146
27867
27866
28635
28146
28565
28146
27657
64393
27937
27867
28146
28076
27587
36807
28146
27937
27657
28565
28076
31987
55664
28635
28146
28076
27587
27658
28565
29054
27657
28147
28077
28146
36667
28635
36318
27588
27657
27588
27866
29823
28076
28076
28146
27866
27728
28076
27657
27727
27936
75778
28076
28007
27936
28495
28146
44768
28146
27658
28146
27657
28146
27727
28635
28076
28076
28076
28146
28146
27657
27727
28635
28146
27588
28146
36318
27658
28076
27867
28146
27657
27657
27867
27587
27378
27587
28146
28356
27657
28216
27936
27937
27658
27727
27728
28146
28146
29124
27727
29124
29543
28146
30032
27518
29054
28146
64394
39251
29543
29054
27587
27727
27098
27657
28216
36248
27727
27518
28635
28076
28146
28076
29613
28076
27588
30381
28565
28146
27727
28635
28007
28076
28844
28077
28635
27727
28425
27657
27657
27727
30520
28146
27936
28635
27587
28146
27587
27447
28146
28146
28216
27937
28076
28565
27587
28076
28565
27587
28146
28006
27727
28146
27587
27727
27727
28426
30031
27937
28076
28216
36108
28215
28077
27587
27657
27727
27657
27727
28635
27657
28076
28076
27658
27657
27727
28635
27727
28146
28635
28076
28076
28146
28565
28146
28146
28146
27727
27937
31498
28146
27727
36666
28076
27937
27727
27797
28077
28146
28146
28076
28426
27727
28146
30032
28146
28076
28146
27657
27727
28076
28076
28146
28076
27658
27658
27657
28077
27937
28216
28355
27657
28216
27657
28076
27587
28356
27936
27727
28076
27587
27587
27727
28077
28146
27937
27867
28565
28146
28077
27587
28565
28216
27867
27658
28635
28077
27587
28146
28146
27657
27657
27588
27657
28146
28076
27727
28146
28146
28216
28146
28076
27517
27587
27658
27727
36177
28565
28216
28146
27937
28216
27448
37156
27657
28565
27657
28495
28077
35759
27448
37785
28076
28635
27657
27587
28146
28216
27657
28495
28146
27658
28076
28146
28565
27588
27657
28635
28006
28146
37714
28216
27727
30101
27657
28076
28216
27587
27797
28007
28565
28635
28146
28216
28146
28076
27587
28216
28426
28356
27727
28077
27657
28146
27727
28076
28076
27657
66698
28146
27657
28426
28216
28635
28215
28146
27937
28146
28006
27657
27658
42394
28146
28006
27727
27727
27587
29543
28216
28077
30521
27448
28216
28146
28566
28146
27657
28565
30311
28006
28007
28076
27657
27657
28705
27657
27657
28146
28146
28146
27587
28565
28216
28216
28565
27588
28984
41904
27867
27657
27936
28146
28146
28076
27727
28635
28146
29474
28495
28147
28076
27866
28146
28146
28425
27728
27657
27658
28216
28146
28565
28146
65372
28146
27727
50985
28147
27657
28216
28146
27588
27936
27727
27587
27587
28216
27936
27727
27727
28565
28146
28356
27727
28286
27937
36527
27587
27588
28216
28076
28077
28146
27727
28146
27587
27588
27657
27936
28216
27727
27587
28076
27657
28077
28146
27658
27587
28076
27727
28146
28146
28076
38553
27657
27657
27727
28006
28565
27937
28216
27937
28215
27727
28705
27587
28146
36178
28146
28635
30241
27867
27937
28146
28077
27727
27867
27657
28076
35759
27727
27727
28077
27936
27657
28216
28076
28146
27867
27727
27727
28146
27657
28146
28146
27657
30521
27727
28146
27727
28216
28216
28146
27866
27727
28565
28146
28146
28635
27657
27727
28076
28216
28216
28496
28146
31010
29543
27657
27587
28635
27727
28496
28426
27727
28076
28076
28146
27866
28216
27727
28076
27517
28495
28216
63416
28216
28146
28076
28146
28146
81855
28076
28635
27657
27658
28216
28147
28076
27657
27658
27587
28146
27727
27727
27727
31219
28565
27937
27657
28146
29543
28216
28146
28076
28635
28006
28495
27658
27657
28216
30102
27657
27727
27867
27727
28146
28355
28635
28007
28146
27866
28565
27588
27657
27587
27587
28076
27727
35270
28076
28356
27936
28565
28076
27727
28147
27657
27867
27727
28146
