25773
26191
26191
26191
26191
27099
26192
26680
26610
26191
26262
25772
26191
36249
25773
25633
25772
26261
34642
26261
26191
26192
26052
28077
33874
25773
26331
26261
25773
26401
26541
27239
26750
26191
26331
25982
28147
25772
26192
25772
26261
25493
25703
26261
26401
26192
26611
25703
26192
26261
26331
26191
26191
26890
26261
26680
25702
25703
26191
26610
25702
26051
26261
26400
26262
26331
26191
26191
26121
26191
26331
26611
26191
26331
26541
26121
26051
26122
25912
25842
25772
26191
25842
26681
26681
26191
26121
26121
25842
26261
25772
25842
25702
28566
25703
25632
26191
26331
25772
26191
26261
26540
26261
26191
26191
26331
25772
26122
25772
26470
26611
25703
26191
26191
26400
26261
26191
26261
26121
25772
25911
26122
26331
26262
25772
26261
26191
25912
26331
32897
26121
26331
26122
25772
26261
26261
28077
35270
26401
25772
26261
26191
25772
25772
25702
25772
26192
26191
26121
26122
27029
25843
25982
26191
26261
26122
26051
26680
26261
26191
29125
27239
26192
26122
25284
25982
25703
26121
26122
25842
26261
25773
26750
26540
25632
25703
26122
25773
25772
25842
25772
25981
26191
26680
25772
26121
25772
26540
36319
26191
26331
26261
25772
26262
26261
25772
25842
26261
26680
25842
34782
25772
25772
26122
26261
25703
25702
25353
25842
26331
25632
27658
26750
25982
25773
25283
25702
25703
25702
25703
25562
26261
25772
26191
26051
25772
26400
26261
26331
26401
26191
26262
26191
26331
26192
25912
26261
26262
26261
26191
26192
26750
26750
25842
25842
33874
25633
26191
26750
26261
26261
26540
26121
26330
25702
25912
25772
25773
26261
26331
25842
29195
26261
26261
25703
26121
25842
26122
26191
26191
26121
26192
25702
25632
25772
26611
26191
25633
26680
26610
26051
25773
25772
26749
25773
26680
26261
26191
26192
26191
26192
26610
26261
26191
26261
25283
26261
25702
26261
25632
25981
26471
26261
25772
26261
26261
25772
26261
26191
26262
25773
26331
26191
26261
26610
26261
27239
25842
26191
25702
26261
26191
25912
26680
25772
25772
25703
25772
25772
25842
25772
26191
26680
26191
26121
26331
25842
26191
26401
35340
26680
25633
25353
25842
25842
26192
25702
25772
26191
26191
26611
26470
27239
26680
26192
25702
26051
25773
26191
26261
25772
26750
26191
25842
26610
25772
26470
25842
26121
26610
26191
26331
26121
26680
26191
25702
25842
26261
26261
25842
25982
25773
26681
25703
25702
26331
26261
25632
26331
26401
25842
26820
26680
25842
28566
25912
25702
26192
26051
25702
25702
25492
25772
25841
26261
26610
26261
25772
26331
26121
26330
26121
26331
26191
26191
26121
25773
26750
26261
26610
26331
25912
26191
25702
26540
27448
26331
28705
25912
26261
25772
26330
25772
26121
26191
26191
26191
26191
25981
26889
25702
25842
26261
25702
26959
26192
26261
25842
26191
26191
25702
46515
26122
26192
33175
26750
25703
25912
26191
26261
26191
25911
26122
25842
26820
69215
25911
26122
26261
25702
25772
25982
25562
25842
25703
25772
26261
26750
25842
34363
26680
26541
26680
26261
26191
26331
26121
25353
25703
25702
25632
26121
26540
26192
26261
26191
26192
26261
26680
26261
26122
26052
26191
25772
25772
26261
26261
25772
26261
26610
25842
26191
26191
26261
25912
26191
25492
25842
26052
25702
25772
25703
25703
25773
26680
26470
27099
25982
26820
26191
27099
33874
25912
26610
25702
25702
25982
26051
26121
26122
26122
25772
26191
26261
26191
26261
26051
26052
26192
26121
26261
25772
26610
25702
26122
26121
26121
26191
26121
25772
65373
25772
26261
26261
25982
26191
26610
25772
26191
25773
34992
26611
26680
26680
26191
26121
26121
26680
26261
26121
25772
26191
25912
26191
26261
26611
26331
26261
26121
26191
26191
26122
25842
25982
26191
25842
25772
25772
25982
26540
25772
25632
25633
25632
26750
25703
26330
25772
25982
26191
26191
26121
26261
26331
25772
25772
26261
26261
25493
25842
26122
25842
25772
26121
25842
25772
26122
26191
25702
26121
26610
26191
26191
26122
28356
26121
26610
26261
26121
26331
26331
26750
26680
25981
26261
26261
26191
26331
26191
26121
25842
25353
25772
26191
26261
26331
25702
26331
25772
26331
26191
26261
25842
25772
26191
25772
26121
26261
26122
25702
25772
25773
25772
26261
25353
26261
26471
26191
25842
26610
26261
26121
26191
25702
26680
26331
25842
26261
26191
26051
26680
26191
25842
26261
25842
26750
26261
26191
25842
26750
25842
26261
26052
26191
25702
26750
26121
25563
26121
26261
26122
25633
26261
26191
26331
25353
26610
26192
26331
26680
26331
25702
26260
26261
26261
26330
26261
26261
26470
26750
25842
26470
25702
25772
26121
25702
25772
25981
26191
26121
25633
26191
26261
26261
26191
26121
25772
26261
26121
26191
26680
25982
25703
26191
25842
26261
26610
25982
26052
26121
26122
26192
25702
26192
26191
25842
25563
26331
25842
25772
26261
26121
26261
25842
26261
26261
25842
26331
25703
26191
26331
25633
26191
26261
25772
26470
26191
26191
25702
25842
25772
26331
26191
26680
25702
25703
25632
25772
26122
26121
26121
25772
26191
25982
26820
26261
26191
25772
25772
26261
25842
27868
26191
26610
31010
26191
25842
25493
26331
26680
26261
25772
26261
26051
26261
26680
26401
25772
26750
26610
25772
26121
26261
25842
26331
26331
26610
26261
25772
26261
26331
25633
26330
25702
26330
25702
26680
25841
26121
25982
26331
26191
25772
25632
25632
25703
26121
25842
25772
27379
26191
26331
26191
26470
25772
26331
26191
26331
25702
26191
25703
36877
25702
26749
26191
26191
26330
26610
25841
25772
26191
25842
26192
25702
26121
25632
26191
26052
26680
25842
26261
26330
26750
29054
25842
25772
26261
25841
26679
26121
26540
25772
25842
25632
25772
25702
26540
26261
26400
25353
25772
26261
25842
25702
26191
26121
25772
25702
25702
25842
26680
26401
26051
26261
26121
26052
26261
26610
26261
26121
26191
25563
25772
26749
26121
26191
25702
25702
26330
25982
26121
25842
26191
25982
26750
26261
26121
25772
25912
25703
26191
26191
26261
25772
26749
26261
26191
25772
26261
25702
25702
26122
25772
25772
25632
26610
26260
26191
25703
26331
28217
26191
25703
26680
26122
26191
25842
26191
25772
26121
26471
36109
26610
26261
26192
26191
28705
25703
25703
26191
26191
25981
26890
27099
26680
26122
25702
25772
26680
26191
