23815
23397
23257
24025
23816
23886
23327
24305
22908
30101
23816
34292
32476
32476
40507
30102
24025
22907
23187
23396
22978
25702
28984
28146
29612
27238
27237
25353
24235
23816
26889
25143
34361
33175
32895
31708
27657
27308
24724
31498
23815
24724
41905
27098
23815
24654
25282
25143
24723
24025
26330
24793
23188
29613
22978
23257
23537
30101
29822
24235
24305
22907
22978
23816
23397
22978
23746
23396
23467
27168
28145
30521
23885
24095
24304
23676
23047
21930
23397
22978
33384
26539
27238
23886
23746
24445
23397
23256
31987
23396
23187
22837
24025
22978
23536
23187
24444
22768
22977
23326
23885
33873
22908
23047
25212
23257
22419
25702
28705
23816
32406
23257
24305
23746
23327
23467
23885
23327
23467
23396
23397
23187
23746
28076
23885
25701
30520
23327
23397
23886
23466
23745
23327
22907
22977
30939
23676
23047
23327
23117
24234
23537
23466
23326
23676
23396
23886
23257
23466
23815
23885
23397
23397
23676
23117
24025
38621
23815
23886
23397
23467
23606
23257
23467
22908
22978
23396
23327
23466
23048
23257
23466
23885
24375
23327
23955
22768
22978
43301
22908
23257
23466
23466
23606
23396
23816
23466
23257
23257
23466
23606
23536
23676
23187
23886
23047
23187
23396
22908
23257
46304
22838
23397
22908
22977
31707
22838
23467
23327
23397
22978
23467
23397
23606
23257
22768
22977
22908
30730
23396
23397
23397
23257
23536
23257
25072
24724
22488
23746
23536
24724
23746
23816
23816
22768
23396
22977
23327
28355
24374
23886
31708
22977
23257
23397
22978
23187
23746
22349
29613
26120
23257
23536
23327
23118
24304
23606
27238
23745
23327
23397
23467
23326
22908
22977
22907
31917
22978
23048
23816
23326
23257
23816
23396
23327
23327
23257
29054
23257
22977
23187
22907
23047
31079
39670
30032
23187
23327
23257
23886
22978
22768
25352
40438
28705
24304
34292
31498
27168
23187
22907
31498
33943
29542
36667
22838
24304
22838
23467
27727
23606
23886
23256
23396
23676
23187
23397
23467
30311
22908
23257
23327
23466
23746
22768
23187
23536
27727
23117
23746
23327
23047
25212
23536
23885
23467
25841
23396
24794
29054
31359
42533
42463
33384
31079
36806
28145
29123
34432
31917
30031
34291
37155
34362
32476
28635
29054
33664
30869
29054
30521
28984
30311
27937
41625
27657
30590
32267
28844
30590
29054
28844
33873
35199
28565
28146
29054
38063
33384
29543
31010
29124
33873
33803
29961
27727
23676
23536
23536
23326
23327
22838
62927
26679
25771
22838
23327
24724
23956
25143
23815
24165
25841
23816
23955
23047
23886
23816
22768
23397
27588
23187
23118
34362
24374
35339
29123
26819
33384
45466
27168
22978
23327
23746
23327
29054
23815
26888
32406
31707
28984
31498
53987
30591
25282
24304
28565
23886
23047
23397
23467
27587
22908
23257
22978
23467
23746
23466
23396
27657
23047
24863
24863
22488
23257
23187
23257
23467
23885
23396
23396
23466
23467
23955
23396
23257
23467
22908
23257
23327
24304
23606
23396
23257
23885
22489
24025
23396
23327
23816
23885
23327
23326
23327
22837
23047
23327
22419
24234
23886
23886
23257
23187
23885
23187
23326
24723
23885
24026
23886
23396
22768
25701
22838
22908
23746
22838
23816
24165
23327
23397
24165
24165
23815
22768
23745
24304
23397
23467
23815
23467
23397
23536
22977
22977
23187
23746
24305
23397
23746
23326
23885
22978
23257
23257
23396
22978
22978
22978
22908
23327
23956
23257
23466
23746
23606
22908
23396
22768
22977
23327
24723
23187
23467
23187
23955
23466
23396
23327
23327
23257
24235
34781
29333
27448
44908
30032
23815
28565
31987
28355
32895
28564
26260
26260
28635
27168
24934
26609
37923
29333
28565
25771
24863
25911
24933
29543
24025
25980
26679
30451
35619
30520
34361
33873
32406
26749
27587
27656
26469
34292
26190
29892
26469
26330
24235
25072
27587
34292
31009
24375
24724
27587
27657
24234
24374
24374
27657
31009
28565
29892
31219
32895
27168
25981
25981
24793
29124
29613
25492
29961
23676
30102
25003
25352
23746
27517
31707
29473
23815
24164
29193
29053
26679
30730
39530
32266
30101
34780
28146
33453
39111
30032
28146
28076
28635
25631
31009
32895
73333
42882
25702
28635
31917
31637
24794
28565
28635
29543
35689
30032
27587
32476
30032
26540
27029
26121
33244
26680
30031
27587
34361
34292
33872
28565
25841
28076
31499
31917
24863
33384
34990
29613
29543
25980
28076
30311
26679
29612
35269
24374
26400
26191
29124
36666
31987
46304
27587
27657
27168
33803
31010
29613
37155
26959
31429
40578
23816
24235
23257
32686
24723
27727
30102
34292
28146
24305
27727
27168
24305
32965
35549
35828
31009
41416
27726
32686
29054
25701
23396
29054
31987
33384
33594
30031
32685
38552
31009
30102
27727
32895
44977
33174
39879
82691
33314
32406
36248
36527
31009
32895
37155
30520
34571
31429
31010
28565
30800
35619
31498
30101
32406
31917
38971
32197
31428
32964
31987
42743
31498
31010
35479
31847
31917
31917
33314
37784
35269
27517
30451
29543
27168
29961
25771
65371
77384
31917
29124
26749
27238
28845
64603
34781
28565
42253
25701
33593
30450
26191
26120
28076
24444
32476
28145
36248
28845
29333
30032
32964
36946
30521
31218
33803
25841
66348
26679
32406
32406
32406
33384
27587
36177
32406
26330
35758
30032
42813
35968
41974
32196
27866
24864
24444
26190
34780
31708
31987
29542
28565
32895
50914
38552
35270
28216
28146
23676
23746
27657
26609
30102
26609
31987
26330
28704
27099
24863
28356
32895
29123
28216
25841
23886
24374
24794
31917
31009
27727
26051
25003
27657
26958
27587
25352
23397
28076
27168
25143
30102
27447
30031
29613
30520
29054
30311
26190
26330
24165
23955
28565
30521
37575
31987
30939
25841
25283
30520
30521
24723
29472
24515
23257
23466
27657
28844
32476
24724
28076
24444
24654
26819
26610
25701
27727
23257
26679
25701
27657
25771
24305
33384
26610
24863
27727
25841
25003
31498
23816
24374
24026
28146
31707
29054
29123
25213
29543
26121
25771
29054
23396
24444
27168
28844
30032
29054
30939
58596
30032
30451
35479
24304
33384
23815
34851
25911
24235
28565
25491
25282
25352
25772
25841
24444
24374
27588
46863
26190
24864
23886
29612
87231
32476
24724
27657
37714
33803
34082
32965
28635
27238
26749
25701
29193
31918
74032
25282
26260
25283
25772
27657
28845
