14317
16831
14387
16273
16273
15924
17111
14876
14806
20393
16762
15993
15365
14946
14666
15085
15854
15155
27657
16552
17600
14807
21161
15505
15854
15086
16133
16133
15086
24724
17530
14177
15993
16133
14736
15155
15155
14247
13898
17670
16483
14667
18298
14666
15295
16272
17181
16622
18158
16272
15644
13689
16972
14736
17111
15365
15784
14177
17111
14946
14457
14108
16831
13968
14597
13968
14107
14946
14037
17041
14317
13689
13829
13828
14317
14248
14667
13968
14457
14317
14178
14177
16972
13898
13968
14178
14108
14177
13968
46304
14318
14456
13898
13898
13899
13828
14456
14317
13898
14387
13899
14387
13829
13899
13968
14177
21441
13689
13898
14108
13898
14038
14387
14317
13899
14317
14247
14317
14247
14177
14387
14387
14317
14387
13968
14387
13968
14248
14178
14247
13340
13759
14247
13898
13968
14457
14177
13968
14457
14247
14597
16342
14247
14248
14178
13898
14317
14317
14876
13968
14457
14038
13968
15085
14107
14178
14667
15644
14247
14178
14107
13898
14666
38552
14387
19066
14247
13968
13688
15225
14387
14247
13899
14317
13968
15155
13898
14387
13968
14247
14247
13898
14247
14317
14387
14317
13688
14178
14247
14108
13898
14667
13968
14248
13968
14247
14457
13968
14248
13828
14317
14388
14596
12920
14317
13899
13828
13899
14457
13689
13688
13758
13829
14317
14387
13829
13898
14317
16971
15156
16202
15365
14247
14387
13689
14178
14107
13968
13689
15714
13899
14387
14178
14317
13968
14736
14178
13759
13898
14876
19625
14456
19066
14317
14667
25282
14247
14248
14457
16203
14177
19975
14177
14387
14248
14457
14247
15783
15575
13828
14247
14178
13898
14457
14177
14387
14177
14317
13968
14456
14457
14457
20603
14317
14317
14876
14247
14248
14387
13898
13689
14107
13968
14457
14108
14317
13689
14248
13968
14736
14387
13968
14248
16622
14178
13968
13828
14248
13689
14387
13689
13898
14875
14317
13968
14387
14737
13689
14108
14318
13828
13758
13968
14876
14247
16203
14317
14038
14457
13898
13898
13898
13340
14387
13968
14457
14178
13759
13968
14178
13898
14247
14247
14457
14038
14248
13968
13758
14387
14387
13689
13828
13829
13968
14457
14457
13898
15575
13968
15924
14247
14457
14248
13968
13899
13689
14247
14247
15295
13689
14387
14946
14387
13828
14387
14318
13968
13758
13759
14177
13968
13759
13968
13758
13759
13898
13898
14317
14388
14107
14457
13689
14736
14317
14317
14178
14387
13758
14875
14527
14248
14317
14387
14318
13828
13758
14178
14248
13898
14038
13899
15155
13968
13758
14177
14248
15225
13968
14387
14178
14248
13758
14248
13898
13899
13968
14946
13829
14247
13968
14736
13968
14108
13968
14108
14248
14178
14876
14387
13898
14178
15784
14317
13968
13898
14108
14317
13898
14666
14247
13689
13968
14736
13968
13968
14177
13898
13828
12920
16971
14387
14317
13899
14387
14387
13968
14108
14247
14388
13828
13619
13758
14387
14247
14178
14387
13898
14108
14177
13968
14387
13968
14248
13758
14108
13968
13829
13828
14177
14457
15714
14387
13898
14457
14457
13968
13689
13758
13968
13828
14387
13968
13968
13898
14317
14178
13898
22279
14317
14736
14387
14876
14317
14248
13828
14875
13968
13828
13898
14108
14387
13899
14736
14247
14248
13968
13759
14317
13758
14108
14317
14387
14247
14038
14387
14317
13829
13968
13758
13829
14248
14108
13968
13689
13759
13968
13829
14387
15644
14317
14177
13968
13968
13758
14177
13898
14387
13828
13759
15365
14317
14177
13898
14177
13828
14177
15644
14596
16063
13758
13828
14666
14317
14178
14666
13968
14177
14107
13759
14248
14177
14108
14038
14387
14247
14666
13549
16203
13898
13968
14317
13828
13689
14178
14318
14247
13898
14178
14806
14317
13968
13828
13898
13828
14247
14597
13968
13828
14457
13968
13968
14247
13759
14247
13968
13828
14247
14457
23047
13688
14247
14177
14247
12781
14248
14177
14177
13689
14317
14247
14387
14387
13899
14387
14387
13898
14317
13829
13758
14247
14178
14457
14318
14317
13968
14178
14247
15155
13899
14178
13968
14107
23466
13828
14107
14107
13968
16342
14107
13829
13968
14108
14248
14178
14318
14387
14317
13968
14387
15365
14247
13968
13828
13828
13898
14457
14806
13759
13898
14736
13759
13829
14247
14387
13270
17600
19066
14387
13968
14177
15435
15225
13758
14247
14597
14457
14806
15644
14108
16273
13968
19416
14038
14247
14178
16552
14247
14247
13968
13828
14247
14736
14457
13409
13828
13828
14177
13968
14248
14247
13759
15155
14317
14387
24863
13828
15155
13898
14596
15644
18088
15714
18507
15645
14736
14177
16342
14457
14177
14387
12781
14387
13898
14666
19556
16552
16063
16622
14736
15155
14247
14247
14457
13758
15714
14457
14737
14178
13968
14806
14387
13968
14247
14318
14388
14248
14876
13759
13898
13759
13758
13270
14247
13968
14876
14247
13968
14736
14387
14388
14247
13828
39599
14178
15015
16272
14876
16203
14876
14318
14247
13688
13968
16901
13619
13898
20394
15225
14178
14317
13759
13829
13898
13829
17251
13828
13689
13968
15784
13829
13968
14457
14317
13689
15644
13759
14736
14317
15574
16622
16342
14666
14038
14596
14666
14806
14317
13828
14317
13968
13828
14387
14247
14318
13758
14387
17181
14178
14108
14387
14178
13688
14178
14457
14178
14666
13758
14178
13899
13899
13828
14527
13898
14177
14387
14318
14457
14736
14317
14177
13898
16064
16063
24654
14177
13968
14177
14247
14247
14247
13758
13689
13898
14247
14178
14318
13689
16552
17110
15714
14666
14666
13968
14946
19904
15156
16622
14247
29612
16133
13758
14806
14248
13828
14108
13898
15854
19067
14248
13898
15295
18018
14736
14457
14248
13898
13688
14457
13759
14247
14945
14318
14178
13758
13828
14317
14108
14248
14318
14596
13968
14247
14457
14667
14247
14876
13759
18578
13759
14177
13828
13968
13829
14667
14178
14247
13899
14178
22628
13829
13758
14248
13898
13898
14457
14387
15714
14596
14107
15784
14387
19555
13968
14387
13898
14177
14178
14387
14247
14317
14527
14248
13899
13759
13689
14247
15644
14457
14177
14317
13759
13968
13898
14317
14038
18019
15644
14736
14387
13968
13688
13758
13968
14317
13828
14247
14108
17670
14247
13899
14318
14247
14457
14876
14247
14178
14247
13968
13898
13898
14177
14178
13968
13968
14807
44419
14457
14247
14387
13828
