21441
20952
20952
20882
25352
20952
20882
24025
26749
28983
22907
20602
20882
20603
20533
29543
24095
25772
21022
21511
21441
20952
21302
22838
20883
20952
22978
21372
20882
20393
20603
20882
20603
21581
22907
23955
21022
22419
30520
21371
20882
20742
20533
28705
20673
20463
24793
21371
21371
20952
24444
25841
22489
25073
26749
23327
23676
23327
22978
27448
25352
24444
21442
20812
21161
20882
20743
20812
20044
20812
21511
21022
21511
20533
22838
21231
24374
20672
20952
20952
20603
31009
21441
22210
20393
20394
20952
20464
20533
22349
20673
21022
21232
20323
20603
20393
21371
20812
21441
22279
20882
20533
20673
22838
21022
21441
21022
20533
20743
20603
21441
21371
22349
20882
22559
20882
21022
20882
20394
22488
21022
20882
20883
20393
20882
20463
21022
20603
20393
20533
20533
43161
21441
20882
20882
20882
21232
20812
21441
20603
27657
23326
21791
22000
21371
20673
22488
25283
23746
21092
20812
21022
20603
25422
25422
21651
36946
21371
22419
20603
21861
21022
28634
29403
23397
22000
21022
20882
21022
22000
21441
20603
21930
26191
21371
23955
21511
25352
22419
20533
22908
21511
28076
20464
30520
21092
21022
25771
22070
21999
20952
33873
20533
20533
22908
23257
21022
21999
25771
31917
20114
24794
20882
27726
24863
22210
23955
23257
20394
20812
57688
21022
20672
21022
24793
22349
20533
22349
20882
22978
33802
20672
21022
23815
27727
21860
21511
44419
27098
20603
20603
27657
29124
23816
22837
28145
22000
27168
32476
23397
25771
21092
20882
21092
20882
21511
21511
20463
22838
29543
21092
27587
21511
20463
20882
21022
23467
21022
20603
21511
20812
20393
21301
32895
20533
20602
25282
24723
20533
20394
21022
20952
20115
20603
20533
28076
20883
20952
23885
21441
24793
30102
21092
22488
24724
29333
21162
20603
20952
20533
21511
31428
21511
20952
20533
20812
20883
20812
37784
19207
20393
21511
20323
21092
20952
25771
21511
20533
23606
23257
22559
22628
24863
23467
21930
21651
21860
22279
20463
24793
21022
30520
21371
20394
20603
22768
21022
20673
21372
27726
21511
22489
21999
25282
24305
22489
21022
20673
20952
20464
20463
20952
20323
20882
21441
24025
44907
20463
21441
22070
22349
23815
21022
23886
21022
20393
24654
21022
20603
25492
21581
21162
21231
20882
24794
21022
21162
22837
28565
26191
23397
28495
22279
22977
21441
21860
21091
20952
20673
28146
20533
25841
30381
25771
23327
21930
23397
21022
20603
21441
21092
21860
22838
30521
21441
21860
23536
22558
21092
24165
20812
20952
20533
20882
20533
20882
20602
20952
21022
20463
20463
20603
21930
20324
20533
20324
20952
20743
21161
21092
21511
20603
20393
20533
28146
20882
20463
20812
20603
20952
21022
22628
20603
21092
20952
20882
20883
20673
20603
21091
21441
20952
20533
21510
20883
21302
20393
20812
20882
20952
21022
20464
21022
20673
20534
20324
20533
20883
20602
20533
20533
20534
20882
20882
20533
21441
20393
31917
20603
28704
20463
20953
20393
20742
21092
20603
20323
44628
20324
20394
20463
20394
20463
20882
22907
21301
20812
20952
20952
21022
20882
20603
20882
20882
20883
20464
21232
20813
29613
21161
20673
20672
20952
21022
20603
20952
20603
21022
20952
21022
20603
20952
20743
20184
20533
21721
20882
21022
19486
20952
20534
20533
20673
20813
21022
20533
20673
21022
21022
26260
26190
28076
24723
22418
24584
20533
20952
20533
20952
20673
20533
20812
21022
28076
21930
25213
27587
20464
21441
21161
21092
21302
20813
21511
45675
21860
20463
20114
21022
20603
20952
20533
21022
20393
21022
20533
21022
20952
21022
20673
20603
20533
20463
21022
21510
24864
21371
20603
20533
20672
20882
21022
20883
45187
20463
20883
23466
20114
20882
29542
21580
20673
20603
20673
20463
20463
21161
21441
21511
20882
22908
22279
20603
20672
20533
21022
20463
20393
23257
20533
21441
20464
20673
20463
20393
20813
22908
19975
21022
20952
20464
21930
21092
20393
21441
21790
21022
21092
20882
20882
20534
21791
20882
26120
21022
20394
19136
20533
20533
20603
21441
21441
21092
21022
20673
21511
21161
20533
20953
20533
20533
20952
20533
21091
20603
20952
20463
20602
20603
21022
20882
52380
20812
21092
20952
20813
20463
20812
21091
20952
20952
20952
20463
20742
20882
20952
20952
20394
21092
20603
20393
20882
20323
31009
20533
20952
21022
20603
25282
20394
20464
21581
22489
21022
21022
24793
23397
27168
22628
29193
37225
22978
22768
26121
23326
21651
26609
23466
22349
21511
21999
25213
25352
21302
24234
25701
23745
21999
21022
29612
23326
21092
21999
20463
20184
47072
20534
20882
25352
26190
20813
21092
29543
20463
20743
20463
20603
21511
20463
20953
20952
21441
20533
20533
20393
20812
20324
20603
20673
20882
20602
22419
21511
21860
21022
20393
21022
20813
20533
21511
21022
21930
50494
21371
21930
21581
20742
20882
21371
20882
20533
20603
21580
20743
20952
21371
22000
20603
20812
21091
20952
24304
26051
20533
21232
20603
21092
20952
20952
20464
22070
21162
20952
20952
20394
20603
42952
29124
20882
20882
21232
21092
25212
20463
31498
22280
21930
25631
24653
21999
28146
20672
21580
23397
20533
48749
21162
22349
28076
24863
20672
20463
22628
20533
21441
26679
23815
26469
20463
21022
20114
31498
20533
20882
26819
24863
21162
21161
21022
20673
21930
25212
20952
20393
20463
27726
25771
20602
24374
21371
25422
25352
26190
22908
21022
22489
23466
22070
29822
25841
21651
20813
20603
20533
20882
28146
26190
20882
21371
21022
20952
21511
31918
23256
20603
21022
23397
22418
20952
20882
19486
20463
20603
21022
21092
21511
27168
21371
21651
20533
20393
20533
21091
22698
24863
21999
27098
20603
20463
24304
21860
20882
20254
20464
21022
29473
23397
20254
21162
20673
21371
24794
20323
20882
21022
21022
20882
20533
20743
23676
20883
20463
30939
20672
20812
20743
20603
20324
21371
20603
21231
35758
21022
20952
21092
20812
20533
20533
20533
20114
20463
21930
20882
20603
21022
20533
20533
19625
21022
22768
22349
22279
33803
20673
21301
21580
23048
26609
32406
41974
21022
29962
25701
21860
20533
20673
23327
21441
21441
25841
22698
25282
25841
22768
34851
24724
21511
27168
40368
21302
22139
48889
25492
21371
21930
26330
26190
27517
26959
22908
22908
21581
23886
23047
24375
21511
21511
21371
24374
52100
