23814
26259
24234
23395
24233
23255
23885
23815
23885
24234
23884
23744
23605
23256
23325
23466
23465
23256
23885
23466
23955
23814
24234
23256
32474
23326
23675
23885
23815
24024
24234
24234
24374
23745
23465
23395
24374
23815
23605
23744
23745
23745
23606
24303
23955
23396
23256
23675
23675
23465
23117
23326
31008
23396
23395
24304
23744
23396
23954
23395
23466
23884
23815
23814
23256
24373
23606
23256
23605
23395
23815
24304
23675
23745
23606
23396
23465
23884
23326
23745
23395
24303
23256
23605
23605
23465
24653
23536
23396
23815
23396
23745
23465
23815
23814
24303
23884
23814
23466
23465
23675
23745
23395
23256
23256
24303
24303
23815
23814
43788
31497
23395
24025
23745
23814
23396
23326
23396
23745
23326
23744
23815
24304
24583
23745
23256
23954
23745
24234
24233
23326
23396
23675
23325
44347
23395
23745
23884
23186
23256
23466
23814
23954
23326
23396
23675
23885
23535
23465
23885
23326
23815
23395
23814
23745
23605
24094
23884
23326
23326
23326
24862
23884
23815
27097
24303
31427
24163
23675
23744
23256
23396
26748
23815
24373
23885
23396
23745
23815
23885
23815
23815
23745
23745
24374
23326
23884
23744
23814
23396
23884
24373
23814
23814
31008
23885
23396
23395
25630
23326
23605
23884
23465
23744
23745
23256
23745
23675
23884
56359
23396
27586
23395
23884
23884
23536
24373
23884
23255
23744
23675
23745
23326
23815
24862
23675
23326
23814
23395
23814
23744
24303
23744
23815
23814
24233
31707
23885
23744
24233
23395
24164
23396
23256
23395
23745
23675
23326
27376
23466
24373
23885
23884
23325
23814
23675
24233
23815
23675
23745
23885
23815
23465
23814
23605
23396
23954
23884
23884
24024
23954
23954
23745
23955
23326
23885
23744
23884
23814
23395
24164
23814
23325
23396
23745
23395
23814
23885
23884
23745
23396
23326
23815
23884
23396
23954
24234
23954
23814
23745
23465
23885
24094
23954
24303
24025
24233
23605
23396
24164
23395
24373
23815
24373
23605
23255
23745
23815
23396
23814
23395
24862
23395
23814
23396
23745
23954
23884
23954
23815
23465
23465
27097
26678
24443
23884
23885
23395
24163
23814
24233
23396
23885
23815
24094
23396
23885
23815
23814
23675
23815
24513
23465
24373
23884
23396
23745
24233
23744
23466
24444
24094
23396
23326
23255
23954
23884
23395
23955
23885
23814
23815
23256
23326
24024
23675
23884
23256
23814
23884
24443
23884
24164
23884
23884
24304
23675
23885
23256
23814
23885
23744
23605
23815
24373
23954
23885
23884
23885
23326
23396
24373
23465
24164
23745
24164
23675
23884
23396
23744
23884
23884
24792
24373
23465
23884
23745
23815
23815
23954
23814
23605
23884
23954
23675
23814
23885
23396
23814
23605
23955
23675
24373
23745
24583
23466
23884
23466
31077
23814
24024
23605
23814
23885
24234
23325
24024
24304
23744
23744
23885
23884
23814
26678
23955
23745
23884
23745
25700
23395
23884
24793
24303
23535
23326
23745
23814
23884
23955
23884
23675
24233
23955
23744
23884
24234
23814
23815
24234
23465
24024
23675
31986
23466
23605
24164
23745
23814
23465
23256
59921
23396
23885
23465
23885
22907
24233
23745
23815
23605
23675
23395
24234
23745
33382
23395
23605
23396
23885
23675
23885
23815
24303
24374
23815
23675
23675
24233
23326
23465
23256
23954
23814
23884
23815
23745
23745
23885
23815
23955
23745
24163
23745
23884
23605
24094
23814
23465
23815
23675
32684
23255
23744
23396
24234
23395
24024
23884
23325
23675
23396
23325
23326
23884
23885
23814
31986
24373
23675
23884
23745
23395
23814
23396
23815
23395
23744
23885
23815
23884
23116
23396
23535
24025
24373
23885
23675
23815
23815
23745
23675
24443
25421
24722
23885
23326
23885
23885
23745
23745
25351
23396
23326
23605
23884
23745
23954
24303
23884
23745
23465
23815
23675
24234
23745
23815
23744
23815
23954
23744
23675
23885
23326
23325
24303
24373
23884
23885
24304
23395
23535
23465
23395
23396
23606
23536
23745
25770
23605
23815
24094
24234
23465
23675
23465
23815
23745
23396
23536
23815
23744
52448
24373
23814
23955
23884
23884
23745
23885
23326
23745
23535
23186
23955
63971
23465
23884
23884
23954
23954
23815
24164
23815
23815
23396
24374
24373
23884
23326
23535
23396
23326
24443
23745
23675
23396
23884
23186
23745
24024
23466
23326
23395
23396
23396
23955
23745
23814
23954
23465
23466
24025
24303
23744
23395
23815
23885
23815
23884
23745
23814
23395
23814
23815
23815
23466
23745
23535
23605
23675
23466
23395
23326
23815
23745
23885
23256
23884
23745
23605
25770
23954
23256
23815
24164
23465
23395
23536
23814
23744
23536
23395
23744
23745
23954
23745
23535
23815
23744
23256
23814
23745
23884
23605
23884
23954
24303
23885
23814
23535
23815
24233
24234
23745
22977
23465
24234
23744
23745
23745
24862
24233
23745
23396
23745
23675
24094
23675
23745
23885
23396
23815
23605
23884
23396
23745
23745
23745
23396
23745
23954
23815
23326
25700
24374
23396
23815
23745
23745
23675
23885
23675
23814
23884
23745
25212
23744
23535
23885
23675
24234
23745
23815
23395
23815
23814
24304
23814
23884
23395
24164
23884
31497
25142
24373
24303
23325
23885
23885
25701
23675
23884
23326
23395
23815
23955
23954
23675
24583
23745
23744
23814
23885
23885
24024
23745
24234
23466
23954
23815
23745
24164
24583
23745
23745
24024
23884
23815
23745
23815
23885
23325
23466
23186
24164
27796
23536
23396
23396
23535
23954
23745
23465
23745
23885
23744
23745
23326
32405
23326
23954
23884
23396
23396
23326
24513
23396
23675
24374
23256
23815
23256
24303
23745
23535
24303
23535
23815
23256
23395
23465
23954
24233
23466
23535
24094
24373
24374
24025
23186
23466
23325
23675
23326
23396
23465
24443
23396
23465
23884
23745
24234
23396
25840
23466
23885
23535
23745
24234
24024
24024
23884
23884
23465
23117
23955
23396
23815
23326
23954
24303
23954
23954
24373
23955
23745
60828
23605
23954
23745
23745
63622
23885
24373
23536
23535
23884
23745
23885
24373
23395
23745
23815
23395
23465
23955
23814
23745
23815
24163
23744
23466
23256
23535
24513
23396
23815
23885
23395
23884
23605
23885
23605
23745
23745
23745
23326
23395
23815
23186
23744
23256
23745
24373
23745
23815
24164
23885
23744
24164
23814
24234
23885
24513
23815
24373
25002
23954
24163
23745
