28147
28146
28634
28146
30521
28915
28635
28216
28077
28216
28006
28146
28566
28565
28146
29124
28216
28566
28146
28147
27727
28076
30032
28146
28216
37505
28635
28565
28635
28147
28565
28216
28215
28635
28565
28635
28146
28007
28566
28146
28077
28565
28146
29123
28635
28076
28565
28146
28216
27727
28495
28635
29962
28076
28146
28077
27937
28146
28635
28495
28635
28077
28425
28635
28566
28076
28356
27866
28356
28565
28426
28565
28146
28565
28146
28146
28146
29124
28146
28146
28495
28216
28076
27657
28147
28146
28356
27657
28215
27727
36737
28356
28634
28216
28565
28146
28565
28355
30101
28146
36737
28216
28216
28355
28146
28635
28565
27727
28216
28216
27657
28216
34641
28635
28216
28146
34292
28146
28426
28076
28146
28565
28565
28355
28426
28146
29054
36178
39111
38902
38553
34781
34711
35479
34222
34501
47701
39041
33384
33803
29543
29054
30102
29193
28216
28356
28146
29613
31987
29054
28635
28076
33384
28565
30032
31987
34851
29543
29612
38064
29124
44908
30101
29543
30032
38762
31219
29962
28216
29054
28356
28635
30940
28355
28146
28007
28146
27657
29054
29682
31010
28495
28146
28356
28635
39810
41904
29543
40368
30521
29124
28425
28077
28146
28635
28216
28147
28635
28076
28566
28984
28146
28634
36806
28566
28146
28076
28216
28146
27727
28216
28845
31498
27727
28565
28635
28705
28146
28565
28426
28006
28076
28635
28146
28146
28146
28565
28216
28146
28146
36527
28216
28146
28216
28845
28215
27727
28565
28146
27867
28146
30102
30102
28355
28146
28007
40648
37225
28565
29123
27657
30520
28634
28635
30031
28146
28635
27657
28146
28635
28146
28635
28635
28216
28146
28426
28146
29334
28215
28216
27727
28147
27727
28006
28634
28076
36177
28635
28146
39670
28426
28077
28635
28077
28565
28146
28146
28216
27936
28076
28146
28426
28076
28565
28146
28704
29124
28146
28635
36667
31009
28076
28425
37505
29403
28216
28146
28076
30870
28635
28565
28146
28146
28076
28635
28565
28216
28146
28006
28076
29054
28147
28634
27937
28146
28146
28845
28635
28216
28356
27657
28076
28146
28147
28076
27727
28635
28426
28007
28146
28565
28077
28077
28076
28076
28635
28146
28146
28146
28426
28146
28705
29054
28425
28146
29124
28565
28635
28635
28076
28216
28216
28635
35339
28565
28216
28146
28077
28146
28146
28076
28076
28216
28215
28146
36108
27587
28146
28216
28565
28076
28356
28077
28566
28565
28635
28216
28216
28216
28356
28146
37365
34502
28076
27657
28635
28565
28146
27727
30520
27727
28496
28635
28635
28216
28077
28216
28496
28215
29124
28426
28565
28495
28704
28146
28146
28844
28146
28634
28007
28216
28495
28146
28635
28565
28356
28635
29124
30032
29124
27727
28146
27867
28566
28216
28565
28565
28355
27936
28635
28146
28146
28076
28635
28355
28216
28076
28216
28146
28146
28146
28076
28426
28076
37575
28286
29124
28146
36248
28216
27727
28425
28146
28635
29124
28216
28566
28077
28215
28565
28147
28077
28076
28006
28216
28425
28426
28566
28635
28635
28076
28146
28076
28215
29613
27657
28565
29124
28565
27587
27727
28146
29613
28076
28216
28146
27587
28076
28146
42394
28216
28146
28076
28146
36737
28007
28146
28006
28146
28147
28356
28146
28076
28215
27936
28146
27866
28076
28635
28146
28076
28216
28146
28076
28425
28635
28566
27866
28216
28635
27727
28146
28146
28565
28146
28146
27657
30031
29054
28146
27937
27657
28704
28077
28425
28635
29543
28566
27866
28216
28146
28356
28076
28076
28635
28565
28286
28076
28495
28146
28146
28146
28565
28635
27587
28915
28146
28146
28635
28146
28146
28635
28146
29054
28565
28146
28355
28076
28216
28216
28146
27727
27588
28635
28635
28216
28216
28565
28216
28216
28077
28146
28146
28216
28146
28565
28076
28146
28635
28146
28356
28007
28147
28146
28076
28077
28147
28076
28216
28216
28565
28146
28565
28635
28635
28146
28146
89955
28565
44629
51543
28146
27936
28146
29403
30312
28845
28076
28146
32896
28984
28216
28146
28635
28216
28215
28076
29054
28216
28565
28634
28077
28146
28566
27867
27727
28634
35409
30032
28216
28146
28077
27866
28216
28566
36736
28635
27727
28216
28077
29054
28146
28077
28147
28076
28635
28635
28076
28635
28565
28635
28635
28635
29054
28147
28635
28076
28076
28216
28146
28076
28146
28356
28146
28565
28147
28565
28146
28565
27937
28076
28076
28146
28565
28216
28635
28146
28635
28146
28216
30521
27867
28215
28146
32896
28635
28355
28216
28146
28426
28147
28565
28076
28286
28565
28076
28076
28146
28146
28076
28635
28216
28006
29054
28146
28565
72425
27658
28635
28077
28146
28635
28007
28635
28216
28355
28146
27936
28635
28216
28076
28076
28076
36457
28216
28565
28215
28146
28076
28845
28076
28076
28635
28146
28146
28146
28146
28565
28076
28146
28146
29613
28076
28076
28425
28076
28356
28426
28076
28146
28147
28565
28146
28705
28635
28076
28146
28495
28077
28565
28425
28146
28635
28635
28635
28007
28076
29543
28146
28076
28565
28216
58597
28635
28356
31010
28076
28146
28286
30032
28355
28076
27587
28844
28635
27867
28216
27727
28565
28076
28146
28146
28216
37156
28146
28216
28146
28216
62717
28565
28076
28216
27657
28146
28565
37226
29543
28076
28216
28565
28565
28635
28076
28635
28565
28565
28077
28566
28146
28844
28146
28146
28076
28845
29054
28356
28077
28216
29054
28146
28356
29054
27936
28565
28146
28146
28146
28705
28635
29054
28146
28984
28216
28635
28216
28425
28146
28216
28006
28146
28216
28635
28565
28565
28146
67327
38063
28216
28146
28635
28565
30032
28565
27657
31080
28355
28565
28565
28635
28635
28635
27867
28285
28146
28146
28425
28076
28076
28635
28635
28146
28216
28844
28634
28146
28146
28007
29123
28355
28146
28635
28146
28076
28146
28565
28635
28635
28146
28146
28425
28146
29054
28496
28146
37155
28216
28216
28146
28076
28425
28356
28146
28635
28705
28565
28565
28565
27657
27937
30521
28565
28076
28146
27727
28705
28425
28565
28146
28147
28146
28565
28076
28215
28076
28146
28425
28146
28216
28705
28076
28076
36666
28635
28216
28146
28076
28076
27657
28006
28565
28635
28076
28146
28356
29543
27797
28216
28007
28146
28076
27657
28635
28635
27727
28146
28146
28146
28146
28565
28146
28566
27727
43860
28425
28565
28635
37156
30521
28565
28635
