21022
20533
19486
23466
27238
24374
29053
28356
19695
24305
24304
41904
21231
23397
20324
20673
21022
20114
20045
22279
27657
19625
19905
19765
20742
20463
20114
22838
20114
19974
21581
22978
19486
19695
21372
22000
25701
19695
27587
19556
21022
22349
20603
19416
21092
21092
22978
19974
19625
19695
19905
20882
27937
19974
21511
19625
23746
23466
19905
19625
20045
24794
20114
20393
19835
19555
20533
19905
19975
20533
20533
20114
20044
19625
22908
22279
24723
20044
19276
23327
21441
19485
20533
19555
25772
23327
24863
20533
39041
19625
19765
20044
19765
21371
26120
21720
24165
20044
19974
20045
19416
23117
20114
23326
21860
20952
19486
20533
21092
21372
19974
19625
22419
19905
22419
21302
20114
21999
19625
21581
20115
22419
20393
22838
20463
23885
20114
22768
19625
24514
20882
19626
20533
25492
19416
23816
21930
32406
19834
21790
20463
24235
28635
22698
24653
21022
20114
22977
19486
20812
23885
19556
20044
20813
19625
20114
27168
19835
20044
20673
20115
20114
19625
20044
19974
19556
20044
19765
19276
19625
19974
20114
25213
20393
23606
20045
19555
19975
20673
19904
19974
25212
24654
19905
19974
20045
19626
20115
19555
25073
21092
19905
19626
19485
20463
19625
19625
19556
20114
26958
19625
19904
19695
19975
19625
19625
19556
20464
21371
22419
19905
21930
20044
23397
20464
20184
19416
22978
20533
19695
25771
19765
20114
19555
33873
21232
19905
20533
20184
24235
22069
20114
21791
20044
23815
19486
35619
19625
19974
20603
20045
24863
20813
20114
18718
20533
19904
22209
22907
20603
21860
24793
19625
19974
20603
22419
19974
19626
19416
19555
19904
19556
19625
19625
19625
19555
19904
20114
20184
19556
19625
20393
20534
19486
19556
22000
24515
19695
19904
19905
19905
28565
20254
20464
20393
23676
28425
29124
19695
21162
21930
20114
20045
21372
23327
19695
31009
20044
19555
20045
19625
19975
19904
31498
22698
19835
20534
21301
21511
20254
23466
25352
24723
20603
20463
19905
22908
24164
20464
19905
20044
20882
19905
19625
20533
21860
20953
20812
22419
51124
30311
19556
19975
19975
19695
23187
19975
20603
19416
22488
22768
28076
30800
26679
40996
22768
23886
23885
20044
21999
20114
19626
21022
18507
21022
19905
22908
19695
19625
20463
19695
20533
19556
19905
19695
22489
21510
20114
21022
21860
20114
20812
26749
31079
25143
19974
19975
19975
24235
22768
21092
35200
28565
27587
21511
25282
22419
29054
20883
23466
27238
21511
21441
19905
20114
20324
20393
21791
20045
20044
21372
42253
19626
20044
19974
19625
19765
19137
19905
20045
19555
20044
19765
20044
20114
19904
19834
19136
19626
19904
19835
20463
19835
19904
20324
19625
19486
19765
19975
19276
20044
19486
19625
19555
19416
20044
20184
19416
20534
20045
19904
20114
19556
20044
20044
19625
20045
20044
19696
19834
19346
19974
19904
20114
21511
20115
19695
20114
22419
19416
20673
20114
21441
20114
19625
19625
20044
19625
19486
19905
19625
19625
20114
19625
20044
29613
20044
20393
20324
19486
19556
19555
19905
19905
22908
19625
19905
20254
20184
19696
19695
19555
20533
20463
19625
19765
50146
20115
19206
19625
20184
19555
23396
20533
21232
20044
19625
19835
19974
20045
20464
19765
20393
28216
19696
29124
21441
19625
20184
19555
20115
20394
20045
20394
19905
19835
19625
19485
19835
20114
19555
19625
19974
22000
19625
19695
20114
21022
19905
19416
20114
19905
19556
19905
19555
18578
20044
20603
20882
22349
20394
28076
20114
22349
24863
19695
19974
20044
27727
20114
19485
19974
20463
20464
19555
19625
20253
19905
19905
21511
20183
20464
24235
20184
22489
23047
25771
20324
20534
20463
43860
23885
19765
20045
31009
22559
19416
20184
20394
24234
21860
19835
20533
21092
24025
20394
20045
32476
21371
23466
19625
24375
20952
22768
23816
20603
20882
20323
22838
19905
19556
19975
20324
20045
20044
19415
20534
23746
24864
20393
20184
22070
22768
21092
19835
37714
21371
19416
28146
20044
24374
24864
23466
19974
24584
23397
23885
22908
29053
22629
21580
24304
25841
19555
20045
21022
20813
20184
22838
19975
23816
19765
19416
23815
21580
28216
20114
20953
23466
19974
19625
20603
20673
31010
30101
25771
26470
22349
21791
22140
23816
24654
20393
21511
19904
19904
19905
20045
19974
20044
19625
20044
20044
22489
19765
18857
24374
20952
20463
23326
20882
20114
19974
19556
19416
20394
19555
20044
19975
20253
23257
20114
19625
19974
19904
102177
20114
19416
19206
20114
19486
19835
19696
19625
20114
21441
19695
20533
19486
20045
19485
19695
19416
19974
19904
19555
20533
19626
19975
30032
20393
19695
20114
19555
19695
19905
19626
19626
20534
19555
20393
22419
19625
20044
19625
19276
20463
19625
19835
19625
19695
19416
20044
19905
19276
20044
19625
19625
19136
19904
19555
19555
19415
19905
20115
20045
20114
19765
19905
19556
20045
19695
20114
19695
19416
19555
19416
19695
20114
19556
19276
20533
20044
20603
20393
20114
19555
19626
20463
19416
27587
19625
22838
20533
20114
20044
20184
20044
19625
20045
20952
20393
19137
20603
20323
23118
19835
20952
19486
20045
19695
20044
18578
19555
19974
19416
20463
20393
19625
19626
19625
19486
19904
20114
19974
20394
19695
19975
19555
20394
22000
20044
20183
19904
20045
20463
19416
19765
43930
20114
19486
19975
21511
19904
20114
19625
21441
20045
21371
19416
19556
45745
19835
19626
20114
20114
20533
19486
28146
29543
19625
19904
27587
21511
20114
21371
20394
19416
19905
19486
21092
28076
19416
19695
28006
33244
19974
20044
19696
19974
22000
18787
19625
19416
22908
20114
19904
19905
19835
19346
19904
19905
20603
19974
29054
19834
30032
20044
19904
19765
19904
19696
19625
19626
22349
19556
19556
19974
19975
19555
20464
19974
19485
20114
19555
19555
19625
19904
19974
20044
20184
20044
20044
20114
20044
19835
19904
20114
20393
19974
20464
47073
19974
20044
19974
20045
19485
19625
20394
19905
21231
33383
19695
19206
19486
19835
21511
20045
30450
27657
19556
19835
21371
19765
21441
28495
19626
20184
22977
20044
19695
19555
19555
19416
19626
19904
20393
20044
20045
19137
23327
20882
27657
30032
22908
22279
26330
29543
19904
27168
20324
19486
19695
20603
19974
20115
19905
19974
19696
20673
19625
19765
21441
19905
20254
20324
20393
19555
19975
19695
