29333
29543
29544
30031
30032
29055
29613
29054
29333
29124
29543
67677
29124
29543
29054
29544
29543
28844
29054
29124
29124
29193
28565
29124
29543
28914
29543
29403
28844
29055
28844
30102
29124
29613
28845
29473
29613
29543
29543
29892
29124
29613
30311
29613
29334
29124
36667
28635
29124
29543
29543
29124
29124
39531
29613
28984
29124
29054
29124
29124
29613
37785
29543
28985
29054
29124
29055
29473
29124
29404
29125
29124
29124
29613
29124
29543
29543
29125
29543
29124
29403
29543
29124
29054
28844
29054
29613
29613
29543
30382
30032
29962
29613
28565
29473
29543
30521
29473
29543
29613
29543
29194
29124
29124
29474
28705
29543
29473
29124
29054
29613
37575
29124
29823
29473
28984
29544
29613
48121
29124
29613
30381
29334
29333
29124
29753
63487
37575
29055
29124
29543
29544
28915
30032
29473
29334
28635
29613
29054
29543
42743
29194
28984
28984
29124
29124
29333
28844
29613
28566
29124
29124
28984
29124
30032
28565
29054
28775
29054
29124
29124
28915
29124
29124
29054
29543
72565
29543
29124
28984
30032
29543
29054
30032
29124
29054
29054
29473
29054
28844
29054
29404
29124
29124
29543
28635
30102
29125
29124
29334
29543
29474
29124
30102
29543
38064
29543
36737
29054
29054
29823
29124
29124
29333
29543
29055
29054
29124
29543
29543
29473
29054
29124
29054
29054
29334
29124
28914
29404
29333
29543
29194
29054
29124
29124
29055
29124
28636
29473
29054
29613
29194
29473
29543
30521
29404
29124
29054
29544
28077
29054
29543
29543
29124
29543
29124
29054
30032
28985
29054
29124
29054
29543
29124
29193
29334
29124
28984
30032
29543
34851
29054
29613
29124
28914
29613
29473
29054
29054
29822
29543
29054
29334
29543
30032
29124
29543
29125
29822
29124
29124
29054
29055
29124
30032
29544
29613
29124
29124
29473
29124
29054
28565
29124
29054
37296
28635
29543
29124
29124
29124
29543
29543
29054
29124
31918
29613
29822
29543
29613
29054
29124
75429
29124
29334
30032
29473
29613
29474
29613
29543
29613
29613
29054
46165
29124
28985
29543
29194
29124
29124
29404
29124
28635
28844
37574
29962
29124
29124
29403
29124
29194
29054
29473
29124
29124
29334
29543
29124
29054
29124
29124
29543
29473
28915
29054
29054
29193
29054
29124
29543
29054
29543
29543
29543
29054
30032
29055
29193
29055
28566
63416
29613
29544
29054
28985
30102
29543
29613
30032
29124
29334
32407
29613
29054
28984
28705
29054
29124
29543
29055
29473
31010
29124
29543
29055
29543
29054
29124
29962
29613
28984
28984
29543
29822
29543
29544
41905
29194
28844
29054
29055
29333
29543
29054
31428
29543
29124
28635
50496
29543
29544
29124
29124
29054
38833
29543
29124
29125
29054
29333
29474
29054
29544
29054
29124
29543
29543
29124
29334
29613
29054
29054
29543
29613
29124
29613
29543
29054
29124
29333
29613
29822
29403
41835
29054
29543
28985
29474
29473
30032
29543
29334
29613
29194
29054
29054
29194
28635
28844
28844
29543
29543
29333
29194
29054
39530
29054
38064
29054
29055
29193
29613
29543
28984
30032
29473
29124
29333
29543
29543
31428
29054
30521
28984
29543
29054
29334
29473
29333
29473
29543
29124
29055
29963
29124
29124
29054
29543
29613
28705
29124
29054
29054
29054
29543
29543
29124
29404
29055
29055
30101
29124
29543
29543
28635
29124
29613
29124
30311
29054
29124
29613
29543
29054
29054
31499
29124
29613
29543
30381
29124
28635
29613
28635
37156
30032
29124
29543
29054
29543
29334
30032
28984
29124
29054
29543
28984
29613
29124
47283
29054
29543
29333
30032
30102
29543
28985
29124
29613
28914
29124
29613
29124
29334
29613
29054
29055
29124
29543
29124
29543
29962
29124
29543
28565
29473
29124
29124
29124
29543
28635
29334
30102
29333
29473
29124
29054
30032
30032
29543
28984
29124
29124
29054
38622
29124
29124
29612
29822
29473
31010
29543
29822
29194
29543
28636
29124
29054
29124
29613
30521
29124
29543
29124
29613
29124
29054
29543
29543
29193
29124
30032
29543
28705
29055
29333
29124
29613
28914
29124
29543
29613
29194
28844
29054
28565
29683
29543
34781
29333
29543
29543
29543
29124
29473
29543
29124
29124
29054
29543
29124
38971
29124
29613
29543
28985
29613
29543
29124
30102
29543
29124
30451
29054
29963
29334
29054
29613
29055
30940
29822
29124
37156
29403
29124
29054
29334
29054
28635
29543
29193
29612
29124
29054
29613
29124
29054
29124
29124
28915
29054
29543
41486
29054
29055
29543
29543
29125
29543
29194
29124
32476
29543
30032
29054
29124
29543
29543
29613
29334
29194
29124
29124
30032
29124
29054
29055
29124
30101
29054
29054
39601
29333
29333
29054
29543
29613
29333
29613
29403
29612
29543
29543
29124
29054
29124
29613
29124
29334
29055
29054
29543
36598
29124
29054
29613
29055
29054
29962
29543
28077
29403
29055
29543
29333
29124
29124
29055
29124
29055
29124
28985
29055
28635
41346
84229
29544
30032
29333
29124
29124
29124
29124
29124
29054
29054
29054
29124
29613
29612
28844
28914
29263
29054
29473
30032
29194
31009
29613
29124
29613
29194
70679
29124
29124
29054
29263
29543
29194
29334
29333
29124
29543
28635
29054
29124
29543
29543
29822
29333
29752
28984
30032
29613
29473
29543
29124
29124
33454
29124
29544
29543
29054
29333
29474
29613
29404
29263
29124
29473
29543
29334
29124
30032
28984
29544
29055
29124
29544
29124
29543
29543
29054
29124
29543
29543
29333
29892
29124
29124
29054
29473
29334
29543
29124
29543
29613
29124
29054
29124
29544
28984
28985
29334
29055
29194
29543
29404
29054
29124
29613
29543
29403
28636
29124
29613
29612
29054
29543
29054
29194
28844
29054
29613
29054
29333
29543
38064
29333
28984
29334
29264
29124
28985
29124
28635
29543
29613
29054
29543
29334
29403
28705
29333
37226
29124
29544
29055
29054
29124
29054
29054
29333
29054
29613
29054
29473
29054
29543
28984
28635
28915
29124
29124
28845
29124
29543
29194
29543
29054
28915
28984
29612
29543
29124
29124
29054
29124
44489
28566
31987
28984
29054
29124
28635
30032
29124
28635
29194
29962
29054
29124
28984
29543
29124
29054
29055
29054
29124
29054
31987
29543
29963
29054
29473
29613
28984
28985
28635
29473
28636
29124
29124
28984
29613
29054
38553
29124
29613
29543
29124
29474
30032
29613
29543
32407
28984
29054
29055
