5168
5308
4819
4749
5238
5238
5237
4749
4889
5308
4819
5238
4818
5308
4819
4888
5238
5168
5866
4819
5168
4749
4889
5238
5238
5308
4819
11803
5238
4260
5168
4260
5238
5168
5307
5657
4819
5238
5796
6215
5098
4679
5237
5308
5307
5797
5168
5168
5168
5237
4819
5238
5238
5238
4819
4330
5168
4819
4819
5168
5377
4819
5238
5238
5308
5168
5167
5378
4679
5168
14666
4818
5167
5307
5168
5168
5307
5168
5378
5238
4888
4889
5238
5238
5168
4888
4819
4749
4819
12501
4888
5307
5168
4818
4191
4819
5238
5378
4889
4818
5168
5307
4679
5168
5238
4889
5307
4749
5167
5238
5238
5168
5238
5098
5238
5238
5098
5307
4819
5796
4679
6146
4819
5238
4819
5238
5168
5308
5238
5168
5237
5308
5168
5238
5168
4330
5307
5167
5307
5237
5307
4679
5238
5307
4819
4749
5168
5308
5308
5238
4819
4819
5098
5238
5308
5238
4889
5168
4749
4819
5238
5168
5726
5168
5168
5238
5237
4609
5308
4749
5238
5238
5308
5238
5238
5168
5168
5168
5308
5168
5657
5796
5168
6146
6704
7472
6565
5796
5726
6146
7542
4748
5308
6216
8101
6146
4400
5586
4679
7193
7054
5377
5098
6635
5308
4679
5167
6774
5168
6215
5098
6076
5238
4749
5796
5238
5378
5168
5308
5378
5168
5238
6215
4819
5378
5587
5238
5238
5308
5237
4610
5727
5796
5657
5238
4819
5587
5168
4749
5237
4749
5168
5167
5307
4819
4819
4889
5378
4819
5168
5307
5168
5168
5168
5308
5237
4819
5377
5308
5657
4889
5308
5308
5237
5238
5168
5238
4679
5657
14805
5168
5168
5168
4749
4819
4888
5238
5238
5167
5098
5168
5168
4679
4818
4400
4818
4679
5237
4889
4190
5238
5308
5098
5656
5377
5238
5727
5167
4819
4888
5378
5238
5307
5167
4889
4260
5168
5308
4888
4749
5238
5308
5308
5378
4818
5168
4819
5308
5168
5098
5238
5308
5238
5098
4749
5168
5168
5168
4819
4679
5307
4190
5168
5237
5238
4888
5238
5238
4819
5308
5238
5238
4819
4818
4889
5307
4330
5657
4679
4888
5168
6076
5098
5168
5307
4819
5238
5238
4748
4819
5308
4679
5238
5168
4748
5168
5168
10476
4819
5237
5307
4818
5308
5168
5308
5238
5308
5238
5237
5168
4819
5238
4748
4889
4749
5308
5098
4818
4749
5307
5168
5308
4679
5307
4680
5168
11523
4818
5167
4679
4749
4819
4749
4819
5168
4888
5168
4819
5307
5238
4819
5238
5168
4749
4819
5308
12431
5308
5168
4819
4679
4749
5237
4749
4888
5238
5167
5308
4819
5307
5168
5237
4819
4819
5238
4819
4819
4749
5307
5168
5307
5308
4609
5237
5168
5168
5168
5168
5098
4679
4749
4819
4818
4679
4889
5238
5238
4819
5237
5167
5238
4609
4889
4819
5168
4818
4749
5238
5238
5238
5168
4679
5098
5168
5238
5308
5238
4749
5308
4679
5378
4749
5237
5308
5168
4818
5308
5238
5726
5168
7612
5656
4889
5168
4819
5307
4609
5238
4819
4749
5168
4818
5238
4818
4819
5168
5308
5168
4748
5308
4749
4888
4888
5308
4748
4679
5168
4818
4679
5238
5238
5168
10406
5307
4749
5168
5168
7193
5167
4819
4749
4749
5237
4749
5168
5238
6285
5727
4749
5168
4749
4819
5237
5656
4748
5168
4888
5168
4679
5168
5098
4819
4818
4819
5308
5308
5307
4749
5168
4819
4819
4749
4819
5238
5168
6285
5796
5238
5168
4749
4889
5167
4749
5168
5307
4749
5238
4679
5167
4748
3841
5168
5308
4819
15225
5238
4748
5308
4819
4819
4679
4749
4748
5238
5238
5238
4819
5308
5167
5168
5168
4679
4819
5238
5238
5657
4819
4749
5168
5238
4749
5168
5238
5237
5168
4819
4679
5237
5168
4679
4679
5238
5307
4819
4818
4749
5657
5098
4889
7542
5308
4818
4819
4819
5168
5168
5168
4749
3702
4819
4749
5168
5168
4818
4749
5168
5168
11314
4819
4818
4818
4819
4819
4819
5098
4749
4888
5168
5238
4679
5238
6145
4749
4191
4679
5307
4818
5168
4749
4818
5168
4818
5167
4819
4749
4749
4749
5238
5308
5168
4748
5237
4749
4749
4749
5168
4818
4888
5167
5307
5168
4749
5238
4819
4680
4819
5238
5238
4679
5307
5308
5238
4679
5308
4749
5308
4819
5168
5797
4819
5168
5238
4749
4819
4819
5238
5308
4889
4749
5168
5238
5238
5308
4819
5238
4889
5237
5378
4818
4818
5238
5168
5167
5168
5238
4749
4679
5237
5168
5168
5238
5377
5098
5238
4679
5307
5797
5168
5237
5307
5168
4190
4749
5307
4749
5307
5238
5168
5167
5307
5168
5098
5308
4819
5377
5238
5238
5238
5098
5238
5307
5238
4819
5308
5168
5168
5168
4818
5237
5168
5238
5238
4749
5238
5168
5168
5307
5168
5238
5168
5168
4888
5238
5238
5168
5238
5377
5098
5238
5168
5307
5308
4749
5168
5168
5168
5168
4818
5237
5307
5307
5237
5238
5168
4889
5796
5378
5238
5168
5238
4749
5168
5797
5308
5098
5727
5238
5168
5308
5307
4888
5167
5238
5307
5168
5168
5098
5308
5238
5237
5727
5237
5098
5237
5308
5168
5308
5237
4888
5168
5238
4400
5167
5307
5168
5098
4819
4889
5238
5168
5098
5168
5168
4818
5657
5237
5307
5168
5168
5727
5307
4749
5657
5308
5238
5307
5657
5308
5587
5308
5307
5377
5377
5307
5657
5238
5167
5657
5237
5308
5168
5727
5307
5238
4260
5308
5307
5238
5098
5237
5308
5308
5238
4749
5308
5308
5238
5238
5168
5237
4819
5238
5168
5238
5168
5308
6704
5238
5237
5308
5307
5168
5238
5657
5726
5237
5238
5378
5237
5308
4819
5237
5238
5727
5796
4888
5308
6635
5307
5587
5237
5238
5168
5238
5657
5308
5796
5168
5238
4679
5308
5657
5307
6774
5307
5238
5168
5238
5237
5238
5168
5727
5238
5378
5238
5168
5308
5796
5727
5308
5656
5307
5657
5727
5168
5168
5377
5238
5587
5168
5168
5308
5587
5657
5657
5656
5656
5377
5168
5587
5656
5238
5238
5308
5168
5308
5307
5587
5308
4609
