12782
12014
12014
11735
12783
12713
12852
12852
12572
12782
13481
14389
12852
12991
12153
12992
13131
13341
13480
12922
12363
11804
11525
11525
11595
11316
12014
11455
11595
11316
11875
11105
11525
11385
11315
11315
11106
11315
11036
11315
11944
11735
11525
11525
11874
11316
11595
11456
10897
11315
11036
10897
10826
11036
10128
12294
17951
14109
12992
14389
12852
11874
12642
11385
11315
11316
11386
10477
10548
11386
11455
11385
11386
11385
11036
10826
13131
11385
11385
11386
11385
13900
12293
13690
13620
12922
12992
12433
12852
12852
11874
11944
12293
12573
12503
11875
12363
13411
12014
11874
12014
12573
12014
13760
12433
12014
10896
12433
12223
13410
12364
11385
11804
12084
12433
12293
12083
12503
11944
14179
12782
11595
13271
12712
12224
11874
10827
11525
24377
10826
11246
11595
11525
12293
11874
12013
12294
12084
11874
11315
12433
11106
10827
11036
10896
11944
11106
11036
11105
10966
18859
12293
11245
11036
11804
11036
11316
10966
10827
11245
11455
13411
15716
25635
12852
12922
13900
13830
13620
12642
11874
11525
11874
11455
11944
11386
12014
11944
12363
12293
12293
11386
11525
11874
10966
11804
11874
11805
12363
12293
12084
13271
12782
12503
11944
12293
12364
12433
11944
12013
12503
12363
14948
11874
12433
12294
11804
12014
11525
11664
11455
11664
11385
11456
22910
11386
11316
11874
11804
11595
11735
11804
12293
11455
11944
11525
12572
11804
11874
12503
11385
11525
11525
11735
11036
11874
12573
11385
11315
11525
11595
11804
16065
12713
18021
13201
12992
11594
13900
10827
11455
11525
11106
11385
11316
11595
11315
11105
10966
11385
11385
11315
11386
11106
11385
11385
11036
12712
15646
15646
13480
13480
11874
13341
13131
15227
11805
11734
12014
12712
11525
11944
11385
12293
12083
11316
10966
11455
11735
15856
11805
11595
11595
11525
11944
11105
11944
11524
12573
12083
11874
11734
12433
12364
11594
12013
13621
12363
12503
13341
12363
12364
11804
11525
25215
11385
11734
11595
11245
11804
11036
11944
11874
11874
11595
11385
11315
11595
11455
13760
12433
11595
10058
11176
11804
12991
11455
11805
11525
11385
11316
11315
10966
10966
11386
12224
11455
10617
12084
12294
11315
12014
12084
11805
11455
11455
11106
11455
10686
11874
11455
11595
11245
11665
11385
11315
11036
11525
11874
11385
11036
10967
10897
11105
10966
11036
11874
21443
12783
22422
13341
13202
13131
13271
13760
12712
12922
12084
12503
27590
11804
13411
12013
11595
11595
11106
11246
11385
11385
11385
11385
11315
11385
11874
11595
11036
11594
11944
11595
12783
12502
12014
12223
12083
11874
12293
12782
12782
15157
12782
12433
12293
11385
11595
11455
11385
15297
11455
12363
12782
12224
12224
14947
11875
12503
13271
11875
11595
11036
11385
10966
10896
11036
10896
11106
11245
10896
10477
11035
10966
19138
11525
11665
11594
11944
11874
12852
13132
13900
13271
14389
11455
12084
12573
12154
19068
12293
12503
12293
12293
12503
11594
11525
12084
12014
12852
12503
11874
12503
11804
12782
27240
11875
12294
11385
12502
13272
12852
12014
11804
11875
12014
11805
12713
12293
12014
11944
11874
11874
11944
12014
13341
10896
10966
10896
10896
11105
10967
11246
10897
11106
10966
10477
10827
10407
10756
11106
11106
11455
11385
11455
11525
11455
11595
11595
11036
11106
10897
10617
11455
11175
11386
10966
10966
10966
11385
16205
13272
12363
14388
12922
11874
11874
11874
11525
11106
11106
11036
11316
11385
11315
11525
11455
11525
11874
10966
11455
11385
11455
11105
11455
10128
11245
11455
11805
12852
13410
14319
11805
13341
17950
12991
12363
11455
12084
14110
13271
14459
13621
12922
11805
12712
31990
11595
11595
11315
12013
11874
11595
11525
11385
12013
12294
11036
12293
14668
11874
11944
14109
12503
12503
12224
12223
11944
12433
12503
12293
16764
12083
11874
11804
14249
13829
12433
12294
12363
12433
13760
13760
14389
13271
13481
12224
11455
11106
11874
10897
11315
11246
11385
11455
11106
10896
10966
12992
11315
10896
11316
11385
10407
10966
11316
12224
13481
14388
13202
34854
12293
12294
12782
13341
14249
18440
12643
13271
12782
21932
11874
12712
13341
12782
12503
12084
12083
12991
13690
12223
13480
12991
11804
12363
11874
12363
13830
12922
13201
11455
11874
12363
12991
14738
12712
12433
12363
12084
11874
11525
11455
10896
10896
10966
10757
13411
11036
10896
11246
11106
10896
11106
10826
10896
12223
11385
12014
12223
11316
11525
11385
11944
11106
11315
11595
11246
10896
11316
10896
10966
11385
10826
11106
10966
11874
14598
13480
12921
12503
12363
12084
11455
11036
10897
12294
11106
11315
11595
10198
11455
11315
11385
10896
11455
10826
11106
11804
11315
11036
11385
11245
11594
10826
15366
13201
13690
14110
13481
12922
13201
13271
12224
11874
12014
11804
12014
11315
11316
11455
11036
11525
11804
11455
12921
16064
11874
11805
11315
11735
11734
12084
11455
11944
11385
11595
12293
22840
11874
11944
11525
12992
14179
12293
12293
12084
12083
11874
11944
12363
11385
11804
11455
12433
11455
11874
11874
14668
14319
14737
15646
12992
12852
12293
13201
12782
11874
12363
12433
11874
11105
11385
11804
11525
11804
11595
10896
10757
10617
10966
11385
11386
12712
13411
13271
13481
12782
13410
14458
12992
11943
12502
12224
11734
13480
11874
11944
11106
11315
11874
11455
12014
11316
11385
11804
11595
17043
12712
11455
11944
11455
12084
13341
12363
11804
11525
11874
12503
12503
12363
34296
12293
12294
20465
11874
10617
12293
11804
12293
11316
11106
11386
10966
11664
16554
11385
11455
11874
11734
21932
11874
11455
12014
12363
12363
12293
12014
12083
11385
12921
11665
11455
11385
11455
11316
11315
11105
11036
10547
10896
11035
11595
11804
12852
14179
16205
12503
13201
12852
13271
12852
12433
11595
11525
11804
10966
11315
11176
10966
11036
11525
11036
11595
10756
10966
10757
12014
11455
11385
14109
14249
12922
13411
15646
16065
33317
12921
11874
11874
12084
12293
12293
12782
12503
12503
12084
12223
12293
11874
12363
12014
31501
16973
12782
11944
11874
12922
12852
11874
12293
11455
12013
11734
15646
12852
12432
12363
12852
12293
12084
17601
12084
12014
11874
11036
10966
10407
10826
11315
10896
11106
10896
10966
10966
11455
11455
11106
11386
12223
10897
14249
11874
11106
11524
