16132
16621
16551
16691
16551
16132
16062
16690
16271
34359
16691
17110
16412
16342
16761
30519
17179
16691
18227
16621
16271
16202
16760
16272
16272
16621
26119
16621
16621
16760
16552
16132
16342
16761
16272
16202
16621
17250
16761
16202
16761
20462
16551
16341
17110
16481
16202
16761
16062
18367
16272
16132
16272
16551
16063
15922
16691
16551
16133
16551
15922
17738
16481
16551
15853
16761
16551
16760
16202
16132
16202
16062
16342
16132
16062
16342
16341
17179
16271
16342
16342
17739
16132
16063
16342
16412
16272
16272
16202
16342
16272
17040
15992
16272
16271
16063
16272
17040
17040
16690
16831
16761
16272
16551
16621
16341
16132
42880
16202
16970
16133
16552
16830
16761
16760
16481
17110
16202
16063
16342
16691
18017
20602
18227
16272
16691
16132
16271
16272
15993
16970
16621
16761
23396
17110
16063
16761
23745
16202
16132
16621
16132
16691
18995
16621
18018
16621
16690
16481
17249
16062
16760
16691
16063
16831
16551
16761
16063
16272
16272
16342
16272
16272
16202
16202
16341
16133
16760
16062
16342
16272
16761
16342
16342
16761
16202
16271
16132
16621
16341
15853
16132
16062
16551
16132
16272
16552
16062
16132
16970
16621
16830
40854
17110
16551
16202
18088
16551
16411
16202
17040
16621
16551
16062
16132
16062
16202
16551
16342
16690
16272
16621
16341
16132
16132
16132
16621
16970
16621
16831
16691
16341
15992
16202
16621
16551
16132
16482
16202
16621
16621
16552
16690
16621
16341
18228
16272
16341
16272
15993
16272
16621
16272
16272
16551
16272
16202
16621
16691
16621
16621
16761
16341
16133
16621
16621
16621
16341
16272
16621
16830
16272
16481
16132
16551
16271
16621
18087
16551
15992
16551
16621
16272
16202
16551
16202
16552
17110
16760
16761
16341
16342
16551
17040
16551
16411
16132
16202
16482
16342
16761
16551
16761
16412
16621
16552
16342
16062
16342
16621
15992
16621
17180
16691
16342
16551
16342
16342
16272
16761
16551
16132
16551
16621
24722
16272
16272
16342
16342
16342
16133
16342
16202
16760
16202
16132
16551
16132
16272
16691
15922
16202
16272
16272
16691
23814
16342
16481
16202
16133
16621
16621
16551
16551
16830
16202
16341
16621
16272
18088
16481
16621
16342
16621
16761
16412
16341
17250
16551
17320
16202
16202
16271
16551
16341
16202
16133
16202
16621
16063
16621
17040
16552
16341
16551
16481
16202
16621
17180
16760
16342
16830
16272
16552
17250
16622
16411
16760
16761
16202
16202
16831
17250
16133
17040
16341
16202
16761
16272
17040
16621
16342
16133
17109
16621
16621
16063
16202
16551
16272
16202
17040
16202
16132
16621
16621
31915
16342
16621
17460
16412
15993
16272
16202
16342
16341
16202
18925
16970
16342
15993
16202
27166
16342
16132
16202
16412
16202
16272
16621
16132
16342
16202
16691
16202
16202
16062
16552
16552
16482
16341
16761
16691
16133
16272
16551
16551
16482
16621
16272
16551
16342
16761
16621
16132
16551
16342
16621
16342
16202
16551
16062
16761
16132
16760
16272
16272
16761
16132
16691
16621
16621
16551
16271
16412
16621
16411
16341
17040
16341
16621
18087
16132
16272
24652
16761
16272
16132
16342
16482
16551
16132
16481
16830
16342
16621
16412
16621
16202
16132
15294
16202
16272
16621
16342
16761
16621
16761
16761
25071
16202
16341
16551
16900
16621
16830
16621
16202
16063
16272
16272
27236
16831
16133
16691
16481
16411
17110
15993
16272
16691
16621
16272
16552
16761
16272
16342
16691
16621
16552
16621
16411
16691
16341
16202
16830
16342
16202
16342
16342
17040
16621
16551
16342
16063
16551
16133
16062
16272
16411
15993
16621
16132
16132
16691
24512
16202
16062
15853
16621
16482
16133
16132
16202
16272
16621
16272
16481
16202
16202
16760
16342
16342
16760
16551
16202
16202
16481
16272
16761
16272
16342
16482
16551
15993
16482
16342
16831
16202
16552
16621
17179
16062
16761
16621
16272
16133
16063
16202
16760
16830
16132
16342
16621
16132
16621
16063
16412
16761
16551
16342
15993
16272
16202
16202
17180
16202
16551
16341
15783
16761
16552
16272
16691
16133
16551
16551
16202
16621
16202
16481
16272
16272
16691
24723
46302
15922
16342
16621
16971
16621
16761
16621
15992
16691
16552
16691
16551
16691
16621
16063
16621
16202
16342
16272
16272
16272
16481
16133
16691
16342
16062
16202
16342
16691
16202
16552
16202
16831
16272
16621
16551
16621
17040
16202
16621
16132
15853
16901
16342
16691
17180
16411
16621
16482
16272
16761
16202
16202
15993
16482
16551
16342
15922
16272
16621
16621
16272
16272
16621
16482
16621
16761
16481
16552
17739
16551
16761
16271
17040
16202
16133
16202
16761
16202
16202
17529
16621
15993
16621
16761
16342
16062
16202
16342
16551
16342
16411
16342
16342
16552
15784
16202
16901
16272
16691
16621
16341
16133
16481
16551
16621
16132
16551
16202
16342
16271
30518
16761
17250
25211
18507
16831
17249
16341
16133
16551
16132
16133
16272
16202
17040
16132
16202
16970
17040
18158
16272
16341
22417
16342
16133
16342
16272
16272
16691
16342
16062
16621
16622
16342
16342
16202
16481
18786
16202
16551
16202
16691
15853
16760
17669
16621
17249
16691
16621
16272
16621
15364
16341
16761
16831
16412
17041
16621
16132
16272
15853
17040
16342
16272
16202
16412
16690
16342
16132
16202
16552
16621
16132
24792
43858
16202
16272
16342
16342
15783
16063
16272
16621
16690
16690
16482
16341
15993
16132
16063
15992
16691
16621
16691
16552
16411
16063
16342
16342
15224
16482
16621
16621
16691
16202
16342
16132
16132
16691
16691
16830
16272
16272
16621
16552
16691
16411
16342
16760
16552
16621
16342
16132
16691
17179
16132
16202
16342
16621
16761
16202
16062
16342
16342
16621
16132
16691
16691
16482
23954
17180
16691
16202
16482
16342
17180
16691
16621
16831
16133
16132
16411
16272
16133
16551
16062
16481
16062
16342
16132
16272
16761
16551
16202
16063
17110
16342
16691
16132
16202
16691
16761
16691
16551
16552
16342
16761
16272
16901
16341
16272
16342
16202
16271
16831
16691
16761
16272
16481
16202
16760
16132
16900
16760
16132
16411
16341
16760
16272
16062
16202
16481
16411
16272
16202
16272
16761
17040
16901
16481
16622
28633
16622
16342
16202
15853
23535
16551
16691
16342
16132
16761
16691
16132
17040
16272
16551
16132
16831
16132
25350
16063
16761
