15223
14665
14595
14804
14386
14874
14734
14874
14246
14385
14106
14386
14595
14525
14804
15363
14734
15083
16340
16690
14664
14245
14874
14874
16061
14874
14316
14874
13897
16270
14665
14944
15013
14734
15363
14525
16550
15223
15223
14804
14664
15014
14595
14874
14664
14385
14735
15153
14455
14734
16061
14594
14385
13896
14385
14385
14525
14944
15362
14734
14804
14525
28211
14455
14664
15154
14804
14664
14385
14385
14944
14735
14664
14664
17109
14665
14734
14665
15223
14455
14944
14734
14734
14874
15153
14804
14874
14664
14315
14874
14735
14386
15154
14874
14804
14734
14874
15154
14595
14385
14735
14315
15293
21578
14735
14734
14385
14874
14455
14665
15084
14455
14804
16271
14874
14386
14874
14386
14245
14315
14874
14664
15642
14665
14455
14734
14665
14455
15293
14874
14385
14385
15014
14664
14594
14874
14176
14804
15153
14804
14455
15153
14805
14665
16271
14664
14734
14734
14874
14734
14385
14385
14664
14386
15223
14595
14874
14944
14735
15363
15293
14874
14386
33938
14665
14664
14316
16759
14664
14525
14455
14804
14385
14176
14385
14386
14455
15223
14874
14455
15572
14734
14316
14456
15014
14665
14664
14665
14734
14664
14664
14315
14734
14874
14875
14664
23533
14944
14664
14455
14874
14385
14176
14595
14385
14665
15083
14664
16131
14735
14386
14595
14874
14874
22835
15014
14595
14804
14665
14665
14874
14874
14735
13268
14246
14664
14735
14874
14315
14874
14874
14595
14734
14804
14805
14385
14874
14874
14735
14874
14944
14874
14245
14525
14734
14665
14246
14664
14385
14316
14735
31354
15083
14734
14594
14385
14665
14665
14455
14874
14804
14665
15642
14665
15014
14595
14595
14874
14316
14525
14874
14385
14874
14665
14315
14385
14664
15363
14874
14665
14595
14385
14874
15293
14735
14734
14665
14175
14804
15084
14246
14944
14665
14385
14455
14665
14804
15223
14594
14735
14874
14665
14804
15363
14385
14665
14665
14665
15642
14874
14875
16340
14664
14595
14385
15223
14874
14246
14175
14315
14595
14804
15154
14315
14804
14665
14874
15363
14665
14385
14664
15084
14664
14525
14874
14735
14665
14804
14735
28351
14734
14246
14665
14385
14735
14874
14874
14594
14316
14665
14455
14665
14246
14664
14665
14734
15014
14315
14386
16480
14664
14735
26257
14665
14665
15154
14804
15014
14315
15363
14386
14874
14665
15223
14734
14246
14664
14664
14595
14735
14385
14315
14734
14665
14874
14874
15712
14385
14804
14874
14455
14804
14734
14735
14665
14874
14665
14316
14665
14664
14665
14874
14595
14316
15083
14665
14874
14594
18575
14315
14595
16062
14804
14805
14664
14734
15223
14175
14735
14734
16689
14385
14595
14246
14525
15153
14594
14665
14735
14595
14525
14245
14734
14246
14804
14594
14594
14595
14316
15363
14874
14944
14455
14385
15153
14385
14734
14734
14664
14734
14874
14734
14874
14595
14665
14386
14874
14664
14944
14665
14804
14106
14386
14944
27234
14385
14734
15223
14595
14595
14943
14665
14805
14875
14455
14316
14525
14665
15363
14805
14734
14246
15154
15224
14734
14385
14875
14664
14804
14874
15083
14665
14734
14874
14874
14874
14665
14874
14805
15293
14874
14735
14385
14874
14735
22835
14664
14664
14664
14316
14874
14245
14734
14455
14874
14665
14525
14246
14735
14665
14594
21019
15083
14316
15013
14734
14944
14944
14874
14246
14734
14386
14735
14176
14665
14804
15224
14734
14874
14874
14735
14874
14246
14665
14595
14944
14735
15014
15084
14664
13967
14804
15083
14874
14804
14804
14874
14735
14665
14525
14595
14664
14804
14734
14805
15084
14874
14874
14664
14665
14874
14804
14315
15153
23044
14385
14664
14525
14804
15084
14874
14874
14665
14315
14456
14385
14875
14734
15014
14874
15223
14874
14804
14734
14665
14664
14804
14874
15224
14665
14594
14735
14804
14665
14944
15223
14385
14385
14665
14665
14385
14455
14386
14874
14805
14875
14735
14874
14805
14804
14735
14734
14664
14595
15014
14664
14316
14665
14665
14315
14944
14664
15363
14664
16759
14385
14665
14665
15223
14874
14874
14874
14735
22276
14665
15084
14246
15154
14804
14595
14944
14734
14664
14874
15223
14316
15084
14874
14944
14875
14664
15781
15363
14734
14455
14595
15014
14804
14874
23394
14804
14944
15154
15154
14944
14315
14665
14734
14455
14664
14385
14804
14804
14386
14805
14594
14595
14665
14665
14944
14595
15153
14525
14315
14735
14874
14734
14874
14455
14664
14595
14735
14664
14385
14455
14316
14385
14735
14456
14805
14246
15223
23045
14315
14734
14735
14665
13338
15223
14943
14664
14804
14875
14385
14875
14525
15223
14525
14804
14665
14874
14874
15084
14455
14874
14735
14455
14734
14735
14734
14385
14595
14245
14735
23813
14455
14665
14874
14735
14735
14385
14665
14735
14664
15293
14664
14455
14664
14735
15154
14315
14176
14804
14665
16201
14595
14734
14665
14246
14735
15223
14316
14734
14734
14595
14665
14664
14664
14664
14734
14595
14455
14874
14805
14734
14385
14874
14874
15084
14665
15014
14386
14874
14455
14874
15363
15223
16760
14664
14665
14245
14455
14874
14455
14735
14874
14734
14734
14665
14805
14804
14664
14804
14805
14874
14665
14664
14805
14595
14664
14804
14175
14665
14875
14385
14874
14805
14455
14874
14874
14665
14734
14734
14804
15153
14246
14316
15224
14804
14665
14734
14665
14874
14664
14665
15083
14315
14874
14804
14804
14805
14455
14734
14385
25698
14385
14944
15153
15014
14595
14735
14664
14455
14735
14804
16131
14874
14595
15153
14874
14734
14315
14874
15223
14804
14875
14525
14665
14664
14734
14804
23254
14804
14735
14875
14386
14874
14664
15153
14385
15014
15154
14176
14734
14944
14455
14874
16271
14594
14665
15363
14805
14874
15224
14386
14385
15153
14874
14385
14874
14805
14874
14665
14805
14804
14875
14875
14804
14735
15433
14455
15154
14805
14665
15153
16760
15083
14875
14735
15363
14246
14385
14804
14246
14455
14735
14246
14246
29608
14665
14315
14525
14386
14805
15153
14874
14874
14874
14735
14316
14246
14804
15083
14246
14665
15153
14874
14385
14734
14804
14874
14665
14665
14246
14665
14455
14804
16620
14246
14944
14665
15153
15153
14664
14874
14804
14245
14735
14385
15363
14456
15153
15153
14665
15643
14944
14664
14875
14245
15153
15014
14875
14805
16969
15852
14944
14664
14385
16341
14735
