24239
25637
25707
24799
24380
24380
24450
24868
24799
24100
24798
24659
24659
25288
24310
24171
24729
24310
24729
24729
24589
25218
32972
24449
24380
24379
24240
24380
24729
24450
24868
25288
25008
24659
24798
24380
24729
24310
24380
24799
24589
24450
24729
32413
25358
41774
24449
24799
24728
25218
24729
24799
25287
24379
24170
24310
25009
24729
24869
24520
25078
25218
24589
25218
24799
24379
59517
24519
24799
24798
24868
24799
25148
24799
24450
24240
24729
24240
24449
24380
24449
24519
24729
24799
24380
24658
24449
24939
24799
24798
24728
24240
25287
24240
24380
24799
24729
24868
24519
32413
25287
24589
24868
24799
69087
25218
25148
24309
24868
24240
25567
24659
24729
24728
24659
24729
24240
24659
24799
24031
25008
24728
24310
24310
25357
24868
24449
25288
24379
24729
24729
24729
24868
24869
24799
24450
24659
24379
24729
24379
24729
24589
24799
24729
24380
25148
24799
25357
24450
25217
24798
25428
24729
24868
24798
24868
25148
24519
24729
24379
25148
25637
24240
25288
24310
23960
24729
24589
24659
24729
24380
24868
24729
24728
24380
24799
24309
24310
24798
24379
24379
24658
24379
24798
24798
24799
24659
24798
25217
25567
24799
24240
24868
24799
24798
24380
24798
24938
24799
24310
24589
24379
25358
24449
24729
24310
24799
24379
25287
24868
24659
24309
24239
24380
24240
24379
24309
24658
24728
24379
24169
24309
24240
24728
24240
24449
23681
25357
24798
25288
25218
24379
24658
24729
24869
24589
24868
34368
25218
25148
25148
24868
24728
25218
24449
25357
24659
24309
23122
25288
25218
24170
25217
26126
25218
24868
24798
25636
24309
24380
24728
24239
25427
24379
24798
24868
24798
24938
24239
24449
24798
25078
24589
24380
24799
24519
24729
24380
24728
24309
24239
24798
24239
24169
25217
33391
24588
24239
24798
24868
24449
24379
24240
24798
24728
24728
24728
24380
24240
53439
24380
24798
24729
25637
24240
24868
24379
24310
24868
24659
25077
24938
24519
24309
24868
24729
24309
24379
24798
24379
24868
24449
24310
25287
24659
23890
24309
24938
28082
24309
24240
24519
24310
24798
24379
24449
24729
24728
24309
24449
24518
24379
24728
24309
24868
24728
24379
24798
24449
24379
25287
24310
24309
24868
24798
25008
24868
24379
47011
24310
24588
24588
24170
24728
24030
24100
24799
24798
24868
25147
24379
24938
24309
24868
24868
24798
24798
25217
24728
25217
24309
24169
24799
24449
26125
25497
24798
24379
24658
24519
24938
24938
24798
25148
24239
24868
24309
24798
24309
24379
24658
24379
24798
24309
24868
24659
24868
24798
24729
24868
24658
24728
24379
26754
24799
24239
24868
24309
24239
24379
24798
23960
24309
24868
24729
24239
24728
24589
24798
24728
24519
24798
24240
24798
24868
24728
24169
24729
25147
24868
24868
24379
24309
24169
24798
24728
24868
24729
24868
24798
25287
24798
27103
24239
24658
24868
24309
32482
24868
25147
24728
24310
24240
24379
23890
24309
24309
25147
24379
24868
25147
24868
25217
24239
24309
24309
24728
24309
24379
24449
24379
24868
24169
36812
26754
24378
24309
24448
24588
24449
24868
24728
24309
24448
24798
24309
24308
24798
25077
24239
24588
24798
24449
24379
24309
26125
24379
25217
24868
25426
24449
24239
24449
25287
24798
24449
24379
24868
24798
24659
24728
24518
24308
24798
24658
24378
24518
24239
24728
24658
24658
23820
24658
24379
24728
24449
24519
24798
24449
24658
24798
24798
24309
24378
25217
25216
24937
25217
24309
24309
24868
25497
24658
24378
24938
24379
24798
24798
24728
24798
24728
24868
24658
24658
24309
24798
24448
24728
24379
24728
24239
24448
24658
24309
25217
24379
24658
25008
24728
24728
24309
24798
24728
24309
25147
24308
24378
24728
24728
24659
24378
24379
24239
24728
24378
24309
25217
24379
24728
24309
24727
24658
24728
24379
25147
26195
24239
24658
25008
24727
24379
24518
24588
24798
24449
24449
24798
24449
24449
24449
24658
24378
24308
24728
24728
24378
24239
25426
24797
24378
24519
24868
25357
24309
24867
24588
24728
24099
24798
25287
24797
24379
24378
24728
24309
24309
24868
24239
24798
24448
25147
24797
24308
24798
24309
24728
24798
24379
24868
24728
24658
24728
24798
24798
24239
24728
24798
23890
24239
24658
25356
24308
31923
24728
26195
26334
24728
25007
24169
24868
24797
24868
24658
25217
24239
24867
24798
24448
24169
24309
24518
24239
24728
24867
24309
24448
24379
24239
24728
24309
24309
25007
24867
24379
24378
24448
24169
24378
24518
25008
24867
24239
24938
24588
24868
24938
24379
26195
24239
24798
24728
24379
24867
24797
24379
24798
24309
24867
24797
24378
24449
24449
24519
25147
24379
24239
24728
24867
26265
24797
24379
24379
26753
24308
25147
24379
24728
24378
24867
24798
24728
24378
24379
25217
24658
24728
24728
25076
33320
24867
24308
24798
24309
24588
24727
24728
24727
24728
24308
26754
24518
24728
24518
27103
24308
24867
24867
24448
24519
24239
24728
24728
24727
24797
24238
24308
24449
24867
24937
24868
24797
24378
24448
24378
24798
25286
24378
24518
24588
24308
24378
24797
24868
24309
24379
24797
24798
24658
24448
24867
24727
24797
24797
24658
24378
27102
24797
24379
24727
24379
24308
25007
25217
24868
24727
24239
25147
24798
24308
24938
24238
24727
24798
24378
24378
24379
24937
24658
24728
24238
24378
24378
24657
24727
24728
24239
24308
24588
24867
24448
23819
25286
24868
24797
24937
24868
24728
25287
24308
24238
32970
25007
24867
24867
24727
24727
24728
24239
24657
24379
24798
25356
24727
24378
24658
24798
24587
25146
25356
24728
24379
24657
24378
24657
24239
24658
24797
24657
24378
24378
24378
24867
24518
25286
24587
25146
26055
24867
24797
24518
24378
24657
24379
24658
24378
24657
24867
24867
24797
24727
24867
24658
25286
24797
25286
24797
24309
24378
24517
24797
24867
24798
24448
24448
24657
24657
24867
24867
32900
24588
24378
24588
24798
24868
24308
24308
24448
24029
24308
24728
24588
24867
24797
24797
24518
24797
24798
24378
24308
24448
24797
24308
25217
24518
24728
24378
24727
24728
26194
24728
24728
24239
24798
25356
24658
24727
24378
25286
24308
25286
24448
24728
24728
24238
53157
24658
24378
24378
24728
25356
24658
24379
24518
24238
24169
24587
24727
24867
24587
24448
25286
24378
24867
24308
24727
24797
25146
24728
24658
24099
