3353
3422
5238
5657
3702
3911
2863
2793
2374
3352
3213
3422
3841
3701
3353
3841
3841
4260
3911
3841
3701
3352
3423
3283
3423
3282
3771
16203
3841
3771
5308
3283
3911
4680
3772
3352
3841
4190
3911
3352
3422
3771
3352
3352
5308
3422
3283
3352
3841
3352
3352
3282
3283
3352
3422
5168
3772
5307
3771
5237
3771
3282
5657
3282
3911
3352
3771
5727
3352
3422
3423
3841
5238
3353
5657
3422
3771
3771
3771
3841
3771
3422
3841
3352
3701
4400
2864
3353
2934
3352
3352
3353
3283
3282
3283
3352
3771
3352
3422
3352
3283
3352
3352
3422
3353
3283
3702
3353
3422
3422
3842
5796
3352
3771
3771
3422
3352
3352
5168
5238
5238
3422
3771
5657
5168
3353
3352
3353
3283
3771
4330
3771
3283
3422
5587
4330
3353
2444
5657
3282
5587
3841
3772
3422
5168
5168
5238
5238
2375
5308
3353
3353
3352
3282
3772
3283
5237
3352
3283
5307
3283
5377
3282
3841
3282
3772
3353
5168
3353
3353
3213
5308
3283
3841
4749
3283
3841
5238
3771
3422
4400
5797
5238
3213
3841
5238
3841
3841
3422
3353
5308
5726
3352
3282
3352
5168
3352
5238
3283
3423
3283
3352
2933
5308
3352
3352
3911
3771
5237
3352
3422
3282
3352
3841
5308
5727
3842
3911
5377
3771
3352
5378
3283
3772
3282
3282
3771
3772
5657
5657
3771
3422
3283
4330
3841
3701
3422
3771
3352
3911
3352
4261
4261
3772
4261
4330
3911
3213
2864
3771
4400
4261
3352
3841
5238
3282
6635
3422
3771
4400
3771
3702
3702
3352
3841
3422
3841
5797
3841
3771
3911
3422
3771
5238
3772
5657
6984
3841
3841
3911
4261
3841
4261
3841
3422
3841
3771
3701
3911
3352
3771
3352
3283
3352
3352
3701
3771
3353
3353
4330
3841
3283
3352
3771
3352
6076
3352
2793
2864
3352
4609
3422
4260
3282
5308
5238
4260
3841
3842
4260
3353
3841
3422
3771
3352
4819
4260
4260
3772
3282
3772
3841
3352
3772
3771
3352
3353
3352
3841
3283
3422
3352
5796
3352
5726
3352
3283
3282
3771
3352
3771
3352
3771
3282
3283
3771
3212
3353
3772
2864
2864
3352
3771
3352
3771
3911
3352
3352
3771
3841
3282
3422
3352
3841
6146
3282
3352
3352
3352
3282
3422
4819
3353
3841
3283
3352
3352
3352
3282
3352
3422
3283
3771
3632
3282
6216
3771
3353
3353
3772
3352
3352
3352
2933
3352
5238
3282
5657
3352
2863
5308
3283
3283
4330
4260
3352
5657
3283
3841
3352
3283
3283
3283
4260
3841
4749
3282
3352
5237
3841
3422
3282
3283
6215
3213
3771
5657
5308
3771
3771
5238
3841
3772
3841
3352
3353
3352
3282
3283
3353
5308
4749
3213
25352
4260
3771
3841
3772
3422
3772
3353
3282
3352
3841
3282
3282
3911
5727
3213
3422
3422
3283
4260
4261
5238
3841
3352
4330
3282
3422
3352
3841
3282
3283
3352
3352
5727
5238
3771
3422
3282
3911
3352
3701
3841
3911
3213
3772
3772
4749
5168
3282
3422
3422
3771
3353
5308
5238
4260
5796
3841
3841
3353
3841
3841
3422
3771
3771
5168
4260
4330
2375
3282
3841
3771
3771
3352
5238
5377
3352
3422
3772
2793
3422
3771
3841
3283
3702
3352
3352
3283
3352
3422
4260
2444
5307
3282
4679
4261
3352
3352
3632
3842
3352
3841
3282
3352
3353
3772
3282
3422
3841
3283
3352
3772
3771
3422
3352
3352
3841
4679
3911
2864
3352
3841
3422
3282
3352
3352
3771
3423
3841
3422
3841
3282
5657
3701
3772
3352
3213
3841
3422
4260
3352
3353
3771
3841
3771
4191
3771
3842
3352
3352
3771
3353
3771
3352
3352
3842
5238
3353
3352
3283
3283
3771
3283
5796
3422
5657
3841
3352
5098
3771
3841
3283
3352
3352
5308
3282
5238
3282
3283
3283
3282
3771
3353
3841
3911
3352
3422
5168
5098
3423
3422
3352
3283
3422
5308
3352
5587
3283
3841
5238
5238
5238
3283
5098
3282
3283
3423
3771
3352
3771
3282
3352
2793
3352
2374
3771
3771
3422
3353
3841
3422
3352
3283
3422
3282
3771
3352
3352
3772
3282
2863
3283
3772
3772
3841
5168
2374
3282
3771
3282
3352
2933
3353
3283
3910
3423
3911
3282
3353
3282
3841
3352
3282
5308
3282
3282
3352
3352
3771
5308
3282
3841
3422
3352
3771
3352
3283
3701
5307
5238
3353
3353
3352
3702
5307
5168
3282
3841
3352
5238
3353
3352
3352
4679
5168
5238
3282
3352
5308
5168
5657
5308
5168
5168
3842
5237
3841
3422
5657
3771
5727
3841
3352
3422
3282
3352
5238
5238
3771
5308
3772
3842
3352
3352
3771
3282
3352
3422
3352
5168
3352
3283
3283
3282
5378
5727
3353
4819
3771
4819
3352
5657
3771
3352
4330
3911
3352
3911
3702
3422
3353
3282
3911
3772
3352
4260
3911
3841
3352
3283
3282
3353
3282
5867
16412
3771
3283
3841
3701
3282
3352
3422
3841
3282
3772
3353
3282
3283
3352
3352
3282
3282
3352
3352
3282
5657
3771
3771
4330
4260
3701
3911
3772
3911
3772
4330
3283
3841
3911
2794
3842
3352
17320
3701
3771
3772
3841
4260
3771
3353
3353
3841
3283
5238
3352
4400
3842
3772
3841
3422
3352
3771
3841
3841
3771
3911
3353
3771
3841
3771
3842
3841
3771
5238
3423
3282
4260
3702
4330
3352
3771
3771
4261
4191
3352
3283
3771
3841
3352
3422
3422
3422
3282
3352
3841
5307
3842
5308
3282
3423
3771
3841
3283
3282
3772
3841
3352
3283
3911
3352
3352
3353
6704
5796
3352
3841
3841
3282
3352
3422
5797
3212
5238
3353
3352
3353
4260
3352
3353
3772
6705
5168
3841
7194
2933
4260
3771
3352
3422
3353
3771
3841
3282
3352
3282
3771
3283
3422
3701
3772
4260
5588
3771
5727
3771
5796
3771
3771
3353
3212
3771
3352
3771
3841
4260
3282
3911
3771
3352
3422
3771
3352
5657
3282
3771
3771
3352
3352
3283
3352
3283
4679
3841
3353
3282
5727
2933
4260
3212
3352
5308
3352
3353
3352
3772
5238
5727
