10477
11525
11386
11874
12224
12433
11944
11596
11945
11386
12294
12224
11804
12993
13761
12783
12503
13272
13272
12503
12364
11804
11734
11246
11944
11595
11874
11456
11315
11805
32340
11385
11595
12014
12503
12014
12992
11805
11874
13970
11595
12434
12853
13132
13342
11944
12363
12433
12154
12364
11385
12014
11875
11316
11315
10827
11455
11036
11386
11456
13202
11805
11456
11874
12364
11875
13761
12992
12224
12992
12503
12922
12503
12923
14320
13132
13830
11316
11595
12363
11665
12014
11316
11944
11456
11595
11875
11805
11804
11875
11874
11455
12084
11875
11665
12503
12363
12853
12363
12573
11874
12434
13132
13272
13620
12364
11945
12294
12783
12853
12294
41492
12783
12363
12294
12154
12364
12293
12363
11875
12293
12363
13761
13760
12294
13271
12433
14669
13482
12363
11874
11036
11106
11595
11106
11106
11106
11037
11106
11386
11037
11525
11805
11246
12014
11945
12992
11944
11875
11386
11805
12713
12503
13272
13411
14179
12852
12853
14319
12782
12504
12713
12712
11874
12364
12224
12433
12014
12084
13272
12294
12573
12294
13691
11804
12503
12154
12434
12363
11386
16345
12294
12923
11874
11944
12293
12014
12783
11875
12364
13272
12853
13202
12573
13761
12433
11944
11596
11735
11455
11525
11456
11106
11666
11385
10967
10897
11316
11804
11455
11386
11037
11106
10966
11386
11036
12433
11595
11804
11386
11525
11525
11455
10757
11385
11107
11316
11316
11455
11386
11386
11107
11385
11385
10897
12363
12992
15856
13971
15717
14389
14250
13481
24727
12503
12783
11525
11386
11315
11036
11944
12293
11875
12014
12434
11944
11874
11944
11875
11455
11246
11386
11735
13482
12992
14669
12922
13412
13272
13131
12852
12363
12294
12573
12363
12293
12224
12014
12434
11455
12503
12223
12434
12712
11875
13272
12783
12224
12363
12433
12993
14669
15367
12503
12084
12433
15158
14249
13202
12783
12363
12434
12434
11805
11945
12084
11386
11874
11875
11106
11316
10896
11385
11107
29057
10897
11386
11246
11595
12154
15437
13202
15297
15157
13481
13342
13900
12434
19069
11386
10897
11036
11107
11386
11385
11385
11316
11525
11316
11595
11456
11037
11525
10897
11316
11945
11106
11944
13760
13830
12853
13411
12923
14878
12503
12713
11805
12364
12014
12293
12503
12503
11945
12434
12364
16834
12015
12783
12853
12504
13761
12783
12504
17113
15228
13272
13691
14389
13271
12922
14739
13272
12783
15367
12713
13202
12643
12364
12992
12363
12782
12503
19209
11525
11595
11665
11107
10966
10967
11036
11944
12852
12363
13482
13272
14879
13690
13551
13412
12573
11875
12364
11525
11735
11874
10897
10966
12015
11386
11525
10966
11945
11526
11106
11037
11456
11036
10338
10967
11595
13202
12922
13341
14738
17672
13412
13760
14878
13342
13132
13272
12713
13411
12433
13341
12504
12783
12363
12503
12574
12294
12503
13411
13690
11805
12434
12503
12923
12363
13342
12293
12364
12224
11874
12852
12922
12014
12363
12922
12504
12643
11595
12433
12363
12433
12992
12293
11804
11455
11525
11456
11455
10967
11386
12713
12853
13272
12783
12783
15646
13481
13481
12992
12363
12084
13411
12293
11525
12713
12015
11385
11874
11385
11456
11386
11595
11386
10966
11596
11526
10897
11456
13690
12363
12433
13831
18510
13761
14808
15158
12853
12782
12433
13342
12433
13481
12643
12503
12503
12433
12153
12224
11945
12224
12014
11735
12294
12293
12853
11455
14668
12922
14529
11734
12154
11874
12433
12293
12363
13271
12853
12294
12782
35344
12922
12294
12433
11944
12363
11874
11595
11036
11525
10128
11107
11735
11456
11106
11036
10967
11386
10827
10617
11037
11455
11386
11455
12504
11455
11525
11386
11456
11246
11595
10966
11036
11107
10896
10897
11246
11386
11386
12084
11525
11386
11386
13761
12433
13481
13272
13551
12852
15716
12853
13970
15227
13411
14948
11944
11455
10896
11315
11386
10548
11106
11316
11595
9918
11106
11036
10896
10897
11595
11246
11386
13690
12434
12433
13760
13271
12992
18021
12363
12852
11874
12434
20885
12363
12014
12992
12293
12783
12363
11944
12643
12363
12364
12504
12783
12503
12014
14319
12503
12712
12503
11944
11385
13411
12014
12294
12783
12363
14250
15367
12084
14180
12713
12433
12363
12783
12504
12084
11735
11874
11455
11246
11456
11037
11385
10896
11385
12782
13760
12853
13831
15367
15437
13132
12992
15157
15716
12782
12363
11316
13271
11455
10966
10896
11456
11316
11525
11664
11246
11316
11036
11106
11525
10966
11316
11805
11315
14878
14389
13341
14320
12084
13411
13411
16344
12364
12364
11874
13202
11944
13970
14319
12363
12992
12852
13271
12434
12363
11735
12224
12293
16414
12852
13271
12363
12922
12364
13481
12923
12573
13062
13411
12992
12783
14598
12713
12783
12503
12712
12782
12783
12992
12992
11874
11106
11386
11106
11246
11316
12503
12992
13062
12434
11804
11944
12434
11944
12014
11874
11316
11526
11386
11525
10967
11385
10896
10966
11455
11386
11036
11246
11456
12084
11176
11386
11455
11386
11106
11386
11805
13132
13342
13970
12922
13201
12992
13690
13062
13271
12922
13690
12154
12363
12293
11735
12364
11875
11036
14599
11875
11386
11595
11385
11316
10408
11874
11665
12922
11316
15646
11315
12294
12014
12433
12783
12503
12433
12433
13062
12503
13271
11525
12853
12433
12503
13900
13341
16764
19628
11874
10617
11875
12294
12014
14249
11875
12992
11944
11316
13271
12922
12783
12014
12713
15297
12364
11385
12015
11944
11595
11734
11316
12084
11455
13272
11595
11805
11036
11316
10757
10966
11176
13620
12433
14738
13272
12573
12783
13830
13760
12923
12992
13411
11944
12433
12224
11455
11944
11595
11525
11805
12293
12992
11525
11595
11874
11945
11945
12293
11874
11455
10966
12433
11874
11525
12713
12363
14599
12294
12503
12852
14320
12503
13830
12223
13970
11944
12084
12504
12014
12014
11875
14389
11315
11944
11875
11595
11804
12014
11595
10897
11386
11595
11386
11945
11874
13341
12224
12573
12992
11525
11385
11804
11944
12014
11316
12014
11176
12015
11385
11106
11316
11385
10897
11106
11456
11036
10896
11804
12433
12782
15158
13272
12852
13411
13272
13481
13481
12852
11805
11455
11385
11456
11106
11386
13271
11386
10897
11176
10896
10897
11456
12363
12364
11944
11455
11316
16764
12294
12573
15017
13481
16833
13201
15856
12922
