6146
5866
6146
6146
6215
6355
5727
6146
5586
5726
6286
5727
5657
5796
6355
5656
6146
5797
6145
5656
5587
5726
5797
5727
5726
5727
5797
5796
5796
5657
6075
19135
5587
5657
6146
6076
6076
5726
5726
5797
6076
5796
5796
6216
5796
5657
6635
6145
5657
5797
6146
6215
6146
5866
5866
6215
5727
6635
5656
5238
5866
6076
5657
5238
6774
5238
5796
4400
5866
6705
6216
5307
5237
5796
5797
5797
5796
6634
5656
5726
5726
5657
5796
5797
5796
5657
6076
5726
5797
5238
5726
6146
5657
5308
5657
5308
5587
5587
5796
19065
5727
5727
5307
5098
5657
5727
5726
5726
5797
6495
5657
5797
5726
5657
5657
5797
5308
18507
5796
5378
5587
5656
5726
5238
5238
5657
5656
5168
5727
5308
5656
5238
5657
5587
5308
5237
5237
5238
5238
5727
5168
5726
5657
5726
5377
5657
5238
5656
5238
5238
5726
5727
5727
5796
5796
5657
5656
6076
5308
5168
5657
6216
5657
5307
5796
5727
5237
6565
5238
5308
5727
4749
5727
5657
5098
5238
6286
5237
5307
5238
5238
5238
15993
11384
5308
5726
5168
5238
5657
5237
5238
5657
5168
5727
5657
5168
5168
5657
5238
5168
5377
5168
5168
5238
5238
5727
5168
5797
5307
5098
5657
5727
5168
5168
5307
8171
5866
5308
5308
5238
5308
5168
5238
4748
4748
5377
4818
5587
5098
5167
5308
5238
5797
7613
5238
5307
5238
4819
5238
6285
5378
5308
4819
8380
5308
5238
5308
4819
5168
5168
14875
5168
5098
4749
4749
4749
4818
5168
5168
4819
5238
5377
5308
5168
4819
5238
5238
5238
4748
4749
5168
11732
5167
5168
5238
5168
4679
5098
5168
5308
5168
4749
5238
5307
4819
5168
4889
5168
5168
4749
5587
5307
5168
5168
5098
4748
5168
5238
5378
5168
4679
5307
4819
5307
5168
5587
5307
4749
5237
4749
4749
5238
4819
5168
5307
5238
5168
10894
5307
4679
4190
4749
6635
4888
4749
5168
5238
5168
5237
5168
5307
4819
5168
4749
4679
6215
4749
5168
4889
5237
4400
5238
4819
4749
5307
4819
4260
5168
4748
5168
5168
5237
4679
4609
5168
4889
5238
4749
4749
4679
4819
4679
5238
5238
4679
4260
4889
5308
3841
4888
4679
4819
4749
4819
9916
4819
5238
5167
4749
4749
4749
5307
4889
4888
4889
5168
25351
4679
4679
4330
4749
5168
4679
4818
4330
4749
4749
5168
4819
4889
4400
4749
4749
5098
4749
4889
4889
4749
4889
4749
4819
4749
4749
4749
4749
4749
4749
5307
4749
5308
4749
4749
4749
4749
4819
5307
5168
4889
4819
5168
5168
4749
4679
4749
4260
4679
4749
4749
4749
4819
5098
4260
4819
4819
4400
4679
4819
4819
4819
4888
4679
13199
4679
4679
4260
4330
4819
4819
4749
4260
4749
6145
4749
5168
4749
4749
4889
4330
4819
4679
4819
4819
4748
4749
4749
4749
4819
4819
4889
4679
4679
4748
4330
4330
4749
4888
4819
4749
5727
6565
7124
4749
4679
4400
4330
4818
5238
8031
5657
6704
4888
5377
5727
5098
4748
4749
5726
5656
5657
4679
4749
4749
4749
4749
4889
4609
4819
4749
4749
4190
4679
4819
3841
4818
4749
4748
5098
4748
4748
11523
4749
3352
4679
4819
4679
4818
4679
4330
4679
4330
4819
4679
4819
4330
5587
4400
4749
4749
4748
4819
4749
4819
4889
4748
4818
5168
4680
4819
4749
4748
4679
4819
4749
6216
4330
4260
4749
4749
4749
4260
4749
4260
4889
4888
4679
4679
4399
4748
4330
5168
3282
4749
4679
4749
4749
5167
4260
4819
4679
4888
4679
4749
4260
4749
4819
4819
5168
4679
4819
4679
4819
4749
4609
4889
5168
4749
4818
4889
4749
4749
4679
4679
5168
4749
4260
4260
4748
4330
4400
4260
4400
4749
4679
4609
4819
4749
4819
4749
4749
4819
4749
5307
4818
4330
4330
4819
4749
4260
4679
4749
4749
5238
4749
4749
4818
4819
4260
4749
4260
4679
4400
4749
4749
4749
4260
4260
4330
4679
4260
4330
4679
4819
4748
4819
4679
3282
4749
4260
3771
4330
4749
4679
4260
4749
4749
4330
4260
4260
5308
4889
4679
4819
4819
4749
5238
4330
4400
5308
4749
4679
4819
4749
4679
4679
4749
4679
4680
4679
4889
4819
4888
5308
4260
4330
4819
9986
4260
4819
4400
4330
4330
4749
4679
4819
4679
4260
4330
5098
4679
4330
4819
4400
6075
4889
4749
3841
5098
4749
4819
4609
4400
4749
4748
4329
4260
4260
4819
4749
4679
3841
4260
4819
4679
5307
4609
4818
4329
4749
4749
4329
4330
4749
3911
4819
4818
4819
4260
4819
4679
4749
4679
4749
4749
5168
4819
4679
4399
4819
4749
4749
4679
4679
4819
4679
4889
4749
4679
4749
4888
5098
4749
3422
4818
4818
4749
4749
4400
4679
4818
4679
4330
4679
4679
4819
4749
4679
4679
4679
4819
4679
4679
4749
4819
4749
4749
5168
4679
4679
4819
4749
4749
4749
4819
4330
4679
5307
4748
4679
4749
4749
4819
4679
4609
4330
4819
4749
4679
4748
4749
5726
4749
4749
4400
4679
4749
4749
4749
5238
4819
4818
4819
4749
4819
4679
4749
4749
4679
4749
4330
4749
4749
5308
4888
4889
4399
4819
4819
4330
4749
5797
4819
5168
4749
4749
3841
4749
4888
4819
4749
4679
4819
4818
4818
4818
4748
3772
4819
4749
5168
4819
4330
4749
5307
4749
5308
5796
4748
4819
5308
5237
6215
6216
4889
4749
5237
4888
4679
3701
5796
5796
5308
4749
4819
4330
4818
4749
4818
4889
4260
4819
4260
5237
4749
4818
4679
4749
4749
5726
4261
4679
4679
5168
4749
4749
4749
4679
4749
4679
11523
4748
4749
4749
4749
4749
5726
5237
4749
4749
4749
4749
4818
4819
4749
4749
4819
4818
5168
6145
4819
4819
5238
4749
5238
5238
4889
4749
4819
4679
4749
4679
5307
5307
4679
6075
4679
5797
5726
4819
5168
4679
4330
4330
4819
4819
5657
5587
4679
4749
4819
4749
5168
5237
5726
4749
4399
4819
4818
4749
5238
5656
5657
4889
5727
4680
4818
4749
5657
4749
4680
5168
