22837
7264
8520
7682
7124
7194
7613
7542
7124
7682
7124
7193
8590
6984
7124
7612
7054
7123
22697
7612
7193
7473
7193
7683
7543
13339
7193
7543
7194
7124
13898
7612
7193
7263
7612
7194
7053
7542
7473
7193
7613
7263
7263
7682
7263
7543
7193
7124
7124
7542
7543
7263
7612
7682
7194
7263
7682
7123
7542
7263
7543
7123
8031
7542
7682
7612
7193
7752
7403
7124
7123
7054
7612
7193
7193
7752
8241
8102
7124
7263
7194
7123
7193
7124
7542
7124
7682
7333
7682
7264
7193
7542
7612
7263
7193
7193
7124
7333
7193
7194
7123
7473
7264
7543
7543
7194
22977
7543
7193
7123
7612
7193
7612
7542
7054
7333
7124
7682
7124
6774
7542
7682
6984
7123
7123
7124
7753
7543
7263
7054
7543
7054
8451
7193
7194
6216
7473
8520
7542
7473
7543
7613
8590
8101
8381
8590
9428
8102
8171
8521
8520
8102
7613
7613
7612
7264
7542
6983
6984
7263
7612
7542
7543
7612
7543
7194
7194
7054
7682
7124
6634
6984
7752
7263
7193
6984
7263
7473
7263
6215
7682
7542
6146
7543
7682
8591
7123
6635
7194
7194
7682
7473
7194
7263
7193
7123
7612
7053
7612
7054
7682
7472
7543
7194
6286
6844
7473
7752
7194
7612
9638
7542
7473
7543
7752
7682
7612
7543
7263
7613
7194
7682
7613
7193
7613
7124
7612
6984
7194
7753
7542
7613
7542
7194
7682
7473
7473
7682
7542
7472
7193
7543
7124
8031
8032
7542
7543
7263
7263
7682
7683
7543
7193
7263
6216
7124
7612
7613
7263
7123
7683
7612
7752
7123
8171
7473
7961
7542
7612
10616
7682
7683
7683
7124
7752
7054
7542
7682
7612
7962
7682
7683
7613
7543
7263
9009
7473
8101
7613
8031
7194
8031
7683
7752
7542
21580
7193
7682
7543
7682
7263
7612
7124
7822
6565
7612
7542
7542
7682
7682
7613
7961
7682
7263
7613
6635
7612
7264
7682
7473
7612
7962
7682
7543
7543
7752
7123
7054
8032
7543
7123
7543
7542
7612
7543
7472
7613
7194
7053
7473
7472
7193
7124
7263
7263
7753
7263
7542
7124
7543
7612
7124
7263
7543
8101
8171
7822
7123
6984
7543
7054
8032
7682
7682
7683
7124
7263
7263
7194
7473
7613
7054
7682
7543
7263
7054
7613
7193
7264
7193
7613
7543
7612
7682
7054
7124
7054
7613
7193
7124
7683
7612
7612
7054
7264
7124
7543
6635
7123
7543
7264
7193
7264
6495
7473
7124
7263
8870
7613
7194
7194
8101
15854
8521
8241
8172
8032
8102
7543
9498
8032
7053
7542
7612
7124
7193
7542
7613
7193
7683
7123
7473
7263
7543
7543
6984
7264
7194
7263
7682
7682
7543
7194
7543
7124
7264
7193
7124
7473
7123
7543
7613
7193
7263
7264
7542
7682
7123
7542
7053
7124
7054
7263
7124
7054
6984
7124
7543
7683
7124
7123
7263
7613
7054
7613
7682
7543
7613
7683
7543
7752
7542
7612
15364
8520
7543
13898
7264
7613
7682
8031
7193
7682
7193
7613
8102
7612
7613
7193
7543
7612
7472
7752
8241
7123
8521
7682
7543
7683
7263
8520
7124
7543
7124
7193
7543
7194
7613
7752
7264
7403
8102
7542
8171
7543
7263
7473
7473
7263
7612
7752
7054
7263
7263
7613
7194
7123
6704
7682
7123
14806
7613
7752
7124
6984
7962
7193
7543
7472
7682
7612
7683
7543
7193
7263
7543
7542
7682
7612
7612
7543
8171
7263
7752
7472
7542
7263
7752
7263
8101
7543
7542
7543
7682
7962
7752
7962
7194
7682
7542
7612
8101
7683
7543
7263
7612
7682
6984
7682
7542
7612
7124
7193
7612
7194
7054
7612
7054
7124
7054
7194
7054
7752
7542
7682
7543
7613
7543
8032
7613
7613
8031
7613
7473
9149
7613
8101
7682
7542
7752
8171
7752
7264
7822
7193
7263
7613
7543
7752
7683
7263
9568
7682
7543
7612
7542
6285
7612
7263
7193
7263
7612
7124
7683
7612
7473
7613
7123
7123
7543
7054
8660
7682
7194
7543
7613
7053
7752
7612
6775
7053
7264
7613
7054
7124
7752
7263
7612
7683
7123
7193
7613
7472
7264
7124
7193
8171
7124
7263
7752
9010
7612
7613
7264
8730
10895
8660
7613
8172
8171
7612
7682
7263
7473
7682
7683
7054
7822
7193
7403
7473
7543
10057
7612
7263
7123
7542
7123
7612
7263
7752
7753
7543
7263
7682
8032
7613
7543
7752
7543
7962
7264
8660
7753
7682
7682
7961
7054
7193
7123
7124
7054
7473
7683
7543
7542
7543
10476
7613
7542
7123
7194
7682
7124
7124
7124
7194
7543
7473
7542
6774
7193
7542
7543
7193
7264
7263
7054
7543
7194
7613
7613
7473
7612
7053
7053
7612
7683
7543
7542
7612
7193
7682
7613
7263
7682
7473
7193
7543
8032
9009
7543
7264
7543
7682
7613
7682
7473
7264
7752
7612
7543
7543
7613
7962
7194
7752
7263
7123
7542
7124
7193
7263
7193
7543
7613
7543
7472
7054
7124
8241
7123
7682
7612
7961
7752
7612
8660
10546
7962
8032
7961
7962
8241
8241
8730
8102
8031
8031
7543
26748
7123
7543
8101
8171
7613
7612
7682
7263
7263
7752
7542
7473
7683
7683
7263
7193
7123
7194
7543
7682
7124
7752
8031
7193
7263
7682
7682
7124
7542
7543
7263
7752
7194
7612
7263
7263
7543
7124
7612
7123
7263
7263
8031
6984
7752
7264
7054
7682
7682
6215
8032
8101
7682
8660
8031
8032
8102
7682
7543
7613
8102
7263
7263
7054
7473
7543
7193
8590
7194
7683
7892
7473
7682
7542
7612
7613
7961
7752
7753
7263
7682
7612
8101
7683
7753
7682
7542
7264
7543
7752
7123
7054
7543
8032
7613
7612
7613
7473
7543
7753
7613
7542
7542
8171
7613
7612
7123
7682
7752
7752
7263
7752
7543
8241
7612
7752
8380
15155
7683
7542
7333
7542
7543
7682
7613
7613
7961
7194
6635
7053
7543
7612
7193
7613
7193
8032
7543
7194
7612
7543
7543
7263
7194
7194
7472
7543
7543
7543
7193
8451
7473
10127
7193
7193
7123
7613
7263
7752
7194
7263
7193
7193
7193
7612
7263
7683
7194
7682
7403
