3772
6635
3841
3352
3352
2794
3352
3771
4260
3841
3282
2794
3911
3283
3841
11593
3771
3841
3423
3422
3771
3352
4261
3771
4190
4190
3702
3772
3702
3353
5168
4749
3352
3771
3283
3771
5657
3282
2933
3701
3283
2864
4331
3911
4260
4749
4260
3841
3841
3772
3841
3841
3841
3772
6704
3841
3842
3842
6634
3772
3911
3841
6774
6565
6634
3771
3283
3353
6634
3771
3911
3352
3911
3423
3353
3422
3422
3352
6635
3771
3282
3283
3911
3841
3353
3353
3842
3213
2793
3911
3771
3352
3352
3282
3352
3702
3352
3352
3841
3841
3353
3422
4749
3841
3841
3911
3422
3353
3911
3772
6635
3841
3841
2933
3353
3771
3841
3841
3352
3422
3771
3702
3282
6844
3283
3283
6774
3911
3841
4260
3353
3911
3352
3771
3353
3282
3353
3771
3353
3771
3352
3353
3702
3772
3352
3282
4749
3911
3911
3771
3352
3771
3772
6704
3841
7543
3283
3771
3282
3771
3353
3841
3282
3911
3771
3771
6705
3771
3772
3283
3771
3422
3352
3772
3771
3282
3841
3352
3841
3841
3352
3772
3282
3841
6635
3282
3771
7124
3422
2934
4260
3282
6775
3352
3352
6705
3702
3353
6216
3353
3771
3353
3352
3283
6774
3841
3353
3353
6635
3771
3771
3910
4400
3353
3771
3772
3841
4260
3283
2864
3772
3772
3841
3772
3771
3353
3282
3771
3352
3352
3772
3352
3422
3423
3353
3771
4260
3772
3283
3282
3422
3353
3352
3422
3772
3422
3283
3841
3282
3353
3841
3911
3911
3771
3842
3772
3352
3841
3841
3841
3283
3701
4749
3701
3422
3702
3911
3353
2444
3772
3422
3282
3771
3352
3423
3352
6495
2444
3771
2864
3771
4749
3353
3282
3841
3352
3911
3771
3353
3422
3771
3352
3282
3422
3212
3352
3283
3632
3771
3282
3771
7193
3283
3423
3353
3352
3422
4190
3283
8101
3212
2934
3841
6774
3283
3282
7054
3352
3841
3841
3282
6704
3352
3282
3701
4190
3841
6704
3282
3352
3282
3352
3283
3771
3842
3283
3422
8521
3771
3422
6286
6774
3283
3911
8521
3352
3422
6635
4260
3841
3352
3841
3352
3352
6774
3352
7962
3771
3771
3353
9498
3701
3772
3911
3282
3423
8939
3771
3701
3352
3841
6216
3283
3352
3352
3771
3422
3841
3772
6704
3283
3282
3352
3353
8451
3701
3282
3282
3771
3771
3213
3422
3422
3771
6216
6775
3353
6705
3841
3841
3422
6146
3352
3353
3422
6076
3352
3352
3353
8520
3422
3911
3283
3352
3771
3701
3282
6565
3283
3422
3352
6705
3282
3352
6635
3352
3771
3771
3771
3352
3841
3702
2374
3283
6635
3282
3282
3283
6635
3422
3423
3841
3353
3353
3771
6286
3772
2933
8450
3841
3771
3771
3282
3353
3352
3352
3283
3352
3352
3283
3352
3353
3352
3282
6844
4330
3422
3352
8521
3282
4330
8521
6775
5308
4330
4260
3771
3282
3772
3353
3771
3841
21091
3771
3772
3353
3352
3422
2863
3353
3911
3841
3282
3422
3212
3423
3422
4260
4749
3771
4261
4260
3841
3841
3352
3352
3352
3352
3422
3352
3771
3283
3422
3353
3353
3841
6216
3282
3772
3422
3422
6634
3841
3771
3771
3353
3771
3352
3701
3352
3772
3771
3423
3352
3422
3282
6704
3352
3771
3352
3701
3353
3702
3841
3772
3352
3702
2793
3771
2863
3282
3911
3422
3353
3771
3282
3771
3283
3352
3352
3282
2863
3353
6704
6565
2863
3352
3353
3771
3352
3422
3352
3282
3771
3283
3632
3352
6564
3282
6146
3911
3352
3771
3352
16133
3352
3422
6285
3422
3352
3841
3353
3701
10546
3282
3282
3772
6774
4191
3911
3353
3352
4330
3352
3283
7054
3422
3283
3422
3772
3212
3842
3282
3771
3353
3422
3282
3283
3771
3911
6705
3771
6286
3772
3352
3352
3352
3841
3282
3352
3422
3841
3841
3352
3352
6146
3422
3701
8660
3353
3352
3352
3771
3423
3772
3841
3283
3352
3772
3282
3841
3352
3282
3841
3772
2863
3352
3422
3423
2374
8031
6076
3841
3772
6146
3422
2863
6775
3841
6215
3841
6146
3352
2794
3911
6146
3353
3283
8660
3353
3841
3352
3352
3422
3283
3841
4330
6565
3282
6775
3353
3422
3422
7193
3352
3352
3841
3841
3283
3283
3352
3353
3352
3283
3282
2864
3282
3771
3352
3771
3352
3352
7752
3352
2864
6145
3352
3771
3352
3282
6705
3353
3422
3352
3352
3352
3423
3702
3353
3353
3353
3282
3282
3422
3352
3352
8520
3282
3771
8101
3422
19415
6704
3352
6216
3282
3841
3283
3352
3352
3282
3841
3352
3283
2863
3771
3841
8521
3771
6565
3422
3842
6216
3352
3283
3771
4749
6844
4260
8591
3911
3283
3771
3283
3841
6705
3352
3771
3283
3352
6564
3841
3771
3771
3282
3283
30939
9847
7194
4679
3841
4749
3282
3701
4819
52588
23327
5796
4819
4190
3771
2375
3771
3702
3911
3352
3352
3352
3282
3283
3352
3771
3282
4819
3771
3771
3283
3353
3353
3353
3422
3841
3772
4749
3771
3771
3352
3353
3283
3841
3282
2863
4190
3352
3771
6565
2864
3352
6635
3353
3772
3353
3771
7472
15225
3841
3213
3352
3283
3352
3771
3841
3841
3841
3283
3911
3352
3352
3422
3352
3841
3422
3353
4330
3352
3282
3352
3352
3841
3911
4330
2794
4190
3422
3213
3701
3771
3841
3423
3841
6565
3422
3283
3701
3352
3352
3352
3283
3352
3352
3353
3213
3422
3702
3841
3352
3841
3352
3423
3352
3422
3772
3841
3771
6215
6704
6215
6565
2794
3841
4399
3283
3352
3352
3283
3283
3422
3352
3771
6635
3911
4679
3352
3352
2864
3352
6286
3771
3422
3282
3841
3282
6076
4749
3352
3841
3772
6285
3771
6635
6774
3911
5238
3352
3771
6704
3422
3422
3422
6565
6146
4260
3353
6285
3352
3352
3911
3841
3911
3772
3422
3841
3841
3841
3771
2934
2863
4889
2724
3772
3422
3283
2375
3422
3283
6286
3282
3353
3352
3422
3911
3352
3422
3282
6216
3771
3352
6215
4749
3771
6215
6216
3422
4260
4819
3771
3422
3352
3841
3841
