28984
27098
25981
26190
29124
29334
27447
29542
28215
39041
28355
50914
26679
29473
26609
26819
28495
26260
26191
30940
33384
28565
31987
25702
26260
26260
25911
32964
25771
30939
37574
28705
28355
40856
27098
27657
30031
28146
26679
26121
26260
31917
26889
26190
27098
27168
26330
53079
34291
32476
30451
33384
25772
43720
29962
30520
26190
27727
27308
26330
30940
31917
29123
30031
25702
29054
31009
28984
29613
29472
26819
26120
27657
40019
35130
28146
29124
26190
28634
28076
27168
26190
28216
25771
30520
26260
25631
36247
25771
26261
26399
26610
26260
26330
28705
26749
27098
27168
29124
31498
27517
27238
26819
27587
32406
26261
26609
30940
26469
27657
31498
27657
33734
26191
27936
31009
27168
26679
27098
27238
27168
26609
29124
29123
31498
29123
28146
27168
26609
26680
26260
27937
28146
25771
26610
26190
26749
29543
26120
26680
26680
26191
28076
25352
28565
27657
26260
62927
25981
25981
26260
26540
33384
33314
26260
26260
27447
26260
26260
26330
26190
25841
27238
25701
26679
26399
25981
26260
41625
26260
27657
29543
25632
25771
25632
25841
26749
26679
26330
28565
26260
26191
26191
26959
26679
25842
27168
26260
28635
26959
26121
26260
26399
25701
25771
28076
26330
30031
30590
29473
38063
28076
28146
29123
26749
26469
26260
34431
27237
28356
26610
26050
26260
28634
27238
27727
36736
28705
27168
36177
31498
25771
31499
40368
30520
28145
26680
26191
27168
27098
27238
26610
26260
26190
27727
26330
34781
52031
26749
26260
30031
26260
25841
33454
26609
26260
27587
27587
27726
26261
28076
26121
26191
25841
26749
27238
28076
26749
26260
25771
26190
26330
25841
26260
25213
26190
25701
26330
50774
26120
28426
28216
29543
26050
28146
27518
28215
33384
25701
26749
26470
26260
29053
26190
31289
27588
25910
25841
25981
26329
26330
26610
28355
27587
25702
25771
26679
53218
26749
26609
27656
25771
28635
26051
26191
26679
26050
27726
26260
28635
27657
25771
26120
26679
26260
28146
27168
28146
25841
26191
25981
27238
37155
26190
26889
27657
56222
25771
28565
31498
26679
26050
26260
26260
26679
26191
27099
26260
26400
26609
25701
26330
25980
25702
26749
26330
25561
26330
25841
28565
34851
25701
26610
26121
26749
26609
26190
26469
27168
26050
26260
26260
26609
26190
29124
26749
27098
27378
27098
26470
26749
32406
26749
26469
25771
25841
26120
25771
26330
26749
32266
28634
25771
28565
32406
25911
28076
26260
26120
26190
28006
28355
26190
57200
27168
26191
25841
29822
26190
26121
40647
26609
39460
26191
26190
26260
25702
26330
26190
26121
26191
26190
25702
26260
26121
27237
25911
26400
26330
25771
26261
26330
26121
25561
26190
26330
26190
26679
26610
26330
29543
25841
26609
31987
25632
25282
27727
26609
26959
26121
26749
30101
26191
28844
26190
26051
25772
29542
26260
27657
28635
26120
25841
26609
26749
27168
26120
26679
26190
26190
26749
25981
25981
26330
25841
26190
26120
26818
26679
26191
26191
25352
25632
37504
25911
26610
26190
26610
25911
26260
26191
26749
28145
25771
26190
25911
25772
26120
26050
74520
27727
26330
27098
27587
29612
29053
72634
26120
26190
27168
27308
34292
28634
26261
28564
26610
26609
26261
49936
25702
25981
29054
28845
25562
33454
33803
26330
25911
35758
28076
29543
26470
26610
26260
27168
25771
27237
30520
25771
26260
29054
26190
25911
26610
26749
34711
26679
26330
35759
26190
25910
26120
26190
25771
26819
26679
26191
27238
26749
26190
27029
26679
29124
28984
26120
26749
25771
25911
28565
26260
26260
26051
26330
26190
25702
26260
26819
25701
26260
63625
27238
27656
25771
25841
27168
28425
25701
25980
34152
26190
26120
28565
26609
26190
26749
26749
26050
27657
26191
34292
27168
27168
27587
40508
25771
27727
28425
26260
26679
37644
28565
27657
27657
25911
26819
28146
35269
26260
25702
29612
27656
26260
31917
53498
26330
26191
26679
27168
25771
26680
25492
26749
25911
26190
26190
26330
26190
27866
26120
26330
26679
25771
26260
27238
25701
27168
26749
26190
35968
28146
26260
26260
26330
26749
25771
28076
25911
26749
26051
27238
26190
26190
28076
48120
26190
26749
27098
26260
26679
28635
26190
34292
26819
33803
27587
26190
26190
26330
25841
25701
26470
26260
26190
25981
26190
28984
26679
26121
26190
25701
28216
26679
26120
26329
26260
29543
26679
26191
30520
26120
26679
26260
25980
26610
26050
26190
26261
27657
25842
26469
25701
25771
25841
26609
25632
27448
26191
26191
27867
26330
26749
26330
25352
26121
26190
26190
25631
26050
27378
26749
26190
26261
26749
26749
25702
26540
26749
26121
26260
27168
27726
25771
25631
28634
27238
25771
26610
28076
26540
28076
26190
38203
26260
26051
35200
25701
27727
25772
26190
25841
25771
27099
26818
28146
26679
28984
25841
25841
25701
25562
25771
28146
26190
26330
26190
25702
28146
26120
25841
25771
26330
26749
27099
27098
26051
27238
26190
26191
26191
27098
26888
27657
27098
26679
26679
27657
28705
25772
28146
27168
26190
40578
38832
28146
31987
25701
33105
26679
30032
27517
26330
26121
30940
29543
25911
36876
30940
26260
27657
26749
28426
31219
26191
68165
26260
26749
25772
26679
26191
29124
31987
27447
26330
26749
31498
33383
26260
26749
26121
31010
25702
30031
26959
26819
27727
26120
26330
39111
28355
26679
26190
25771
26609
26749
26191
26190
26190
26190
28635
25841
26190
25702
26819
26120
25981
27657
26051
26679
26540
26958
26051
26749
26679
25771
26261
26260
26190
27098
25911
26470
26050
26679
25981
25980
58108
26260
26190
25701
26190
26330
29542
26191
26749
26260
26749
28635
25772
26470
26190
26749
28564
27727
25771
27308
26469
26749
25771
29612
26469
26679
26679
25771
27936
26330
26610
25492
26261
38203
26679
27099
25632
26050
28076
25701
26819
28146
27657
27727
29612
31498
26330
26679
25701
27448
27308
27726
31009
28216
27029
26819
27098
25981
27098
27587
26749
27238
38552
28356
25492
27587
27657
27657
25842
26260
25911
26819
27168
26679
26120
26609
27168
26749
26470
28634
26191
26120
25981
28635
26260
25492
25771
26190
25771
25771
25841
26120
26120
26260
26959
25771
26191
26469
25701
26260
26749
25911
25772
26260
28565
26330
25771
25772
26330
26260
26191
25981
26609
25981
26679
25771
25841
28076
28146
25771
27656
25771
26190
26191
25981
25701
