3282
3353
1885
1397
2445
2444
2305
3352
3422
2374
3282
2374
2933
2445
2305
2375
2864
3282
2864
2793
2794
2374
2863
2375
2374
2375
2375
2304
2304
2374
2864
2375
2374
2864
2375
2444
2374
2933
2374
2304
2863
2864
2375
2374
2445
2864
2374
2863
2305
3283
2444
2723
2375
2374
2864
3352
2374
2445
2375
2794
2375
2374
2374
2794
2444
2444
2305
2374
2863
2933
2374
2864
2304
2305
2375
2933
2375
2445
2374
1397
2445
2444
2863
2863
2375
2304
2374
2374
2374
3282
2933
2305
2445
2863
2444
2863
2374
2374
2375
2863
2794
2375
2374
2444
2375
2793
2304
2375
2863
3352
2374
2444
3282
3352
3352
2863
2374
2863
2374
2375
2375
3771
2374
2863
2863
2374
2375
2375
3701
2864
3422
2374
3353
2374
3772
2444
2374
2374
2374
2444
2374
2374
3282
2445
2374
2445
2375
3282
2933
2375
3282
2863
3422
2374
2445
3352
2305
2304
2304
2374
2304
2445
2794
2863
2793
2305
2863
2374
2445
2375
3422
2444
2304
3282
2374
3352
2374
2374
3352
3910
2374
2794
2444
2445
2375
3352
2864
2445
2444
3283
3352
3911
2793
2444
2793
3771
2374
3212
2444
2375
2374
2374
2374
3352
2794
3282
2374
3422
3352
3352
3422
2374
3422
15154
2374
2864
3422
3911
2374
2933
3910
3352
3282
2305
2375
3352
2305
2305
3422
3771
3283
2374
2375
3282
3352
20601
3422
2444
3422
1397
3771
3422
3282
3282
2863
2793
3352
2444
3422
3422
3771
3282
3282
2793
3283
3282
3352
3422
3702
3282
2374
2305
3282
2374
2374
3422
3422
3352
2375
3353
3422
3771
3212
3282
3282
3353
3771
2374
2305
2374
3841
2374
3283
3422
2374
2793
3283
2863
3282
3212
4679
2444
2934
3282
3282
3353
2305
1397
2445
3283
3352
2375
3283
2864
2933
3352
3841
2863
1466
2445
3283
3422
3352
2794
2863
3422
3282
3422
3353
3422
3352
2375
2933
2375
2863
2375
3352
2444
2374
2723
3212
2374
2933
3352
3352
3422
2445
3422
2374
3422
3282
3422
2933
2444
3353
2863
3771
2375
3771
2863
2374
2723
3282
2374
2305
3353
2374
2375
2444
3702
3422
3841
2374
3352
3282
3352
2375
3352
3771
3353
2305
2444
2933
3352
3283
3283
3282
2374
2374
3283
3282
3353
2863
3283
3422
3422
2375
3771
2864
3352
3422
3283
3772
3771
2445
2305
2444
2375
2863
3422
3353
2794
2305
2933
1956
3771
2374
2375
1955
1396
2863
2793
2375
2933
1886
2793
2375
2374
3841
3422
2444
2864
3353
3422
3422
2933
2793
2864
2375
2374
3282
2374
2374
2863
2933
2863
2374
2793
3352
2305
2374
2934
2375
2375
2863
2444
2374
3352
3352
2374
2375
2863
2374
3353
2794
3771
2375
3352
3352
2374
2374
2375
2375
3213
2305
2374
2863
2375
2374
2794
2933
2864
1956
2374
2444
3352
2305
2444
2793
3352
2304
2933
3771
3352
3422
2374
3352
2374
2863
3422
2375
2374
2375
3352
3353
1886
2445
2374
2445
2793
3422
3352
2305
3352
2863
3352
3352
2863
2445
2444
2374
3353
3771
2444
2374
2444
1886
2374
3353
3282
2375
2374
3422
3352
3282
2444
3352
3352
3282
3352
3422
2444
2445
3282
3352
3282
3283
3282
3771
3352
3841
3352
3353
3771
2444
3282
3841
2444
2444
2863
3911
3282
3352
3282
3282
3282
2863
2864
3283
3353
2374
3841
2444
3282
3841
3771
3772
3422
2793
3422
2863
3841
2375
2444
1397
3352
2793
2793
2305
3772
3282
2445
2863
2864
2374
3352
3282
3352
3283
2863
3772
2375
3353
2375
3282
3701
2863
2374
2863
3352
4330
2863
3213
3422
2374
2444
3282
2304
3352
2933
3353
3282
2793
2444
3841
2305
3352
3213
2375
3282
2374
3352
3352
3771
2793
3422
3422
3422
2793
3771
3422
2375
3282
3352
3771
2374
2374
3352
2374
3282
3701
3771
2863
3352
2863
3282
2374
3771
3353
4819
3422
2794
3282
2374
3352
3772
3352
3701
3352
2374
3352
2374
3282
3283
3771
2375
2863
3422
3282
3841
2375
3352
2374
2794
3282
3422
2794
2445
2863
3352
3282
3771
2374
3352
3771
3352
2374
2444
3422
2444
3282
3422
3841
3282
3422
3352
3422
3352
3352
3841
2863
2863
2444
3841
3353
3283
2863
2793
3283
2375
3282
2863
3702
3352
3422
3422
2794
3422
3353
3841
3352
3352
3353
2864
2375
3352
3352
3353
2375
2445
2374
3282
3422
3352
2305
3771
2864
3771
3352
3422
2375
3282
2374
25072
3352
3422
3422
3282
3282
3282
2933
2793
2863
2304
2374
2375
2793
3771
3282
3353
2444
2375
2863
3282
3771
3282
2375
3352
3422
3283
3841
3422
3353
1816
3422
3422
2375
2374
2305
2934
3352
2864
2794
2374
2374
3353
2305
3282
2863
2374
2375
3353
2305
2374
3352
1816
2304
2305
2305
2863
2374
2445
3352
2444
2374
3771
2375
2793
2863
2793
2444
2374
2444
2374
2444
3352
2444
3352
2374
3352
3282
1885
3352
2375
2375
3353
3282
2863
2374
2375
3841
2375
2374
3282
2374
3282
3353
2444
2375
2374
2375
2793
3772
3771
2374
2863
2374
2375
2444
3352
2444
3352
2374
2934
2864
3771
2793
3353
2794
2374
2863
3212
2305
2445
3422
2793
2444
3353
3352
2374
2375
2863
2444
3771
3422
2864
2723
2375
2444
3841
2374
2375
3422
2863
2304
2863
2445
2864
1466
2374
2304
3771
4190
2794
2444
2863
2374
3352
2863
2375
3212
2375
2374
2375
2445
3352
2863
3353
2305
3772
2863
3352
2445
2374
2374
2375
3352
2375
2864
2793
2374
2445
1955
3422
2793
2374
2444
2374
2445
2863
2304
3352
3422
2305
2375
2793
2374
2444
2375
2305
2374
2445
2445
2864
2933
3422
2444
2863
2374
3283
1467
2375
3282
2375
2375
2444
2933
2374
2375
2374
3352
3422
2445
2445
2445
2864
3352
2374
2374
2375
2933
2375
3841
2793
2863
2305
3352
2444
3283
2374
3771
2864
2305
2374
2794
2374
2374
2374
2304
2374
3422
2374
2863
3352
2933
2375
3212
3771
3282
2864
