16832
16832
16483
16831
17111
16692
22069
16692
16692
16761
16273
16692
16972
16832
16692
16692
19625
19905
16902
18508
16901
18578
19136
17181
17599
16831
16552
17111
16622
16552
16692
17041
16691
19555
17111
16552
16622
16622
16831
16622
17042
16063
16691
16342
16901
17041
16622
16761
16691
16831
16622
16832
16553
16273
16762
16971
16902
16273
16972
17041
17041
18578
16762
16622
16692
16342
17041
16552
16622
25771
16552
16622
16692
16622
16762
16552
17111
16831
16273
16762
16273
16343
15574
16692
16552
16971
16901
16552
16273
16832
16622
16832
16761
16761
16482
17041
18647
16692
16692
17181
16552
16482
16622
16692
16762
16971
16761
17041
17042
17250
17111
16692
17111
17320
16622
16761
16622
16273
16692
16552
16622
16622
16482
16762
16552
16762
16622
20114
16832
16203
16342
17181
24305
17181
16273
16692
16342
16133
16412
16832
16832
16272
16273
16343
16342
18019
16622
16622
16762
16762
16692
16761
16342
16761
16622
16483
16482
16622
17111
16273
17181
16343
16203
16203
16552
16762
16622
16692
16762
16273
16831
16203
16552
17041
16622
16064
16552
16692
16622
17041
16762
16971
18089
19137
19695
18228
18229
20114
20533
20882
24654
20673
34781
21301
19905
20394
18717
18648
17530
20742
18718
19137
25352
19904
19136
17739
16622
25282
16831
16901
18089
21581
51612
16413
17251
18647
18926
16901
17251
22000
21371
20394
17390
17530
16622
16762
17670
17180
17739
17670
18019
16203
17740
17530
16622
17181
16692
16832
16273
16622
17041
16692
19975
18019
20464
17739
18019
17111
16622
17250
18647
20952
23396
19067
17181
18717
18229
19695
18578
17251
18438
27587
17390
18158
20184
24304
22489
19136
19206
19416
18717
22978
17879
17949
16901
18508
20533
18368
17321
19974
17600
18158
18089
16203
16761
16552
18997
17739
17041
17041
17111
18438
22000
18089
16761
16622
16762
18019
17111
18019
17599
18088
17111
18647
23257
39040
25771
21510
20533
19067
18229
20254
18718
18787
21930
18997
19137
19625
16832
18089
17530
17740
19695
22000
19207
20813
18997
18578
21930
23117
22768
23257
37783
22488
21511
21022
21930
18019
18997
19276
18717
20393
18159
17390
21930
20394
20603
20603
19695
21162
22838
23327
21022
22977
18927
17599
18298
18438
20114
20743
19346
17599
17740
17600
16831
17460
17180
17181
16761
17809
18926
19695
21999
23257
20114
22279
23816
18089
27448
19485
23187
20883
18578
17740
18159
18019
18088
25980
17599
18018
20952
21302
22838
21790
21511
20184
20533
20952
20743
20463
19625
16761
17041
21511
23187
26260
25771
20184
16901
17460
24025
20394
18578
18228
16133
16482
17600
17669
16971
16761
19206
17530
17181
16901
21372
17529
16413
17251
18368
17111
16622
17321
17740
16971
17739
15994
17530
16692
17460
17250
26190
18718
16762
25771
18787
22210
22978
25771
22070
20882
19206
18019
21720
21442
20114
21511
20533
17181
32476
20742
25771
16832
17321
19136
22000
25282
25212
26191
20114
22907
25212
20602
18787
18997
18158
18648
17321
17670
18647
18717
18438
18019
18228
18578
18438
18018
17250
16552
17250
16622
16622
19486
22489
17530
17042
17600
17949
21022
22349
18508
17110
16622
16832
16622
16692
17250
17041
17600
23256
19626
17041
17530
17670
27448
22349
20464
42952
19206
17530
17181
18159
18228
17530
17390
17600
22279
21372
19067
17251
17111
17180
17600
17529
18926
18648
24793
19416
18158
17949
17880
18089
16762
27168
16692
17251
21651
20533
18089
17251
20603
22977
20882
24794
22838
21511
20394
18508
19416
19486
22768
20114
22838
20253
27587
25632
25143
55803
21511
18159
18019
17041
16971
18647
18228
22419
21022
19555
19625
18089
33943
16622
16762
17530
16832
22279
25981
18018
21232
30101
20044
23955
18298
18228
17251
17600
21441
22349
21162
18508
17530
19206
23187
22000
20463
20534
22349
21162
18787
20184
18647
17600
28565
18787
17740
17739
17460
18997
21441
20463
25352
30381
23117
25352
23885
23257
24863
33803
19136
18158
18019
18368
18507
18926
20463
19765
20044
18997
19555
18159
17669
18508
20952
21162
17110
18996
19625
31987
21022
22978
20184
24026
19975
20534
16832
18089
17111
17250
24724
19345
18438
21441
21930
21441
19555
19345
18927
19066
18927
17321
18578
24863
24234
26190
19765
25283
21999
23187
19904
19486
20952
18228
19136
18577
21441
32476
21162
18578
17740
18229
19905
20463
18577
17111
16901
16413
16552
17041
16832
16902
17390
17181
15644
17181
18508
21790
24793
31498
28146
18508
29053
18647
17111
17250
19835
17042
18088
34781
17390
18996
19136
20044
26679
20393
17321
17879
17949
19067
18508
26469
19136
17880
18228
17320
17041
16552
17670
16832
17251
17669
17949
22907
25561
30101
18507
18648
22349
20533
22000
29613
21022
19276
17460
19556
22349
20114
20533
17250
17739
17600
17740
19136
23257
20953
29054
18857
18438
18019
17530
20952
36317
30520
22419
19416
22698
20812
20394
20533
21441
22000
20114
16762
16832
16762
34710
17041
16901
21930
16832
17390
17670
16622
18158
18438
18857
34291
17740
17181
17041
16692
18019
19415
18229
24165
18089
18857
17740
16762
17041
18507
17041
16622
16761
18578
21999
17879
17670
17250
18368
17250
17250
17320
18926
20953
19416
19834
19136
18088
20324
18089
17460
17530
17530
17250
16692
17041
17111
17251
17251
16762
16761
17600
16831
19066
17251
17879
17670
16831
17111
17111
17600
20673
22558
17042
16552
18438
16273
16762
18298
16692
16692
17600
20882
18298
17809
19625
18158
21092
17530
17251
17600
18089
18019
18438
19485
17251
17251
17250
17530
17809
16622
16832
16622
18088
17041
17111
17810
17321
17251
17320
16692
17250
20603
16622
17180
17111
17251
17250
43441
16761
17111
16832
17181
18298
19415
34361
16622
16832
17042
17320
17321
17041
21860
20114
20882
18508
18787
17181
20743
18647
21302
21301
21022
19625
17669
23466
19136
18018
17740
17810
17251
17181
16972
17600
16552
16622
17530
17041
18578
17111
23397
17041
16622
17041
17251
19555
17600
17250
15854
16553
17041
17530
17111
16552
18507
20603
22628
19276
18368
16692
16832
18019
17111
16762
18019
19905
18298
17530
17740
18019
17600
18158
18717
19625
19555
18997
19555
23746
17530
17251
17251
18158
17251
17460
16762
17320
18648
16482
17250
17041
17600
17670
17041
17111
17320
17810
16831
17390
17530
16832
17251
