6146
6146
6286
6635
6285
6705
13060
6146
6076
16482
8031
6705
10616
7124
17250
8730
6145
9917
6844
6286
6216
6704
6146
6565
6215
6286
6076
7193
6565
6704
6565
6216
6145
6285
5727
6775
6146
6635
6565
6146
6146
6705
6635
6495
6215
6565
12920
6216
6565
6215
6285
6146
6635
8520
6146
6216
6145
6076
7123
6076
6774
6146
6565
6216
6286
6635
6286
6286
6216
5238
6216
5238
6984
5797
6146
6285
6145
6286
6145
6215
6146
6076
5238
6704
6215
6146
6216
6145
6076
56710
9498
6705
8660
6146
6216
6146
6216
6565
6146
6145
6705
6215
6215
6565
6146
6704
6285
6076
6704
5657
6146
6215
6076
6076
6495
6286
6704
6216
6565
6146
6216
6076
6215
6774
6565
5588
6216
6216
6146
6984
6216
6215
6914
8031
6146
6356
8101
6635
6146
6704
6286
6355
6216
5168
6705
5796
6215
6145
6565
6216
7263
6565
6565
6145
6285
6774
6146
6076
6216
6146
5727
6146
7683
6285
6285
6634
6285
6076
6215
6285
6286
6285
6355
6006
5238
6146
6215
6565
6356
7194
6076
6775
6146
6216
7193
6146
6216
6146
7124
8241
5727
6285
6146
6774
6216
6774
6076
6215
6216
6355
6216
6495
6775
8521
8241
8870
6216
6215
6146
6285
6146
6285
6286
7193
7543
6076
6216
5866
6704
6146
6634
6704
6216
6076
6146
4819
6145
8031
6215
7123
6146
6285
5727
8102
6146
6635
6356
6635
6844
6285
6564
6216
6215
6215
6286
6146
6286
6634
6146
5727
6705
9079
7613
6216
7613
6215
7193
6076
6565
7124
7543
7613
6216
6775
6146
6705
6216
6146
6635
5797
6286
6285
6216
6146
6076
6286
6705
6565
6355
6215
6216
6145
6565
6635
6286
6215
5866
6634
6146
6216
6216
6215
6146
6076
6216
6216
6285
5307
6564
6216
6495
6216
6076
6635
6146
6146
6285
6285
6146
6635
7264
6146
6285
7124
6215
6146
6216
6145
6216
6635
6146
6215
5657
6705
6285
6635
6215
6146
6076
6216
6286
7194
6145
6635
6215
6146
6215
6215
6635
6775
6774
6215
6076
6704
6215
6705
6565
6215
5797
6635
6146
6216
6215
7123
6285
6774
7124
6704
6076
7124
6565
6286
6775
7054
6635
6635
6705
6355
5727
7123
6565
5237
6565
6286
5797
7123
7543
6565
6216
6286
6146
5727
6146
6285
5308
6146
5797
8101
6146
6285
6286
6216
6146
6146
5168
6216
6146
6216
6564
6216
6285
6355
6285
6286
6565
6215
6216
6146
6146
6286
6705
6704
6286
6216
6146
6635
6565
6704
6146
6286
5726
6146
6216
6145
6216
6076
6216
6635
6216
6146
5727
5797
6216
6216
6565
6146
6076
6076
6076
6145
6705
6076
6146
6215
6216
6146
6216
6285
6076
6286
5797
7194
6145
6356
6216
6565
6635
6145
5727
6146
6565
6215
6215
6146
6146
6565
6146
6705
6146
6146
6565
5727
6635
6215
6216
5727
6146
6146
6216
6286
5377
6215
6705
6145
6635
5867
6145
6215
6565
6215
6216
6285
6216
6286
6635
6215
6285
6076
6705
5727
6146
6076
6635
6565
6146
5796
6146
5727
6146
6146
6146
6146
6146
6215
6146
6286
6216
6145
6216
5797
6146
6285
6146
6635
6286
6285
7543
6146
6076
6216
6216
5727
6355
6145
6355
6565
6146
6635
6215
6285
6216
6286
6146
5797
6635
6145
5796
6285
6216
6216
6146
6565
6635
6146
6286
6216
6146
5796
6774
6285
6635
6216
6565
6215
6146
6286
6146
6146
6146
6215
6146
6076
6565
6984
5797
6775
6216
6705
6216
6285
6634
5797
6146
6006
6145
6285
6216
6215
6216
6216
5657
6285
6215
6216
6076
6076
6145
6774
6705
6285
6286
5796
6286
6356
5797
6215
6285
6146
6146
6286
6565
6146
6286
6285
6146
6635
6216
6216
6145
6216
6216
6285
6216
6634
6146
6286
6634
6146
6076
6145
6355
6216
6635
6565
6285
6146
6635
5796
6286
6215
6704
6704
6146
6565
6146
6565
6076
6705
6285
6286
5727
6146
6146
6146
6635
6285
6565
7194
6285
6216
6216
6635
6286
6704
6216
6565
6076
6355
5797
12291
6146
5727
6216
6216
5727
6146
6146
6215
6565
6286
6285
6146
6635
6705
6635
6146
6705
6635
6565
6286
6774
6216
6216
6215
7542
6635
6215
6146
6635
6146
6356
6565
6705
6635
6774
6145
6565
6285
6216
6635
6634
5727
6076
7682
5727
6215
6216
6704
6146
6216
6216
6215
6145
6565
6216
5797
6286
6564
6704
6285
6216
6285
6704
6565
6146
6775
6355
6146
6075
6216
6146
6216
6705
6006
6146
6146
6146
6355
5727
6845
5727
6635
5796
6704
6216
6775
6775
6704
6565
7053
6216
6146
6704
6216
6216
6286
6146
6216
6216
6076
6635
6634
6146
6565
6704
6216
5727
6076
5168
6635
6146
6355
6286
6635
5726
6216
6216
6146
6146
6216
6495
6286
6634
6635
6565
6286
6215
6216
6146
6146
6145
6216
5796
6286
6215
6705
6216
5797
6286
6215
6705
6704
6565
6146
6145
8101
6635
7123
6565
6565
6705
6285
6635
6495
7123
7193
7054
6705
6634
6146
6635
6216
6564
8590
6286
6146
7472
7123
6704
7543
6634
6146
6285
6705
5797
7123
7193
6634
6495
5796
6215
6216
5797
6007
6146
6565
6146
5797
6286
6145
6705
6216
6146
6635
6635
6215
6146
6285
6286
6634
6705
6285
6216
6635
6076
6634
6146
6216
6286
6215
6565
6215
6076
6145
6286
6285
6356
6286
5727
5797
6565
6076
6216
6285
6216
6565
6495
6146
6076
6076
5727
6146
6286
6635
6285
6216
6286
6495
6286
6495
6076
6216
6285
6146
5237
8520
6146
5867
9079
6775
8660
6565
6215
6146
6565
6146
5657
6635
6286
6215
6635
6565
6215
6984
6635
6565
6146
6285
5797
6076
6705
6146
6146
6216
6635
6634
6216
6216
6215
5237
6146
5587
6216
8520
13758
6285
6286
6076
6216
6495
6286
6285
6635
6215
6705
6076
6564
6146
6216
6216
6076
6216
6565
6635
6146
6704
6286
6705
6146
6215
6145
6146
6286
6216
6216
6565
6285
6286
6145
6635
6076
6495
6146
6216
6564
6634
6216
6215
6704
6285
