15293
15153
14804
14735
14874
14874
15363
15083
14944
14874
34357
14805
15293
14665
15223
15083
15154
15154
15154
15503
15154
14874
14734
14875
14804
15084
15224
15293
15364
15782
15293
15643
14944
14734
15224
15363
14944
15224
14804
14734
15223
15293
14175
14804
14874
15572
14665
14875
15154
15363
14944
15852
15363
15224
15223
15223
15153
15154
16131
15153
14874
15084
14665
15363
15014
15083
15293
15014
15224
14874
14944
15503
15851
15293
14735
14665
14664
15712
14874
14665
14805
14665
15084
15014
17458
15154
14805
15153
15363
14805
14734
15014
14734
14874
14805
14735
14664
15154
14874
15223
14734
14734
15154
15154
14874
14805
15154
14665
14665
14874
14456
14734
14944
14805
15014
14874
15502
15154
14664
15364
15154
14664
15153
23324
15363
15014
15223
15363
15224
15223
15293
15154
14734
14665
15293
14874
15084
14734
14874
14805
14805
15154
14734
14804
15084
14805
14875
14735
14875
14804
15433
14874
14595
14874
15084
15503
15642
14944
14735
15224
14874
15223
15223
14874
15154
14945
15154
15223
15432
15014
15363
14875
21858
14874
14875
15572
14664
15293
14874
14944
14875
15154
14874
15153
15153
15572
15223
14734
14874
14805
15293
14874
15224
15363
15364
15293
14874
14804
14734
14874
15363
14734
14665
30517
14665
14664
15223
15503
14875
15363
14944
15014
14664
14875
14804
14874
15154
14734
14665
15294
14734
15014
22905
14595
21997
15293
14874
14734
15293
14805
14874
15223
15014
15223
14874
15293
15223
15363
14595
15084
15084
15642
14804
15084
14734
14944
15224
15363
14944
15223
15224
15154
14665
14944
15224
14455
15154
14874
14874
15083
14734
15153
14735
14734
15153
15293
15154
15154
14665
14734
14805
14735
14875
15363
14874
15293
15712
14875
14874
15154
15223
15223
15294
15363
14735
15224
15643
14735
14665
14804
15712
14665
14665
15154
14734
14456
14665
14804
15083
14874
15502
15154
14595
15014
15293
14804
15363
15363
15852
15154
14595
14874
15642
15154
14805
14805
15852
15154
15642
14944
14385
14804
14874
15154
15572
14874
15363
14874
15363
14875
15084
14734
14735
14804
14945
15293
14874
14804
14595
15223
15223
15084
15363
15084
15223
15153
14874
15224
14874
15223
14805
15014
14735
14804
15223
14944
14734
15782
15153
15223
15224
14944
14874
14874
15363
15224
15433
15083
14665
14804
14874
14735
15084
14665
15224
14944
14735
15293
14805
15433
14874
14804
14944
14875
14734
15573
14874
14665
15153
15572
15154
15014
15224
15223
15153
14805
15153
15293
14665
14734
14804
15293
15293
15153
14665
14665
15153
14804
14176
15084
16551
15852
15294
14665
14874
14874
17249
15643
14735
15713
14734
14595
14735
14525
14874
15224
14805
14665
14804
14874
15153
15643
14874
14735
15084
14875
15154
15224
15224
15293
15224
15014
15363
15363
14664
14874
14734
14595
14804
15223
15293
14875
14874
14944
14944
15363
15083
15294
15294
15153
14385
15294
15224
15223
14944
15154
14944
14874
14735
16551
16621
15084
15154
15014
14945
15084
15083
14804
15294
15223
14735
15014
15153
14804
14944
15154
14734
14874
14874
15083
14875
15154
15154
14455
14805
15223
15154
15154
14665
15014
14664
15363
14804
14944
15224
15154
14874
14735
14875
14944
14875
14804
14665
14735
14874
14804
15084
14804
14735
15224
14735
15363
14455
14804
15643
14595
14874
15433
15364
24231
14805
14735
14805
15154
14944
23464
14874
14874
14874
14944
15294
15154
14805
15363
13757
14875
15224
14665
15153
15154
15154
14944
14944
14875
14734
14664
15084
14804
15573
15294
14944
15014
15084
15154
23883
15154
15153
23394
14735
15084
14665
15293
15433
14944
15154
14805
15293
15154
15084
14944
15154
15224
15153
15363
15223
15363
15154
14874
14874
15573
15364
14734
14944
14804
14735
15153
14734
14874
14665
15084
14945
15084
14944
15363
14945
15363
14595
15293
15083
14805
14734
16690
20811
16690
14874
15084
14665
15294
15363
14665
17249
15433
15433
15154
15363
15154
14665
15503
15154
14874
15154
14665
15224
15084
15224
15224
15223
18995
19554
15643
15223
15293
14386
14874
15224
14874
14734
15642
15293
15293
14665
14805
14804
14874
15363
14735
15294
15154
15224
15084
14804
14944
14874
15363
15154
15154
14665
14944
15224
14735
15223
14944
14874
15014
14874
14874
14944
14945
15154
15503
15154
14875
15154
14804
15294
14735
15223
15363
14735
15084
14734
14874
14944
16131
15224
14595
15153
15643
16341
14804
15433
14874
15154
14944
14665
15084
15294
14805
14944
14665
14944
14735
14944
15712
14875
15014
15014
15153
15223
15363
14176
14874
16550
14665
14734
14944
15364
14804
15363
15293
14665
14874
14526
15364
15084
15154
15014
14944
15224
14945
14945
15154
14805
14665
15503
15223
15224
15154
14805
15223
15084
15154
15014
17109
14664
15223
15643
15014
14874
14735
15154
14734
14734
15084
15014
14874
14944
15293
15363
15293
14945
14944
15153
14944
14805
14804
15293
14804
15364
14735
14874
14944
14316
14595
26816
15084
15084
15154
15293
15643
14805
14804
15293
14875
14874
15153
15503
15153
15154
14525
14805
14945
14875
14874
14804
15154
14665
15363
14874
15293
15293
15293
16061
15154
14874
15014
16341
15642
18226
13757
17249
18575
15782
17249
18087
15643
16899
16760
21439
19833
17248
17668
18715
18156
17179
18645
19134
17179
17039
15573
17459
19413
19692
21369
18646
19484
19483
34288
20461
18645
19204
17528
15503
15154
15712
15363
14805
14595
15783
14874
14945
14735
14665
15433
15014
14874
15223
16830
15224
15363
24162
14805
14665
14734
14665
18156
14804
15363
14874
18227
15154
18575
15922
14665
15154
13896
15643
15154
20112
14874
15014
14805
14875
16620
14525
14735
15224
14874
15363
16132
15084
15364
18226
16830
34917
25838
19972
17737
15643
15713
15364
14665
17528
15643
15642
15573
15294
15712
15154
15364
15084
15643
15643
14734
14874
15154
15223
14875
14735
14735
19553
19903
17248
15712
15224
15852
16620
17109
23883
18156
16620
19553
17668
16480
16760
17528
16341
14734
15782
16690
16341
15084
15363
14805
14874
14735
15223
14874
14665
14665
14874
15573
22905
22347
17389
17319
17598
17737
15223
19693
18645
17668
16131
18436
17598
15364
15363
15293
17040
18087
25210
19623
17738
17179
19483
16550
14805
15642
15433
15852
16690
16341
16550
16202
15852
15782
15014
15852
15712
15782
