14389
11944
12294
11596
12364
11805
11525
11944
11316
11036
11386
11386
10897
11036
11386
10896
11107
10757
10547
11106
10618
11386
12224
10477
12503
12224
11526
12085
12783
12993
12364
14669
12923
13062
12783
12504
14320
12294
14180
13761
11875
11525
12364
12713
12294
12084
11875
12084
12853
12294
11525
11945
12014
12992
12993
14948
12364
14529
11805
13412
11805
11875
12503
13272
12434
12015
11875
12294
12434
11735
12504
11316
11246
10897
10617
11037
10617
10897
10757
10827
10827
10967
11106
10548
11455
11874
12434
12852
13691
12224
12644
12782
11945
11316
11107
11456
11106
11456
12015
10966
10618
10408
10896
10338
11107
10478
10897
10897
11455
10966
11106
10548
10757
10967
11106
11386
12434
12923
13481
12923
12364
12504
14739
13970
12434
13900
12014
11945
12084
12224
11875
11944
11386
12364
11316
11316
16485
11735
11875
11875
11525
11805
15158
12085
12014
12294
14459
21584
12294
12014
11525
13900
11875
12713
12085
13482
12433
14250
15787
11735
11735
14320
12015
12224
12015
12364
11526
11107
11386
11036
11036
10967
11805
11596
11735
11386
13970
11386
12224
11386
13272
12503
10757
10408
11316
10547
10617
10687
10827
11875
10547
11945
10967
10757
10827
10897
11525
13481
11386
11386
10966
10897
11246
10897
12294
12573
13482
12993
13272
12783
13342
14180
15716
12783
11386
12015
12014
11526
11526
11316
10897
11316
11386
12084
12503
11455
11316
12852
11455
11596
11316
10477
12015
11526
11037
11386
11386
11386
11805
11735
11595
11456
12084
12294
11875
12433
11805
12085
12224
12922
13133
12155
12503
12014
13063
12294
11945
11595
11735
11386
13342
11386
11386
13412
14948
11596
11805
12852
12922
12923
12015
12433
11456
12364
11875
11735
11316
11456
11247
11526
11596
12014
11456
11875
11596
11455
10897
10967
11106
11246
10897
10827
11386
12294
12783
12293
12434
11875
12503
12853
11945
12433
12364
11805
11386
10548
12364
12085
12154
11945
11945
11874
11735
11526
11386
11596
11945
11595
11385
11386
11456
11875
11106
13342
11385
11875
12363
12085
11874
12853
11247
11805
12154
12224
16695
12014
12923
12293
12364
12294
10617
11875
12713
12225
11805
11596
11386
10827
11246
11595
13411
11246
11875
12224
12294
13621
14320
12992
12713
12433
13341
12434
12504
11875
11805
11805
12504
11456
11945
11386
11455
11875
11455
11176
10617
10477
11107
10338
12364
10967
11386
11526
13482
14739
13272
11875
12294
11386
12294
11526
12364
12015
12084
11944
13272
12433
11595
10896
11526
10967
11386
11386
12224
11106
11874
10897
11456
11525
11386
11735
11525
11386
11874
11875
11037
13342
11107
12014
11735
11805
12434
11456
11316
20467
11805
11525
11525
11735
11456
11804
11386
11036
10478
10897
10477
10967
10338
10338
11037
10967
10408
11945
11945
12224
11316
12293
12294
12084
13761
11805
12364
14460
12434
12363
12155
12504
13272
12503
12014
11875
11386
11805
11386
12014
11106
10897
12015
11107
11804
11106
11944
12503
12503
13202
13201
12434
12224
10896
12643
11944
12015
13971
11804
12224
12573
13621
11875
12015
12434
11944
12085
12015
12014
11945
16066
11526
12364
10966
11455
11526
11386
11456
9919
10897
11316
10058
11386
11036
11945
11735
11385
11386
11456
11037
11246
11804
12504
11455
11875
11595
11526
11106
10967
10897
10547
10896
11037
10758
10478
10897
11037
11665
15717
14249
12643
12782
12224
12434
13481
12853
13970
12713
12993
11525
11316
11246
11107
11526
10827
10897
10618
11386
11037
10897
11037
11316
11037
10897
10477
10757
11036
11456
11875
14389
15787
12852
12992
12573
12434
12224
12433
11875
12852
12154
12434
11945
12434
12783
11386
12363
11805
12853
13132
11316
11595
12504
11944
12503
21514
12503
11875
13691
11875
11805
12294
12992
13830
12503
16835
12294
11805
13970
14319
10897
11036
11526
11456
11386
11107
11525
11735
11386
11456
10827
10967
10897
11525
9989
11107
19140
13272
14739
12434
12085
12852
14809
13132
12713
12783
12503
12923
12853
14319
12783
12224
11386
12014
11386
11455
10408
11875
11316
11875
11456
11386
11665
11316
11106
10966
11315
11944
11386
11316
11386
11455
11386
11875
15647
12293
11735
11595
11525
11036
11804
12015
11525
11665
11944
12853
14250
14320
13271
11875
11246
11316
11875
11386
11525
11455
12014
11735
13970
12364
11945
12503
14809
13481
11735
11665
12294
12713
12294
11456
11455
11106
10897
12363
10897
10967
11036
11386
11386
11247
11037
11455
11386
10897
10408
11176
15717
15437
15647
12853
14110
12713
14180
12503
13062
12434
12224
11456
11805
12294
11526
11386
12852
11526
11037
11804
11315
11037
10967
11316
10967
11596
12015
94089
11875
12014
11595
12294
11595
12015
11735
12014
12294
13411
19558
12433
11874
11316
11804
11595
11455
12434
11875
12363
12364
11385
11805
11945
10967
11106
11246
10897
11456
11455
11036
11735
10966
11386
11106
11525
26892
11596
10967
11106
11107
13341
11037
11595
11316
11525
11386
11106
11455
11595
11037
12993
11735
11036
11386
11526
11106
10967
10478
10547
10897
11386
12503
11804
11945
13831
16345
12363
12015
10897
11385
11526
11037
11875
10827
10618
10967
11106
17043
11596
10548
10548
10966
11316
10757
10757
9500
11596
10966
11385
11595
12014
11316
11385
12922
12783
13900
22352
12713
12922
12853
12503
12783
12643
12992
12294
11875
11875
11805
12713
12783
11385
11386
10897
11456
11385
12852
11526
11456
11316
10897
11246
12014
12294
12923
13272
11875
12084
12782
11875
11316
11385
11036
10547
10827
10966
10617
10897
10897
10827
10757
11036
11037
11315
9989
11106
10897
11036
10547
10896
10897
10967
11525
11945
14110
12224
12992
13551
12503
11875
14459
12503
12224
12015
12224
12224
13830
12504
13830
11945
12084
11525
16206
11455
11386
11875
14389
12434
11525
11944
12224
12782
12713
12293
12014
13412
12783
11875
12922
12154
12364
11316
12364
12084
12154
12783
10618
11735
11455
11945
12294
12922
11875
11386
11037
11315
11036
10897
10408
11385
11875
11036
10827
10827
10897
10967
10617
10896
11037
11107
11107
10618
10548
10896
11595
10967
11386
11106
10757
10827
10547
10897
11106
10897
10547
10897
10896
9570
10897
11456
11036
10757
10757
11945
12294
12922
13900
12224
15716
11595
11455
10827
11106
10897
11036
10826
10617
11106
10548
11036
10827
10408
11107
