26120
26749
26680
26469
26330
57758
26261
25702
26330
26121
25981
26191
26609
26680
26260
26120
26260
26260
27098
26260
26749
26610
26261
25981
26190
26330
28704
25841
26260
26260
26680
26190
26191
26679
26190
26260
34291
26749
26469
26191
26470
26749
26191
27238
26330
26260
27168
26609
25981
26610
26818
26679
26819
26190
26609
26329
26959
26120
26749
27238
26121
26749
27168
26330
26749
27936
26191
26050
26120
26749
26680
26190
28146
29542
26260
26190
27098
25981
25702
26121
26679
27657
26749
26609
25702
26679
26330
26610
26190
26330
26190
26749
27098
26749
26260
25772
26260
26190
26610
26191
25981
27168
26260
26190
25841
25702
26679
26470
25772
26190
25980
26679
26330
26260
25980
26190
26191
26261
26679
26190
26399
26749
26190
25422
26679
25771
26261
26679
26609
26400
26609
26121
26260
26749
26749
26749
26190
26400
26190
26261
26679
26260
26749
28565
26749
26330
26191
25980
26609
26610
25841
26261
26749
26539
26260
25771
25981
26679
26120
26050
26190
26190
26051
26749
25841
63415
26330
26260
26818
26120
28565
26330
26679
26121
26190
25911
26260
26819
26190
26191
26260
26679
28425
35758
27238
27237
26260
26260
27657
33314
35339
28146
28634
28146
27937
27727
26260
26749
31010
25352
27447
26051
27238
26749
29054
31707
26679
31987
26260
27657
27238
27377
33873
27727
27657
35340
26679
33383
34711
46374
38482
34152
27657
29124
29612
26330
50355
55034
30521
26470
28635
39600
65790
28564
33803
30730
33873
34292
25771
26190
29124
29123
35828
25981
25772
27936
31498
31918
27099
31498
28565
28635
37784
27657
32965
28425
26819
28565
26609
26260
27378
26609
26679
31987
26120
26679
35270
26190
25841
37714
26191
26260
26680
29822
28705
35758
33314
34292
34991
26261
26260
25702
26329
39879
41485
44838
26120
27936
40438
33873
26260
26609
29613
34781
29612
30520
51403
28564
26609
26609
26260
26610
39111
26190
26330
28076
40438
35340
37156
26819
27866
27308
28635
26679
26400
28565
27028
26679
27168
30940
26191
26679
26680
27238
26609
26749
26609
27238
26330
28565
30520
29543
26680
29124
26260
30031
36737
30800
26749
29193
26609
26330
28216
26120
26749
26679
26749
26260
26749
26679
26400
29542
27517
26679
27238
26679
28146
27657
29473
26679
29124
27588
26679
26610
28146
53219
28076
28076
26749
27238
27657
28844
26260
26680
38692
26190
26121
26190
28146
28565
26191
27098
26260
27727
28076
27308
28565
67536
25911
26679
25910
28565
30032
26819
26260
25771
26260
26959
27867
26191
27238
30031
26469
25772
27099
26749
26679
28565
27587
27587
26190
27657
29613
26609
27168
26958
42812
26679
28006
26191
27587
26679
26749
26749
26609
26260
26330
27237
27168
26819
26190
25981
30590
26749
27587
27657
28635
26609
26749
27237
27168
26609
27238
26190
28145
26469
26330
31009
30031
26958
28635
27588
28356
35270
26260
34781
26539
31429
27238
27098
32895
26749
26819
28146
31498
27237
26191
26679
26260
26680
27168
26469
26190
26539
44838
26610
26190
26190
29053
28634
28495
27517
26889
26190
26400
27098
25701
25701
29543
25701
27238
26679
26819
32825
29613
30520
25702
25841
26190
26190
26261
29543
28146
29333
26679
26679
27308
70260
29054
26749
25771
36247
26680
26330
37225
26260
26749
26679
26749
27447
26609
26190
27098
28146
27168
27657
26610
42463
26190
26679
35758
30520
27727
26330
26330
26191
26050
26191
29124
27308
26539
26260
26121
26120
27657
28076
26260
29124
62927
29124
39530
28146
28146
30451
28076
33803
31918
26749
28076
26609
26679
28565
27727
26958
30450
29822
28286
27308
32895
27098
25632
26469
26469
26679
29054
27867
26120
28146
27308
28146
28355
27238
27238
26749
28634
28146
25981
34362
26260
26609
26190
26609
31917
35340
29961
26540
28704
26679
26540
27726
27168
27168
32407
26470
27168
26191
31708
51892
31428
27238
27098
28146
27657
31429
30520
31848
26819
26749
29054
25981
27238
28704
28076
30101
26260
26749
26749
26261
29124
27727
29124
26120
26190
26191
26958
26609
26609
26679
26749
26190
26121
26330
26679
26330
28145
26190
28704
35270
25701
26121
27657
27726
30241
30450
26680
27168
27168
26051
27098
27168
29612
32476
29333
31219
28145
30031
26679
26121
27657
27587
26330
29124
25631
26680
26609
30101
26330
28565
25771
26610
26679
26051
26609
26539
25841
26330
26260
26400
26679
26749
28076
26749
25841
26260
26121
26469
27168
45396
27867
25771
26749
27796
28565
26679
25841
26679
26191
26819
26679
27377
26679
27168
26749
25772
26191
28076
30450
33384
34152
27238
28146
27587
28705
28495
29613
28076
26889
26749
39460
31498
27448
27587
29543
27169
29124
28635
27168
39530
35759
28076
26400
26190
26470
27099
26260
31009
27168
27377
26400
26120
42254
31358
26191
31917
30729
26540
29333
28635
27448
29123
34851
26609
27587
37085
25771
25701
27587
26819
26190
27448
32476
31009
28216
26679
38762
30520
27238
25632
26749
25980
30520
26749
26540
27448
25771
30241
26609
40997
32895
31218
32685
27727
28425
29054
30311
26749
26120
26679
34711
26679
26610
27238
26749
26749
26121
26260
26120
26749
26191
27168
27657
27587
28844
26749
28216
26749
25702
26958
28844
28635
26539
29543
28635
28565
25841
26260
26749
26609
34572
25771
25701
26749
29543
29054
29543
28145
27168
28565
28216
28495
26539
27657
51333
27028
26121
33174
26679
27168
34571
28635
31498
29892
26679
26680
26609
26469
27726
47561
26679
27657
25772
43302
28146
27168
26400
26680
27098
27657
55872
26470
26819
26679
29542
27028
29054
34781
26330
35829
29822
26679
26889
25841
27168
25911
26051
26610
26679
26260
25911
26609
29333
26260
28634
26819
26260
26120
26400
26679
26260
27168
26260
28634
26749
29613
27308
26330
26190
26819
26260
27098
26819
56851
26958
25841
26330
26749
27168
26121
26191
26749
28076
27657
26749
26330
26609
28146
26190
27447
26260
26470
25771
26190
26190
27657
26190
26191
26749
26469
27587
26399
26191
26190
26191
26191
28425
27866
26330
34781
27378
26260
26260
26819
25841
26679
26609
26749
28006
25911
26330
26330
28495
26190
25771
28146
26609
26609
28495
26609
26190
26120
26190
28145
29123
26610
26330
26260
26470
26260
28076
27657
27587
27727
35269
27448
26749
26819
26260
37645
34292
36038
31987
32615
26679
27726
31988
26120
27168
35689
91003
31429
