2863
2864
2933
3282
2933
2933
2863
3352
2863
2863
5238
2794
4330
2794
2933
2794
4330
2863
3352
3352
3771
2864
2864
3283
2863
2863
2794
2793
3353
1956
2863
2863
4260
2794
5727
1956
2863
3353
2934
2864
2864
2933
3282
3352
2863
2863
2794
3213
3353
2793
2864
2863
3842
3771
2864
3422
3352
2933
3283
3352
3283
3213
2864
5168
2864
2863
2793
3283
3212
3353
2375
2863
2794
2933
2933
2863
4260
5378
3282
3352
2864
1467
2794
3422
2375
2864
2863
4261
2864
2793
2794
3352
2793
2864
3352
2933
2864
2864
2864
3282
4749
3282
2793
2445
3352
3282
2863
2934
2793
4260
2863
3422
2863
2864
2933
2444
2793
2863
3352
2864
4260
2864
2794
2863
2864
3282
3282
3282
2933
2864
3282
4330
2863
2864
4749
4889
3352
2863
3352
2863
4400
2864
3282
2934
2933
2864
4190
3283
2863
3353
2863
4819
2794
2794
2933
2863
4260
2793
2864
2933
3283
2864
2863
2933
2933
2793
3283
3841
2793
2864
3282
2934
2864
2794
2864
3282
3353
2864
2863
2794
2933
2863
2445
2863
2934
2863
2863
4330
4330
3352
4680
2933
5238
3283
3353
2863
2793
4400
4679
2863
2933
4330
2864
4818
5237
2374
2863
4330
2444
2794
2793
2793
2933
3282
4400
2933
2305
2933
2864
2934
3841
2864
4260
2934
2793
2863
3282
2793
3353
2864
2864
2864
2793
2863
2933
2933
2863
2933
2863
2863
2863
3352
3422
1886
2863
3771
2793
2793
2864
2863
3352
4260
4749
3352
2863
3352
2864
3352
2864
2863
2863
3353
3352
3352
3352
2444
2863
2864
4191
2863
2864
5238
3422
3352
3771
2864
2794
2863
2444
2793
3352
2863
2794
2864
2794
3841
2864
3352
1886
2864
3283
2933
2933
2863
3353
3282
2863
2864
3212
3282
2863
2933
2934
3352
2933
2933
2864
2794
2794
2934
2863
2933
2794
3352
2864
2933
3282
3282
2864
2933
2863
2794
4260
2793
1886
4260
4330
2794
2934
3282
2933
2863
2933
2934
2794
4749
2863
2444
2793
3353
2793
2864
2864
2794
2934
3352
2864
2794
2794
2864
2863
2864
3283
2933
2863
2863
2863
1955
2933
2933
2863
4749
2375
2864
2794
3841
2933
2864
2863
2863
3353
2933
2864
2793
2863
2305
2794
3282
2793
4749
4330
2794
2793
2793
4330
3282
2864
2863
2794
2864
2864
2863
3841
2794
3422
4260
2793
2933
2794
2864
2863
2863
3352
2863
2863
2933
3352
2864
2864
2793
2864
2793
2793
3282
2864
2863
2864
4330
4330
3353
2375
2863
2793
4330
4400
2863
2863
2863
4819
2933
4330
3911
4400
2933
3282
2933
2934
2793
4260
2863
2793
2864
2794
2864
4330
2793
2863
2794
2863
2933
2863
2863
3352
2445
3352
2934
4330
2864
19135
2863
2934
2793
2863
2374
2864
3283
4330
2933
2933
2934
2794
2933
2864
2863
2863
4261
4260
4330
2933
2863
4749
4400
3423
3352
2933
2793
4260
2794
2863
4400
4330
2794
2794
4190
4260
4331
2863
2794
4191
2863
2864
2794
2934
3422
4261
2863
2793
3353
4330
2864
2793
3911
2863
2794
4330
2864
2934
2864
3283
2863
3911
4749
4680
1885
2794
2933
3353
2863
2934
2864
2794
2863
2864
4679
2863
2863
2793
2863
2933
2933
4679
2864
2864
2794
2863
2863
2793
2793
2864
4819
2794
2863
2794
3282
3841
2794
2933
4400
4749
3422
1886
4260
2794
3423
2864
2933
4330
3771
4330
3282
2864
2863
2933
3282
4260
2863
2863
2863
4260
2933
3213
2863
2794
4330
2305
2794
3772
2793
2863
2793
4680
2864
2933
5238
2934
2794
2794
3353
3282
3283
2793
2793
3353
3352
3352
2863
2863
2864
2933
14666
2864
2794
2863
2863
2864
2793
4400
2863
2793
3282
3702
3353
3282
3352
3353
2793
2863
3772
2863
2863
3282
2864
3352
3282
3353
2863
3422
3282
3353
3352
2794
2934
3353
2863
2793
3283
4191
2933
2864
2863
2934
2933
2863
3283
2934
2933
2444
2933
2863
2793
4679
2793
2864
2793
2863
4330
2793
2794
2863
4260
4330
2793
4261
2864
2933
2863
2864
3282
4679
3282
2864
2864
2864
2863
3282
2933
3353
2864
2934
2794
2863
2864
2863
20184
3352
2794
2793
2794
2864
2933
2864
2374
2863
2933
2933
4330
3352
2863
5726
2863
2933
4819
4260
2933
2863
3212
2864
2793
2863
3352
4818
3352
3282
2863
2863
2793
4330
2934
2863
2863
4749
4191
2933
2863
2863
2793
2864
2864
3352
2444
2864
2793
2793
3213
2793
2794
3771
2863
3353
3841
3352
3772
2864
4680
2864
3282
3352
2374
2934
2934
4749
3841
2864
2863
2864
2863
2863
3352
2864
2863
2934
3352
3213
2863
2933
2934
3771
2933
2933
2864
3282
2793
2863
1815
2863
2793
2793
2933
4679
2794
2934
3352
2863
2794
2933
2864
2863
3282
2863
2863
2444
2933
2794
2863
3352
2444
2794
3282
4330
3353
2863
2794
4400
3911
4749
5238
4400
2933
2933
2864
2863
2863
3771
2864
2933
4260
2863
3353
4261
3841
2864
2863
2933
2864
2793
2863
2794
2863
3282
2793
2863
2863
3283
4260
3283
2793
2375
2863
3353
2863
2933
2863
2863
1956
3282
2934
3282
3841
2863
2793
2934
4330
2863
2864
3283
2863
2864
2864
4679
4260
3422
3352
3283
2793
2863
2933
2724
2794
3352
2863
3352
4330
3422
2863
2933
2864
2863
2864
4330
2305
3282
2863
2794
3352
2863
3282
2863
2933
2863
4330
2864
2794
6285
2444
3282
3422
2863
2863
2863
3352
2933
2793
2444
2794
3282
2793
2863
3282
2794
2863
2863
2864
2863
4749
2794
2864
4330
2793
2864
2863
4749
2794
2863
2794
1956
2794
2863
2933
2794
3701
2864
2793
3282
2863
2863
4260
2793
2864
2864
2863
3282
2794
2794
2794
2934
2794
2793
4260
2863
2864
2864
4680
2794
2863
3352
4819
4819
3283
3352
2375
3353
3353
3353
2863
2794
2864
2864
2864
3352
2794
2863
3282
3422
2863
2863
2863
2864
2794
2864
2794
2933
2863
4330
2864
1955
3282
2794
4679
4260
2793
