21371
19415
19486
19206
20044
19415
19625
20183
19625
19485
19485
19206
19346
19345
20044
19485
19695
21441
19485
19555
18996
19555
19345
19555
20184
19974
19765
19485
19695
19694
27935
19415
19834
19415
19625
20882
22419
19625
19415
20952
20114
19694
19555
19624
19136
19625
19555
19485
19624
19345
19625
19415
19765
19974
19555
19136
19555
19415
19905
19205
21999
19485
19276
19416
19694
19415
22419
19764
19485
18647
19625
19346
19486
19415
19695
19276
19904
19555
19905
19625
19694
20044
27168
19625
19765
19555
20463
19346
21441
20114
19206
19974
22907
19555
19415
19555
19555
19206
19415
19206
19835
19625
20952
20602
19625
19625
28145
19136
20044
19625
20114
20114
22558
18996
19555
19345
19835
19625
19765
19625
19206
19625
19765
19486
19555
19555
19695
19695
20393
19625
19346
19625
19485
20113
19485
19136
19485
19416
19625
19485
19625
19485
19555
19904
19625
19485
19555
19625
19275
19625
19415
19205
19834
19625
19764
19555
19974
19624
19974
19555
19624
20183
19624
19555
19485
19904
19974
19485
19625
19066
19136
20463
19625
19555
19416
19136
19695
19066
18997
20533
19555
19485
20044
22488
19974
19624
19695
19624
19416
19206
19625
19625
19555
19485
19416
19695
19624
18996
19974
19625
19974
19555
19555
19206
19625
19835
19625
20393
19694
21022
19694
19485
20044
19624
19974
19625
19415
19205
19625
20044
19694
19625
19276
19974
20043
20812
20114
19416
19555
19415
19555
25491
19625
19415
20044
19625
19136
19206
27656
19625
19415
19485
19555
19624
19345
19625
19624
20114
19974
19485
19625
19695
20043
19764
18647
27726
19835
19485
19206
19416
27936
19415
19485
19485
21440
19625
20253
19624
19486
19625
19415
19485
19415
19136
26679
19625
19835
19974
19625
19275
19974
21441
19625
25771
19416
19485
20114
20184
19834
19694
18997
19905
19415
19905
19415
20114
19555
19555
19695
19416
20602
19485
19625
19485
19136
19136
19346
19485
19555
19416
19974
19555
19485
19555
21371
19415
19135
28076
19136
20463
19485
19415
19486
19415
19206
19136
21371
19765
20044
19136
19485
19974
19974
19206
19625
19695
22140
19694
20114
19485
19904
19206
20114
19764
20044
19486
19415
19205
19904
19835
19485
20183
19555
19625
19555
19835
19555
20183
19625
19415
19975
19416
19974
19975
20114
19555
19416
19415
19834
19834
19905
19206
19694
19555
19555
19136
19625
19555
20044
19416
19485
19555
19625
19415
19416
19695
19555
19415
19694
19136
19905
19695
19555
21301
19555
19625
19555
19485
19695
19974
19136
19415
19625
19136
20393
19555
19625
19974
19275
19415
19555
19415
19555
19275
19625
19136
19345
19904
19415
19625
19206
19625
19834
20044
20114
19974
19765
19416
19625
20044
19485
19486
22489
19764
19625
20463
19974
19764
19625
19695
19136
20184
21720
20114
19415
19416
20184
19625
18997
19555
19416
19625
19834
21860
19625
20812
19694
19275
19625
20044
19485
20044
19555
19974
19555
19555
19206
18717
19904
19974
19136
20114
19555
20184
19485
19485
19136
19415
19415
19415
18996
19415
19625
19555
19066
19625
19905
19555
19415
19625
19694
19555
19625
19904
19974
19625
29123
19625
19975
19834
19625
19415
19694
19904
19695
19905
19066
20393
19624
19555
19066
19416
19206
20044
19485
19625
32824
19486
19905
19485
19555
19485
19835
19625
19485
19415
19974
19625
19415
19625
19555
19625
19625
19625
19835
19625
19625
19066
20044
19275
19555
19555
19765
19625
19905
19415
19624
19136
19625
19486
19206
19276
19206
19625
20114
19415
19625
20113
19905
27167
20463
20044
19695
19415
19416
19974
19624
19904
19486
19765
19974
20044
19974
19066
19206
19346
19764
19066
19625
19485
19415
19625
22278
19625
19555
19485
19415
19415
19974
19974
21650
19485
19416
19066
21371
19974
19555
19485
19275
20323
19625
19625
19486
19486
19415
19066
19415
20463
19416
19834
19625
19624
19206
19485
19625
19136
19555
19764
20043
19625
19416
19485
19904
20323
19625
19764
19904
19416
19066
19415
19555
19485
19764
19555
20114
19555
19276
18996
19625
19695
19625
19555
19904
20323
19136
19625
19974
19835
19206
19415
19486
19695
20184
19555
19416
19275
19415
19345
19346
19555
19625
19625
19485
19415
19555
19695
19136
19066
19485
22418
19066
19555
19136
19275
19066
19485
19275
20114
19485
19345
19694
19625
19415
19415
19067
20044
19485
20114
19275
19276
20044
19625
20044
19625
20044
20393
19485
20044
19136
19625
19555
19416
19835
19764
19765
19625
20393
19136
20044
19276
20254
19416
19206
19694
19625
19695
19625
19066
19206
19625
19625
19625
19624
19625
19485
20113
19555
19555
19835
19416
19485
19625
19904
19345
19625
19625
19694
19275
19695
21162
19415
19624
19136
19625
19555
19416
19486
19485
19415
19625
19904
19206
19416
19206
19206
19555
19904
19416
19555
19485
19555
19136
21092
19136
19415
19625
19904
19904
19485
19974
19625
19555
19904
20043
19485
19625
19555
19625
19974
19974
29123
19415
19694
20044
19974
20114
19975
19625
19555
19625
19625
19276
22349
19346
19067
20044
19346
19136
20113
19485
19485
19625
19275
19625
19555
19415
21022
19835
19555
19415
19625
19066
19625
19485
19276
20253
19624
19904
19625
19695
19415
19415
19555
19905
19975
19974
19904
19415
19555
19555
19904
19555
19345
19066
19555
19834
19206
19136
19485
19136
19904
20114
19416
19835
20463
19416
19624
19555
19555
19974
19416
19625
19904
19555
19485
19625
19625
19904
19206
19415
19625
19346
19206
19485
19485
19206
19835
19625
21860
19624
19485
19764
19694
19415
19346
18926
19555
19555
19694
19206
19694
19206
20393
19205
19415
20113
19555
19974
19416
19415
19625
19764
19415
19485
19904
19415
19555
19625
19555
19694
19416
19904
20393
19555
21161
19485
19555
19625
19625
19695
19625
19275
19625
19625
19904
19765
19625
19904
19904
19625
19486
19694
19555
19136
19904
19485
20114
19485
19206
19975
20114
19625
19625
19136
19625
19625
19904
19555
19136
19904
21022
19625
19625
19136
19625
20044
19485
19555
19555
19695
19625
20952
19346
19695
20113
19835
19625
19485
19695
19974
19625
19625
19625
19555
20114
19625
19904
28145
19974
19485
19555
19625
19415
19206
19206
19416
19625
19136
19486
19555
19624
19415
19625
19625
19555
19555
19485
19555
19625
20463
19485
19624
19485
26679
19695
19765
18996
19416
19555
19486
