17669
17529
17599
17808
18717
17669
17739
17738
17250
18368
17529
17738
17669
17459
17738
17460
17460
17320
17599
17250
24234
101964
17599
18019
17530
17320
20043
17180
17250
17599
17738
17879
17250
17599
17809
17808
17739
17459
17739
18227
17739
18088
17669
17529
18088
17599
17879
17669
17599
17459
17599
17739
17599
17669
17250
17809
17180
16901
17180
17809
17250
17530
18088
16342
17739
17739
17529
17529
18019
17180
17738
19345
17459
17739
17529
17180
17110
17320
17529
17669
27167
17250
17250
17180
17250
17599
18158
17669
17669
18158
18018
33871
17599
17390
17180
17739
17599
18018
17180
17669
17599
17180
18088
17181
17250
17111
17739
17250
17110
17600
17110
17181
17809
18018
17599
17669
17739
17111
17530
17739
17530
18297
17390
17669
17530
17669
17599
19415
18647
17600
21860
17599
17738
17250
17739
17250
17530
17529
17669
18018
17809
17739
17599
17600
17669
17669
17949
17110
17529
17250
17529
17530
18367
17529
17529
17529
17669
17739
17739
17738
18019
17250
18228
17739
17599
17459
17530
17739
17250
18088
17739
17529
17181
17669
17739
17600
17809
17320
18158
17669
17738
17250
17739
17530
17739
17669
17739
18437
18018
17320
29611
17180
17739
17181
17320
17110
17320
17738
17669
17250
17599
17879
17529
17041
17739
17320
18158
18018
17320
17180
17460
17599
18019
17390
17529
17739
17460
17599
17250
17599
17739
17320
26189
17250
17320
17390
17040
18717
17530
18018
17599
26189
18577
17669
17320
17739
17390
17180
17390
17669
17739
17599
17739
18018
17529
17809
17669
17600
17529
17529
17739
17599
17390
17739
17599
17250
17529
17599
17250
17878
17739
17669
17320
17040
17111
25701
17530
17250
17180
17599
17739
17250
17460
20393
17738
17529
17809
17250
17808
17530
17250
18297
18438
17320
17529
17250
17600
17320
17110
17948
17600
17250
18019
17599
17669
17529
17040
17529
17459
17180
17181
17739
17669
17809
17669
17040
17669
17739
17529
17530
17599
17320
17389
18647
17599
18996
18158
17599
16692
17738
17739
17250
17669
17530
17320
17460
17250
18018
17529
17250
17809
17320
17669
17529
18228
17529
17529
17529
18158
17600
17599
17739
18019
17738
17390
17390
18158
17529
17739
17599
17669
18298
17600
17180
17739
17739
17739
17879
17320
17250
17250
17180
17180
17599
18158
17529
17529
17948
17739
17739
18018
17529
17599
17110
17739
17460
17669
17879
18088
17669
17599
17111
17739
17530
17599
17739
17599
18368
17599
17250
17669
17739
17250
17530
17460
17669
17459
17669
17320
18228
17529
18227
17949
17599
17739
18367
17250
17250
17529
17390
18088
17459
17739
17390
17110
17529
17250
17669
17948
17320
17599
17041
17529
25701
17529
17948
18018
17040
17599
17320
17739
18647
17739
17878
17250
17669
17529
17670
17530
17250
17530
17180
17180
17948
26189
17250
17320
17878
17530
17599
17669
17669
17809
17529
18018
17110
17459
17599
17390
17530
17669
17459
17459
17180
17250
17669
18018
17600
17669
17390
18368
17250
46652
17738
17600
17250
17529
18228
17111
17599
17180
17529
17599
17459
17738
17250
17669
17949
18228
17180
17250
17599
18018
17739
17599
17669
18019
17111
17599
17669
17669
17669
17390
17669
17110
17250
17111
17739
17459
18018
17949
17250
17459
17669
18018
17320
17599
18228
17739
17599
17669
26678
17808
17111
18019
17739
17809
17669
17530
17529
17320
18927
17250
17250
17180
17948
17669
17739
17181
17390
17739
17738
17529
17529
18088
17320
17948
17529
17600
17389
19485
17739
17180
17460
17460
17180
17599
25701
17320
17459
17669
17530
17529
17739
17739
17459
17530
17739
17529
17529
17320
17529
17040
17739
17459
17530
17599
17320
17599
18438
17738
17670
17180
18088
18088
17669
17669
17389
17390
17041
17180
17529
19205
17949
17250
17250
17739
18228
17879
17529
17390
17599
17739
17040
17250
17460
17460
17599
17599
17599
17808
17669
17808
19415
17599
18158
17669
25840
17739
26189
17250
17599
17250
17600
18507
17670
17739
17250
17669
17600
17530
17250
17669
17669
17669
17739
17669
17809
17948
17600
17669
17669
17739
18157
17529
17180
29193
17040
18368
17529
17739
17250
17529
17530
17459
17669
17529
17530
17180
17250
17809
17949
17739
18088
17669
17529
17669
17599
17669
17599
17739
17948
17599
18018
17669
19415
17389
17809
17599
18089
17529
18577
17599
21580
17599
18088
18507
17809
17669
17669
17529
18158
17809
18228
19275
17390
18088
17669
17809
17040
20044
18227
17530
17669
17669
17878
17180
17809
17739
17389
17459
17669
17180
17460
17111
25211
17180
17529
17669
17530
25701
17669
19904
18577
34850
17739
17529
17599
17599
17669
17180
17530
17250
17459
18367
17599
17180
17530
17320
18158
17040
18019
17599
18158
17320
26119
17530
17529
17041
17530
17669
17599
17529
17739
16970
17670
17320
17530
17669
17669
17530
17250
17739
17669
18088
17250
17529
18157
17670
17739
17529
17250
17250
17949
17599
17599
17669
17529
17180
17739
17739
17390
17460
17739
17529
17459
17250
17180
17389
17319
17180
17739
18088
17250
17460
17250
17600
17669
17251
17739
17669
17529
17809
17250
17600
17250
17739
17739
18019
17529
18019
17460
17879
17739
18297
18228
17739
17390
17181
17459
17599
17250
17739
17739
17879
17529
17669
18926
17180
17319
17250
17739
17739
17669
17739
17180
17739
17600
17319
17599
17250
17529
48189
17669
25700
17600
17669
17320
17250
17529
17739
17250
17530
24303
18717
17669
17599
17809
17459
25631
17879
17390
17250
17599
18228
17320
17809
17529
17738
17529
17738
17530
17250
17530
17739
17669
17389
18088
17530
17599
18228
17529
17669
17599
17669
17390
17320
17530
17669
18018
17529
17739
17320
17529
17739
18088
17669
17320
17319
17600
17459
17669
17529
17250
17250
17529
17669
17529
17320
17530
17181
17809
17669
18158
17599
18088
17669
17390
17879
17529
17669
17599
17599
17250
17530
17250
17600
17669
17809
17250
17250
17319
17739
17320
17739
17250
17459
17599
17460
18367
18018
26608
17460
18158
17948
17739
17738
17530
18507
17809
20113
17530
17041
17250
17250
17110
17599
17529
17599
17808
17529
17670
17529
17599
17529
17739
19555
17529
17599
17250
17250
17459
17250
17390
17180
17319
17250
17669
18297
17669
17110
17669
17739
17739
17529
18368
17529
18158
17250
17599
17250
17250
17739
18228
17669
17808
17180
17389
17529
17390
