10895
12571
11524
11802
11733
10685
10965
10965
10685
10616
10545
10895
10476
10965
10475
10895
10755
11035
10895
10965
10895
10476
10964
10895
10965
11035
10476
10895
11174
11314
11104
11105
11105
11034
11454
11454
12292
10895
11104
10546
11314
10825
10755
11105
10895
10406
10965
9987
11454
10616
12851
11384
10825
10965
11104
10965
10546
16063
11035
10965
10895
11314
10964
10895
10895
11105
11035
10895
11105
10895
11035
10895
10756
11523
11105
11035
11035
11105
11035
10895
11105
11384
11035
10965
10825
10964
11035
10895
11105
10476
10895
15784
11105
10825
11105
11454
10895
11384
11034
11384
10545
11035
10964
11035
10057
11594
10476
11105
10825
10825
11174
11104
10825
11314
11733
10616
11524
10965
11454
10965
10895
11034
10406
10616
10965
10685
10755
11035
10616
11035
11035
11314
10964
11314
10965
10964
18018
11034
13758
11384
10756
10964
11244
10965
10755
10826
10894
10756
10895
10895
10895
11104
11384
11105
11244
11034
11523
10616
11314
10965
10965
11104
10825
11035
10965
10895
11104
10825
10965
10476
10825
10476
10965
11034
10895
10895
11454
10965
10616
11105
10825
11034
11105
10755
11384
10476
10895
11035
11035
10965
10965
11104
10965
11105
10476
10825
10965
11524
10895
10546
11314
11104
10546
16622
11104
10545
10895
10895
10895
10895
11593
11105
10964
10476
11314
10895
10825
10476
11035
10965
11105
11035
10615
11453
11104
11035
10965
10895
11245
11035
10615
10965
11314
10965
11034
10826
11035
11384
10894
10965
11105
11034
10825
11035
11105
10615
11523
10965
10895
11034
10616
11034
10755
10546
11105
10895
11803
11034
10615
10825
11104
10546
10895
10965
11383
10476
11314
11035
11105
10616
10616
10895
10965
11105
10895
12012
10964
11035
11104
10336
10545
10476
10965
10965
10965
10964
10685
11593
10545
10965
10546
18159
11034
11314
11035
9987
10894
10965
11314
10965
10825
11105
10825
10755
10965
10965
10825
11034
10895
10546
10895
10894
10895
10965
11104
10825
11104
10476
11035
10895
11034
10895
10895
10825
11454
11035
10965
11105
11245
11314
11035
11314
10616
11453
11524
11035
10545
11733
10965
17250
10825
10826
10825
10825
10825
10825
11034
10895
10476
11104
10895
10545
11034
17460
11314
11035
11034
10895
10895
11035
10825
10965
10895
11105
10825
10825
12012
11034
10476
10825
11035
11314
10825
10825
10825
11593
10825
10825
10825
9708
10895
10964
10825
11105
11035
11035
10965
10895
11034
10686
11104
11105
10965
10616
10895
10965
10965
10964
10895
10895
10895
10825
10476
10616
10825
10965
11105
11454
10965
10825
10546
11034
10756
10825
10546
10965
11384
10965
10825
11383
11104
10895
10756
10756
10965
10756
10337
12012
11384
11314
10406
10895
10965
10895
10546
10756
11383
10825
11314
10895
11454
11454
10546
10476
10965
10964
11034
10965
10965
10825
11314
10825
11104
11105
10756
11105
10616
10616
10825
11034
10825
11244
11035
10825
11174
10825
10615
10964
10965
11524
10965
11104
10895
11035
10057
11593
10616
26539
10965
10825
10965
11034
10895
10895
23816
10895
11314
11104
11035
10965
10825
10895
10825
10476
10826
10895
10825
10895
11453
11104
11314
10965
10965
11035
11174
11384
10965
10615
10895
10826
10895
11035
11105
10755
10895
10965
10965
11593
10546
11384
11105
10895
11384
10965
11035
10476
11104
11035
10965
10895
10546
10825
11384
10895
10546
11454
11035
10965
10545
10964
11314
10895
10476
10965
11384
11034
10476
10895
11104
10546
10615
10406
10965
11105
10965
11035
11873
10895
11594
10825
19625
10895
10686
10895
10895
10825
10965
11454
11803
10965
11105
10965
10686
11454
10895
10545
11314
10895
11733
10686
10964
10965
10895
11104
10545
10895
27656
11034
11314
11105
10964
10894
10895
11105
10895
10406
11034
10895
10895
11314
11034
10825
11034
12013
11104
11384
11384
10895
10895
11384
11523
10895
11244
11105
10965
11035
10546
10825
11384
11244
11174
11104
10895
11034
10825
10895
10756
10546
10895
11104
11383
10755
10826
10965
11105
10965
11314
10895
10895
11454
10965
10964
11454
10895
10337
10825
11383
10825
11524
11035
10895
11035
9917
10965
10964
11034
10825
10965
10895
11034
16343
11105
11454
11314
10965
11453
10825
11105
10965
10895
10825
11384
11245
11035
10965
11105
12432
10615
10895
11104
10895
10895
10615
10964
10895
10895
10406
10825
10895
11104
10825
10895
11105
10895
27727
11034
10615
10895
11105
10895
10895
10894
11035
12291
10615
10825
10965
10965
10895
10895
11104
11174
10965
11314
11105
10825
11104
11105
11244
11104
10336
10406
10895
11314
11314
10965
16273
11105
10895
11104
11244
11244
10895
10615
10895
10546
11383
10476
10965
10965
11105
10895
11245
11035
10895
11314
10616
10895
10965
10965
10965
11104
10895
10546
11454
11454
10546
10965
10615
10895
10965
10965
10965
11314
10546
11035
10895
10825
10895
10965
10895
10895
10616
10895
10825
10965
10895
11034
10825
10825
10895
11034
10895
11384
11384
11454
10755
10895
11105
10476
11244
11873
10894
10965
10895
11314
10406
10895
10616
11105
11104
10615
10476
11034
10616
11104
11034
11314
10615
10476
10895
11105
10965
11384
10616
10895
10965
10965
10546
10825
11035
10965
10615
11105
11524
10476
11104
10965
10825
10895
11105
11034
10616
10965
11034
11384
11034
11384
10965
11034
11035
10965
10545
11035
10616
10615
10825
11384
10895
11035
11035
10965
11105
11035
10895
11244
11175
10545
10965
10895
10615
10755
10895
10895
11104
10755
10615
10895
10825
11314
10965
10895
11035
10895
10755
10965
10965
10964
10826
10825
11524
11383
10546
11454
11104
11104
11453
11383
10965
10965
10615
11105
10755
10825
11035
11035
10895
10476
11105
10615
10756
10895
10965
11035
10476
10476
10825
11035
10825
10965
10965
10895
11384
10895
10546
10755
11383
10825
10546
11523
11034
10546
10965
10895
11035
10546
10895
11104
11314
10895
10965
11453
11034
11035
10895
11034
10616
10964
11035
10755
11104
11105
10965
11314
11035
11105
18228
10965
11035
10965
10895
10755
10965
11034
10616
10825
10546
10825
11523
11384
10476
10895
11384
10895
11035
10756
10825
10895
10616
11035
10895
10545
11453
10685
10895
10755
11105
10964
10825
11453
10965
10826
10964
10965
10895
11314
10895
10895
11314
10895
10895
11383
11035
10546
10894
10546
10895
10616
11035
10895
