15295
17181
15854
15784
16482
15714
16064
15993
16203
15784
15854
16692
15854
15784
15714
15574
15924
15853
15714
20045
16063
16203
16761
19346
16762
16762
20672
18088
17111
16133
15994
15854
24305
15365
15714
15645
15645
16343
16273
15644
16553
15853
14736
15644
15854
16273
16203
16273
16133
15714
15644
16273
16273
16133
17530
19486
24793
17041
23466
16342
16762
16133
16133
16342
16273
16343
16483
15924
16063
16343
15784
16203
16832
17180
16273
15714
15714
16622
15854
16483
15783
16203
15575
16761
16343
17600
14946
16272
15784
16134
16133
16622
18508
16622
15853
17041
16203
16342
15854
16203
16203
15575
16342
15644
15993
17740
16832
22419
20044
17809
18018
16761
19416
20184
19904
17600
21651
20812
16273
16063
15854
16133
15854
28146
18648
20044
16692
18717
17599
16133
15854
16203
16063
16972
21022
16692
15854
18577
18997
17530
16692
16272
15714
16063
15994
15714
17600
17321
16552
16622
16622
16761
17041
17530
21999
16343
15714
16063
15644
15853
16622
16063
15854
15853
16203
15854
17111
15853
18228
15784
16622
15784
15924
15784
15854
16063
16622
15854
16064
15784
15714
15784
15714
16622
16692
16133
15853
15854
15854
17250
16273
15924
15923
17739
19206
17600
20044
18228
17111
18228
22489
16203
16273
16133
15994
16203
16831
16343
16343
16203
16133
15853
16622
15714
15854
15853
16064
15644
16134
17041
17041
19136
21441
19486
17251
16762
16342
15993
16552
19276
19276
17251
16761
16622
15714
16203
24234
16063
16482
16203
16342
15854
15784
15645
16063
15853
15784
15853
16133
16203
15574
16133
16552
15784
15854
15575
15784
15644
15644
19556
16272
16133
15714
15644
15714
15574
15644
15644
15644
15854
15644
16273
16482
15714
15853
15714
16063
15854
15853
15714
15854
15854
16063
16273
15644
15644
16342
15784
15574
15575
15714
15923
15854
15714
15714
15714
16063
16133
15784
15854
15575
15854
16133
15784
16133
17251
17111
15784
15854
16272
16064
15504
16203
15993
16133
15784
15923
15784
15644
15784
16133
15644
15644
18438
15784
15644
15644
15784
16134
15715
16133
18229
16203
15993
23955
16272
15365
15854
16203
15784
15575
16343
15854
17320
15505
15784
15854
15783
15644
15714
15714
15854
15574
16063
15644
15853
15784
15714
15993
18089
15854
15644
15854
15924
16273
16272
15854
15714
15644
16133
15784
15854
16133
15784
15714
16971
15645
15994
15505
15714
16273
15644
16064
15574
15714
15993
16133
16552
16063
15993
16692
16064
15715
16203
15853
15923
15784
15574
24304
15784
15644
15783
15714
16063
15645
34291
15924
15854
16133
15854
16203
16063
15574
15644
15645
16063
16134
15853
16063
16064
15644
15924
16064
15923
30032
16133
14946
15923
16063
17111
15714
15853
16063
15714
15365
15365
15644
15644
15574
15924
23815
16552
15854
14736
16203
15784
17739
15993
15714
15853
19974
15504
15993
15854
15715
15854
17111
16063
15295
15784
15853
15644
15644
15574
15714
16133
15505
15365
15784
15994
15574
15365
16343
15854
16272
15714
15923
16552
16412
15784
15644
16063
16273
16273
16203
15645
16063
16133
15993
16133
15645
15714
15854
16692
16063
15505
18229
15644
15714
15854
16133
15784
15854
15155
15714
16063
15853
15784
15714
15715
15295
15644
16063
15784
15714
15365
18089
15784
26679
15784
15853
22907
15574
22419
16064
15854
15644
15714
16622
15854
18438
16273
37294
16832
15784
15784
16622
16063
16133
15853
16622
22908
19765
18368
21371
18089
17949
17250
15714
16552
18089
21022
20114
17041
18437
33384
19975
20952
20044
17669
16552
21371
16203
16063
15574
22000
20533
18578
15853
18647
18647
20045
16203
19975
18438
17181
18159
17809
17180
17879
18996
18089
19835
17879
16343
19136
17320
19486
18717
18927
18229
18577
18019
19834
19905
16133
17041
16063
17111
20882
24863
19276
19625
19346
16133
16203
15295
24164
16203
15644
15714
15854
15853
15714
15993
15645
15853
15853
17739
15784
16133
15784
16064
15784
16622
15714
16832
18996
15714
16133
21092
17949
16832
16203
15853
15854
15854
15225
15225
16064
21301
20323
15365
16273
15575
15714
15644
17530
15853
15295
15155
16064
27587
15994
15854
15714
15924
15505
15715
16063
15853
16203
17180
15435
15644
15924
15365
18298
15784
16692
15714
16272
15295
16342
15016
16133
16063
15574
16553
14876
15784
17670
19136
15714
16343
16064
15644
15644
19067
18718
19486
17739
18228
16063
15365
15784
16063
16761
15714
15853
16553
19206
19485
20044
18997
21371
16413
16203
16273
19067
16622
17600
16622
17041
15854
15853
16063
22349
18019
17180
16622
15645
15644
16134
15574
15504
15365
15714
15784
16692
15924
19416
15854
16133
16273
23396
15854
15645
25352
15575
15715
16064
15993
15714
16273
15575
15784
15783
15784
16203
16203
21510
16482
16203
16273
15714
16552
16133
15853
16203
16691
16552
19974
15853
16343
15854
15644
15575
15226
15853
16133
15714
15854
15854
15644
15853
15784
15714
15784
15854
15784
15923
15784
15715
15505
24794
15993
15854
15784
15783
16133
15644
15854
16273
15644
17251
15783
15854
16412
15295
16692
15784
15504
16272
16063
15854
15295
15993
18159
17739
18578
17739
16971
16133
15783
16273
15854
15854
15644
16273
15645
17250
17111
15714
15435
15854
15853
15714
15644
15784
15644
15645
15714
15784
15574
15854
16273
15714
16203
15714
15574
16133
15853
15854
15645
17041
15784
15784
16273
15644
15854
15365
15714
15853
22349
15644
15784
16272
16273
15784
14247
16342
15853
15854
15854
15784
15714
15714
15924
15784
15854
15853
15575
16133
15783
15645
15784
15644
15714
15575
15854
15854
15574
15504
16203
15994
15575
15854
15854
15714
16063
15924
15644
15714
15644
15784
15853
15923
15504
16342
15714
16203
15644
15784
16063
15784
15505
15504
15575
15784
15714
15784
15854
15714
16133
15226
15923
15644
15645
16273
17670
15644
16203
15784
15784
15714
15784
15784
15644
15714
15644
15784
16133
15854
15296
14806
15784
15295
15365
16063
16133
16273
15714
16063
15644
16273
15644
15854
16133
16063
15854
15365
15365
16133
15365
15784
16063
15853
16063
16203
15574
15854
15854
15854
15714
16133
15575
15784
17739
15923
15714
16133
15784
15295
15645
15295
15853
15714
15714
15644
15575
15505
16063
15784
15714
15854
15714
15574
15784
16133
16063
15715
15714
16552
16133
15714
15365
15784
16064
30520
