11034
11942
10755
11384
10546
12431
12641
14247
11244
11104
11594
11105
11105
10755
9429
9917
10127
10196
10057
9708
9987
9429
9568
9708
10406
9917
10196
10336
9987
10406
10127
9638
10895
10057
9498
9638
10406
10406
10336
10127
10127
15155
10616
10126
10057
10407
10755
11523
11034
10964
11873
11383
11384
12291
11594
11942
13409
11454
11803
11454
11104
13270
15644
12012
10546
9079
10336
32895
11384
11384
11034
12291
12501
10895
9917
9987
10057
11034
10616
10336
14317
9568
10057
10126
9708
9429
9917
9498
10336
10057
10825
10407
11244
11035
9987
10965
11383
10615
10406
11104
9917
11454
9987
9498
9637
9498
10057
27237
9987
9988
10126
9219
9498
9638
9428
9568
9568
9638
9778
9707
9429
9917
9428
9638
9987
9638
9568
9498
9428
9498
10476
11454
9498
10615
10406
12431
10127
11873
9568
9917
9638
9987
9568
9568
9707
12013
10057
9708
9987
9638
9568
9777
9987
9498
11383
9987
9917
9498
8940
11593
10476
10057
9358
9638
9638
9568
10197
35688
10476
10476
10825
10267
11803
11384
10336
10476
10895
11035
10685
10545
10057
9987
10126
9848
9428
9987
10057
10336
9637
10057
9568
10127
9638
9987
9987
10127
9568
13479
9638
10406
10057
9568
9568
9568
9987
9638
9429
9498
9778
9847
10056
10056
9079
10057
9917
9917
10406
9568
9428
9917
9917
10406
10895
11314
9638
9638
9498
9359
9707
10057
9149
9428
9917
9428
9638
9847
9567
9568
9499
9638
9987
9498
9498
9429
9079
9498
9219
9498
9498
9637
9917
9848
12291
10406
9568
9917
9987
9498
9429
9987
9498
9428
9429
9498
9638
9847
9637
9638
9707
9498
9568
9428
9428
9428
10406
9568
9429
9987
9568
9499
9568
9079
9498
9568
9987
9498
9149
9428
11035
10546
12781
11803
11384
10825
18577
10476
10406
10895
10126
10057
9149
9498
9498
9638
9638
10336
9498
10127
9429
9568
9917
9987
9638
9009
9917
9638
9638
9498
9498
9498
9498
9429
9987
9219
9498
9777
9638
9149
9498
9708
9847
10406
9917
9498
9638
9987
9708
10127
9498
9428
9847
10057
9847
9638
11593
9568
9568
9987
9568
9918
10057
10197
9568
10057
10197
10127
9568
9638
9359
10127
9638
9498
9847
9428
9987
10406
9987
10825
9917
10127
9847
9568
9847
91559
17181
10057
10197
10196
9638
9638
9568
11104
10126
10476
9987
9918
9009
9428
9499
9429
9498
9568
9638
9358
9568
9568
9498
9498
9359
9149
9498
9917
9498
9498
9498
9498
9428
9498
9079
9638
9428
11454
9987
9917
9917
9987
9568
9568
9568
9429
9987
9568
9917
9428
9498
9638
9429
9638
9149
9498
9568
8940
9428
9987
9987
9358
9498
9638
9498
9848
9498
9987
9568
9638
9847
9289
9498
9917
9917
9498
9428
9987
10057
9917
10127
11104
10057
9917
9638
9498
9638
9917
9498
9428
10057
9219
9637
9987
10057
10057
9429
9987
9637
9917
10895
10126
10546
11593
11314
11383
11105
11384
9428
9917
9917
9638
9428
9568
9987
9568
9638
9847
9987
9149
9637
10126
9568
9498
9987
9498
9918
9917
9638
9499
9428
10406
9917
9498
11105
9568
9149
10057
10475
10476
9847
9917
9847
9917
9987
14387
9637
9778
9568
9917
9428
11105
9917
9498
10406
9917
9498
9987
34291
10964
9848
9848
9498
9148
9708
9987
9917
9498
10057
9708
10337
10127
10476
9638
9638
9498
9638
9708
9498
10476
10127
9917
9499
10127
12850
9917
10057
10057
9848
11244
30520
9987
9917
9638
10057
10197
10057
9637
10057
9638
23815
9637
9359
9638
9568
9498
9429
9638
9010
9638
9917
9638
9498
9428
9568
9498
9917
9917
9428
9149
9638
9428
9568
8590
9638
10406
10406
9987
9637
9917
9498
9498
9637
9498
9428
9638
9847
9568
10476
27168
9708
9568
10616
9429
9638
9568
9499
9498
9359
9917
9917
9847
10126
9149
9568
10057
9149
9987
9149
9359
9428
9918
9498
9498
9568
9568
9638
9568
9359
9568
9917
9009
9638
9987
9498
9498
9359
9498
9498
9499
9568
21091
9638
9707
9428
9568
9847
10057
9987
11453
10197
10126
11733
12431
10895
10685
10406
10056
9498
9917
9638
9429
9917
9987
9568
11104
9638
9847
9568
10057
9987
9918
10057
9707
10056
10126
15854
9848
9358
9568
9358
9568
9568
9428
9428
8520
10406
10057
9778
9428
9917
9987
9638
9917
9917
10336
9987
9987
9499
9917
9638
9987
9917
9987
9987
9498
18507
9917
9987
9987
10127
10057
10127
10615
11454
9987
10126
9917
9638
9568
9917
9638
9638
9987
9638
9707
9429
9987
9847
9987
9638
9638
9638
9987
9638
10057
10057
16273
9498
9847
9638
9847
9848
9707
9707
9498
9638
9498
9987
9568
9638
9987
9638
9638
9987
9499
9637
9568
9428
10196
9429
9987
9428
9987
9638
9987
9847
11523
9917
9498
10406
9848
11383
10895
9568
9428
17041
9568
9568
9429
9499
9917
9568
9708
10197
9708
9568
9498
9498
10406
9358
9568
9987
9638
9498
9638
9987
9498
9429
9917
9429
9778
9708
9428
9568
9848
9568
9498
10196
9987
9637
9428
9638
9568
9778
9498
9429
9498
9708
9498
9848
9568
9638
9428
9149
9568
9498
9429
9987
9638
9638
9359
10476
9638
9848
9498
11663
10895
11943
13130
10546
10616
9987
9987
9637
9638
9987
9708
9847
9568
9498
9498
8590
9498
9987
9498
10127
9638
8520
9498
9498
9708
10057
9428
9568
9568
9777
9917
9638
9499
9499
9568
9917
9568
10545
9568
10267
13759
9708
9987
9498
9707
10127
9917
9918
10406
9917
9987
10406
9848
9917
9847
9987
9987
9498
9428
10406
13758
10057
10476
9917
10057
9638
9987
9917
9499
9638
9847
9638
9498
9498
10057
9917
9987
10266
9987
9499
9638
9358
9568
10056
9498
9987
9707
9987
9568
9917
9917
9568
9428
10127
9429
9918
9428
9638
9568
9987
10057
10825
9987
9428
9218
9638
9638
9428
9568
9917
9568
9359
9638
10057
9009
9987
9079
9568
9917
9358
9638
9499
9987
10616
9917
9498
9708
9429
9428
9498
9638
9638
9568
9917
9987
9009
9498
9568
9498
9917
9987
9987
9429
9638
9499
9149
9777
9637
11104
