11384
11314
13829
11384
11314
10964
11035
11523
11035
11384
11105
11035
11384
11314
10964
10895
11105
10895
10825
11384
11384
11105
11383
11733
11244
11175
10826
12781
11104
16272
11803
11314
11523
10895
11524
11384
11523
11245
11314
11453
11314
11733
11383
11663
11384
11384
11314
20393
11314
11663
11524
11454
11523
11802
11453
12571
11523
11384
11873
11454
11593
19625
11104
12013
11872
11105
10965
11454
11803
11873
11523
11384
11034
11454
11454
11105
11454
11104
11524
11454
11035
11873
11384
11314
11384
11384
11733
11523
12012
10965
11314
19834
10895
11454
11453
10126
11244
11384
11105
11104
11454
11594
10197
11104
11524
11383
11104
10895
11453
11384
11733
11384
11454
12362
11314
12292
11873
11314
11384
11314
11034
11314
11314
11524
10825
11034
11524
11384
10895
10965
11314
11035
11105
11524
11524
11524
11384
10965
10825
11035
13828
11594
11104
10895
11104
11035
11454
11384
11104
11314
18298
11174
10965
11594
11384
10895
11384
11245
11524
11105
10895
11872
11105
11104
11244
11035
11384
10964
11314
10964
10825
10895
11314
10825
11384
11035
10965
11034
11314
11244
11383
10965
11034
11035
10964
11523
10895
11523
11034
11314
11454
10895
11384
10965
11034
10895
19066
11524
11314
11523
11035
11384
11244
11245
11454
11035
10965
11384
13758
10895
11035
11453
11454
11524
11453
11104
10825
11384
11034
10965
11384
11035
11104
10895
11244
11943
11105
10895
11314
11524
11524
10825
10965
10825
11314
10965
11384
11105
11524
11105
11035
11034
11803
11453
11105
11105
11244
11453
11453
11384
11244
10965
10965
11384
10895
10965
11244
10965
11384
10895
11244
11384
11384
11454
11314
10964
11594
11454
10965
11314
11384
11104
11523
11523
11454
11593
11454
10964
11244
11314
11384
10895
10965
11034
11314
11593
11523
11453
10965
11104
11384
11314
12571
10127
11384
11384
11383
11104
11523
11105
11384
11314
10895
11523
11104
11384
11454
10965
10965
11105
11593
10964
11454
11105
11523
11035
11383
11593
11384
11244
11453
11454
11454
11523
11384
11593
10895
11034
11034
11454
10895
11104
11384
11105
11523
11384
11454
10895
11314
10964
11384
11454
11105
10965
11035
11035
10895
12012
11035
11454
10965
11454
10895
11314
11803
11314
11802
10895
10965
11384
11034
11244
11105
10894
11314
11384
11035
11244
11035
11384
11663
10964
11593
10895
10895
11454
11035
11524
11035
11802
11314
11594
11384
10895
11454
11454
10895
10895
11104
11524
10615
11384
11384
11104
11523
10825
11523
11314
11593
11034
11803
11035
11384
10965
11245
11523
11104
11035
10965
11104
11104
12850
10965
10965
11035
10965
11104
10895
11104
11104
11384
11733
10965
10965
11453
11244
10825
12501
12222
11384
11593
11453
11035
11802
11454
11244
11314
11384
11314
10895
11384
10825
12501
11454
10965
24793
11104
11035
11035
11803
11314
11943
10965
11524
10895
11453
11384
10825
11453
10755
10965
10964
10965
11384
11245
11174
11244
11453
10895
10895
10825
10965
11104
11034
11174
11104
11384
11244
11384
11035
11384
11035
11244
11384
19625
11314
11035
11873
11384
11104
10895
11104
11314
11454
9987
11245
11035
11453
11523
11384
11454
11593
11384
13479
11384
11104
11524
11105
11035
10895
11383
11104
11105
10895
11872
11383
11384
10895
11105
11454
11035
10895
11453
10895
11105
11454
11383
11244
11524
11873
11453
11314
11105
10965
10965
11384
11104
10825
11593
11384
11873
11175
11384
11035
11105
11454
11035
10965
11453
11314
10965
11383
11384
11383
11524
11384
11035
11314
11244
10825
11454
11035
11384
11523
10825
11314
11105
10825
11454
11593
11104
10895
10965
11104
11454
11105
11733
19275
11523
11035
10826
11454
11454
11384
10895
11384
11174
11105
11384
10965
11593
11104
11104
10965
11383
11104
10895
10965
11453
10965
11524
11454
11384
10825
10755
10965
10965
11105
11384
11383
11034
11454
11384
10895
11524
11384
10057
10964
10964
11035
11384
11035
33384
11244
11105
11244
11803
11314
11314
11035
10965
10965
11104
11453
11034
11453
12780
11384
11593
10965
10965
11942
11523
11384
10965
11454
11523
11244
11384
11314
11104
12292
10965
10965
11314
10895
11454
11105
11244
11245
11454
11454
10965
11104
11524
12780
11314
11034
10895
10895
11104
11034
12432
11454
11314
11384
10965
11803
11035
11594
11523
11384
11942
11384
11314
12641
11384
11523
11105
11034
11314
11384
10825
11873
11314
10825
10965
11035
11244
11244
11314
10756
11384
11593
11104
11105
11454
11454
11454
11104
11315
11035
10476
11384
10895
10895
11384
11384
11035
11523
11454
11384
11035
11314
11454
11314
11035
11314
11105
10895
11384
11104
11105
11314
12013
11384
11524
11454
11314
11035
10895
11454
11384
11384
11384
11105
10895
11594
11244
11314
11244
11314
11244
11454
12781
11105
11454
11035
11453
11454
10895
11035
11524
10895
11593
11314
11034
16832
10895
11384
11384
11034
11244
11733
11174
11314
10964
11034
11035
11454
11104
11035
11104
10895
11104
11105
11105
11733
11314
11384
11314
11384
10755
10756
11104
11454
11244
11454
11524
11314
11314
11383
11454
10965
11594
11105
11594
11383
11872
11594
11035
11803
11454
11314
11383
11384
11454
10965
11453
10895
11245
18647
11454
11314
11105
11524
11314
10895
12851
11314
11034
10965
11244
10964
10895
10965
11314
11104
11943
11384
11245
11524
10895
10965
11384
11524
11244
11245
11035
11035
11454
11454
11384
11803
11035
10895
11104
10965
11314
11384
11524
10965
11104
10965
11383
11314
10965
11244
10964
11523
11035
11454
11453
11034
11244
11454
11454
11314
10965
11105
10964
11104
11314
11384
11314
11104
11594
11035
10895
10895
10965
11384
11314
11384
10965
11105
11383
10755
11453
11105
10965
11384
11105
10895
11104
10965
11384
11384
11453
11035
11524
11384
11803
11524
11244
10826
11035
11384
10965
11314
11034
11454
11384
11035
10964
11593
11734
11104
11035
10965
11314
11524
11035
10756
10965
11524
11384
12781
10895
10825
11384
11454
11035
11454
11034
11523
11454
11314
11314
10895
11104
11244
11454
11383
11523
11105
11384
10965
11105
12013
10895
11104
11034
11034
11384
11733
10965
11314
10895
11384
11384
11314
11034
10965
11454
10825
11104
11454
10965
10826
11593
11105
10965
11034
10965
11524
11384
10895
10895
11384
10895
10895
11035
10895
10895
11384
11384
10965
11035
10964
