6006
3910
6216
6355
6216
4260
6216
3771
4260
6216
6146
4330
4749
4191
4260
22418
4330
3702
3841
4260
6286
4190
6216
3911
3771
4330
3212
3841
6215
4329
8659
4260
3771
4330
3841
6146
4260
4260
6635
4260
6006
4330
5866
6635
3841
3771
4190
6704
14875
6565
5726
6215
5797
6565
3841
3841
5657
6285
5727
4260
4190
4260
3771
3841
6634
5796
5796
5308
4330
4260
6635
4190
6565
4190
6146
4330
4190
4260
4819
4260
4330
4261
5796
3911
5727
4330
4260
4260
5727
4330
5587
3910
3911
5657
3771
5308
3841
5727
4260
4330
4190
5308
4260
4818
4260
4330
2863
6285
4260
6146
5657
4260
5796
4260
7124
6216
4260
4260
6704
4330
5796
3841
5726
4260
5866
4260
4190
4260
4330
6286
5727
3771
5726
5726
5657
4260
5797
6146
5796
6704
4190
4260
4400
6216
3841
6076
5727
6215
4399
6704
4260
6285
5727
3771
3841
6704
4399
6634
4260
4260
4260
5726
6634
3911
6146
4260
3841
5657
4260
6285
3771
3352
3911
4260
6285
4260
6286
4260
3701
6285
4330
6146
4260
6635
13409
4190
4749
5168
4329
4399
4260
5727
6146
3771
6146
47280
4330
5656
6565
5726
6705
5727
6634
3910
6635
4260
4260
5866
6146
6006
4260
5726
4190
3771
5168
2793
3771
3841
6564
4330
4260
6286
4190
3771
4330
3841
6146
4190
4260
4260
6145
5237
6215
5308
6076
4749
4748
4749
4260
3352
4749
4190
3772
5727
4330
3771
4330
4679
4190
3842
4260
6075
4190
4190
6146
4329
3771
4190
4330
6216
3911
6215
3771
3911
4260
6634
4260
3771
3771
3911
6075
4260
4330
4260
4190
5587
3911
6285
4190
4260
4260
4190
3841
3771
4260
3841
4330
4819
4330
3702
6285
4329
7123
3911
5726
3841
4260
6984
4330
5726
4190
4191
4260
4399
4260
4329
4330
5727
5657
4749
4400
4260
6286
4260
5657
5797
5726
3771
5656
6705
4400
4260
3702
4260
4260
4260
4749
4260
4261
4190
3911
3841
3841
4260
4260
16203
4329
3910
3283
3771
4749
4330
4190
4329
3771
4329
4330
4260
5727
4330
3911
4260
4399
4260
3352
6216
6146
4330
3771
6495
3771
4260
4889
4818
4819
4260
4190
4191
4330
3841
4190
5238
3771
6705
6216
4889
4260
5657
5727
4260
3771
6704
4679
3841
4679
3841
9009
3771
15853
4889
4330
4330
4260
4260
3771
4400
3772
4260
4260
6565
4260
3841
4330
4749
4330
4329
4260
6704
4261
6215
7682
3911
4260
5657
4260
6146
4260
18926
4260
6286
4400
6634
4330
5797
4260
5726
3841
6285
4260
4260
6286
4190
7053
3911
6564
4190
6146
4330
6774
3771
5727
4399
4260
4329
6705
3841
4261
3282
5726
6565
4260
5726
4260
6076
4260
4330
4260
4191
6285
4330
5308
4330
6216
4330
5587
3282
6285
4330
4399
6075
6286
2863
4190
5727
6285
4330
6146
6635
3841
4260
6564
6215
4260
5727
19694
6285
6145
6705
6216
4330
3771
3841
6565
4260
6565
3771
6634
3841
6634
6216
6285
4121
6565
3772
4260
3841
6146
3841
4260
6634
3771
4330
3841
6215
3841
5727
4190
4260
4749
4191
4819
3771
4260
3841
4260
6146
6215
4260
6145
6634
6494
3771
6215
3841
6146
4330
6704
4330
6146
6145
6146
6145
6704
4679
3771
3911
3771
4260
6216
6285
6634
4191
6145
4400
5726
18018
3841
6844
3772
6705
3842
5797
4400
6215
6564
4330
6634
4400
3841
4260
5587
6286
4330
3772
3841
6285
6495
6215
4260
3771
5168
5657
4330
6146
4190
6145
6565
6286
6634
6145
4260
4261
4260
6285
4190
5657
3911
6705
4260
4260
6774
6565
3841
5727
6145
6774
6705
4260
4680
4329
5796
3771
4329
4330
4190
3911
6145
4260
4330
4330
6146
4191
3841
4679
3842
4330
6495
4330
6216
4190
4260
4260
5796
4260
4330
4190
6285
3771
6634
4190
4330
5587
3701
4609
3771
6146
4190
6704
4260
4260
6704
4260
6146
4330
3771
6635
4399
4190
16622
5797
4330
5726
4260
6285
3911
4190
4330
3771
7124
4260
6285
4330
4191
6565
4260
4190
4330
4330
4190
4260
4190
4330
6634
4190
6705
19135
4330
6145
6634
6076
4260
6704
2864
4260
5726
4191
4260
4399
3910
4260
6286
4260
4260
3841
3841
58663
4260
3911
4329
6216
6705
6565
6215
4260
6146
4330
6216
3841
5587
4260
3771
6215
4190
6774
4330
4260
4190
6285
3911
4260
3841
4190
6146
3771
5726
6774
4191
4260
6075
6634
6215
6145
4260
6705
3771
4679
4190
5657
6215
6145
4260
6146
3841
4260
4330
6285
6215
3841
4260
3841
4260
4330
4260
4260
4330
6215
6076
3841
6634
3911
5866
4260
6215
4260
3841
4191
4190
4260
6704
3841
3701
3841
6774
6565
6216
4400
4190
3911
6215
5727
4330
6704
4190
3841
6215
4260
6774
3352
4260
6704
3771
6215
5657
6286
4190
6076
4330
6774
3911
6635
3701
6285
4400
6215
6634
4749
3911
6146
6285
5796
3841
6704
6216
5797
6704
6215
5796
4260
4260
4260
6216
6635
4190
3772
6634
7194
6285
6145
6705
4190
4330
6704
4260
4260
6634
4330
3841
6774
3911
6565
6634
6704
4190
4190
2864
4260
3841
6146
4399
4261
4329
4190
3911
5657
4260
4260
4190
4260
4260
4260
4818
3841
4330
3771
4330
3772
4329
4260
4260
4749
4260
4330
4260
4330
3772
4330
3841
4260
4260
4260
4329
4330
3771
4679
3841
3841
4749
4260
4260
4260
4260
4749
3771
4260
4330
4400
4190
4260
3841
4260
3841
4329
4190
4261
4190
3841
4260
3841
4330
4190
4330
4400
3911
3910
4330
4330
4260
4330
4330
3841
4400
3841
4190
3771
3841
4330
4260
4329
3841
4260
4260
4889
4190
3771
4190
4260
3910
4330
5656
4260
4190
4260
4330
4190
4190
4260
4191
3841
3841
3911
4260
4330
3910
4260
3841
4399
57825
3841
4190
4260
4329
3771
3841
4329
4120
4260
3841
4260
4330
6285
4330
3841
3841
3911
4330
3911
4260
4190
3841
3841
4330
3841
4190
4260
4190
4329
4260
4679
3771
4260
