12571
12222
11942
13270
12012
11593
11803
12361
11453
12012
11523
11943
11943
11943
11593
11942
11454
11524
11873
11873
11733
11873
11454
11873
12083
11523
11942
12012
12990
11873
11803
12013
17390
13828
13479
12362
11873
12292
13828
11523
11873
11524
11523
11384
12222
11943
11105
11733
11802
11802
11943
11594
12292
11803
11593
11454
11803
11803
11453
11803
14248
12013
11733
12920
11803
11943
11873
11384
11524
11733
11733
12082
11872
12222
11803
11733
23257
11873
11942
11872
12781
11873
11593
11873
12361
17041
12292
11873
11942
10895
11943
11873
12222
12152
11733
12361
11942
12012
12012
11453
12362
11943
11873
12012
11873
12292
12292
11733
11873
11873
11803
12012
11523
11803
11803
11872
11872
11454
11593
11594
11454
11803
11943
12012
11873
11384
11873
11942
12012
11523
11594
11872
12083
12012
11454
11803
11803
12083
11873
11873
11384
11803
11803
12012
11454
11523
11872
11803
18927
12083
11384
11802
11803
11942
11523
11594
12082
11873
11873
11523
11453
11523
11523
11873
12292
11593
11872
11733
11524
11453
11873
11524
11872
11942
12501
12291
11314
11873
11594
11593
11384
11803
11872
11733
11943
11803
11942
11733
11524
11803
11872
11454
11594
11942
11593
19067
11803
11803
11593
11873
11943
11593
12013
11942
11873
11803
11593
11803
11942
11803
11314
11733
12431
11873
11524
11733
12083
12013
12013
11384
11454
11384
11454
12082
13270
11942
11733
11872
11943
11384
11523
11943
11453
12292
11383
11453
11803
11942
11872
11454
11733
11523
11593
11803
11384
12292
11872
11803
12012
11803
11733
11942
11872
10616
11733
11803
11873
11802
12012
11733
11523
12222
11942
11524
11872
12083
11524
11523
11873
11733
12710
11943
12013
12152
11384
12431
11942
11594
11384
11454
11733
11873
12012
11594
11733
12082
11873
11733
12013
11524
11873
11943
11872
12082
11942
12082
11523
11803
11803
11873
12082
11594
11803
11523
12361
11873
11943
12083
11873
11384
11943
11383
11943
11453
11594
12012
12361
11943
11943
11803
11594
11803
11594
12292
11384
12012
11524
11594
11942
12013
11942
11872
11803
12012
11733
11943
12013
11454
11593
11244
11803
11802
11594
11314
12083
11733
11802
11593
11593
11943
12361
11803
12292
11384
11384
11384
11524
11803
11942
11524
11454
11943
11873
12361
11872
11873
12013
11943
24793
11734
11733
11383
11943
11384
12083
11593
11524
11384
11873
12082
11873
11524
11593
11314
11593
11314
11873
12152
11803
11663
11943
11803
12362
12012
12292
11803
12222
11593
12082
12013
11733
12012
11943
11244
12013
12012
11943
11873
11873
11873
11384
11384
11594
11802
11314
12012
11943
11943
11943
13758
12291
11523
11384
11594
11454
11942
11943
11943
11523
11314
11873
11384
11733
11803
11872
11733
11873
11454
11803
11942
12222
11873
11873
11873
11524
12012
12432
11873
11803
12013
11593
11803
11873
12012
11943
11384
11803
11524
11943
12222
11593
11873
11384
11453
11733
11872
11803
11594
12361
11524
11803
11943
11384
11873
27657
11384
12082
11803
11873
11663
11803
11524
10895
11524
11803
12222
11803
12012
11733
12013
11873
11593
11524
11872
11873
11942
11873
12292
12082
11454
11872
12013
12013
11803
11942
12083
11523
12082
11873
11593
12012
11942
11942
11803
11803
11384
11733
11594
12013
11872
11943
11384
11803
11523
11803
11873
11733
11943
11523
11803
11524
11803
11314
11733
11943
11733
11454
11873
11733
11314
11733
11802
11942
11943
12222
11873
11733
11593
11803
11314
11384
11943
11803
11454
12362
11942
11314
11593
11943
11873
11453
12292
11523
11942
11314
12013
12012
11593
11803
11733
11453
11383
11524
11523
12013
11873
11523
11803
11872
11873
11523
13060
12292
11594
11872
11873
10895
11594
11384
18996
11733
12362
11524
11943
12013
11873
11873
11873
11454
11453
11873
11873
11873
11942
11872
11873
12012
10545
11454
12082
12013
11803
11873
11733
11872
12013
11593
11873
11943
11594
11454
11314
11873
11523
11873
12012
11872
11244
12291
11872
11733
11942
12083
12222
11873
11942
10406
11873
11803
12222
11593
10895
11733
11733
11803
10406
11873
11523
11872
11803
12082
11593
11384
12152
11733
11942
11873
11384
11524
11872
11733
11453
12012
11593
11873
11454
11803
12222
11803
11803
12012
12013
11453
11453
12152
11872
11733
11593
11523
11523
12012
11943
11943
11384
11594
11803
11802
11454
11872
11872
11384
11803
24863
11663
11524
11384
11733
11803
11873
11943
11453
11384
11384
11524
12082
11872
11733
11943
11943
11593
12082
11454
11943
11593
12013
11314
12012
12013
12013
11594
11872
11663
11873
11943
11384
12222
13409
11943
11943
11942
12013
11593
11873
12013
11593
11454
11733
11593
11384
12013
11453
12082
11384
11943
11384
11873
11594
12082
12083
11384
12012
11733
11594
11524
11384
12012
11873
11453
11523
11803
11873
11872
11523
11943
11803
11733
11872
11873
12013
33802
12082
11664
11454
11873
11454
11803
11943
11943
11384
11733
11733
11384
11803
11873
11733
19485
11803
11663
11454
12222
11523
11524
12082
11803
11873
12012
11943
12013
11943
12083
11453
11943
11524
11314
11454
11594
11803
11453
11873
11524
12012
11244
11873
11384
12012
11943
11803
12012
11942
11663
11873
12431
11873
11943
11803
11872
11454
11943
11803
11593
11453
11593
11523
11733
11872
11453
11593
12291
11663
11873
11943
11594
11314
11803
12013
11453
11594
11453
11803
12012
11383
11593
11803
11873
12012
11943
11384
11593
11384
10826
12292
12082
11454
11454
11593
11942
19835
11803
11873
11594
11733
12362
11873
11314
12850
11733
11523
12362
11314
12012
11523
11942
11524
11523
11872
11872
11873
11872
11873
11873
11873
11873
11454
12082
11454
12013
11593
11873
12222
11384
11803
11803
11454
11943
12012
11943
11872
12012
11943
11803
11035
11803
12502
11454
11663
11523
11314
11734
11872
12292
11872
19066
11524
11803
11244
11594
11523
11524
11803
11384
11594
12012
11803
11733
11733
11803
11803
12222
11943
11454
11943
11873
11873
11454
11523
11873
11943
12012
12571
11733
11384
12012
11523
11593
11942
11384
11384
11384
11872
20254
11594
11802
11873
12013
12012
11384
11453
11594
11943
11873
12012
11872
11942
11873
12012
11873
12012
11803
12012
12082
11384
11803
11803
11454
11942
11942
11803
11873
11873
12013
11872
12013
11454
11873
11384
12362
11523
11942
11802
12083
