7546
7965
7616
7545
7126
7546
7196
8105
8174
8105
8174
7545
7615
7755
7545
7685
7965
7476
7686
7546
8105
7056
7476
7615
20541
14043
7126
8104
7685
7686
7615
7196
8104
7126
7685
8593
8524
8244
8244
8174
8663
10410
8663
8105
9641
8523
9642
9991
9432
8174
9082
8104
8104
8105
7546
7755
7615
7755
8034
7545
7616
8034
7545
7965
9361
8174
8034
8105
7615
8453
7476
8034
7685
7965
7755
7616
8244
7546
8035
8733
8104
9502
8104
8175
7685
7545
7965
7685
7546
7546
7336
8104
7685
7615
9083
8034
8733
8733
15650
8733
8663
8105
8733
8104
9712
8523
8035
8244
7196
7755
7615
8105
6567
8104
8104
7615
8174
7126
7685
8593
8035
7616
20471
8035
8104
8244
7685
8104
8034
8453
8454
9362
9222
8244
8663
8523
8454
8523
8733
8454
8524
8384
8663
8593
8593
7964
8593
7615
7615
8035
7755
7755
10620
8943
8663
8524
8453
9012
9013
9153
10340
10340
8593
10829
9013
9572
9571
8384
8104
8034
8035
8175
8035
7546
10619
8104
8244
13414
8524
8035
8104
8034
8104
7615
8105
7685
8105
8105
7755
7755
7545
8174
8034
8034
8454
8105
8663
8104
7685
7964
8174
7265
7755
7126
7545
8104
8244
7965
7616
7406
8244
8035
8942
8174
9502
8104
8035
7545
6637
7476
7755
7685
7685
7686
7685
7615
7685
7546
8174
7755
7964
7126
7266
7615
11318
7755
10479
8524
7615
7965
7964
7615
7545
7475
7685
8035
7755
7475
8034
7685
7685
7545
7545
7685
7615
8943
7685
8034
9641
8664
9362
8175
8104
8244
8593
8034
7615
8105
7615
7545
7546
6777
8035
8523
8174
8175
8453
7266
8034
7615
7126
6707
7476
7615
7615
7755
7546
7546
7475
7755
8104
7475
7616
7685
7685
7266
8034
8034
8035
7685
8663
7126
8663
7127
7755
7476
7196
7546
7615
15300
8104
7615
7545
8035
8175
7616
8175
7615
15929
8035
7615
7755
7965
7685
7615
7685
7965
7685
8034
7196
7685
7336
7755
7266
6637
7685
8104
8034
7615
8384
8105
8105
12506
7755
7685
13903
8244
7545
7545
7685
7266
7615
8104
7685
8104
8105
8104
8104
8104
8174
8174
8105
8244
8244
7615
7615
7615
8034
8453
8104
8104
7685
7755
8174
7686
8035
8035
7546
7615
7685
7755
8035
7755
7755
7476
7266
7615
7405
7406
7754
7545
8104
7615
7755
7545
7476
8035
7685
7615
7685
7615
7965
7685
8035
8105
8105
7964
7615
7615
8174
7965
9013
8035
7964
7615
8175
7755
7545
8035
6777
7685
8104
8034
7825
8105
8244
8034
7476
8034
8034
8035
7545
7755
8244
7546
7685
8034
7755
7615
7545
8244
7127
8174
6777
8664
7545
7616
7755
15301
7615
7266
7126
7615
7615
7755
7615
7685
7686
7755
7615
7196
8034
7615
7615
7755
8104
8034
7615
7615
8035
8104
8034
6707
8523
7545
7685
7615
7964
7616
7545
7545
7546
7965
8243
7615
8104
7685
7965
7685
7685
7266
7196
7685
7755
7685
7685
8035
8035
8034
7126
7546
7616
8105
7546
7476
7965
7615
7755
7616
7965
7685
7615
7685
7685
14671
7545
7475
7685
7616
7476
8104
7616
7685
7266
7545
7964
8453
7615
8175
7685
8104
7615
7685
7266
8035
7615
7266
8034
7685
8105
7685
7546
7685
7615
7685
7265
8244
7616
8034
8104
9990
8035
8942
8523
8035
8244
8174
7755
7685
14671
7476
8943
8453
7546
7476
7545
7755
7685
7475
7615
7755
8035
7126
7196
6707
8105
15021
7615
8594
6637
8034
7615
7476
7336
8035
7615
8104
8104
8035
7615
7615
7965
7825
7546
8174
7685
8244
7615
7545
7616
7266
7685
8384
7615
7196
7964
7685
7755
7616
8035
7615
8034
7615
7616
8453
7615
7546
7545
7545
7755
9431
7616
7615
7615
8034
7545
7546
7685
7615
8174
8174
7546
8174
7755
7126
7965
7615
8034
7755
7126
7755
7546
8104
7196
7755
7685
8034
7057
7545
7754
7616
11108
7615
7685
7615
8104
8105
8104
7685
7546
7755
7964
7615
7545
7685
7126
8105
7265
7755
8244
7685
7545
7546
7615
7545
7754
7546
8104
7546
7685
7545
8104
7545
7755
7126
7685
7545
6567
7545
8104
8174
8523
8104
7755
7685
8105
7615
8104
7126
8034
7266
7755
7685
7475
7685
8105
7266
7615
7615
7546
8104
8454
8524
7126
9222
9222
8104
7616
7616
7615
7615
8663
8104
7964
7755
6637
7965
8104
7686
9501
8034
8174
7964
9012
8104
8034
7616
8035
7755
7615
9082
8454
7755
7755
8593
8035
8174
8104
8034
9152
7685
9501
8733
9083
8174
8524
8593
7965
8104
7685
8244
8104
9991
8593
8594
8244
8035
8174
7476
8873
7685
7545
7615
8105
7616
7685
7685
7615
7755
8104
8034
7755
7546
7196
7545
7615
7545
7685
7685
8243
7685
7685
7126
8174
7615
7894
7266
7685
8105
7755
7685
8594
7755
10410
8034
8104
7615
7755
7615
7755
7755
7545
7545
7545
7476
7685
7755
8174
8174
9222
8174
9152
8104
8104
6567
7475
7545
7476
7616
7685
7545
7965
7685
8244
7546
7196
7685
7754
8104
8034
7545
7755
7685
7615
7685
7615
7685
7615
7615
7616
8104
7755
7545
7685
8105
7685
7546
7615
7685
7685
6637
7685
7685
7196
7546
7266
8174
7755
7265
7615
7545
8105
7964
7615
8244
7964
7546
7126
7475
7266
8174
8105
7755
7545
8244
17745
7615
7545
7545
7476
7685
7196
7615
7615
7755
7755
8035
7755
8034
8104
7685
8523
7755
7546
7546
7685
8034
7685
7476
7755
8035
7546
7545
8104
7685
8034
8174
8104
7615
7615
6707
7754
7755
8174
7685
7266
7685
7616
8035
6637
8104
8034
8175
7615
6777
7545
7615
8174
7126
7126
8104
8034
7476
7616
8174
7196
7196
10479
8174
8034
7545
7545
7964
7545
7476
7615
7545
8034
8453
8243
9432
8034
7615
8174
7755
7615
7685
7126
7755
8034
10061
7615
9502
8244
8523
8104
8104
7615
7685
7196
8034
7057
8034
8104
7685
8104
8034
8035
7685
9990
8035
7685
7685
7894
7754
8104
8174
8244
8453
7545
