26119
17110
16621
16971
17110
17110
17110
17110
17180
17529
17110
16761
17040
17110
16621
17040
17110
17180
22976
18088
17110
17040
17250
17529
16831
17599
17250
16901
26259
17250
17250
18088
18507
16272
19135
17110
17040
17738
17040
17250
16622
17250
20044
17041
17110
25630
17110
17040
17040
17250
16971
17529
55311
16830
17110
16761
17739
16552
17110
16831
16971
16621
17110
16831
17111
16621
17669
16761
16622
17180
16621
25840
26887
16970
16622
16552
16831
16901
17250
17250
16761
17249
21021
17250
16761
19484
24304
16622
17250
17669
18088
17390
17739
17599
16830
16970
17180
16761
16831
16691
17250
17250
17249
17249
17320
17110
23745
17460
16761
17180
16551
17110
17249
24164
17459
16761
17040
16761
17110
16691
17041
16831
16202
16621
16831
17180
17180
17250
17320
17599
17110
17250
16761
44417
17110
16831
17599
17948
23814
16970
17110
17319
17948
16481
17041
17040
17250
16831
16830
16551
16481
17250
19555
16761
16621
17180
16761
17110
16132
17110
24443
17249
16971
26748
17180
25839
16691
17320
17180
16831
17110
16901
16761
16692
17459
17040
17250
16621
16551
17040
16900
16761
17110
17040
16692
16831
16761
17180
16551
17111
17319
16831
16621
17110
17180
17040
16552
17040
17180
19624
17110
17110
17249
17041
17668
16970
16970
17599
16691
16691
16691
17040
16621
17041
17110
17040
17180
16551
17530
17320
17459
16831
16761
17180
17040
16691
16831
16761
17320
16761
17320
17040
17739
17111
18647
16901
17040
17110
16900
17041
16831
17110
16970
17040
17040
17180
17040
17459
16830
16830
17249
16831
16761
17250
17041
17599
17111
16761
17530
16761
16761
16970
16551
17250
17179
16971
17041
16971
17320
17250
16551
16342
16692
16691
17319
17250
16971
17180
17110
17180
16971
17040
17040
17040
16552
17110
16761
17110
16551
17110
17110
16691
17180
16552
16830
17320
17040
17110
17110
17250
17319
17249
17110
17250
16621
16481
17250
16621
16691
17599
16830
17180
16831
17250
17040
47141
17110
17459
16830
16831
16831
16552
17041
16621
17040
17180
16621
19205
16552
17250
17110
17180
16761
17390
17250
17599
16551
16761
16831
17250
16831
25421
17250
17040
17250
17529
17320
16761
17110
16691
16761
17250
16831
18018
17041
17040
16761
17110
17110
16621
17250
17041
17180
17040
17180
17041
16691
17110
17111
16971
17669
17110
31496
16761
17040
17250
16761
17529
17040
17110
16621
16691
17040
17250
17110
17040
16691
17530
16831
17040
16971
16761
16831
17319
16691
16831
25141
17460
17180
17110
16901
17110
17250
16761
19205
16830
17110
16551
17040
17110
16551
16970
17180
17390
16901
17738
17110
16761
17180
17319
17040
17529
17040
16692
17250
16761
16970
17110
17040
16481
17111
18857
16691
16761
17180
16830
17250
17110
16691
16552
16761
17180
17110
17250
17040
16831
16761
17040
16761
16831
17110
17250
16831
16760
17110
16761
17249
17669
17180
16831
17460
17041
17599
16691
16621
25211
16691
17041
16761
24793
16691
16621
17320
17040
17180
17668
17250
16761
17040
18018
16831
16831
16342
17529
16761
16761
18018
17320
17529
16970
16761
16761
17180
17180
17180
16621
16622
17110
16830
16621
16761
17110
17110
17180
17041
28634
16971
17180
17040
17739
16761
17599
16551
17250
25072
16831
17040
17040
17040
16971
17180
17250
17110
17180
17041
17110
17250
16761
17040
17668
16970
17180
16831
16831
16830
17669
16830
17529
17110
16831
16831
17040
17180
16551
16970
17041
17319
17250
17110
16971
16691
17180
17319
17180
17110
16621
16970
17110
16691
17110
16622
17110
16761
16761
16691
17669
16900
17040
16761
17669
17250
17739
17320
17111
16970
17250
16831
17041
16691
16970
17250
16761
17110
17460
17040
17040
17110
17110
16691
19625
17041
16761
16621
17111
17180
16971
18576
16621
16830
16970
16831
16691
16830
17250
17669
17110
17040
16901
17180
16691
16830
17180
16761
17250
17250
17319
17040
16901
16831
17390
17739
16971
16900
16551
17529
16831
17040
17529
16831
16761
16971
17529
17319
25700
17250
16761
16552
17529
17110
25491
16971
16830
17879
51889
17180
16621
17110
17948
30938
18647
18228
17320
17180
17040
16761
17041
17180
17040
22767
23885
17250
20323
18088
16761
16761
17599
18158
18367
23605
17250
17319
17739
17041
17040
17250
17249
19136
19135
21789
16342
17180
17739
16760
17739
19066
17041
17041
17041
17110
16831
17041
16830
17250
16831
16482
17041
16901
16901
17110
16761
17111
16761
17110
16761
16761
16831
16761
17040
16761
17040
17041
16691
27167
17739
22278
16761
17180
16622
17180
25211
17180
16761
16971
16761
16621
17180
16831
17111
17739
19624
17041
17180
17180
17599
18088
16761
16831
17669
17110
17110
16691
16691
17250
17319
17250
16830
17250
16692
17040
16481
16831
16551
17040
16622
16971
16831
16761
16761
17250
19066
17320
17040
16831
16761
16831
16831
17250
17320
16901
17669
17110
16831
17040
17250
17250
17250
17110
24374
17040
17320
16691
17110
17250
16831
17250
19065
16621
17250
17809
16761
17111
17110
17040
17040
17320
17320
17250
17040
17250
16761
17110
17320
17319
16901
17040
17599
16552
16831
17320
24793
17250
16552
16622
17111
16830
16970
17250
17041
16831
17250
16691
17040
16761
16621
16482
16831
25142
17320
17250
17041
17041
16691
16971
16411
16691
16552
17040
17040
16691
17250
17110
17040
17180
17180
16761
17250
16831
16761
17180
17110
17040
16552
17320
17180
17041
17040
17250
16831
17110
17249
20253
17599
17111
16551
17389
17110
17040
17040
17111
16970
16831
26120
16900
16621
17599
17111
17320
17250
17040
19974
16971
17040
16761
17250
16622
16691
18018
17180
17599
16761
17040
16761
17111
16622
16552
16901
17041
17250
16901
17250
16830
16272
16831
17110
17249
17250
16831
17250
16552
17180
17040
16761
17529
17041
17250
16761
17040
17250
16622
16831
17040
17110
17110
16622
17110
16691
17180
16621
17250
17669
18158
16971
17180
17529
17180
17460
17250
16691
17250
16901
17250
17040
17250
17739
17389
17250
17809
17320
16761
17040
16831
17250
16552
17319
16621
17040
17180
18088
17320
17110
16272
17040
16412
17041
17041
18717
16691
16761
16761
17110
16970
16482
16970
17529
17180
17529
17319
17250
17669
16831
17180
17110
16761
17111
17110
17739
16831
17669
17040
17111
16552
16622
16761
17110
16831
17110
17320
16970
16900
16831
