10059
9920
10479
10478
23612
9989
11387
9920
9501
10549
10129
10409
9990
10060
10130
10059
11596
10060
10828
9920
9500
10898
10479
11387
10549
10967
11876
13273
11876
13274
11946
11597
11526
10967
10968
10897
10758
12295
9919
11387
12993
10898
9919
10898
10548
9990
10339
10060
9641
9920
12365
11527
10898
10898
10059
10479
10199
10618
10129
9431
10619
10059
9640
10898
10898
11108
10967
12924
11876
13203
12016
12435
11387
11526
12156
11387
10619
11108
10548
10619
10898
10758
9640
10479
10968
10129
10898
10340
10548
9920
10479
10898
10060
10898
13343
12086
11806
11456
11387
11806
12015
12016
11317
11527
14810
12365
13482
12016
13692
11806
12225
11387
13693
11596
11946
11597
11317
10898
9850
10549
32904
10619
9919
10968
9151
9361
12015
11038
9989
11038
11457
9920
9920
10968
9990
12225
11247
12364
12784
12923
11806
12365
13623
15718
11806
10828
11317
10897
11387
10618
11387
10409
10479
9501
9850
10479
11038
10548
16137
10409
10968
20468
11527
11596
11037
10968
10548
10479
10548
10479
9641
10409
10897
18931
9989
10968
10409
9640
9431
11387
10130
10548
9500
10549
10129
10548
10479
10478
10059
10408
11456
10409
10409
9990
10409
9570
10479
10828
11317
10060
10339
10339
9990
10479
10549
18513
11317
9989
10130
10130
10060
10130
9920
9920
9501
9990
9920
9500
10060
10828
9990
10619
10130
10479
9990
9501
9082
10828
10339
9989
9640
9920
10479
10059
9920
9501
9850
10130
9990
10898
9990
49250
10060
15439
10479
10409
10897
10898
12225
9641
10828
9570
9151
12295
11597
10898
12993
10898
9990
11037
10618
9990
9291
9711
9570
10060
10060
13902
9710
10549
9641
9082
10130
9989
10060
9640
9850
9920
9570
9920
9571
10548
10059
9570
9570
10409
10129
12435
9850
9989
9571
10130
10130
10898
11875
11317
15439
11317
12085
13204
11456
11038
13203
13413
11107
12086
10479
9989
14391
12015
9641
10409
10409
10269
9571
10478
11876
14670
11387
11526
11457
11178
11946
11876
11527
11037
11806
14391
12295
14880
11597
10898
12086
15368
13831
11527
13273
11876
13133
12575
11527
11457
12434
11107
10060
11387
11177
11317
11596
10898
11387
11457
10758
10898
10479
10478
10060
9571
10130
9500
10339
9920
11038
9500
9990
10059
9152
10548
9920
10339
9082
11597
10968
10758
10479
11037
10968
13762
13483
11597
12364
11876
11527
12295
10968
11387
12504
11806
12854
11946
10967
10408
10479
9570
10618
9570
10269
10898
10060
10129
9990
9920
9920
8942
11596
25918
11107
11108
11457
11456
10409
10479
10478
11386
10619
10548
10339
9501
10409
9501
9570
9571
18512
10059
10548
9920
9989
12854
11108
14251
12364
15718
11526
11037
10968
11457
9570
10619
11457
11387
10479
10339
9570
9221
11038
11037
9430
9571
10618
10479
11247
10059
10409
11526
9780
9990
9920
10060
10129
9920
9920
11526
10408
10059
10338
9989
10059
10060
10409
10129
10479
14041
11946
9989
10549
10898
10898
12784
11597
10479
10618
11457
12434
9570
10619
11876
11107
11946
10897
10619
10339
10898
10549
9919
11876
10409
10898
10060
10898
10898
10968
11037
10689
10479
10479
10339
13832
9850
10409
9920
10479
10478
10059
10060
10129
10618
9570
10059
10479
10060
9919
10618
11387
10828
10897
10968
12924
11527
10898
12784
10828
11038
10828
10619
9641
10549
9920
10060
9920
10060
10548
10060
19001
29969
9990
11248
10129
9570
9500
11317
10409
9850
10478
10549
10478
10409
10479
11526
10828
9990
10129
10130
12015
9989
11946
15787
12923
12435
13413
12225
11596
11526
10129
11386
10828
12015
10897
12086
12435
10548
9641
10409
10548
12854
10828
10897
10898
10409
10130
10409
10828
10339
10060
20328
10618
9850
10269
9920
11387
10478
10478
10479
10479
10968
10898
10549
10549
9500
10409
10897
9641
11107
11037
10968
10967
10897
10409
10409
10898
9431
9989
10479
10898
9920
10059
11317
9431
10130
10059
9850
10619
11526
10898
10478
10130
11597
9081
10549
10898
10478
136921
10758
10967
11596
11387
10968
12435
11876
11946
11945
10548
11946
11945
12784
10409
12016
11526
10758
11527
10898
10618
10409
10478
11527
10827
11037
11527
12434
13832
15159
12365
13342
13413
14111
12784
15369
12504
12854
11527
11876
12015
11527
10759
10479
10059
12016
10478
12784
11386
10828
10339
10828
10408
10548
10408
10479
9989
11037
10409
10409
10549
10269
10478
10339
9431
10408
10548
10409
10409
10548
10758
10828
10618
10059
12155
11457
12364
11037
10549
10618
10200
9990
10129
10408
10549
10409
10199
9919
10478
9990
10478
11945
10060
10898
10828
9570
10479
10828
10130
10618
10618
10129
9920
10479
10898
10478
12225
11037
10478
9989
10548
11457
11527
11456
13273
12714
13762
12994
14251
13343
12505
13273
15229
13971
12434
15997
12364
11876
14182
13203
13342
12924
13273
11876
11527
12085
14390
12784
12295
12993
12294
13343
13622
11317
11736
11317
12854
11457
11037
11457
11876
12923
10409
10897
11596
10898
10898
11876
10968
11527
11108
11108
11457
11527
11316
11876
11945
12015
13272
11596
11456
12924
12924
11107
13412
11317
12086
11806
11527
12504
21935
12783
12295
11527
12085
11457
11875
11317
10060
11596
14670
13832
13483
14321
11876
15858
12015
13972
13971
12015
14879
12505
12505
14391
10409
12155
12853
13971
14251
11876
12784
12365
11946
11946
11806
16346
10828
12015
11945
12015
11108
11945
11806
11527
13413
14181
13343
13203
12295
13342
12435
14181
13971
11526
12295
13483
11736
11806
13133
11946
13272
13273
11107
11806
11037
11457
11038
11876
13623
12574
11386
10828
10967
10897
10549
11596
10409
11457
13063
12015
12504
10548
12435
13482
11736
11456
12085
11527
10827
10618
10479
10967
11806
10339
9850
9920
10898
10408
10828
10967
11317
10898
10548
12225
11177
12016
10967
12784
11876
12295
11666
11596
12365
11457
11247
10897
9431
9431
10618
9221
10199
9500
9570
9151
9500
9570
9431
9570
8871
8942
9989
9571
10130
9501
9920
9641
9570
10828
10897
10478
10339
9152
10409
9850
9990
9570
9990
9849
9500
9919
9641
9990
9640
8942
10478
10338
9920
8942
9920
9989
9570
9431
8662
9989
9850
9152
9431
9431
10059
9221
9640
10129
9989
10688
12085
10478
10967
12505
11038
13272
