21929
20882
19136
21860
22489
23257
25352
26400
24444
23326
24234
25142
29613
23536
27936
23327
23885
23816
24165
21930
23885
24305
28635
33314
21022
23536
26190
20882
19835
20534
23955
19625
23396
19066
22838
19765
21720
22279
23047
20184
21162
19695
21022
21580
20114
23397
22768
19975
20464
19975
26399
22838
24235
20254
26679
24723
21092
20673
20044
19136
21930
22279
24723
24304
25282
22488
25003
21511
28076
27657
22209
22279
19905
20952
23327
25771
23396
27657
26959
57130
22279
19974
22907
28145
22070
20044
21022
20533
19555
20253
24235
24234
22279
44279
23886
21371
21441
31010
23885
24724
22279
24723
22070
19486
23467
19835
19765
22419
21022
21511
19625
19905
21861
19346
19765
19276
23326
24444
21022
20463
21930
22908
23746
22349
21022
19695
19904
19835
26959
20114
21231
22418
24793
21791
29124
22279
22768
23466
24305
21929
21092
23257
22629
19904
21232
20393
22279
25352
20673
24374
20533
25213
20114
23326
19695
22768
25213
54825
21790
62717
20044
22418
21372
33384
21022
20044
23397
20393
20882
26470
23886
26191
24305
22419
23047
25282
24375
23466
22279
24653
22907
25283
20952
20882
21511
19905
22419
27937
22349
24793
22349
19904
24654
22698
23606
24724
25282
26679
27168
23327
27098
25352
24305
26749
32406
26958
24794
23327
21022
20323
22908
19486
19555
21511
22838
22419
22907
20394
23257
21441
26958
25771
46584
24305
22768
21022
20394
23886
26330
24165
23816
21930
22558
27726
26260
21930
24375
31917
27098
25213
23187
25003
28495
27168
24933
24305
20603
20394
21441
22419
21511
21022
20882
20533
23326
22908
22837
25701
24165
19556
19486
19207
22279
25352
28076
22000
20463
19625
20254
21511
22419
23955
23886
23537
21511
26679
28565
20253
20463
23956
21301
20673
23187
24305
19555
19695
22978
20044
19415
20044
19555
21581
19066
19136
18647
20603
18857
19974
19486
19415
24934
19625
19485
19137
19556
19346
19695
19625
19625
20045
19904
19137
19975
19067
19067
21092
19486
19626
19137
23746
20114
21581
30311
21790
20045
19905
36248
22000
23327
19556
23885
20952
21371
19975
19555
21162
19416
21092
19905
20464
25771
22907
21371
25073
19206
20882
20114
19555
22000
20464
20463
39180
19136
21511
19136
20603
19137
29194
22907
19765
20044
20184
19485
19625
19415
20882
20044
19625
22768
21930
19625
23396
24375
24165
20533
20393
21721
19555
20394
57688
20394
20463
20323
20603
22139
22419
20114
20393
20952
24375
25142
20882
21651
23536
20463
19625
19625
23676
21860
20114
19835
22000
20952
19835
20812
19555
19974
19905
19834
19904
21510
20044
19486
19486
19415
19555
19765
19975
19974
19625
22279
19206
19206
19136
19067
19696
23118
19625
19625
19556
19765
19905
21441
21651
20184
19765
19695
19695
19626
19136
19066
18926
19416
21371
19626
20044
27657
19486
23816
20464
19206
22558
23327
20882
19486
19486
19905
19556
30032
20533
22489
20184
21022
21022
19067
19555
20953
19486
19905
19486
19067
19416
22489
20393
21302
18718
19975
19974
20114
19207
19974
19555
19625
19555
19625
19276
19486
19625
19206
19975
19555
19556
19625
20114
19206
19695
19695
19485
22279
18997
20044
18926
19416
20742
22908
19276
21022
18997
19346
19486
21022
19486
19625
19695
52800
19555
22349
28425
21091
22489
23816
21930
25212
19206
20114
19975
19765
19905
22419
26260
23816
21301
20742
20533
21720
30590
20394
53358
21511
20882
20393
24445
21720
22349
22977
23815
23397
21791
20533
18997
19066
19136
19486
19485
22000
19415
21022
20533
19346
19975
25631
19625
20045
20673
19975
24235
19975
18997
21999
20184
23257
22349
21720
19625
20114
20115
19206
20533
19625
26191
20533
19137
24375
19485
21022
18857
20534
20463
19905
20114
28425
19555
20673
19415
21930
19905
19345
20324
23396
19556
21092
20115
20114
22908
19067
20114
20952
19067
21930
20044
21790
20883
21301
19485
20883
19625
21511
20044
19485
19904
19625
20114
19904
19625
21441
19415
19626
25701
19415
19556
23396
19904
19695
20534
19695
19136
23327
19555
19904
19555
19415
19625
18997
19206
19486
19486
21092
19486
26330
24375
21371
21371
20114
22000
20114
21930
26050
38133
21162
19905
20882
21092
20883
23955
21092
19486
23886
20742
25701
20952
25352
21301
26470
25143
24584
21371
22489
22000
21581
21511
22000
20952
22000
22279
21302
21930
22000
25282
26260
20882
21161
22908
19905
20184
20393
20533
20533
20045
20534
20603
20603
19555
20254
19625
20114
19136
19975
19067
19415
19346
19416
19346
20114
19625
20603
19625
20044
19416
21930
22628
20463
19975
19626
19695
19206
19625
19416
19555
19555
19206
20045
20533
19206
19905
19415
20464
19904
20045
20114
20883
20533
26679
19555
20114
20044
20184
21441
20393
51054
21441
20044
21022
20184
19625
19905
19625
21511
19555
19067
19974
19975
19625
19835
19556
20044
20114
19346
19555
19626
19695
19974
18997
25772
29612
25353
19067
19835
19206
19555
19975
20952
24723
20882
20533
20254
21510
19555
20114
20394
19416
20394
21581
21022
21022
20952
20534
20393
20393
21511
20044
20672
19485
19415
22419
20882
21162
20254
19625
20044
20533
19625
20603
20533
73333
19136
22139
24653
37155
22489
23327
26819
28075
28076
26190
22000
20743
21511
19625
19974
20603
33174
31987
25771
20952
19555
20323
21720
23327
25352
24793
22279
26749
22628
20463
21022
21651
23746
21511
22419
20324
20463
20742
20882
20533
19975
23327
21511
21651
20464
19835
24723
49587
20673
20533
20603
21511
21022
21022
22139
21092
20533
20603
20324
19626
20393
32616
20394
20463
19625
19974
23607
20463
19765
20394
21092
19625
20533
19206
19555
19625
20603
22908
20882
19695
22558
28146
24165
19486
19486
22419
25142
25841
21930
20673
19625
19556
19975
20603
26749
29473
19974
19765
19136
27866
19067
19625
19974
18996
20324
20254
23886
25352
21930
19136
19485
19626
22768
22908
21022
21301
23886
19486
22279
20184
19206
20114
19485
19904
19416
19765
23048
23886
19905
20952
19905
19904
21441
22978
21930
19136
19765
20603
20254
18997
18997
19136
31218
23746
21721
23885
25631
22488
19555
19905
19136
23466
25632
29193
50005
22837
21511
28076
20882
19975
22279
29612
21930
20883
23396
25282
19905
20463
20044
19695
19485
21022
20393
21441
20742
20812
20883
20533
21022
20813
21581
21511
20463
20114
21022
26610
