27169
26540
26470
26610
27239
26959
26959
26261
26331
27099
26400
26261
26330
26680
26610
26889
26749
26261
26749
26121
26610
26330
26680
40509
34921
26260
26680
26959
26610
26750
26680
26540
26331
26470
26471
26121
26121
26470
26260
26331
26191
26331
26680
26820
26889
26680
26750
26261
26191
26540
26261
26749
26820
26749
26331
26749
26680
26680
26541
26190
26191
27728
27169
26960
26610
26679
60414
26680
26261
26750
27308
27588
26889
26330
26749
27029
26331
26819
26261
28566
26820
26680
26680
31010
26680
26889
26191
26470
26540
27239
27239
34502
26330
27099
26680
27169
26680
27029
27099
26330
26680
34362
27169
29683
26540
26261
26680
26749
27309
26191
26540
26191
27099
26749
26750
26470
26540
26749
26680
27238
26261
26750
26191
26679
26889
26610
26749
26680
26191
26750
26330
26679
26819
26890
26750
26610
26750
26401
26610
27308
26470
26749
28985
26260
26470
26260
26191
26680
26191
26679
26680
26190
27168
26191
26889
26680
26679
26680
26610
26680
26610
26400
26959
26750
26610
26261
26400
27169
26680
26540
27238
26470
26750
26191
26191
26680
26750
26610
27239
26610
26750
26680
26749
26260
26750
26959
26750
26121
26750
26540
26191
27029
26331
26749
27029
27168
26750
27238
26680
26749
26819
26680
26470
26749
26191
27169
26261
26680
26820
27169
26679
27099
26750
26750
26749
26331
27099
26679
26680
26331
26191
26750
26261
26680
26261
26540
26750
26261
26680
26191
26330
26680
34362
26331
26610
26470
26680
26750
26610
35270
26610
26401
26680
26191
27099
26680
29125
26610
26679
26610
27099
35759
26610
26680
26609
26680
26401
26750
26680
35270
26680
26750
27099
26610
26261
26191
27099
26819
26889
27239
36249
26749
26191
26750
26749
26610
26331
26260
39181
26261
26679
26610
26680
26610
34991
26261
26610
26680
26330
26540
26331
26819
26400
27239
27657
29543
26191
26610
26260
27239
26959
26400
26610
26749
26750
26750
26750
26819
26051
26889
26260
26749
26750
26960
26610
26261
26260
26750
27099
26749
26679
26609
27169
26470
26610
26260
26750
26680
26610
26750
26749
26191
26261
26470
29473
26750
26680
50496
26819
26470
27099
26750
26750
35759
26680
26820
26610
27028
26609
26680
26609
27099
26121
26540
26680
26679
26401
26610
26680
25981
26679
26330
26191
26261
26330
26261
27169
26610
26191
26609
26890
26890
27099
26819
26680
26750
26191
26680
26819
26820
26610
26191
26470
26610
26260
26191
26610
26679
26749
26680
26750
26121
26330
26749
26540
26680
27098
26750
27099
26261
26471
26750
26750
26610
26610
26819
26330
27099
26191
26749
26750
26121
26261
26261
26260
26470
36318
26261
26749
26749
26750
26750
26960
26610
26610
35829
26401
26749
26261
26260
26331
26680
27169
26680
26750
26610
26261
26610
26261
26470
26680
26679
26749
26680
26260
26680
26610
26819
26260
26331
60624
26331
26610
26610
26750
26610
72426
27867
26749
28496
26330
26749
26889
26889
26610
26819
26401
26261
26750
26680
27657
26680
26679
31010
26679
26679
26680
26749
28216
26610
26261
26750
26190
28216
26819
26191
26051
26749
26680
26680
26540
26331
61950
26121
26609
26191
26680
26680
26749
26680
26680
26191
27168
26261
68725
35270
26679
27169
34851
26679
26610
26959
26820
26610
26819
26610
26750
26470
26680
26679
26610
26610
26680
26680
26680
26261
26121
27099
26470
26749
26260
26750
26680
26750
26330
26749
26750
26540
26610
26610
26750
26750
26750
26191
26260
26051
26750
26749
26261
26331
34293
26330
26820
26680
26749
26820
26610
26749
26331
26819
26819
26750
26610
26680
26260
26679
27728
26680
26679
26330
26680
26820
27099
26680
26470
26749
26820
26610
26261
35270
26052
26610
26260
26610
27168
26819
27238
26750
26261
26261
26819
27099
27169
26890
26609
26261
26191
26680
30032
35759
27518
26750
26610
26610
26400
26610
26750
26610
26331
26470
26749
26261
26400
26470
26330
26679
26750
27029
26121
26749
27658
26749
26331
27168
26610
27169
26820
26330
26261
26610
26750
26190
26680
26749
26190
26191
26261
26679
26680
27099
26750
26261
26260
26610
26331
26190
26679
26819
26679
27238
26540
27588
26260
26680
26679
26680
26610
26750
33734
26540
26609
26679
27099
26750
26680
26261
26610
26190
34641
26470
26331
26680
26679
26260
26680
26610
26261
26959
26679
26680
26400
26680
27238
26680
26400
26680
27308
26679
26191
26051
26540
26959
26610
27169
27169
26679
26261
26680
27029
26470
26610
26261
26260
26889
26261
26610
26680
27518
27657
26749
25982
26470
26680
26051
26610
35690
26819
26749
26610
26750
26191
27029
26680
26261
26121
26470
26261
26750
26260
26750
26749
26261
26261
26679
26191
49588
26610
26749
26679
26680
26749
26749
27168
26749
27239
26260
26749
26260
26959
27098
26749
26261
26750
26191
26679
26470
26749
26680
26750
26609
26470
26330
26610
26749
26540
26261
26610
26191
26191
26680
26750
26750
26680
26261
26959
26680
26820
26261
26680
26331
26610
26331
26750
26750
26750
27169
26610
26121
27937
26960
26680
26261
26680
26610
26680
26750
26680
26400
26750
26191
26750
26679
26749
26750
32407
26471
26680
26610
26680
26400
26749
26121
26191
26191
26470
26331
26750
26820
26260
26121
26750
26819
27169
26191
26330
26611
26121
26680
26470
26331
26679
26610
27588
26680
26540
26680
35271
27239
26191
26750
26471
26750
26261
26680
26750
26680
26191
26680
26819
26610
26610
26750
28566
26260
27099
26750
26191
26750
26331
26749
26400
26890
26610
27099
26680
26261
26261
26261
26261
27099
26749
26820
26610
27238
26680
26610
27168
27099
26680
27099
27239
30032
26261
26261
27029
26750
26261
27169
27238
26611
26331
26401
26261
26191
26820
26749
27239
26819
27239
26680
33873
27658
26540
26610
27099
26750
31010
26750
26890
26191
26680
26330
26680
26750
34293
26470
26261
26260
26541
26610
26191
26610
26540
26261
26680
26261
26680
26819
26191
26191
26610
26331
26680
26680
27658
26610
26680
27099
26680
26750
26191
26191
26680
26749
26610
26750
26889
26330
26191
26680
26261
34362
27238
26610
26470
32337
27308
26610
26191
26610
26680
35760
27169
27168
28426
26750
26331
26750
26191
26820
26610
27099
26750
26610
26191
26191
26331
27029
26610
26330
26750
26330
26819
34432
26750
27099
26680
26471
26959
26401
28566
26610
26820
26750
26679
26889
27239
26610
27239
27169
