19974
20044
20323
20324
20883
19625
21581
24793
28146
22838
20533
19486
28006
26679
24863
24234
24724
33873
29962
26191
27657
20673
21371
24374
25561
26540
21022
23886
32895
22140
21371
59155
27657
24234
20114
19416
21721
19556
19066
20114
19485
19975
20254
20603
21371
28565
23816
22838
24863
30520
30031
31009
24583
31009
26959
26609
34920
25911
22419
27167
26260
25631
30102
30520
24514
48958
21930
23885
43091
20184
22069
23187
18997
21371
20812
20184
19485
21371
18368
19416
19416
18578
21371
18228
18996
26609
20323
22978
19276
18717
26191
23746
27937
24235
25003
26609
23467
45256
22488
44139
28215
22000
18229
19416
19695
18787
20114
19485
19206
29473
18228
18228
17949
19207
18508
18717
18997
24234
19835
18717
18159
19485
21441
27238
18926
19206
19695
30032
21092
20324
20952
28564
21162
26540
18997
19136
18717
18229
19416
19136
19136
19136
19975
24305
20533
18159
18089
18996
19066
18997
18228
27657
23885
18996
18647
18927
19416
24305
28565
26260
32476
25702
22768
24304
26120
21581
30451
30520
28006
25353
21510
26609
35828
25911
18997
19556
19416
20533
19416
20114
50355
24863
28634
27307
24723
27098
24165
19276
20044
20044
22000
20393
25353
29054
25422
19137
18577
19206
28984
18578
18508
18508
19904
31987
27168
27587
23745
18158
18577
20394
18647
20533
18508
19416
18718
18019
18159
29543
27657
28216
33872
27447
28355
33663
19136
18857
29054
18718
19276
18997
18647
19136
18159
19975
18996
34781
19555
18508
28146
48190
27098
26749
32197
30031
24235
18647
18718
19555
18647
25352
28076
26680
27378
24444
24304
29194
29054
31987
33872
30451
24933
19625
19066
18927
18298
18926
32895
39181
19975
18578
19066
18229
18089
22907
19905
18578
18578
25283
21511
25981
18228
18508
18647
18019
18717
21581
21091
22628
20114
18577
18508
20603
22628
18578
19136
19555
19066
18717
20952
18647
21581
21790
26609
28146
19695
28146
31079
32406
27587
22349
20812
19066
19276
19905
18857
20115
19415
20044
25702
19206
20114
20184
20254
21092
23326
20394
22279
20044
19067
20952
21511
19067
28565
18996
19555
56151
18717
18648
18578
18507
18508
18647
18577
20323
39460
18787
18159
19067
19904
18508
18577
18717
21441
21860
18507
19136
19625
24305
22419
22349
19415
19555
21022
19974
20114
23956
25492
22629
22349
22908
19485
19625
19555
19765
22698
18648
19835
19346
20114
19136
18996
19416
18647
18578
19416
23327
20044
19555
20394
23257
22000
18648
19626
19625
20673
19136
19067
19136
18228
18577
19137
18508
18717
19207
19486
23326
23746
21022
20044
19136
20045
20044
20045
20533
18927
19626
19416
19486
19416
18228
18508
19416
20044
18927
20603
19416
20114
18368
21441
26609
21510
20952
22070
19486
18927
18717
18578
19625
18577
19975
20044
20394
18997
19625
19416
19136
19486
21511
21372
20394
20603
20253
20464
21860
20254
18717
18507
18718
19556
19136
18717
19136
18718
19415
18787
19975
22978
20044
19416
18577
18229
18996
20114
19765
21232
19206
19485
20393
21022
19486
22559
22419
18996
20882
28635
19975
19765
18507
19066
18647
18648
18997
21860
19136
18997
18997
18647
18996
19137
20045
19974
19555
20603
19416
20533
20673
20044
22838
19904
21022
19974
22209
20812
21511
21511
23606
19485
21371
20742
19207
19066
20883
21441
20533
24793
26260
45117
25771
20882
22838
24304
23955
23326
18577
19067
18717
20393
20463
19696
19904
18926
18997
18787
18718
19555
18648
20882
20463
19136
19137
18857
19975
19625
19905
21022
19416
23815
20952
19695
20464
22419
19415
21511
21302
27657
20603
18927
18997
19207
18927
19904
20045
19904
20114
21930
30031
23536
22907
22908
25631
22349
20953
21371
20742
24095
23397
29892
18507
18088
20533
21371
28635
31917
31499
23676
32266
22000
24374
20254
20603
18717
18578
18228
18089
22838
18019
20533
18438
18787
18158
18229
19486
27307
19276
18648
19066
22070
23257
37853
18717
18298
18717
18507
20603
23257
20184
18996
18718
18718
19137
20463
18648
38133
18927
28076
23816
23466
23396
21232
18648
18577
20114
18997
19066
18718
21441
22419
18997
18018
19206
19904
19067
19415
19485
20045
18159
18578
18438
18508
19416
18577
19136
18997
18647
18578
18158
18228
21022
18159
18717
23815
20114
19206
27656
19136
18857
22419
22209
24025
20184
19835
21790
20603
19416
20045
22000
21022
40229
24305
21581
24723
22768
23467
19695
23676
22489
23746
22837
21022
22419
19975
20603
21162
21511
20883
52520
19626
18228
20114
18996
18717
18648
20533
18159
20813
19346
18158
19486
18089
18159
21092
18926
18577
24654
20045
19485
19625
20394
20393
25143
19067
20464
18926
19626
20044
21022
19415
21860
21930
22279
22000
20534
24654
21581
22069
20394
20324
26749
24305
21022
20044
44558
19136
18508
20812
20813
22349
20114
19695
22698
19625
37505
21092
19206
20114
19625
19486
20952
18648
19555
18996
21022
19485
19835
18717
19485
18368
25422
24375
20952
29543
19485
19416
20882
21372
21162
19416
18507
19066
19066
18507
21022
22000
24235
20463
21372
19416
18647
19555
18997
18927
20184
21441
19974
24794
27168
22280
21930
19066
27098
19555
25771
19555
27098
21580
22349
22349
21860
22978
20044
21511
20533
22419
22559
20603
21022
20115
18647
20184
19486
19416
19974
23118
20952
19905
19835
18578
20044
20533
21860
27587
18228
18647
20603
20393
20882
19975
19625
20603
19136
21441
19904
19835
20533
26679
19276
19555
18997
18997
19485
20952
20742
20045
19416
20254
20533
19975
20044
20463
22837
22837
20533
19136
23397
20463
49307
21860
19974
18298
22768
19835
19835
19625
21162
20115
30032
21092
20952
20603
21581
23466
26260
22838
22489
23047
25771
20603
21301
24793
31219
25771
30311
26749
25282
24653
20533
20114
18996
24305
20463
20463
20393
20045
19555
21092
22488
21371
23606
20883
20114
20812
25632
26190
28356
26749
23466
20044
24375
18577
18159
18717
22070
18997
18857
20044
23257
22349
18578
19276
20324
19416
19066
21441
20882
18507
25282
21790
21022
30031
19416
21860
23397
19206
19625
19416
20533
21022
22838
20463
20952
21511
21231
21022
21092
18577
25213
20952
22000
19625
18857
20394
21790
18997
19486
19416
28285
22279
21441
23188
22349
22769
21581
18857
20533
20114
22837
26190
26330
20045
19486
19555
30101
22070
20044
23955
23536
29124
21790
19416
20463
