24374
21301
21651
21022
24863
22838
21510
26190
26260
26679
24025
21092
22419
24514
23397
26190
21022
29543
28634
22489
21022
21511
21580
21580
21441
20952
21511
21372
20812
30101
29054
34292
30520
30520
26121
25771
31009
26191
29543
23327
25771
25283
24025
27936
21021
23326
21022
21162
23536
25213
22000
27098
22768
22349
20952
20813
21022
21511
21930
21441
22349
20882
21092
21371
21301
21790
21092
21511
21930
21930
21720
21301
21162
21092
21651
21441
21650
36317
21441
21441
21441
21930
21162
21511
25283
22489
24304
21441
21372
20882
20882
21371
32476
26749
21511
21511
21162
21232
21302
25352
20952
25631
21092
21092
21441
20882
42393
20882
21511
22419
21511
21441
20742
21162
21092
21371
21929
21441
21371
20743
21371
20882
21022
21510
21091
21371
21441
21301
21930
21511
21441
21092
21371
21441
20952
21441
21091
20952
21371
21302
24724
21371
21022
21511
24793
29542
25701
29123
28075
25841
28634
43930
27098
25142
23536
25771
28425
30032
27867
79828
25701
25352
25981
23047
28844
31848
23746
22419
22768
24235
27098
31079
23327
22628
25771
25352
25771
23536
25282
30031
27866
26260
28635
24793
30520
25282
25283
23536
27168
21511
32406
35898
28215
31917
34710
38552
24305
22768
23396
23467
25212
23746
24025
25561
26120
25142
29612
25772
23257
25143
34362
26609
21651
30451
26749
30031
22908
25003
68095
22209
23396
22768
25213
27587
25213
22978
21860
21651
24235
24095
21930
32895
24794
22419
22698
25212
26679
23955
27238
22349
21929
21511
26190
23256
23746
23327
24235
23746
22908
23885
30102
24654
24863
22280
21581
22000
22279
25213
22558
22489
22000
23397
25282
24375
35269
24444
22838
30451
25213
21162
21302
23467
22908
21441
22000
32476
26190
21930
25282
22559
21511
44419
24793
21791
21790
21511
21581
22000
21999
21371
21441
25841
22907
21511
21790
22000
23396
21371
20533
21371
21511
21371
22978
21511
21511
21441
21861
24304
25911
30031
22768
22838
26749
21651
22489
21860
21860
22977
22908
21441
22279
21580
22069
21930
21650
20883
22209
21371
23466
22908
22418
21791
21441
21511
21371
24374
22489
28146
21372
21930
22488
29124
22070
22279
21651
21650
21441
21511
21580
21511
23815
21441
22000
21441
22000
21581
22419
22349
21511
22279
27168
21860
21022
23396
23257
21511
21511
21860
21301
21511
21442
24793
21790
21511
21442
21581
21372
21511
22000
22139
21511
21371
21092
23397
24235
22279
22000
21372
21511
21371
21022
20883
21442
21510
22279
21511
21441
22279
22768
52589
21441
21930
21860
24583
22139
22349
21790
22279
21930
22000
22000
22838
21441
21581
21302
21860
21301
22558
23815
21581
23466
21860
21930
21511
21860
21930
21441
21302
22140
22349
25562
21930
21441
21441
21720
22419
22489
21511
22279
21371
22000
22489
22978
21790
21161
21999
21929
21510
21650
21441
22349
21511
21930
21861
21721
21371
24235
21511
21371
21510
21441
21162
22419
24793
23397
22768
21860
23188
21510
22070
22838
22000
21022
21581
21161
21441
21371
22280
21511
21930
21930
21511
21930
22349
23467
21930
21371
21441
54964
20882
23327
21580
22000
22070
21301
24235
21511
22000
22489
21790
21371
21651
21022
21511
21580
28984
21791
21441
21930
21441
21371
21930
21790
21930
21930
23327
21930
22418
29822
22349
21720
21860
21302
21441
28145
22489
22348
22349
22000
21511
21860
49167
21302
21791
21581
21371
21790
21091
21790
22838
23396
22000
21511
21860
23396
22489
21302
22070
21510
21720
21860
24025
22977
20952
21860
21371
21791
22489
21861
23187
21511
22838
22349
21511
21860
21442
21441
22419
22838
21511
22768
21930
21511
22489
21302
21371
21860
21092
23815
23466
21371
22419
22698
21581
21511
21022
21930
21511
21860
22210
21790
21721
21581
20463
21511
21511
21860
22489
22558
21860
21929
22140
21999
22000
22000
21581
21231
20952
21511
21511
21650
21930
23117
22629
21510
21860
31079
21861
22069
29612
21930
21930
21302
22000
22210
22768
21581
21581
20952
21860
22000
21860
23117
22139
21511
24374
21930
21511
21650
22489
21581
21651
21022
22419
21790
24235
23816
21930
22000
22907
21581
21511
21930
21441
21860
21371
21511
21790
21860
22418
21999
21860
22279
22419
56292
21790
21999
21511
21580
21860
21511
21581
21720
21511
21511
22349
21720
21930
21511
22348
22000
22000
22139
22349
22000
21510
22349
21510
22977
21441
22000
22838
21650
22209
30032
21860
22488
22000
22000
21371
21650
21721
21581
21441
21930
21581
20114
56501
47282
21231
21510
22489
21511
21510
21371
21441
21441
21511
21511
22908
21930
23257
22418
22000
22349
21930
21511
21022
21790
21511
24863
22140
21651
24444
22139
23396
21580
21791
21371
21022
21371
21371
22489
21371
23466
22768
21511
21511
21860
22628
21371
22419
22908
22069
21581
21511
21371
21510
22279
21231
21510
21162
21651
21790
23816
21790
21791
22000
21930
22139
22349
21860
22348
21581
21791
22139
21791
21511
21999
21930
21162
23396
22000
22000
21651
21860
21860
21511
21302
21930
21930
21511
23816
22489
21651
21580
21441
22977
21581
22279
22419
21371
21999
22489
21720
21861
21860
22768
22698
21441
22000
22419
22209
55104
22419
22349
22488
21511
21511
22419
22488
22419
21511
22000
21790
21930
22908
22559
22978
21092
21790
21371
21930
21441
21092
22000
21441
21441
21581
22069
22488
21791
22419
21930
21999
21860
22349
22070
22000
22349
22279
21930
21860
21022
21372
21790
22349
22069
21441
21930
23466
21651
21581
21930
21860
22768
28914
21441
22908
22838
21860
21372
21929
21372
21371
22489
22070
22419
22070
21092
21511
21022
21511
21860
21860
29612
22140
21511
29123
23466
22489
22000
22349
22070
22000
27727
21441
22070
22000
21511
21441
21441
21371
21511
21651
21860
22279
22000
21790
21511
22139
22000
22349
21511
21441
51263
21510
21302
21441
22279
21860
21861
22629
22139
23326
21511
21930
22000
21930
22349
23816
22070
22000
23466
21372
21511
21441
21371
29682
31219
22768
22280
21860
21650
21162
21930
21511
21790
21580
22488
22000
21511
21860
22908
22489
21581
21929
21511
21511
21651
22418
21930
22419
21441
21580
22419
21930
22489
23397
21511
22768
21929
23257
22069
21930
22279
23816
21930
21721
22070
22000
21651
23397
58666
21650
21511
22349
21441
21790
21161
21372
20254
21371
21930
22419
22349
22070
21999
21371
21581
