42324
24235
23466
23885
23816
30799
26191
28146
27029
33873
30521
25771
26330
26260
24863
24794
27098
25701
29053
32476
28145
26749
23746
25771
25562
23746
26819
24375
23467
23816
24654
27378
34292
33872
32616
29054
25771
24933
24864
23745
25701
39600
32894
25701
28146
32686
28704
27168
25841
26679
25701
25283
24863
25632
23397
23885
24374
24793
24305
24724
24374
26400
24165
25841
23816
24864
23815
24304
24724
23886
24304
26050
40367
24235
24864
23885
24794
24374
22838
26051
24305
26679
29542
31918
27587
25771
29682
31429
30381
137028
31498
26260
31987
28634
26819
25213
25213
26609
31498
24863
24305
23396
25282
34291
23956
25003
23955
23816
27866
23885
30032
34362
28216
33802
26749
33873
27237
24374
24444
54336
25352
31009
25282
23396
23676
33244
25352
24933
24863
24305
25142
25212
26609
25771
26260
24933
25981
26749
23745
23746
23955
27657
26261
23467
23048
23466
23327
23117
23816
24025
24793
24375
24444
25632
25422
26120
25283
25771
28076
24444
23327
26051
23885
23397
24235
24374
23885
24025
26260
23816
25841
24444
23816
23327
24724
23955
24374
24514
23257
23466
24305
23816
24026
24444
33873
25772
24863
23815
24235
23885
23397
26260
24933
23816
23816
24165
23746
23187
23746
23956
25212
23745
23886
23816
23397
24723
23885
24165
24025
24374
23745
24235
24653
23816
29123
29612
29054
24165
23327
31987
24305
24095
32406
23955
23955
23397
23327
23326
22838
23466
22908
23048
22837
23536
24305
23326
52939
22838
28705
23397
23746
23117
22768
22908
24374
22977
23886
25002
23397
30520
23537
22907
23397
22908
22838
22978
22838
22907
23117
22908
22838
22908
22908
22837
23187
22768
23326
23188
22000
22977
25352
23816
23257
23467
22907
26051
22908
23327
22768
22000
24793
34780
26610
22838
22837
25213
24025
24444
23326
22908
25282
22908
23536
22908
23536
22908
22908
23536
23676
29822
25632
27028
26190
35060
41416
23048
23047
26609
22768
23327
29124
24374
29473
28565
26330
25352
22977
27168
22559
22908
23467
23187
23257
23257
22558
56990
23187
22489
33593
30102
25143
23257
22978
22559
23257
25073
22908
25282
30940
22768
22768
22838
22908
23257
23047
24375
22908
22978
22907
23467
22838
21790
22838
22978
22838
23117
23047
23327
22908
23327
23815
22908
26749
26749
24374
25631
26120
22978
49518
22907
22628
23676
25631
23048
23746
22349
23746
22907
22978
23467
23257
23466
23397
22418
22838
22838
23187
22768
23746
22489
24305
25143
22908
23257
22977
22838
22977
22908
22558
22908
23257
23955
22978
25632
23327
25282
22768
33104
22838
25702
23257
23397
23117
23606
22978
38202
69422
24794
27447
23816
22768
23048
25771
22838
23047
22908
23396
32476
24863
23746
22978
33383
31917
23396
25003
24305
23676
23676
32476
23327
23257
23397
22838
31917
23257
22489
22628
37994
24724
22000
25702
23396
23327
22908
22768
24584
22838
23187
23397
22978
23256
22488
23187
22489
22908
22698
28635
23047
23397
22977
22978
23257
22838
22908
22838
23327
23886
55314
23396
22977
23187
22838
23257
22907
23326
22489
23397
23467
23327
23466
22978
22838
29473
46723
22908
26260
23327
23047
25353
23886
31777
24724
22978
22837
22838
22908
22978
22838
23746
23467
22977
22698
22698
23467
23397
29263
24723
38133
22768
33873
30032
27168
28984
27168
22977
23886
34851
25631
38273
22838
23955
23257
23745
23047
22907
24305
30939
24653
27727
25841
27727
23397
23885
22908
23187
22908
22838
22698
22908
26749
22488
23327
23606
23187
23396
22908
25702
23537
22838
24794
30800
22768
23327
22838
23326
22768
23257
28146
23118
26539
22489
23257
25352
23397
22908
22838
22908
22837
22908
25422
23047
23396
38692
26191
28635
23886
25841
25143
22489
22768
22907
22698
23047
22907
23048
22907
23397
22908
23117
23397
28355
22977
22977
22908
23396
22838
23187
24375
22768
23397
23117
22978
23396
22838
43231
23257
22838
22908
23048
22629
22768
31010
22977
23257
23117
22978
22838
24235
22768
23257
63834
23256
23187
25701
23746
27098
23257
22908
22907
52520
23536
24793
28634
24305
24374
23815
24234
23187
23397
22908
22838
22978
23816
23257
24234
28146
23257
22838
22838
25701
22489
23397
22978
23118
22908
25352
31987
22907
23187
25352
22907
22698
22838
22908
22908
22908
22977
22908
23257
23047
23397
22908
22978
22838
23467
22698
22907
22907
23396
22838
23257
23327
22838
24165
22907
22768
22768
23047
23047
22977
25003
22908
23467
23257
22908
22977
22838
23257
22908
23815
23187
37714
22768
23397
22908
22698
22838
22838
23327
22908
22419
22907
22349
22558
23396
22768
22908
22838
22769
22908
22837
23047
22768
22349
22489
23396
32965
22838
23188
23466
22907
23327
23466
22978
23117
23397
23746
24514
24444
26120
23676
23815
22768
22838
23815
23327
22768
23746
22000
22768
22768
25771
23816
23047
23047
23117
23327
25282
23396
22838
22908
22209
23257
23257
22908
23327
22907
22768
23396
22908
22908
22559
23397
23048
22698
22489
23397
22978
22908
22838
23117
23397
26749
23257
22977
22838
22768
22977
30591
23327
22908
23187
24374
23117
22977
22698
23746
22908
23746
22907
25702
26749
23257
22978
23257
22559
27936
22837
22768
23257
22907
22349
22908
22907
23955
23466
22908
22838
22978
22419
22908
22908
31917
22838
23117
23117
22907
22908
22488
23327
22838
23117
22838
22698
23327
23746
24374
22977
23327
23397
22768
22908
23396
23327
25771
22419
22908
23117
23257
23327
26330
23397
22908
22419
22908
22768
22768
22978
22488
22978
22628
23117
22838
23257
23187
22698
23467
22768
22768
22558
22768
23257
22908
23956
22977
22977
22768
22978
22768
22977
22768
23816
23257
22908
23397
23047
23257
22978
22768
22419
23467
23397
22908
22908
23048
22838
25282
23396
22838
22837
22768
23117
23466
23955
23327
23397
22908
22838
23327
23187
23326
22908
23048
23048
23326
22978
30939
22768
23118
22838
22838
23327
23048
23048
31010
22698
23397
22907
22977
23257
23257
23326
22768
23047
22489
23048
23257
22978
22978
23257
22768
23257
23886
22908
22908
22768
23327
23257
23187
23396
23257
23047
22908
23327
22908
22768
22978
22698
22838
23326
22838
25002
22838
23467
22978
22908
22768
23326
22978
22978
23257
23467
22908
22838
23187
22908
23466
22489
22978
22908
22908
23047
23396
23327
22838
22977
23257
23327
23885
23257
