7612
8241
7543
7542
7543
7682
7612
7682
7751
7612
7612
7542
7682
7682
7543
7473
8240
7473
7752
8101
8031
7263
7751
7752
7194
7542
7612
7682
8031
8101
7053
7682
7613
7472
7962
7752
7962
7053
7543
7612
7472
7543
7543
7752
7961
8101
7962
7682
8101
8031
7612
7682
8101
7613
7612
7612
7612
7612
8031
7333
8450
8101
7612
7961
7542
8101
8032
7612
8032
7542
7682
8031
8031
7543
9428
7682
7752
7542
8520
8101
7613
7752
7472
8171
7542
7752
7612
7542
7612
8031
7542
7752
7682
7752
8031
8032
7612
7612
7752
7542
8241
7752
7682
7542
7752
7543
7473
7612
8101
7752
7962
7542
7961
7542
7682
7752
7543
15573
7752
8171
8171
7612
8171
7752
8171
9637
7612
7752
7612
8101
7682
7612
7542
8101
7543
8101
7612
7682
7682
7612
7682
7473
7473
8031
7612
8171
8171
8381
7752
7752
7683
7682
7194
7542
7962
7682
7612
7682
7542
7543
8171
16830
8939
7682
7752
7612
7542
8032
7612
7962
7682
7962
8241
8171
7682
7542
6704
7263
7752
8381
8031
8590
9638
8101
7542
7961
8520
8869
8031
8171
7961
7124
8170
8031
7752
8520
7682
8032
7752
9009
7752
7682
8032
7542
8031
7613
7682
8101
7612
8031
7682
7612
7542
7542
8520
8101
7682
7752
7612
7682
7612
7472
7612
7542
8101
7613
8032
7962
7752
7612
7613
8171
7612
7543
7473
7682
7613
6704
7613
7613
7543
8101
8241
7612
7543
7612
7752
7543
7263
7821
7683
7543
7613
7682
7962
7473
8031
7682
8031
8032
7613
7752
7682
8590
8031
8171
7682
8170
8590
7542
7682
7472
7752
7682
8171
7752
8101
7472
7612
8031
7612
7752
8171
8520
8101
8031
7752
7682
8101
7752
7612
7752
8101
8171
7682
7682
9638
8031
7682
7472
7612
7682
7612
7962
7612
8660
8101
7612
7612
8031
7612
7612
7682
8031
7892
10056
7682
16132
7612
7752
8171
8590
7543
7751
7752
7682
7682
7613
8031
7752
7543
7613
7543
7682
7613
7962
7961
7752
7752
8031
8032
8171
7542
7612
7961
7263
7612
7542
7612
7962
7612
8101
8031
7542
7682
8450
7612
7751
7612
8241
10546
8520
7612
8451
7961
7682
7682
7961
8241
8031
7612
8101
7682
7752
7752
7543
8031
8101
8031
7613
7543
7961
8031
8241
7682
7752
8171
7542
18087
8031
7752
7612
7683
8101
7682
8031
7612
8031
7612
7682
7473
7962
7682
7752
7683
7542
7682
7821
16202
7821
7543
7193
7752
8240
7472
8451
7193
7542
8101
7961
7612
7612
8101
8031
7683
8032
8031
7472
7751
7542
7752
7612
8031
7612
7752
7263
7752
7612
7612
8590
7543
8171
8241
8520
7613
7682
8102
7682
7542
7682
7962
8171
7961
7542
7752
7752
7682
7542
7682
7682
8241
7612
7961
8171
7543
7961
8170
8101
7124
8101
9079
7752
8101
10545
7752
7612
9079
7752
8590
8031
7612
7612
7612
8101
7123
9568
8101
8101
7682
8031
8730
7542
8240
7542
7543
8101
15574
8241
7613
7472
9428
7612
9079
7751
7612
7612
8171
7543
8520
7962
7612
8101
8170
9358
8171
8520
7542
8940
7752
9148
9009
9009
9218
8031
7612
7542
7682
7543
8939
9987
12990
8520
7682
8171
7542
7542
9498
9009
8939
7053
8520
7612
8101
8101
8031
7682
7682
8660
9079
7612
7752
7752
7053
7682
8171
8101
8101
7752
7612
8031
7961
7682
8031
8171
7613
7751
7612
8660
7542
7682
7542
9428
8101
8450
7542
8240
7962
8031
9428
7612
7542
8101
8101
8520
9148
7473
9079
8590
10057
8240
8170
7822
8031
8032
7682
9149
9009
8939
7962
7612
8101
8101
8171
8589
8939
7682
9498
7054
8101
7682
9637
8170
7752
8031
7613
7612
7542
7682
6774
9428
8101
8031
9009
9148
8171
8170
8101
7194
8240
7752
7752
9009
8590
8101
7612
7543
7612
8520
8730
8241
7682
7752
8031
8101
8101
7543
8101
7682
7752
8170
8032
9079
7612
7543
7752
8310
7612
7612
8171
8032
7962
7682
7752
7542
7473
6705
7682
7682
7612
8031
7054
7473
7612
7752
8101
7473
7961
7613
7542
8171
7542
7263
8101
7961
8101
7682
7682
7542
8101
7752
7612
8101
7682
7612
7542
7542
8101
7543
8590
7613
7123
8590
7612
7123
7542
7612
6146
7682
7682
7751
7193
7682
7542
7124
7194
7612
7473
7612
7472
7612
7612
7263
7543
7612
7053
32335
7473
8031
7472
7123
7053
7542
7263
8101
7263
7123
7263
7263
7054
7612
7124
7543
7124
7542
8101
7542
8031
6634
7053
7053
7473
7612
7752
7194
7123
7543
8031
6705
6844
7123
6774
7263
7124
7123
6564
6564
7543
7263
7123
6634
6564
6355
6774
6704
6634
6704
6285
6634
6983
6565
6565
6564
6774
6774
6634
6635
6704
6564
6635
6635
6774
6634
6565
6564
6215
6704
6635
6635
6704
6704
6705
6146
6076
6285
6635
6215
6634
6634
6215
6146
6285
6285
7124
6215
6076
6564
6215
6564
6285
6285
6565
6704
6145
6146
6146
7124
6355
6285
6146
6075
6774
6146
5657
6634
6146
6635
19135
6146
18507
6285
6635
6146
6634
6285
6286
6215
6564
6286
6146
6146
6285
6565
6145
6146
6145
6635
6285
5867
6215
5796
5727
5727
6564
6146
5796
6285
5727
6145
5726
5657
6146
6215
6216
5866
6216
5796
6145
5727
5727
5727
5797
6215
6285
5727
5727
6146
5657
5727
5657
5727
5796
6146
5657
5657
6215
5727
5657
5727
5796
6145
6984
5587
5796
6565
5797
5727
5866
5726
6216
5796
5727
5657
5657
5726
6075
5796
25630
5727
5168
6146
5797
5307
6076
6215
5657
5587
6075
5657
5797
5796
5657
5657
6215
5726
5726
5657
5657
5726
5726
5726
5797
6285
5237
5657
5797
6285
5587
5307
6216
5727
5727
6076
5726
6216
5726
5796
5797
5866
5657
5727
5727
5656
5727
5796
5238
5657
5727
5727
5797
5377
5657
5657
5657
5657
5866
5238
4888
5238
5797
5656
12361
5796
5797
5727
5168
5727
5238
5797
5378
6285
5307
5656
5657
4749
5797
5797
5656
5727
5657
5307
