24724
22000
22069
23327
21791
21930
25142
25073
26819
23466
22978
22908
27167
23187
23257
23815
22000
21930
22419
21930
25772
22907
22488
22419
22418
22070
21790
22070
23815
22349
21721
22488
21860
21791
22139
22489
22489
22838
23746
24933
21860
21930
22140
22069
22000
22070
21930
22279
25772
22210
21860
24234
21930
25213
23397
22838
22419
21930
23886
22418
22908
22349
22559
22977
22419
22279
22070
22000
21511
23466
22489
22349
22140
21860
21999
21511
22768
22419
21860
22419
23048
23257
22069
21720
22628
21860
21790
22419
22419
22489
23326
22000
22069
22488
21860
23815
23466
22349
22489
22349
25631
23816
22209
22349
22000
22279
24235
22000
22070
21860
22419
22279
23746
21581
21930
22279
22838
22419
21930
21929
21720
28565
24724
22349
22070
25353
21581
22349
22000
21999
22978
21371
22000
21371
22000
22349
21720
22698
22559
22000
21930
21511
22279
21930
22419
22418
22838
22279
21929
22419
22279
23397
23326
29473
22419
22279
22000
22419
24794
31987
21930
22140
21930
21580
22000
22000
21930
23327
23816
21999
22139
22908
22139
22209
31009
22977
22349
22139
22768
21371
22000
22000
21860
21860
22209
73611
21930
22488
21860
22000
23257
22489
22070
21860
21930
22000
22419
22069
22349
22070
21860
22000
22000
22349
21721
22698
22280
21860
23746
22419
21791
23815
22419
21441
22558
22768
21581
23187
22349
23118
22000
21930
21930
21860
21511
22279
21860
21511
21581
21860
21790
22139
22838
22000
22349
21581
22279
23117
23397
24445
24305
24445
24654
24165
26191
24724
24723
22978
22908
21999
21371
22139
22279
22349
22349
23955
21860
21511
29543
22279
22279
22279
22907
23327
23257
22768
22419
36178
31009
21929
22489
22000
22489
21930
22000
22349
21511
22069
21511
22419
22000
21930
29542
21790
21790
22489
22838
21650
21930
22279
21720
21860
22139
22139
21930
21302
22419
21371
21999
22419
22559
22768
22489
23326
22349
22349
22838
22489
21441
21860
22000
21930
21860
22349
21860
24794
22279
22000
22837
21930
23257
22907
21860
22349
22419
24863
22768
22419
22070
22279
22489
22768
21441
22279
22279
21999
22000
22419
22559
22489
22489
25212
21930
21930
22279
23397
21930
22908
22699
21929
21721
22209
22349
21930
22838
21860
37086
21721
21790
21860
31009
23327
23048
21301
21860
21511
22489
22209
22838
21232
22000
21441
22349
22489
22279
22000
22978
23327
21930
21162
21860
22210
22907
23397
21860
22000
21371
22419
22907
58666
22070
21791
25352
22558
22419
21999
21999
22139
21860
28146
22070
21790
22768
22908
22838
21790
21999
25142
22280
21930
21860
22139
22419
32965
21651
22978
22349
22279
22419
22489
23745
21930
22070
22000
22698
21791
22977
21720
22349
22349
21511
22768
21930
22279
23815
23396
22279
22418
22978
21930
22000
21371
22489
23117
21860
22279
22489
22139
22908
22628
22000
21790
22070
21930
22419
21860
22838
22489
23327
22349
21581
21790
22349
22279
21930
23746
22000
22489
21511
21511
22349
22558
22559
22488
22838
22908
22489
25213
22908
22419
21999
22000
21441
22210
22488
22209
22418
21999
21999
22488
22907
23815
21999
22349
32406
22419
22000
22489
22140
21650
21930
22139
21790
22069
22489
21791
21441
22768
21650
22000
22419
22418
22000
22349
21301
21720
24793
25701
25561
23955
24165
23048
26191
24235
28146
24235
23816
23885
22488
22419
23886
23815
24374
25282
23607
24724
23815
24653
23955
24793
23816
21930
22280
20533
22348
22908
22838
21022
21860
22977
23257
22419
22280
22838
22280
22558
23327
23746
22349
24374
24235
24374
22978
22489
22349
21441
22000
21860
21860
23815
22349
22349
22279
23816
21929
23187
22000
21930
22349
21581
22209
21860
23257
22838
21860
22279
22349
21930
23117
22279
22489
21511
22210
22489
21860
21860
22070
21929
21860
22000
22558
22279
23886
21651
21930
21930
21441
22139
21371
22279
22977
22139
22489
21930
22419
21860
22558
22210
22070
22000
22559
22070
22419
22698
22419
22559
31009
22698
21861
21790
22418
22977
21860
22000
22349
22838
22838
22419
23257
26679
22699
24793
31288
30520
33244
21930
22000
22070
22000
59295
21791
21999
22000
22907
22488
22489
22349
22349
23886
21650
22419
22838
22907
21930
23048
21860
22349
21301
22000
22488
22908
21860
21860
21860
21371
24025
22279
22419
22488
23397
21790
22210
21860
22908
22419
21790
22069
22349
22000
22558
22838
22419
22838
22489
22210
22000
21860
22907
22768
22209
22000
22558
21930
30590
24305
23885
22209
22279
21860
22419
21790
22838
22489
21581
23047
22419
21790
22349
22418
22000
22000
21721
22419
22838
22418
22838
22419
21930
22419
22768
22139
24933
22908
22210
22000
21930
21580
22349
22418
22419
22419
21720
22768
22349
21861
21999
22628
22558
22419
21860
22070
22349
31009
22140
21651
22489
22139
29892
22280
22139
21999
21930
22419
21860
22000
22838
22419
22419
21930
22838
21999
22978
23816
22978
21441
21790
22349
21580
22419
22348
22838
22558
22419
30101
59853
22768
22349
22488
22698
21860
21790
21930
21860
22349
21720
22978
21511
21790
21860
24724
24165
22000
22349
22488
22908
22419
24374
22768
22069
21930
21860
22419
22070
23815
21930
21999
22419
21650
22419
21860
26190
21511
21721
22349
21721
21860
22628
40857
23676
22628
22000
22140
21301
22838
22209
21790
22978
21790
22000
22279
22279
22279
22489
23327
22419
22139
22489
21860
21999
22418
21511
21860
22559
22279
59086
21720
31009
22209
21510
23257
23815
21580
23886
21930
22419
22000
22280
22559
22419
22419
22488
22977
22349
25073
23885
22489
22489
22419
21790
21651
21930
22419
21930
22419
22069
23466
22349
21930
24723
21371
22349
22209
22279
23815
22000
22279
22139
52520
23885
22279
22768
22488
22000
21860
22489
22139
21860
22000
22419
23187
21999
24234
22279
22628
24374
22907
22419
22978
22488
23047
22349
22419
22559
24724
21511
21651
22279
21929
22838
22280
22628
22419
22000
23257
21999
21930
22838
22279
22558
22209
22907
23326
22978
22977
22838
22279
22000
22349
31009
22279
21999
22140
21860
55663
22488
22489
22559
22349
22349
22488
22000
22000
21930
25980
22418
21511
21930
22000
22000
22489
22000
22000
21581
21930
21930
22069
24933
22000
22070
21930
22000
22070
23815
31429
22698
22209
22419
21930
21860
22000
22489
22070
21860
23816
21720
22419
28635
22418
23257
23396
