12013
11944
11943
12014
12013
12083
12223
12363
11874
11944
12293
12433
12014
11943
12363
11944
12083
12013
12013
12084
11594
12013
12572
12293
12292
11734
12013
12991
12781
13899
13340
12362
12502
12503
12153
12223
11944
12852
11804
12292
11943
13619
12222
12363
11943
12222
11874
12362
12432
12013
12223
11804
12921
12222
12293
11943
12223
12502
12083
12432
12013
12083
12083
12083
11804
12013
12153
12083
12432
12432
12084
12293
11943
11804
12572
12153
11594
11874
11525
12293
13899
12711
12292
12432
12223
11944
12014
11804
12223
12363
12293
11384
12362
12363
12293
11874
12362
13759
12083
11803
12502
15017
12502
12502
11943
12292
12362
12222
12503
11803
12502
11664
11874
12293
34782
12363
11943
11874
11803
12991
12292
12362
11804
12083
12293
12293
11943
12712
12013
11944
12013
12502
12083
11874
12502
11874
12363
12502
11804
12363
12013
12781
12013
11874
11873
11804
12223
12013
12572
12362
12362
12293
12292
12083
12503
12432
12502
12642
12502
11873
12014
12711
12433
11873
12013
11804
12362
12502
12153
12013
12711
12362
12222
11874
12013
11874
11873
11803
12362
12293
11874
12013
12013
12363
12293
12293
12293
12222
12153
12013
12432
12013
12432
12293
12153
12292
12362
12362
12013
12851
12013
11943
12223
12502
11943
12502
11943
12222
11804
12362
12572
12223
12362
12083
11944
20325
12293
11803
11873
12013
12433
12642
11594
10896
11803
12292
11874
12223
12432
12921
11873
12013
12223
12223
12362
11943
11874
11873
12222
12222
11036
11874
12013
12363
11734
11944
11874
12293
12362
11943
12222
12013
12921
12293
11873
12083
12293
12293
11943
11944
11874
11873
12363
11385
11874
12153
12502
11873
11874
12362
12013
13270
12292
12293
11943
12433
12293
11733
11943
12363
11943
12013
12084
11734
12293
11594
12153
12293
12363
12851
12432
12013
12433
11874
12013
12083
12083
12293
12502
12013
12432
11944
12292
12292
12014
11943
12362
12362
12223
12292
12363
12293
12363
12362
11874
11804
11734
12153
11874
12362
12292
12362
12362
11804
12432
12293
12432
12013
11943
43793
11873
12362
12293
12083
27659
12292
12502
12083
12013
11943
12013
12363
12223
11943
11803
11594
11943
12083
11873
12083
18997
11944
12432
11873
12223
12013
12013
12293
11804
12223
12013
12432
11804
12013
12013
12363
12362
12013
12013
11733
12013
11734
12223
11873
12013
12362
11873
11803
12293
11943
12013
12013
12432
12083
10895
11804
13411
11734
12014
12013
12363
12363
12432
12851
12083
12572
12222
11873
12084
11804
11944
11873
12223
12014
12921
13410
12363
11804
12293
12223
12293
12502
11804
11943
12432
11943
12292
11804
12432
11873
12083
12502
12292
12432
12432
12432
14737
12502
12013
12083
11874
12223
12222
12083
11943
11873
12014
12083
12153
12153
12293
12153
12083
11734
11943
11594
12014
12502
12293
11803
12223
12362
12293
12083
12013
12222
12083
12362
11804
11874
12083
12293
12014
12293
12083
12083
12292
12013
12503
12013
12292
11944
12362
12362
11874
12223
12362
12571
12013
11943
12293
12362
12293
12013
12362
11943
11943
11874
11873
11873
12572
11804
11874
12293
12083
12363
12572
13271
11873
12362
12293
12502
12292
12014
11874
12432
12153
11944
11804
12222
37506
11873
12293
11873
12502
12293
11874
11873
11874
12293
12013
12083
12293
11734
12432
12293
11874
12013
12362
12432
12362
12013
13340
11943
12293
11873
11803
11874
11874
12503
12293
12712
12362
12292
11874
12293
12432
11874
11874
12083
12222
11943
12013
11943
12362
11873
11803
11874
12223
12223
12083
12502
13829
11524
12502
12502
12223
12083
12362
12153
12223
12083
11943
11733
11944
11804
12293
12363
11804
12363
11874
11734
12502
12083
11873
11943
12293
12293
12083
12433
11943
12152
12292
12014
12083
12502
12083
12013
12013
12223
12432
12083
12502
12292
12013
12293
12432
12153
12083
12292
32337
12711
12223
12083
12083
12293
12013
11664
12013
12432
11874
12432
11943
12502
12432
12432
11943
12013
12013
12292
12083
12363
12083
12222
12432
12153
11943
12013
11874
11944
12432
12013
12014
12014
12363
12572
12222
12362
11803
11943
11943
12013
12363
11803
12013
12293
12362
12433
12083
12223
12223
11734
11873
12014
12222
12083
12293
12433
12363
12362
13410
12222
12991
12293
12013
12293
11874
12292
11804
12013
11944
11943
12502
12433
12363
12292
12502
12432
12363
12014
11874
11873
12293
12363
12362
12292
12083
11734
11873
12293
12432
12013
12292
12013
12083
11873
12014
11873
11874
12921
12013
12013
12362
12083
11943
12292
12223
11804
11943
12432
12292
11664
12293
11943
12363
12223
11943
11804
12293
12293
12293
12502
12362
12013
11944
12502
12083
12222
11873
12432
11803
13270
12083
12432
11874
12153
23817
12083
12153
12502
12292
12433
12013
12013
11873
12083
12013
11943
11943
11734
11874
11873
11943
12781
11943
11873
12013
11874
12432
12362
12362
12013
12502
12362
12013
11944
11385
12293
12363
12083
12781
12363
12293
12013
11803
12362
12363
12921
11873
12083
12083
11943
12223
12083
11873
12083
11873
12362
11524
12013
11804
12293
12293
12014
12502
12292
11873
12083
11873
11943
12013
12362
12014
11874
12083
11874
11804
12013
11873
12991
12083
11873
12293
12083
12502
11734
11873
12222
12292
12083
11804
12292
11594
12363
12991
12013
12292
12223
12363
12083
12222
12013
12432
11873
12711
12433
11803
12572
11874
12223
11804
12013
12362
12363
12153
12363
11803
11943
19416
12293
12362
11873
12502
11804
12502
12292
12432
12083
12223
12083
11873
12362
12432
11873
12083
12781
11943
11874
11943
11734
12432
12013
11944
12083
12432
12083
12362
12083
12362
11943
11874
12013
12502
12363
12013
12363
11943
12362
12222
12014
12363
11943
12502
12432
12572
12014
12083
12502
12083
12293
12362
11734
11873
12013
11873
12433
12293
12712
11803
12363
11664
12363
11944
12223
12083
12083
12083
12223
11874
11873
12502
12083
12572
12433
12013
12851
12432
11944
12433
12222
12572
12293
12222
11943
13480
11874
11943
11804
13410
12013
12362
13480
11944
11874
12293
12014
12013
12502
12223
12502
12433
12293
12292
12433
12153
12292
11804
12083
12014
12013
12362
11873
12083
11943
12223
11874
12363
12502
12083
12293
21512
12432
12083
11804
12432
12013
11943
12293
11943
12223
11874
12363
12293
12013
11873
12292
12293
12293
12781
12222
