29613
29124
29612
30311
29543
29054
29543
30032
31010
29613
29543
30032
29543
29613
30032
29544
29613
29543
29054
29543
29543
29543
29683
29054
29054
29054
29543
29613
29124
30101
29543
30032
29543
29543
29543
29822
30032
32407
29823
29962
29822
29543
29543
29124
29613
30032
29962
29822
29613
30451
29963
29543
33385
29054
29613
29613
29474
30032
29054
29543
29333
29124
29543
30102
29124
29543
29543
29054
29613
29683
29613
29124
29543
30521
30102
29543
29613
29543
29124
29613
29124
30032
30940
30032
29403
29054
29613
29474
29333
29543
29334
28705
29544
29543
29613
30032
29613
29613
29543
29613
29613
55733
29962
29613
29613
29543
30032
29543
29054
29124
29613
30032
29473
29613
35200
29334
29543
29543
29543
30032
30032
29613
29613
30032
29543
29543
30032
29543
29613
29613
29543
29613
29612
42254
29543
29124
29613
29613
29333
29055
29962
29612
29752
29543
29054
29822
69562
29543
29124
29543
29613
29334
29962
29543
29543
29892
29543
29822
32896
29264
30521
30102
29124
29404
29613
29822
29473
29124
28985
29543
29543
29613
29543
30521
30032
29543
29543
29823
29543
29822
29613
29124
29474
29194
29613
29124
29544
29124
30032
29054
29613
29473
29543
29543
29613
29124
29124
29543
30032
29613
29124
29613
29124
29054
29054
29613
30102
29543
29543
29543
29613
29613
30521
29473
30032
29333
29543
29613
29613
29543
30102
29962
29124
29124
30032
29753
29613
29753
29124
29543
29613
29054
29543
29543
29334
29543
29054
29613
30102
29473
29404
30032
30032
29543
29893
29543
29543
29473
29124
29613
29055
29124
29543
29613
29543
29543
32406
29543
29543
30032
29124
29613
29613
29333
29543
29543
29124
29543
29543
29543
29613
37505
29054
29753
30102
29543
29543
29613
30032
29613
33384
29962
29613
29544
29194
29264
29613
29543
29543
28984
30101
29543
29543
30032
29054
29543
29544
29473
29613
29543
29543
29055
29613
29962
28914
29404
29963
29543
29543
30101
29543
30032
29683
29543
30032
29613
29613
29334
30032
29543
29543
29124
29612
29124
53778
34781
29543
29473
29683
29823
29822
30032
30102
29683
29054
29613
29613
29613
29822
29334
29403
30032
29124
29404
29473
29822
29334
30032
29612
29613
29543
29543
29474
29543
29544
29822
29613
29333
29474
29543
29543
29613
29613
29613
29543
29543
29543
29124
29543
29613
29613
30032
29753
29543
29543
29613
29543
29613
29124
29823
29613
29543
29054
29055
29543
29124
30102
29473
29543
29612
29543
30521
29612
29473
29962
29753
29613
29613
29613
37784
29543
29543
30521
29543
29473
29613
29124
29613
29054
30101
29543
29333
29962
30032
30032
29543
29543
29543
29124
30242
29613
29613
29613
29403
29612
31010
29403
37715
29543
30102
29543
29543
29543
29054
29543
29543
29543
29333
29613
29613
29543
29543
30102
30102
29404
29683
29474
29613
30032
30032
29124
29543
29613
29543
29334
29474
29404
29543
29613
29543
29962
29124
29613
29544
30032
29543
29474
30241
29124
29124
30032
29124
29473
29612
29544
29124
29893
29124
29893
29683
30521
29055
29544
29124
30032
29543
29054
29543
29124
29543
29124
29962
29055
29823
29823
29543
29543
29823
29543
29333
29613
29334
30102
29543
29543
29613
30032
30102
29962
29543
29473
29823
37994
29613
29543
29333
29543
29543
36946
29613
29543
29544
29613
35340
29543
29543
29194
29613
37784
30032
29962
29613
29752
29543
29613
29124
29055
29124
29543
29124
29613
29054
29543
29543
29543
29543
31918
29683
29473
29543
29892
29264
29892
29613
28984
29543
29543
30032
30032
29543
29054
29613
29473
29892
30312
29613
29543
29543
29683
78852
29752
30031
29823
30032
41486
30032
29543
29753
29474
29334
30521
37575
29543
29822
29403
29124
29613
28984
38203
30102
29054
30102
31010
29473
30032
30102
29543
30102
39880
29613
29124
29054
29543
29963
29124
30032
30102
29334
29473
29543
29403
29543
30102
29474
32406
29613
29333
29124
29543
29543
29334
29543
33384
29612
29543
29543
29473
29612
29613
30032
29543
29264
30241
29612
30032
29543
29543
29544
29613
29613
29473
30032
29054
29124
29543
33105
30032
29683
29613
30521
29543
29613
29543
29543
29613
29613
30032
29822
29543
29613
29194
29473
29544
29543
29124
29613
29334
29543
30242
29543
29055
30521
29334
29054
29613
29543
29124
28984
37575
56293
46095
29543
29543
29124
29543
30102
29613
29055
29124
29334
30101
29263
29194
29822
30032
29543
29822
29613
29543
29613
29124
29543
30032
29613
29054
29544
30032
29543
29753
30032
29543
30032
29124
30382
30032
29543
29613
29543
30032
29543
30032
30102
29543
29403
28914
29613
29124
29752
29054
29823
29334
30032
29543
29473
29543
29544
30032
29124
30032
29054
29543
29124
30032
29613
29054
29543
30381
29543
29683
29124
29613
29124
29543
30032
30032
29333
38064
29543
30451
29543
29543
30032
30032
29124
29054
29613
29543
34362
29543
30032
30032
29543
29613
29613
31010
29613
30451
29334
30032
29543
29054
29613
29613
30102
29543
29543
29055
29822
31987
29473
29613
29823
29543
29124
29124
29404
29822
29543
29543
30032
29263
29822
29124
29543
30032
30032
29333
29683
29543
29962
29543
29124
29124
29543
29334
30032
29264
29124
29613
29543
29473
29544
29543
29543
30870
29473
29613
29054
30032
29543
29544
29544
29613
29613
30102
29543
29753
29613
29543
29613
29124
29473
37017
28635
29473
29473
29613
29124
29543
29054
29124
29473
29543
29543
29334
29054
29403
30032
29543
29334
29473
29054
29054
30032
29543
29543
29543
37575
29194
29124
29543
29473
30032
29124
30311
29543
29543
29124
29543
29124
30032
29543
29124
29403
29054
29543
29543
29333
29543
29543
29613
29543
29543
29613
29544
29124
31009
29543
29543
30032
30032
29822
29543
29544
29963
30242
35201
29543
29543
29613
29543
30032
29543
30520
29613
29473
29613
29543
30032
31009
30032
29404
29543
29124
29474
29543
29403
30032
32896
29682
30101
29543
29613
29543
29544
29543
29543
30311
29893
37435
29055
29543
30032
30521
29543
30241
29054
29893
29544
30102
30241
29822
29543
29613
29543
29334
29473
29613
29893
30101
29543
30242
29334
29892
29543
29124
29543
29124
29124
29543
29543
29333
28984
29124
29333
29823
29054
29543
29193
29613
29054
29054
29543
29543
29543
29893
29543
30032
29124
29613
29333
33385
29613
29543
30102
29404
29543
29543
38273
29403
