6564
6705
7123
6564
6775
7124
6565
6705
6774
6774
6774
7124
6774
6705
7333
6704
6775
6635
6565
6705
6704
6705
6705
7124
6775
7054
6774
6635
6705
6704
6775
6635
6704
6565
7194
6635
6704
6286
7053
6774
7123
6634
6704
7054
6634
7194
6635
6565
6705
6984
6635
6844
6705
6565
7124
6705
6704
11244
7193
6705
6704
6704
6495
6635
7123
6704
6705
6704
7683
6565
7124
7682
6145
6565
7054
6635
6635
7123
6634
7124
6704
6635
6774
6565
6984
5238
6634
6774
7124
14177
6774
6705
6634
6705
6565
7263
6565
6705
6705
7054
6704
6635
6565
6565
6705
7193
6564
7194
6704
5657
6705
6705
6705
6076
6635
6705
7124
6704
6774
6285
5657
6285
6704
6705
6635
7054
6704
6774
6216
6635
6634
6565
6705
6635
6356
6774
6705
6704
7054
6775
7124
6635
6565
6565
6634
7193
6635
6565
12920
7054
6565
6844
6704
7263
6774
7123
7263
6565
6775
6635
6704
6774
7194
6635
6774
6286
6704
7193
6635
6635
6565
6634
7333
6565
6774
6845
7263
7543
6634
6634
7124
7124
7124
6705
6775
6635
7124
7124
6705
6705
6774
7263
7194
7194
6635
6705
6146
7193
6704
6704
6635
6705
7054
7193
7194
7124
6286
7123
7054
7193
7124
6775
7194
6844
7123
6216
6565
7054
6774
6775
7473
14247
6635
6774
6704
6704
6704
7124
6635
6634
7193
7194
6635
8660
7263
8520
8031
7752
6705
7752
7542
7054
6704
6774
7194
6983
7124
6705
6285
6705
6635
6285
6635
7194
6705
7123
7194
6775
6775
6634
7054
7264
6774
6984
6984
6285
6774
7194
6635
6634
6774
6565
6565
6705
6705
6774
6635
6565
6774
6635
7123
6704
6565
6774
6635
6775
7124
6705
6705
6705
6495
6704
6984
6635
6705
7123
6635
7124
6634
6844
6635
6705
6355
7054
6635
6774
6146
6635
6635
6565
7124
6705
6775
7543
6635
6635
8032
6774
6705
7054
6216
6565
6775
7193
6774
6634
6775
6984
6635
6635
6774
6774
7123
7473
6635
6705
6635
7333
6635
7194
7053
6285
6705
7123
6774
6705
7123
7682
6635
6774
6704
6775
6565
7543
6635
7054
6774
6635
6565
7124
7053
6775
6634
6565
6635
6774
6774
6705
6705
7542
6705
7123
6774
7124
7193
7263
6984
6146
6774
6774
6705
6635
7683
7054
7054
7054
6634
6844
7124
6705
6635
7123
6565
7124
6565
6635
6844
6635
6774
6704
6634
6634
7263
7543
7193
6145
6704
6565
6774
6774
6635
7193
6704
6705
7054
6285
6844
7054
6775
7123
6775
6984
6635
6565
6704
6775
6634
6704
7193
6775
6705
6705
6634
6705
7263
6635
7193
6704
6564
7124
7124
7054
7054
6635
19066
6704
7263
7053
6704
6635
7194
6705
7263
7124
6704
6984
6704
6844
6774
7054
6635
6704
6565
7054
6565
6634
6635
6635
6774
6495
6286
6565
6565
6774
7054
6774
6635
6775
6634
6984
6635
6704
9149
5797
6775
7054
7263
7054
7193
6634
6705
6705
6774
7053
6775
6775
7054
6705
6705
7123
6775
7753
15574
6704
6775
7123
7124
7053
7193
6774
7054
6774
6704
6774
7193
6565
7682
6704
6634
6844
6215
7123
6774
7053
6984
7193
7054
7264
7124
7612
7053
6635
6775
7263
6705
7123
6635
7124
7124
6565
7123
6565
7053
6635
6634
6984
6634
6704
6635
6495
6774
6635
7194
7193
6774
6775
7123
6635
6565
7333
7054
6565
6286
7961
6705
6775
7263
6564
6635
6635
6635
6775
7053
6635
7124
6634
7194
6216
6704
6705
6844
6774
6705
6704
7054
6704
6775
7683
7123
6635
6635
7124
6635
6844
7193
6146
6774
6844
6775
6775
7124
6565
6775
6704
6634
6984
6775
7124
6705
7124
6635
7473
6774
6635
6565
7193
7193
6774
7124
6984
7263
7124
7054
6635
6564
6984
6705
6565
6564
6775
7054
6565
6705
6705
6635
6495
6565
7962
7123
6984
6495
7194
6984
6565
6565
7263
6705
7123
6635
6634
7263
5657
6705
6704
6774
7124
6775
6635
6775
7194
7123
6564
6844
6774
7193
6635
6634
7194
6704
6634
6774
6774
7124
7123
6774
6634
6634
6705
6565
6704
6705
6635
8591
6774
6634
6565
6634
6705
5657
6774
6564
6705
6774
7263
6635
6704
6704
6635
6844
6704
6565
6635
6635
6704
6635
6565
6705
6704
7682
6844
6704
7054
7054
6635
7193
6145
6705
6565
6774
7333
6635
6565
6984
6635
6774
6705
6705
6775
6774
6564
7193
6705
6634
7263
5727
6774
7053
6565
6704
7123
6565
7124
6704
6635
6635
6984
6705
6705
6984
6565
7123
7124
6705
6635
6565
6774
7124
7054
7054
7612
7263
6565
7054
6565
6704
6565
7124
6845
7124
6844
6634
7263
6705
7193
7054
6635
7054
6705
7194
7124
6775
6705
7193
6844
6565
6565
7054
7054
6635
6565
6635
12920
6705
7124
7054
6635
6704
6635
7054
6774
6286
6775
6774
6704
7054
7123
7123
9429
7263
9079
6285
9428
7124
6775
7124
6704
6705
6705
6495
6635
6216
7124
6845
6704
6634
6635
6704
6704
7054
6704
7193
6774
6774
6565
6704
6775
7263
7612
6705
6774
6076
7053
6635
6774
6774
6286
6635
6775
6704
6774
8241
6705
7054
6565
7123
6774
6705
6076
7124
7054
7123
6635
6984
7124
6704
7124
7053
7612
6564
6704
6704
7053
7124
6565
6635
7543
7123
6705
7682
7123
6635
6635
6565
6705
7124
7124
7054
7124
7054
7194
6705
6844
6983
7054
7124
7542
7682
7752
7682
6704
7194
7263
7193
7054
6705
6983
6705
6704
6635
6704
6704
6634
6775
6286
7193
6775
7054
6635
7054
6635
7054
7263
7054
7123
7124
6216
7054
7123
6705
6564
6565
7123
6774
6634
6705
6635
6704
7193
7124
6635
6635
7123
7054
6565
7124
6565
6774
6845
6705
6635
7054
7193
6774
6565
6705
6775
6775
6634
7613
6635
7054
6635
6704
6635
6704
6704
6285
6705
6634
7054
6565
6635
5657
6775
6775
6774
6635
6635
6704
6635
6704
6775
6705
7124
6564
7193
6705
6635
6705
6145
7263
6634
6704
6565
6844
6774
11943
6704
7054
6774
