13898
13199
20253
14317
12920
13409
13270
13270
12850
12850
25212
13269
12851
13409
20533
12990
12921
13828
13410
13340
12850
13758
14318
13270
13479
14876
12990
13480
13689
13270
14667
13270
23187
13968
12921
13269
13270
13269
12990
13199
12780
13339
13479
12990
13339
13409
12012
13340
13409
13339
12990
12921
13549
12990
13340
13200
13828
13339
13619
13269
12920
12501
13339
13410
13619
13480
13060
13479
12921
13758
13410
13409
17879
13689
13339
13479
13199
13479
13549
20393
12990
13479
12361
12991
12851
14247
13269
13060
12850
12990
12710
12920
13270
13759
13130
13339
13200
13340
12850
13269
12920
12921
13339
21511
13199
12990
13340
13269
13410
13828
12781
13200
13409
12921
12990
12851
13758
13269
12990
13270
13409
13479
13409
13619
12991
13339
12851
13479
13479
13200
13270
13480
13200
13200
13269
13199
13269
12851
13270
13339
13270
13270
12990
13269
12990
13269
13269
12920
13199
12991
13270
13340
12850
13200
12851
13340
13270
12711
13269
13060
13339
13199
12990
13549
13200
12990
13479
12990
12920
12990
13339
13270
13269
13060
12710
13479
13339
13130
13060
12851
12850
13479
13479
13967
12781
13340
13200
13828
13409
13200
12921
13479
12641
12920
13829
12921
12780
12990
13270
12921
13269
13340
13340
12990
13270
12920
12781
12921
13340
13409
13410
13479
13269
12920
13270
13479
12851
13269
13270
13130
13060
13270
13270
12781
13339
12990
13340
13339
12781
12850
13340
12851
12780
12920
13269
13340
12850
13269
13130
13270
12851
13200
12781
13340
13409
13270
13409
12990
13409
12990
13689
13270
13340
13269
13479
13270
12990
12991
20672
12921
12990
12851
15854
13200
13410
13200
13479
13269
13479
13339
13270
13410
12991
12711
13200
13130
13409
13828
13270
12711
13339
13340
13200
13270
13409
11943
13479
13269
12850
12710
12990
13340
12851
13269
13758
13199
13339
13619
13759
13060
13340
13409
13340
13339
13130
13409
13270
12990
13339
13130
12990
12920
13270
13270
13339
37644
12781
13270
13409
13479
13340
12991
13199
13758
13200
13269
12920
13269
12991
13269
13968
12781
13479
13130
12850
13479
13269
13269
12920
12920
20533
13409
13339
13129
13758
13200
12780
12781
12920
13129
13410
12990
13269
13340
12990
12781
12920
12711
12921
13479
13130
12711
12711
12920
13339
12990
12990
12920
12991
13409
13409
13479
13479
13479
12920
12851
20882
13130
13200
13200
13409
12991
13270
12990
12990
13270
13129
13759
13060
13060
13410
12990
13409
13340
13270
12781
13269
12781
13270
12780
13479
13130
13409
12781
12781
12711
13200
13270
12851
12921
13269
12780
12990
12990
13340
13270
13200
13270
12920
13339
13479
12781
12711
12991
13269
12990
12781
13409
13270
13689
13340
12990
13269
12920
13200
13130
13270
13619
12991
13200
13339
13340
13619
13409
12850
13340
13270
13410
13130
12850
13130
12851
13269
13339
13269
13339
12990
13269
13759
12851
13270
13479
13409
13130
13340
13270
13200
13759
13200
13270
13270
14387
12990
12921
13060
13060
13689
13060
12920
13340
12990
12780
13200
13340
13340
12711
13270
12920
13270
13269
13060
13060
13339
13689
14107
14945
12990
12990
12920
12781
13340
13200
12991
13339
12920
12920
13409
13479
12291
13270
13479
13200
13409
13339
13898
13130
13340
13130
13479
13200
14456
12920
13340
13339
13339
13199
13479
12990
13339
13129
13340
13549
21860
12990
12851
12851
13200
12780
13479
13340
13340
13339
13269
13200
12711
12851
13269
12990
13409
12851
13409
12991
13339
12920
13409
13270
13270
13340
13339
13200
13269
13200
14736
13269
13200
13200
13269
12850
13479
12921
13270
13409
13479
13340
12920
13479
13270
12850
13269
12851
13269
12781
13689
13339
12921
13200
12780
13339
13269
13479
13269
12850
13269
12920
13339
12851
13270
13479
13200
12781
13409
13618
12990
13619
12850
13269
12990
12920
13339
13479
13270
13200
12781
13130
13270
12851
12780
13270
13270
12990
13479
13829
13479
12990
12920
13409
13480
13129
13270
13479
13339
13409
12781
12850
13270
13270
13479
13269
13060
13339
13199
12851
13270
13270
13130
13270
12991
12990
13130
13270
12920
13479
12990
13409
12990
13270
13340
13269
13199
13898
13619
13340
13269
13270
13480
13410
13479
13339
12851
13270
12921
13130
12990
13479
12990
12990
23467
13688
13340
12851
12851
13968
13200
13688
13270
13199
12990
13409
13339
13409
13479
13758
13199
13270
13409
13409
13409
12990
12990
13130
20533
12850
13340
13269
13689
13060
13200
13479
15225
13270
13340
13409
13270
13340
13758
12851
13479
13269
13479
12990
13340
13759
13339
14946
14806
13269
39669
14736
13480
13130
13270
13479
13479
13200
13269
13409
14038
13479
12851
12990
13270
13339
12851
12921
13340
13060
13340
12781
12990
13060
13339
12921
13339
13340
34431
13828
13340
13339
13409
13270
12850
12781
13339
13339
12780
13199
13409
12921
13270
13340
12991
13130
13339
12851
13409
13479
12781
13270
13899
12920
13410
13479
13130
13549
13270
12990
13758
12013
13409
13758
12990
12921
12851
13200
12991
12781
13130
13340
13339
15016
12991
13269
12990
13479
13409
13269
12921
13479
12850
13270
13479
13270
17041
13479
13269
13339
12991
12851
13339
13340
13200
13410
13270
12850
13479
13270
12921
13269
13340
13479
12781
13060
13339
13339
13200
13270
12921
12781
12990
12990
13199
12921
13759
12990
13688
13270
13200
13409
12990
12991
13060
13200
12990
13130
13199
13200
13270
12781
23047
12781
13619
12990
13130
13270
13200
13269
12711
12990
12921
13270
12920
13339
12990
13270
13339
13479
12291
13339
13339
12850
13339
13339
13340
13479
13200
12920
12920
13339
13410
13689
12990
15155
13409
12850
13270
13200
13269
12921
13200
12920
13339
13479
13339
13060
13409
13479
12991
13968
13479
13200
13479
13479
13409
13270
13479
13270
12921
12990
12920
13199
12851
13200
13060
13200
12780
12851
13270
12711
13060
12990
13130
12851
13269
13200
13269
13339
13200
12990
12990
13409
12781
13061
13200
13199
12990
13479
13270
12990
12990
12991
13339
13130
13479
13339
13339
13270
13060
13130
13269
13269
13270
12781
13480
12850
13269
12920
13688
13479
13269
13200
12851
13410
13060
13410
13130
12850
12920
13270
13060
12711
13339
13199
12921
12990
12990
13410
13269
12850
12850
13200
13339
13200
12990
12921
13269
12990
13060
12991
13269
12851
