29962
29753
37226
29613
30451
29753
29543
35270
30032
30032
29613
29612
29613
29543
30102
30032
30032
29543
30102
29543
29893
30032
29543
30521
30032
29613
29753
30031
30102
30032
29543
30102
30032
30521
29613
29613
30032
29822
29543
30032
29613
30032
31009
29613
29473
29962
29543
30032
30451
29543
65441
29612
37855
30032
30102
29613
29962
29893
30032
29543
30102
29892
30032
30032
30521
29543
29613
29543
29124
29543
30032
30032
29613
29543
30032
29543
30521
37715
30032
29543
29613
29613
30032
30031
29334
30102
29124
30102
30032
29543
29543
30032
29543
29543
29543
29613
30032
29963
32406
29404
29962
30521
30032
31987
29613
29543
29613
30521
29683
29543
29543
29613
30102
30381
29752
29612
30731
30032
29055
29543
29613
30032
30032
29543
29544
29613
30312
54896
30101
29613
32965
30032
30032
30451
29613
29544
30032
29962
29962
29543
30102
29543
29683
29962
30032
30102
29823
37155
29892
29613
29543
29543
29613
29543
29962
29544
30032
29963
30032
29613
29543
29543
30032
29544
29543
29892
29543
29543
29054
30032
29613
30032
45677
29403
37575
30032
30032
29473
30591
29613
30032
29543
29613
29543
30102
30521
29543
30032
29613
30102
29822
30102
29543
30032
34432
30102
29613
29612
30102
30032
30032
29822
30102
41346
30032
30521
29753
29892
30032
31918
29403
30102
30032
29543
29543
30242
30032
30101
30311
30032
30101
30032
30102
29543
30521
30032
30102
29543
30032
30311
30451
29543
30032
29612
29473
29962
30032
30591
29892
30032
30032
29333
29543
30032
30521
30032
29613
30102
29403
29054
30102
29822
29543
29403
29822
29683
30241
29473
30032
29613
29124
29543
29474
29544
30032
29543
29962
30102
29124
29613
30102
30032
29613
30520
29543
51613
29543
30032
29543
29474
30101
29962
29543
29543
29543
29823
29543
37715
30032
29752
30032
29613
29613
30521
31429
30032
29543
30032
29613
29613
30102
30032
29543
30032
30102
29473
29613
67188
30032
29612
40648
29962
29822
29334
29543
30032
29474
29962
29962
29613
30032
30031
29543
29474
30032
30032
39461
29823
30032
29543
30032
29333
29613
30032
30521
29613
29543
30102
30032
30101
29822
29543
30032
29543
29543
30032
29612
29543
29613
29543
29124
29962
30032
30032
29543
30032
29962
30032
29543
30032
29823
29962
29892
29543
30032
30241
29962
29543
30032
29543
29682
30102
33314
55804
29543
29543
30102
29543
29753
30032
29543
29822
30032
29822
30312
30520
30032
30101
30032
29543
30032
29543
29543
29613
29962
29543
29543
29613
29823
29612
29543
29543
29613
30032
32476
29962
29613
29613
30451
29473
29613
29613
30032
29543
31499
29543
29613
30032
30520
29403
29962
29613
39042
29613
30520
63416
29543
29613
30311
29823
29613
29543
29054
78642
29613
30102
29823
30032
29962
29613
29752
30521
37645
30032
29543
29612
30032
29055
29543
30032
29612
29753
30032
29613
29823
29543
29473
30102
29613
29543
38693
29822
29962
29543
29543
30452
32686
29613
29962
30032
30032
30032
29613
29333
29962
29893
30102
29613
29963
29613
29752
32756
29613
29334
30521
29474
31428
29613
29543
30032
29613
29543
30451
30521
30451
29543
29613
29962
30101
29543
29613
30521
29613
29124
30032
29543
29543
29822
30032
30032
29543
30312
29543
29822
29613
30451
29473
30032
29962
29403
29613
29543
29473
37296
30521
29962
30032
29962
30032
30032
29613
29822
29613
29543
29543
29543
38064
30032
30032
29543
30102
29822
30102
29613
29543
29613
29543
29613
29543
29543
29822
29543
29543
31499
30032
29613
29124
30032
29543
30101
29892
30032
29753
30032
28984
29613
29962
30032
30032
29543
29613
30032
30101
29962
69352
29892
29543
29613
30102
29892
29892
30102
29613
29543
29543
30521
29613
29543
30032
29543
29962
29543
29962
29543
29544
29753
29473
30032
30031
29962
29962
29613
29613
29334
30521
30032
29962
29892
30521
29124
29543
29543
30032
29124
29892
29544
29892
32407
29543
29124
29613
30102
29543
29543
30032
29613
29473
29613
29543
30032
30032
29543
30032
30032
29124
30102
30241
30032
29543
29613
37226
55734
30032
29544
30032
30521
29543
30032
29683
29823
29822
29124
30032
30102
30101
30032
29194
29613
29543
29962
30451
29682
29333
29613
29474
29124
30102
52102
29054
29543
29683
30032
30032
29473
29473
29963
29194
29543
30032
29543
29963
29613
29752
29124
29124
29613
30102
29543
29403
37505
29823
29543
30032
29543
29543
30032
31499
36178
29543
30032
33384
30032
29613
30032
29543
29962
33314
30032
29683
29543
37575
29613
29473
29543
29543
30032
30451
30591
29543
29613
29613
29543
29333
29543
29124
29334
30032
30032
30102
29543
30031
29822
29543
29613
29543
29403
30590
30102
29613
29823
29613
29473
30102
30032
30101
30032
30032
29613
29543
30032
29962
30032
30521
29543
29544
29613
29333
29543
32476
29962
29544
30032
30032
29612
29613
29543
29124
30591
29543
29823
29613
29962
30521
29543
29473
30520
30102
30381
29962
30311
30032
30521
30521
30032
30032
30521
29543
30311
30032
29613
30032
29543
30102
30312
30521
29962
29613
29612
29613
30032
30032
29613
29822
30940
30032
29822
30521
30032
29613
30102
29753
30102
31917
30102
29543
29543
29823
30521
29613
30102
29613
30032
29543
30101
30032
29613
29822
29543
29963
29613
29543
30032
30032
29613
29543
30032
30939
29473
30242
29962
30520
30032
29334
30102
29543
29613
29543
29543
30032
29613
29613
32896
29543
29892
29543
33384
30032
30032
29474
29543
37505
29543
29543
30032
30101
30102
30032
30032
30032
30032
30102
30032
30102
29543
32476
30032
29683
29613
29543
29962
29613
29613
29473
29543
37714
29823
30032
29473
29822
29543
29613
29543
37855
29822
29962
29822
30032
29543
29962
30032
29613
30521
29543
29543
29334
30032
29543
29822
29543
30031
30381
29613
29473
29823
29543
31010
29613
30311
29613
29543
29543
29543
29613
30032
30521
30032
29474
29543
29543
29962
29333
30032
30102
30032
29334
29543
30032
29822
29962
40019
30032
29613
29543
29613
29893
29612
29543
29543
29613
29404
30032
29403
29124
29823
29124
29543
29822
34851
29962
29543
29613
29613
29962
29543
29543
29334
29543
29613
29544
29822
37784
29543
29543
30032
29613
30032
29124
29613
30032
29543
31009
30032
29613
29613
29543
30032
29473
30312
29613
29683
29892
29962
31079
29613
30032
29404
29613
29543
29473
30032
