5308
27866
5797
5727
5727
5587
5168
5657
5727
6146
7124
15713
6146
6565
7123
5726
57198
9498
6216
17250
13829
7194
6215
5727
11593
7054
6146
5587
5727
6704
5727
5727
5657
5377
5657
5657
5796
5657
5307
5377
5727
5727
5797
5308
5378
5727
5797
5796
5588
6076
5657
5727
5238
5308
5588
5797
7612
5657
5797
5657
5657
5168
5727
5378
5797
5727
5657
5378
5378
5726
5657
5657
5797
5587
5727
5796
5727
5587
5796
5657
5168
5727
5238
5657
5727
5796
5727
5657
5726
5657
5796
5727
5378
5727
5797
5378
5727
5727
5378
5797
5238
5587
5796
5657
5657
5796
5099
5727
5797
5307
5657
5727
5238
5657
5727
5727
5726
5657
5588
5866
5726
5727
5727
5238
5797
5727
5657
5797
5308
5657
5797
5587
5587
5797
5726
5797
12501
7752
6216
5657
5238
5238
6146
5796
5727
5238
5796
5797
5656
5866
5238
5727
5727
5727
5168
5238
5727
6146
5727
6076
5657
5657
5797
6215
5308
5657
5657
5657
5797
6145
5168
5727
5727
6146
5168
5657
5308
5797
5657
5727
5518
5727
5727
5308
5726
4749
5796
5307
5168
5867
5308
5657
5657
5238
4330
5727
5587
5657
5726
5168
5727
5307
5727
5796
6215
5727
5727
5168
5168
5797
5657
5796
5238
5656
6704
5727
14805
7612
7682
5657
5657
12361
7682
5727
5168
8241
7124
5797
6565
6146
5727
6285
5587
6145
5727
5657
5657
5657
5238
5238
5656
5378
5726
5727
5727
5308
5657
5307
5657
5587
5727
5308
5727
5727
5168
5657
5237
5308
5657
6145
5727
6704
5308
5168
5727
5796
5308
5308
5797
5307
5238
5657
5727
5378
5657
5657
5168
6215
5168
5727
5657
5727
5657
5587
5307
5657
5727
5587
5657
5378
5726
5797
5587
4749
5797
6146
5657
5727
5656
5727
5657
5727
5238
5796
5308
5308
5657
5308
5657
5308
5796
7194
5726
5308
5308
5726
5168
5657
5377
5797
5168
5657
5726
5726
5657
5727
5797
5796
5657
5308
5796
5657
5308
4888
6774
5727
6215
5796
5587
5168
5727
5587
5657
5238
5727
5657
5657
5727
5587
5168
5727
5308
5657
5727
5307
5796
5657
6355
6286
5657
5657
5168
5308
6146
6285
5308
5797
5726
5797
5797
6285
5867
5238
5308
5796
5727
5797
5657
5727
5727
5727
5308
5657
5657
5727
5727
5657
5307
5657
5727
6775
5797
5727
4819
5238
5238
5377
6216
5238
5657
5657
5797
5378
5796
5796
5168
5657
5727
6774
5797
5168
5727
5796
6216
5726
5797
6705
5797
6216
5727
5797
5797
5588
5378
5657
5797
5238
5657
5727
6705
5308
5657
6146
5726
5656
6146
5727
6775
5727
5657
5727
7263
5727
6216
8171
5796
5727
5657
5727
5656
5238
5657
5308
6216
6076
4819
5238
5796
5727
5797
5168
5796
5797
5657
5796
7682
5726
5657
5866
5797
5657
5238
5796
6076
5726
5308
5657
7123
5587
5308
6565
6216
5867
5657
6286
5587
5657
5587
5866
5657
5726
6076
6146
5238
5657
12850
7542
5657
5587
5308
5587
5168
5657
5726
5797
5657
5657
6286
5238
5238
5308
5797
5238
5726
4889
5308
5587
5308
5796
5797
5797
6146
5797
5796
5797
5797
5657
5797
5727
5587
5727
5307
5726
5797
5727
4260
5727
5726
5238
5307
5237
5308
5238
5657
5307
5587
5168
5308
5727
5657
5587
5657
5657
5796
5168
5727
5657
5797
5377
4190
5657
5587
5727
5308
5657
6006
6355
5797
5657
5657
5587
5727
5657
5657
5657
5587
5796
5726
5727
5657
5378
5587
5307
5168
5308
5308
5657
5657
5657
5727
5657
17670
7054
5238
5797
5308
5657
5657
6565
5657
5378
5238
6146
5657
5727
5797
5726
5308
5796
5657
5168
5657
5796
5727
5657
5657
5308
5308
12711
5797
5657
5866
5238
5657
5657
5657
5797
6146
5308
5727
5308
5307
5657
5587
5238
6286
5238
5307
5797
5657
5238
6216
5727
5588
5727
6216
5657
5726
5797
5797
5168
5308
5727
5727
5797
6215
5657
5727
5797
57617
10825
6705
12781
5726
5797
9219
10825
6704
5308
5308
25002
8521
5238
5657
25561
8171
6705
5168
5238
5727
5727
5657
5657
5307
5727
5727
5657
5657
5797
5378
5657
5308
5657
5238
5727
5168
5657
5727
5796
5727
5657
5308
5727
5308
5238
5796
5797
5797
5238
5168
5378
6146
5726
5168
5587
5657
5587
5726
5797
5727
5168
5657
5588
5238
5727
5727
5238
5727
5307
5587
5727
5727
5797
5238
5727
5657
5727
5726
5727
6146
5657
6146
4819
5797
5308
5238
5378
6076
4749
5168
5307
5727
5657
5797
5657
5727
5169
5727
5867
5727
5727
5796
5587
5727
5796
4889
5308
5727
5657
5657
5727
5587
5797
5308
6775
5866
5796
5726
5726
5727
5727
6215
4888
5308
5238
5238
5727
5308
4679
5657
5587
6565
5657
4819
5727
5727
5796
5726
5168
5726
6635
5726
5796
5657
5657
5727
5587
5796
5238
5867
5657
5797
5308
6145
5727
5657
5727
5796
5727
5238
5726
5237
6146
5657
5796
5657
22977
6215
5727
5587
5237
5657
5308
5377
5726
5169
5308
5657
5657
5308
5168
5098
6145
5727
5238
5238
5377
5797
6076
5657
5727
5657
5657
5657
5378
5796
5727
5726
5657
5797
4819
5377
5657
5308
4749
5587
5168
5168
5308
5727
4749
5657
5517
5657
7612
14876
5657
5307
5727
5238
5727
4819
4679
5867
5797
5657
5657
5657
6076
5657
5727
5308
5727
5307
5238
5727
5796
5797
5727
5308
5727
5797
5657
6146
5238
5797
5238
5727
5238
5238
5797
5727
5726
5238
6145
5238
5727
5238
5657
5657
5797
5797
5727
5168
5587
9568
5657
4749
5168
5727
5796
5797
5727
5308
5726
5726
5587
15155
5238
5727
5727
5168
5727
6216
5727
5866
6216
6216
5727
6076
5726
5308
5726
5797
5307
5796
5657
5587
5797
5657
5727
5657
5587
5727
5308
4750
6216
5657
5238
5657
5238
5796
5797
5308
5726
6146
5657
5797
5796
5308
5308
5308
5308
5727
5587
5587
4819
5656
5238
6355
5238
5587
5657
5796
6844
7613
7194
7543
8171
7752
