1886
2444
1397
1886
1886
1397
1396
1466
1397
2374
1467
1467
1956
2445
1955
1397
2445
1397
1397
1955
1885
1467
1467
1397
1466
1886
2444
1886
1466
1396
1955
2445
1467
1397
1467
1466
1886
1955
2375
1956
1885
2305
1886
2375
2305
1467
1885
1816
1397
1955
1397
1397
1467
1886
2374
1886
1885
1885
1397
1466
1397
1885
1955
1467
1467
2305
6076
2444
1397
1397
1397
1467
2375
2375
1467
2374
1396
2374
1886
1396
1397
1816
1885
1397
1466
1466
2445
1885
1396
1886
1886
2375
1466
1467
1956
1886
1397
1886
1886
1955
1956
1885
1886
1886
1397
1886
1885
1886
1397
1955
1956
1467
1955
1467
1955
1467
1955
1886
1396
2863
1956
1955
2375
1885
1886
2375
1466
1467
1886
1467
1885
1956
1397
1886
1397
1466
1885
1397
978
1885
1886
1886
1467
2794
1397
2444
2375
1467
2794
1886
2445
2375
1816
2445
1886
2793
2864
2444
2794
1955
1466
1466
1467
1955
1816
1397
1956
1397
1467
1397
1397
1467
1466
1955
1397
1397
1956
1955
1466
2374
1397
1886
1955
1467
1885
1886
1885
1955
1466
2444
1886
2375
1885
1397
1397
1955
1886
1467
1467
2374
2375
1886
908
1886
1397
1886
1886
1397
2444
2374
1886
2375
2445
2793
2374
2444
1955
1886
2374
2374
2374
1467
1955
2374
1466
2375
1397
1467
1956
1955
1816
1397
1886
1397
1956
1885
1397
1956
1956
1886
1397
1955
1397
1886
1467
1886
1886
1886
1956
1886
1397
1955
1397
2445
1955
1885
1467
1955
2305
1956
1466
1467
13340
2374
2375
1885
1956
1886
1467
1886
2375
1886
1885
2444
1467
1886
1886
1886
2374
1466
1886
1886
1885
1397
2374
1467
2444
1886
1396
2933
1956
2305
2934
1397
1467
1886
1886
1885
1396
1886
1397
1467
2374
1467
1886
1467
1885
1467
3353
1886
1886
1397
1467
1955
1956
978
1467
1397
1466
1467
1467
1886
1886
1886
1397
1396
1886
2863
2375
1886
1885
1397
1397
1396
1886
1466
1886
1886
1397
1886
1886
1885
1466
2375
2374
1396
2863
1955
2863
1885
1955
2374
1397
1467
1467
1397
1886
1886
1467
1886
1955
1956
1467
2444
1956
1886
1397
1886
1886
1467
1816
1885
1885
1956
1467
1466
1886
1885
1956
1467
1886
1886
1956
2374
1886
1467
2374
1956
2374
1885
1886
1886
1955
2374
1955
1886
1956
1956
1886
1956
1886
1955
1886
1956
1396
1886
1955
6216
1955
1885
1885
1955
1955
2374
1956
2374
1955
1886
1955
1956
2305
3772
2444
1466
1886
1955
1886
1886
1885
1886
1816
1816
1886
1467
1886
2375
1397
1467
1886
1397
1886
1956
3352
1886
1956
2863
1467
1955
1397
2863
1886
1886
2864
1956
1886
1885
1886
1956
1467
1885
1466
2375
1816
2375
1956
1467
1886
2864
2864
2375
1467
2864
1397
1397
1466
1886
1397
2374
2375
1397
1886
1467
1956
1466
1467
1886
1886
1467
1396
1467
1886
1397
1397
1885
1397
1397
1397
1397
1956
1886
1466
1886
1886
1467
1397
2375
1397
2445
1467
1397
1397
2305
1466
1397
1886
2375
1396
1886
1885
2374
2793
1885
1397
1955
1885
1467
1955
1886
1397
1396
1466
1885
1397
1396
1815
1956
1885
1467
1467
1885
1885
1886
1467
1885
1955
1885
1467
1956
12013
1886
1397
1885
1467
1886
1397
1466
1397
1886
1467
1885
1956
1467
1816
1886
1885
1956
1885
1886
1397
2445
1886
1467
2375
2374
1886
1816
1397
1466
1886
1886
1816
1956
1816
1956
1886
1886
1955
1816
1467
1956
1886
1467
1886
1885
1886
1467
1466
1466
1886
1886
2793
1955
1886
1466
1816
1886
2444
1885
1816
1955
1397
2374
1886
1956
1955
1467
1467
1886
1955
1885
1886
1397
1467
1886
1396
2444
1467
1886
1886
1956
1886
1956
1467
1956
1467
1397
1885
1885
1397
1886
1956
2375
2445
1956
1886
2374
3841
1955
2374
1886
1467
1397
1886
1397
1886
1885
1397
1467
1466
1886
1397
1467
2375
1396
1886
1397
1467
1397
1885
1816
1397
1397
1467
1955
1886
1886
2794
1886
1886
1885
1885
1467
1956
1955
1467
1467
2375
2445
1955
1397
1886
1466
1885
1885
1885
1397
1397
1816
1397
2375
1397
1886
1396
1467
2375
1467
1467
1467
2375
2375
2374
2375
1956
1397
2374
1956
1397
2305
1467
1956
1397
5727
1816
1955
1885
1886
1955
1466
2863
1816
1466
1886
1397
1885
1467
2374
1956
2375
2374
1886
2375
2304
2374
2444
1956
1397
1396
1466
2375
1885
1816
1885
1886
1467
1397
1397
1397
1467
8101
1397
1396
1397
1955
1886
1467
1397
1886
1397
1467
2375
1467
1397
1886
1956
2374
1886
1815
1956
1467
1885
1397
2374
2375
1886
1956
1885
1397
1955
1956
1886
1397
1886
1886
1816
1397
1467
1886
1955
1466
2794
2375
1467
1467
1467
1397
1886
1467
1397
1885
1955
1956
1397
1885
1886
1886
1467
1956
1396
1885
1467
1397
1955
1467
1886
1396
1397
1466
1885
1885
1886
1466
1956
2445
2374
1886
1955
1885
1816
1397
2375
1956
1396
1467
1397
1886
1397
1396
1955
2374
1466
2444
1956
1886
1886
1467
1467
2374
1397
2374
1816
1467
1955
1885
1816
1815
1886
1886
1885
1397
1466
1886
1397
2305
2445
2375
1885
1955
2375
1885
2374
1955
2374
2375
2375
2374
1886
1397
2375
1467
2375
1886
1956
1467
1886
1955
1467
1467
1886
1467
1886
1466
1885
1466
1816
1886
1886
1397
1955
1956
1397
1816
1466
1397
1886
1397
978
1397
2374
1397
2374
5238
1955
2374
1467
1886
1955
1466
1886
1815
1816
1885
1816
1466
1886
1467
1955
1955
1886
1396
1885
1397
1885
1956
1397
1886
1466
1955
2375
1886
1886
1886
1466
1466
1886
1396
1397
1886
1466
2793
1956
1956
1885
1466
1467
1886
1467
1955
1956
2375
1886
1885
1467
1885
1886
1886
1886
2445
1886
1816
1397
1467
1886
1397
1885
2375
1467
1886
1885
2445
2445
2793
2375
1467
2374
2375
1466
2444
1397
1467
1885
