1886
1397
1955
1466
1396
1885
1886
1886
1466
1467
1886
1467
1467
1956
1396
1885
1886
1815
1397
1955
1467
1885
2444
2375
1397
1886
1467
2444
1886
1885
1886
1397
1955
1397
1397
1396
1956
1397
1955
1886
1816
1886
1955
1396
1466
1467
1885
1886
1956
1467
1397
1955
1396
1466
1886
1467
1885
1467
1467
1397
1397
1886
1396
1955
1466
1396
1885
1466
2375
1955
1397
1397
2305
1397
1886
1885
1397
1397
1886
1885
2375
2863
1886
1466
1955
1885
1886
1886
1886
2445
1886
1886
2794
1397
1956
2374
1955
1466
1956
1397
1396
1886
1886
1886
1816
1396
1467
1885
1466
1885
1886
1956
1467
1397
1955
1886
1886
1886
1397
1397
1886
1886
1955
1886
1886
1886
1885
1885
1467
1886
1955
1397
1956
1886
1886
1886
1466
1397
1885
1467
1885
1886
1467
1886
1397
1886
1955
1467
1467
1467
1885
1397
1467
1955
1886
1886
1397
1886
2375
1397
1955
1885
1886
1886
1397
1467
1955
1886
1467
1816
1955
1397
1466
1956
1956
1397
1885
1466
1467
1885
1885
1956
1886
1466
1885
1956
1886
1956
1886
1886
1886
1397
1816
1956
1886
1467
1886
1397
1886
1397
1467
2375
1885
1956
1885
1396
1956
1467
1397
1886
1885
1886
1955
2375
1467
1956
1466
1816
1886
1885
1886
1396
1886
1885
1956
1955
1885
1886
1467
1956
1397
1397
1956
1886
1886
1467
1955
1886
1885
1886
1467
1886
1467
1886
1885
1467
1886
1885
1886
908
1886
1466
1955
1886
2793
1466
1955
1886
1886
1397
1466
2445
2864
1467
1885
2794
1886
1467
1956
1885
2375
1816
1816
1955
1397
1955
1956
1397
1885
1886
1886
1956
1956
2444
2445
1467
2445
1886
1885
1396
2375
2374
1886
1886
1956
1886
1466
1886
1956
3353
2444
1467
1467
1886
1397
2444
1956
1466
1397
978
2445
2375
1466
1955
1816
1886
1886
1815
1397
5308
2863
1955
1956
1466
2864
1816
1467
2375
1397
1467
1466
1955
1886
1886
1956
2933
2375
1885
1816
2793
2375
1886
1956
1467
1886
1397
1956
1886
1397
1397
2305
1815
1467
1467
1816
1886
1816
2445
1886
1886
978
1886
1467
1886
1955
1886
1885
1955
1397
1956
1397
1466
1886
1397
1467
2375
1886
1816
1956
1885
2444
1467
1467
1886
1886
1955
1955
1955
1396
1886
1885
1397
1885
1466
1886
1886
1467
1886
1466
1467
1397
1467
1886
1956
1467
1816
1467
1397
1885
1466
1886
1955
1466
1397
1397
1467
1885
1885
1956
2374
1956
1397
1467
1466
1467
1396
2445
1467
1397
2375
1466
1955
2375
1885
1466
1956
2375
1955
2863
1815
2863
2374
1397
1467
1466
2934
2864
1955
1396
1397
1397
1816
1885
1886
1397
1886
1467
2375
1397
1885
1397
1467
1885
2444
1397
1885
1956
1467
1886
1467
1956
1467
1955
1467
1816
1886
1397
1885
1397
1886
1956
1466
1885
1886
1886
2375
1886
1467
1885
1397
1397
1467
1956
1397
1956
2444
1956
2374
1886
1397
1397
1397
1397
1886
1885
1886
1886
1816
2863
2374
1886
1885
1467
1816
1886
1886
1886
5378
1885
2794
1886
1956
2374
1956
1886
1885
1956
1886
1886
2375
1886
1956
1886
1816
1885
1816
1466
1886
1886
1467
1956
1886
1886
1956
1956
1886
1956
1956
1815
2375
1886
1955
1955
1886
1816
1955
1956
1886
2375
1956
1886
1886
1955
978
1886
1886
1886
1886
2864
2444
2374
2375
1886
1956
1886
1955
2375
1886
2374
1885
1886
2375
1886
1885
2305
1885
1467
1397
2793
1397
1816
1816
2375
2374
1467
1886
1886
1466
1886
2444
1956
1955
2374
1956
1885
1886
1886
1816
1886
2305
3841
1885
1886
2305
1956
1956
2864
1885
1885
1886
1956
1955
1886
1955
1466
1956
2794
1955
1886
1956
1886
1886
1397
1886
1885
1885
1815
1885
1956
1886
1955
1955
1886
1886
1467
1955
2793
1955
1885
1397
2794
1886
1956
1955
1816
1886
1885
1885
1466
1886
1886
1816
1955
1886
1886
1955
1886
1886
1467
1467
1886
978
1466
1397
1886
1885
1886
1886
1886
1886
1885
1815
1886
1886
1886
1886
1886
1816
1396
1886
1396
1886
1397
1397
1885
1955
1886
1885
1397
1886
1956
1886
2374
1467
1886
1886
1885
1955
1397
1956
1955
1397
1886
1467
1956
2863
1467
1886
1816
1467
1956
1956
978
1956
1886
1467
1886
1886
2864
2374
1955
1885
1955
2375
2934
1397
2375
1397
1467
1956
1467
1885
2304
1886
1885
1466
1397
1816
1396
1886
1886
1467
1885
1467
1886
1886
1467
2793
1955
1955
1886
1885
1396
1886
1956
1397
2375
1956
1886
1397
1886
2933
1956
1885
1397
1886
1955
1885
1886
1886
1816
1467
1955
1397
1885
2444
2445
2375
1885
1886
1886
1886
1466
2864
2375
1396
2444
2375
1397
1886
1885
1885
1467
1885
1467
1886
1467
2375
1886
1816
1955
1467
1466
1397
2304
1956
2445
1466
2375
1816
1886
1396
1467
1466
1466
2375
1956
1885
1886
2444
1466
2374
1816
1397
1956
1885
1816
1397
1886
1397
1467
1955
1397
1397
1886
1467
1886
1467
1956
1397
1885
1886
1956
1885
1885
1467
1956
1955
1886
1397
1886
1466
1397
1955
1955
1886
1397
1885
1466
1397
1886
1397
1396
1467
1886
1467
1886
1886
2374
1886
1467
1397
1886
1886
1466
1816
1886
1467
1885
1956
1886
1886
1955
1466
1467
1955
1467
1466
1466
1397
1885
2863
1886
1886
1955
1886
1955
1397
1955
1955
1467
1886
1467
1886
1885
1886
1886
1956
1956
1396
1397
1815
1397
1955
1396
1956
1467
1397
1397
1886
1397
1955
2375
1956
1467
1397
1956
1397
1397
1467
1956
1396
1397
1467
1886
1397
1466
1885
1466
1467
1885
1955
1397
1956
1396
1467
1885
1467
1886
1397
1956
1955
1886
1956
1955
1816
1466
1396
1467
1467
1467
1955
1467
1886
1397
1886
1886
1397
1397
1886
2794
2375
1886
1885
2374
1885
1886
2375
2375
1886
1396
2374
2444
1466
2444
1886
1886
1466
1886
1886
