21790
19136
20533
19486
19067
17949
19137
19276
29542
23885
27237
28634
26679
18368
17251
18368
18577
21790
19905
20254
36177
26120
21022
21301
23885
19695
25701
20114
22489
19486
18647
18298
18089
19974
21999
23397
25213
43930
28914
29054
22768
22209
21581
19346
25282
19625
22838
18647
18298
18088
24793
21999
18229
19276
20603
18507
18019
18787
17600
17251
17669
17321
18298
30241
19835
17460
18228
18228
18787
18717
19136
17949
25283
17670
22629
29472
22837
17949
17600
18018
18298
17390
17669
18159
18578
17740
17670
20883
18508
18507
17739
17600
17810
19485
17530
20393
26818
19975
16622
24235
17670
17740
17879
17599
18158
17530
17460
18996
23466
26679
28076
24724
19066
20673
20114
24863
24723
31009
40018
18578
21860
21441
18997
19136
18438
24933
25282
22488
26749
26190
23745
24863
19904
18857
20394
28634
23117
19416
25143
26050
23257
21371
29124
35269
28634
20533
20533
19486
24375
19136
17530
21371
22768
22837
18996
20813
30101
18996
18997
19136
24794
20184
18997
21860
25702
22349
22349
29542
31987
22279
20533
23048
24933
24444
24444
22978
20953
20603
21022
22209
22489
23327
26749
23466
21790
22838
18298
40019
17809
18229
20953
21371
24304
18996
23327
25772
29053
19625
17739
20394
20603
22908
22418
23955
28635
28146
20114
19974
19136
23327
25213
26749
24304
26120
24933
27936
23397
22349
31498
19137
19485
19066
23745
32895
23326
24305
25702
28076
20953
23047
36736
24863
24793
34431
19485
20464
27378
20533
18648
24723
20882
24793
18088
25283
22488
18088
18508
18158
23955
20882
24724
22349
18298
18438
18229
18717
25352
29123
25771
18927
19625
25841
23956
18927
19555
21790
31009
20393
20044
23815
18577
18368
17670
24444
20882
21371
18507
22629
18159
19486
22559
18508
22209
21371
18857
20882
25772
21930
18438
18088
17250
17530
18787
23397
19416
17599
17880
17390
17949
19416
17949
19625
25562
20463
18228
20812
21092
29054
22349
19974
18996
18996
18996
25212
24304
29053
27866
23606
25352
30101
20533
28705
25492
21231
30451
23745
20044
18577
19765
18438
19067
21441
22838
21092
28914
23467
18996
21441
18927
23536
24863
22489
26260
22698
18228
26190
18507
18507
17949
22489
25282
26679
22139
19485
19206
18926
20812
18229
17809
19626
18927
19485
18089
18997
17879
26330
22978
20393
18228
21441
18648
17739
19067
18717
18159
19765
19765
23815
16762
21442
30940
28215
29124
20044
23048
18717
20464
25701
22977
22908
26190
27098
21231
27098
25771
24654
29123
29543
27238
23885
28146
28984
20813
23816
19066
18438
23606
21581
19695
18647
20114
23187
21022
19835
22279
26190
18088
24304
18577
26679
22000
19485
24864
22908
18997
21092
18648
21092
19067
17879
19066
19485
21721
20045
19626
22908
20602
21371
24235
19486
26749
20812
20114
27238
20672
20393
18228
19834
18158
17041
18158
24724
18019
19626
21999
21372
19765
17600
18577
18508
26749
20044
19206
20603
21441
20953
49028
22838
20953
24793
25631
19136
25702
22838
18927
25282
27377
18229
18508
18228
24724
23815
28705
22349
19137
26260
20394
18997
20882
19485
20114
31009
29472
22768
19485
18717
19136
27587
18578
19975
25492
29124
23257
21861
23816
28425
19416
18578
19137
18857
17250
17600
17670
17600
17530
18019
17809
18508
19416
18508
18997
19625
18438
17740
19137
19066
17181
19067
25282
20533
19136
26889
18996
24864
22000
18368
17530
20044
18159
17530
17600
18228
20952
25491
26679
22977
20114
22139
26609
27168
20812
27028
23397
27238
28634
18927
18228
18647
23047
26679
22838
19904
20323
23327
24933
54406
29612
21930
25561
92887
20673
27657
30451
29054
30101
26958
27936
23326
31009
26748
29124
34780
21092
18577
29822
22419
23815
17599
23955
18438
18647
24724
19207
18019
22489
23466
30380
25911
29054
25980
24305
18997
22419
17739
18228
19625
19416
17460
18158
19067
17810
17600
18508
29053
20882
20952
22908
23327
31987
18996
18507
18717
18717
19136
18019
19486
18508
18159
18019
18019
18018
18647
18299
17530
17739
18438
17530
18159
18577
18228
18647
17320
18089
18019
17949
18019
17669
18158
17041
17530
18089
17111
17250
17250
18019
17949
17460
18368
27866
23745
27587
18228
25213
23327
22279
21651
22070
24793
19835
19974
19625
18019
25701
22768
34780
18508
19136
19695
17670
19416
29752
18578
19416
19136
23397
43860
17321
17390
20464
17530
17320
17809
29054
18717
17740
17530
17600
17600
18578
18578
18507
17251
17251
17810
17739
18089
17880
17949
18299
17041
17250
17599
17600
18089
18019
18578
24723
21091
19485
18019
18508
19136
20045
18089
22070
18019
17740
17739
18089
17740
20603
18088
18019
18018
17740
18018
17740
17530
17320
18088
17321
17111
17810
17949
17251
17530
17740
18019
17739
17669
19066
28356
19067
18089
17600
26120
26749
19415
19975
24305
28634
21022
19555
19556
17949
18717
19555
19975
26190
18787
50425
25701
19066
22838
25492
18718
22419
17460
19555
19067
18229
22419
18647
21022
17740
18647
17880
17600
24375
19136
18229
18508
17250
17530
17250
17251
17739
18996
17461
17111
19067
17670
17670
19695
18578
18158
17739
18228
17670
17181
17530
17180
18019
17180
18019
17251
17530
17739
17739
18089
17880
17251
18088
17041
20044
27657
25282
20464
69701
19136
25631
18507
18997
18927
17949
17670
18019
18228
18299
17670
17530
18508
17530
17670
17739
19136
27168
19206
18019
18089
17600
18717
17320
17600
18437
27098
21651
19905
19207
18647
17879
19136
18927
20044
18718
18158
18717
20533
26121
24165
22000
17670
17670
17530
24863
26679
32686
22908
18927
18717
18578
20533
22419
28076
20254
18019
17880
18438
17740
19625
18647
17949
28565
19066
24444
21371
21022
17530
17530
21161
17879
17041
18158
18089
17669
17669
27867
22209
17530
16483
18996
16971
23886
17600
17739
17530
18228
24793
32895
17809
17739
16762
18019
18717
19416
17669
19625
18229
18437
20953
17599
17670
18578
17251
17600
17600
17740
18229
17670
17460
19625
23676
18019
19626
20743
37714
22489
28076
20952
77802
25772
23327
26679
55733
20044
18647
19137
21790
17740
18438
26120
21511
18997
17460
17740
18717
18089
18717
18228
18088
28146
18717
17600
22489
23048
29054
18857
32965
22978
17530
17740
17251
17530
18298
17740
17599
18717
17250
17669
17809
18159
17739
17600
17600
17600
18019
22768
57688
29962
21371
