23954
24373
24373
23745
24443
26119
23884
24723
23745
24304
23745
24303
24025
24024
24373
23885
24303
24304
23745
24233
24234
24862
24024
27167
23745
23814
24443
31496
23744
23815
23884
23896
23826
23686
24176
23966
23757
25223
24385
24176
24245
24176
23826
23966
24315
23896
24385
23617
24036
24665
24245
27949
24874
24315
57084
23896
24734
24036
24245
24245
23826
24804
23686
23756
24315
23826
24735
24105
58971
24035
23756
23966
24315
23756
23826
24385
23966
24385
24315
33608
24524
23826
24384
24245
24384
23965
23966
23756
24245
24036
24315
23547
23337
23896
24315
23826
23896
24385
24106
24385
23826
23965
24385
24245
24315
24454
23895
24245
23825
24176
23825
23896
31512
23826
24385
23896
23966
24315
24036
23966
24594
24734
23966
24455
23896
23896
23826
23756
23965
23896
23896
24594
24315
23965
23895
24804
23826
24804
24385
24315
24245
23616
24245
24734
23826
23547
24315
23407
23756
24245
23826
23896
23896
23896
24385
23755
24384
23896
23895
23966
24454
24035
24245
23896
23686
24105
23825
23755
24314
24384
24804
23825
24384
23686
23546
23826
24245
23965
23965
25922
24314
24454
24315
23826
23896
23756
23755
23406
23826
23407
24105
23895
23966
24385
24245
24454
24105
24315
24384
24314
23965
24315
23755
25781
24175
23825
23755
23895
23826
24594
23755
24384
23756
23336
24804
23825
37729
23895
23895
24104
24315
24035
23756
23755
23756
23826
24174
23825
24524
24663
24385
23825
23895
24385
24314
32419
24384
24734
24315
23895
24244
23476
23825
24315
24314
24244
23966
23895
24245
23826
23965
23825
23336
24734
23826
24174
24105
24035
24315
23685
24314
24384
24524
24384
24245
24384
23965
23895
23965
23685
23825
23756
24454
23267
23826
24315
23825
24454
24385
23825
23895
25223
23755
24314
23895
23965
23895
24105
23895
24315
23895
24314
23755
24454
24314
24314
23965
24035
24873
23895
24244
23895
24244
24315
31929
24244
24244
23895
23895
24244
24104
24035
24803
23825
24314
24803
23685
23895
23895
24314
23895
24384
23895
23965
24314
23965
23825
23825
23895
23755
23686
23755
23965
23895
33187
24314
23895
24384
23825
23895
24244
24314
24804
24174
23756
23755
23964
23686
23895
23895
24314
24174
24314
23965
24245
24384
23825
23825
23825
23895
24174
23825
24034
23895
23895
23964
24384
23686
24244
23964
24174
24034
24314
23895
23685
24105
24314
23825
24314
24384
24873
23755
24384
23825
23965
23755
23755
24314
24384
23756
23685
23895
24314
23895
23825
23685
24314
24383
24384
24104
23825
24384
24244
24245
23964
24244
24943
24664
24034
24244
24873
24384
23964
23964
31999
24244
23965
23965
23964
23825
23755
23895
23825
24873
24244
24244
24244
25850
24174
23894
23545
23895
23824
24733
24733
24384
23894
23964
23894
23825
23965
23825
24244
24313
23964
23964
23965
24174
23894
23964
24383
23894
23825
24174
23755
23615
23824
23895
24384
24174
24314
23126
24104
24244
34305
24523
26759
24244
23894
24104
24383
24243
23895
24523
24244
24104
24314
24243
23964
24384
23475
24314
23825
24733
32418
24244
24244
23825
24314
24384
24244
24383
23825
23825
23825
23825
25781
24244
24034
24244
24314
24244
24523
24383
24244
24034
23615
23754
23964
23895
23964
23964
23894
24244
24104
24034
24733
23895
24383
24314
23824
25850
24034
23685
23755
24314
23894
23825
24384
23964
24243
23894
24244
23825
24243
24383
23754
24314
24453
24244
24384
24034
24174
24034
24733
23964
24174
23824
23825
24454
23824
24383
23754
24872
23754
24244
23964
24383
24174
23755
24243
23895
24803
24523
24313
23615
24733
23964
23824
23894
23894
23754
24453
23824
23754
24173
23754
24243
24314
23894
24313
23894
23964
23824
24174
24383
24313
23894
23475
25641
24733
24034
32837
24174
24243
23755
24104
24034
23824
24313
23964
24313
23755
24383
23754
23894
24243
23964
24872
24033
23824
24314
24384
24034
24802
24383
23405
23964
24383
24383
28925
23894
24314
24383
24243
24243
24313
24314
23894
24523
23824
23755
27177
23824
24313
24732
24523
24383
24523
31929
23894
24732
24174
24313
23964
24383
23405
23824
24383
24313
24243
23963
24313
24383
24732
24244
24802
33884
32906
32488
24313
23893
23754
23894
24243
23824
24383
24034
23755
24314
31998
25011
24802
24383
24383
24243
24383
24383
24173
23824
23824
23824
24243
24313
24802
24452
24383
23824
24243
24383
24313
23894
24523
23894
24592
23963
23963
23964
26339
33396
24313
24173
24173
23964
24802
23615
24173
24942
23963
24313
23894
24383
24313
23964
24243
23824
23964
23894
23894
24313
24034
24732
23754
34163
24382
24313
24243
24313
23894
24104
23824
23754
24173
23335
24382
23824
24033
24243
24313
24243
24243
24243
24103
24243
23824
24453
23824
24382
24313
24452
24313
24243
24033
23754
24243
24662
24313
25711
24383
24312
23894
24382
23963
24243
23893
31788
33116
24313
24522
24592
24592
24103
26688
23754
24523
23963
24452
24103
32976
23754
23823
24103
24312
23824
23894
23894
23545
23824
23474
26689
23824
23893
23963
23823
24732
23754
24382
24103
23754
24313
23405
23894
23754
23894
24173
24452
23614
23824
23754
23684
23893
23684
23614
23754
24103
23823
24802
23894
24732
23753
23824
24382
24172
23404
23474
23754
23824
23754
23823
24942
23754
23964
23823
23893
23893
23894
23334
24312
23474
24242
24312
23893
24243
23823
23824
23753
24383
23894
24313
23823
24242
24103
24033
24383
24382
24242
39194
23893
24033
24312
24662
24033
23754
23893
23893
23963
23964
24801
24802
23544
24242
23963
24103
24802
23823
23963
24382
24801
25709
23963
24313
23754
23684
23684
23894
24522
24243
24242
24382
23754
24103
24452
24382
23823
23684
23823
23893
24382
24242
23963
23823
23823
24243
23823
23823
25220
24383
23963
23893
23963
23754
24242
24103
23404
24173
24522
23754
23754
23265
23823
23823
24243
24313
23823
24173
23824
23893
23893
23753
23893
23824
23824
23894
23823
24382
24173
23894
24103
23823
24312
23893
58824
23753
31438
24032
24382
24243
23893
23894
23963
23893
24382
24382
24522
24383
24033
24313
24103
24312
23893
23823
23893
24522
24871
23963
24242
23823
24312
24382
24382
24243
24312
23544
24941
23753
23823
24382
23683
23754
24312
24313
31508
24102
24033
23893
23683
23823
23823
23963
24801
24242
31718
23893
23823
24242
24242
24662
24382
24242
23753
