20673
20463
20952
20044
20394
22488
20393
20393
20254
20463
21092
20533
20952
20952
21022
20463
20253
20463
20394
21790
20393
20952
20533
20603
20603
20673
19974
20533
20393
19974
21510
21511
19555
21022
20463
20393
20114
21022
20532
20952
20393
21021
20603
20114
20602
21022
20463
21021
20603
20393
19974
20393
20463
20254
20323
20602
20533
21511
20673
20184
20323
20044
20254
20533
21440
20463
29123
19905
20533
20602
19904
20812
21441
20603
20463
20672
48678
20114
19904
20393
20882
20603
20463
20184
20393
20672
20882
20603
20603
20393
20463
20532
20114
20463
20533
20951
20463
20393
20323
20253
19974
21021
20462
20602
20393
20603
19974
20533
21021
20113
20533
20533
20743
20533
20114
20393
20463
20463
20742
20533
21092
21022
20463
20533
21022
19974
20393
21930
20603
20393
21022
20463
20044
20952
20952
20603
20253
20394
19555
20463
20463
19904
20463
20463
20533
20532
20393
20952
20323
20602
20114
20882
20323
20952
21022
20254
20532
20463
20602
20812
20393
20394
21092
20602
20393
20603
20673
20603
20463
20533
20602
21790
19835
20393
20393
20533
20393
20183
20184
20463
20533
20532
20253
20463
20323
20463
20463
21022
20533
20812
20743
20533
20602
20603
21510
20463
20533
20324
21022
20533
20114
20114
20603
29123
20114
20394
20114
21162
19974
20532
20602
20463
20324
20323
20742
20533
21930
20602
20254
20952
20952
20603
23256
21440
20183
20324
21930
20743
23885
19974
20463
20882
20743
20463
20672
20882
20952
20533
20533
20813
20253
21022
20253
21511
20603
20463
20393
20463
20114
19975
20393
20324
20952
19904
20393
20812
20323
21021
20602
21161
20463
20253
20184
20951
20252
20323
20533
20877
20947
20388
20947
20109
20947
20388
20807
20389
20039
20947
20528
20388
20877
20947
20807
20319
20598
19970
20109
20459
20878
20808
22763
20319
20319
20319
20458
20388
20109
20598
20668
20528
20388
19970
20947
20529
20458
20318
19900
20459
20039
22413
24228
21017
20458
20877
20459
21017
20528
19970
19900
20458
19970
20318
20529
20528
20458
20528
20109
20598
20458
20528
20319
20040
20528
20528
20598
20458
20528
20529
20528
20598
20388
20529
20528
20598
20389
23461
20597
20529
20459
20388
20109
19969
19969
20458
21087
20528
20947
20598
20459
20528
20319
20389
21855
19969
20249
20389
20808
20319
20459
20319
20318
20528
20668
20528
20529
20598
20737
20528
20388
20109
21087
20807
20807
26184
20459
20319
20529
20458
21366
20528
21716
20179
20389
20319
20598
20528
20388
20109
20039
20389
20528
22274
20459
20877
20109
19969
21646
20528
20458
20389
20458
20458
20389
20528
20528
20459
20598
20528
20389
20947
20109
20529
20388
20389
20458
20528
20458
20877
21366
19550
21017
20528
20598
20109
20389
20110
20598
19970
20668
20109
20668
20388
20529
20389
20877
20598
20458
20599
20528
20389
20388
20529
20807
20109
27720
20528
20039
20947
21017
20458
20179
20738
19900
20319
20947
28418
20808
20599
20948
20040
21436
20948
20598
20319
20598
20249
20529
21296
20528
21017
20179
20598
20458
20598
20389
32399
21017
20738
19481
20319
20388
20529
20528
21017
20529
20808
20110
20388
20179
20039
20598
20878
20598
21086
20458
20878
20319
20598
20179
20458
20039
19900
20110
20528
20668
19969
20668
20947
20877
20110
20109
20388
20528
20389
20389
20598
20458
20529
20389
29116
20110
20388
20389
20598
20110
20109
20529
19411
20389
20319
28697
20598
20179
20389
20388
20458
20179
20668
20528
20388
20598
20529
20738
20877
20318
21087
20388
20668
21087
20528
20529
19970
20109
20389
20598
20528
20808
20459
21017
20459
20389
20039
20109
20110
20948
20388
20458
20459
19900
20319
20877
20598
20459
20389
20249
20529
20668
20528
20738
20459
20389
20458
20040
20040
21017
20528
20458
19970
20668
20389
19970
20528
20180
20389
29117
20319
20109
22484
20599
20528
20110
20459
20459
20738
20180
20458
20599
23740
20179
20528
20528
20459
20179
20598
21087
20389
20319
20877
20249
20529
20039
28069
22414
20389
20668
20528
21087
21157
20598
20598
20529
20668
20948
20389
20878
20528
20249
19970
20319
20319
20458
20039
20458
20598
21017
20389
38613
20598
20179
20529
20529
20738
20459
20389
20110
20389
20528
21018
20389
20598
20459
20599
20529
20110
19831
20599
20598
20528
20808
20109
20179
20458
21017
20529
20528
21925
19970
21017
20598
20738
20389
20389
20459
20738
20529
20319
20110
20389
20528
20110
20598
49506
20110
20459
21087
20250
20599
19970
20319
20529
20389
20459
20459
20459
20180
23182
20459
21087
20109
19970
20389
20738
20738
20459
19900
20529
20180
22902
19900
20389
20389
20599
20040
24788
20249
20529
20598
19900
20249
21017
20388
20878
19621
20598
20179
22274
20599
20948
20389
20528
20109
20109
28210
19970
20459
20948
20808
20319
20738
20389
20598
20040
21018
20389
20110
20389
20529
20389
20040
20529
20389
20599
20250
19970
20599
23392
20459
20180
20528
20808
20459
20529
20668
20459
31980
20039
20388
21157
20878
20319
20389
20389
20599
20598
20528
19970
20389
20110
20529
20249
20878
20320
20529
19690
20320
20110
20599
21018
20249
20528
20948
20878
20598
19970
20180
20459
20110
21087
21087
20459
20669
20599
20110
20389
20528
20180
21157
20389
21017
20458
20529
20598
20389
20389
20389
20389
20110
22344
20668
20739
20110
20947
20529
20528
20878
20529
20109
20249
20109
20458
20599
20739
20320
20529
21017
20389
20878
30513
20529
20878
19970
20598
20528
20389
20529
20319
20389
20109
21088
20528
19901
22274
20599
20599
20529
20599
20529
20528
21017
20250
20598
20180
20180
20319
20528
20458
20180
20180
20529
20599
21018
20947
21018
20459
20389
29047
20529
20389
20528
20179
20459
20599
19481
20878
20389
20598
20040
20598
20389
20808
21506
20598
20389
20598
21017
20389
20529
20458
20739
20459
20458
20389
20249
20110
20250
20110
20389
20878
20319
20110
20599
27860
20389
20808
20459
20110
20878
20599
20598
20598
22274
20599
20668
20599
20529
20459
20110
20459
20669
20319
20459
20459
20389
20110
20529
20389
20529
20528
20948
20598
20319
20459
29536
20599
20319
20599
20319
20389
20458
20389
51112
20598
20389
19970
20110
20528
20389
21157
20738
20598
20598
20389
20459
20389
21506
20529
20598
20738
20529
20878
20877
20599
20319
20948
20389
20599
20110
20319
20180
20389
