35270
28635
29124
34292
42184
30870
30521
33594
39042
34572
27238
26959
44908
28216
28076
28216
28217
31918
27657
27169
27168
31988
27168
29334
26959
26959
27029
27588
28146
27169
26749
27588
26889
27238
26889
27169
27587
26820
27168
27448
27238
27169
26819
29334
26679
63696
27238
29055
30311
28077
28636
27657
27029
27169
27937
28635
34781
26680
27657
27727
29124
26959
30032
28146
28077
30521
27098
27168
27797
29613
28147
28635
26890
27168
28635
26679
27029
27099
27168
30241
27168
27169
27308
27098
27098
27169
27099
27238
30940
27238
26610
29264
28565
34502
40229
27797
27657
27937
28146
30032
28146
27168
27308
26959
30102
30730
30032
28147
28635
28077
28635
28636
26679
26679
26750
29822
31709
27308
27727
41137
58178
27169
27168
27657
27658
27098
26680
27657
27168
27168
27378
27168
27587
27168
27169
26959
27169
27238
27169
26750
27029
27657
27168
33385
28076
27727
27727
27168
28635
26679
27168
36248
29962
27168
28775
26959
27168
27169
27169
27098
27378
27029
27727
31709
27169
27168
27587
27168
27099
26820
27308
27168
28146
26819
26959
27168
27098
27168
27657
27099
26680
27099
28146
26749
26889
28635
27588
27239
27657
27169
27727
27168
27169
35759
27168
27169
29543
27099
29124
27588
29474
27238
27727
26889
27587
28566
28565
26959
29962
27099
30381
28565
27168
30102
27169
27658
29543
27587
27238
27937
26680
27098
28565
28496
28635
28076
27169
28705
35689
30102
27239
27378
27239
26750
26680
27099
27658
27099
27728
26610
28356
27168
27588
26749
27099
27169
26749
26820
26749
27168
27588
28146
30242
26679
27308
27238
27727
27169
26750
26610
28495
29613
26959
27238
27238
26680
26959
26749
27169
28147
29054
26750
27169
28566
26958
29054
27169
30730
27308
27658
28495
27168
28705
28566
27029
26610
26470
26819
29333
28845
27658
27169
27727
27238
29613
26959
26889
26959
27658
28566
27658
27168
27587
27308
56781
26749
36178
27657
28146
28146
27238
28077
31988
29054
31010
36178
33314
28635
28146
29124
27658
27658
26819
29124
27727
36736
27169
27587
41975
36806
27448
27727
39670
27168
27239
29054
27168
28705
27728
30032
35340
34782
29474
46375
26680
27098
27168
27099
31080
27169
26750
26609
28775
27099
27658
26750
27169
27168
27168
27239
27588
27238
27588
26890
26680
28705
27238
27239
28147
27238
27657
27029
27169
26610
27168
27867
27168
29124
26819
28006
27447
26680
27099
27588
27657
27517
27098
27099
27238
27448
27099
28636
26959
28077
27238
26750
27308
28845
31499
26609
27309
28216
26889
28286
29054
26540
26959
26749
32406
27169
27169
27588
29543
27658
32966
31219
28565
29054
27098
27238
41486
33385
30521
27657
31988
28146
27657
29543
29054
34362
28286
27239
34362
26889
30311
30521
27029
27238
35271
35759
27168
27657
33874
30521
28147
32896
29124
33664
26680
26819
27448
30939
29333
27169
27657
34782
34432
29055
39111
34641
34641
37086
32407
28844
28635
28496
27727
27378
27029
27657
48260
27168
30032
26959
26609
26609
28565
28565
27029
27169
27099
27169
26749
27169
29543
26680
27657
28356
27239
28426
27099
27658
26680
26610
26959
26889
27169
27727
28565
27657
26680
26959
27588
27169
27588
26959
26680
27169
27448
79061
27168
35270
26610
27238
27238
27588
42603
27098
26609
27169
27658
27447
27028
26750
28077
35689
27588
30032
26470
27098
27169
30940
27168
30521
28147
27098
27169
27308
28984
27727
28216
30032
40020
35270
37156
27727
27308
27727
31289
27867
27658
27308
28565
29473
28216
27169
27168
26959
27658
29124
28356
26819
32477
27587
26750
27587
27169
27587
26890
35620
26679
27378
27099
28985
27099
27238
27168
27727
29124
27099
27098
26749
35550
27587
27099
36318
26750
26679
26749
26680
66839
29054
27727
27099
27658
27238
26750
26889
28146
27238
26959
27168
34991
43302
29613
26750
28566
26959
27587
27937
28566
30451
28146
28146
28076
28565
66349
36667
31009
26260
30032
50915
28356
27169
27588
40927
27658
27099
32197
27587
47282
26680
27657
27238
28007
30032
38552
35759
37855
32965
92122
28635
28565
29334
30032
28076
27587
27587
27657
27238
35689
27099
32406
30032
30032
28635
27098
29124
27099
29612
26680
27657
30521
27169
27169
27168
27099
26679
26680
38133
27168
26679
31219
27239
26959
27099
28495
29124
32476
33314
27028
44350
27448
27867
27727
27657
27727
30520
28077
26679
26958
27657
27098
27168
26610
27727
28217
28077
27448
26819
26680
26679
27169
27238
26959
26679
28216
26749
27169
30521
26680
30521
26749
26610
27168
26680
26750
26680
28635
32407
27238
36317
26959
27587
27168
27238
26750
27657
31918
27099
27169
32406
28636
26680
26679
30101
27308
27168
27936
27169
27168
27588
27657
27099
26470
28426
28146
27168
26750
30590
27308
27658
26679
31708
30521
27448
26610
29544
27727
27588
26819
27238
27588
27727
56223
27168
29613
31918
26260
27728
26679
26610
27099
27098
28147
26749
26679
33803
26959
27238
27098
27448
43791
30521
26889
28705
27936
27099
27099
29892
26680
27239
28216
26750
27309
27308
27448
27238
27239
32965
27239
30521
26750
27727
26330
27169
27169
27029
27239
26889
26819
27238
26609
26679
26679
27727
26959
28007
26609
27169
26749
26889
26680
28146
27099
26680
29054
27448
34781
26400
27728
26749
27099
27518
27657
26749
26679
26679
27238
27099
27169
27168
26680
26959
26819
27727
27099
26889
27168
27657
28147
27238
27099
27238
28147
27657
30521
27169
27099
27098
42115
27238
30382
26679
26191
27727
54267
26749
27169
27658
26749
28845
26679
27238
26190
28077
27168
27588
30032
43930
31499
26959
31359
30451
34293
34293
28356
32406
29124
32476
27378
27168
33175
30102
27937
28635
27517
30940
33315
26819
34502
34292
33384
33384
28076
31010
28147
26959
26680
31290
27238
44908
28146
27378
27169
33385
28146
30521
26749
31499
26750
26750
27098
30451
28286
26750
30381
27239
27658
30032
27099
27658
28705
30520
27588
31010
27239
27867
28077
28007
27658
29543
30521
29473
26958
28077
27308
27238
27657
26819
27728
34362
31009
27169
26680
31010
27168
27657
27588
26819
26470
27169
27587
39181
27169
26749
28565
26889
26750
26819
33175
31010
32966
30940
37085
34711
30940
27378
27587
29055
27168
29333
28076
27727
26750
27867
26470
31918
28635
27588
27518
28985
26540
27099
27168
27029
26750
34712
27587
29055
