24382
23823
23963
37656
24382
24103
24382
24871
23963
24313
23893
24312
31927
24731
27666
24242
23963
24382
24382
23753
23823
24033
26128
24172
24382
24382
24382
25220
24312
24732
24242
24312
24382
24382
24801
23893
24242
24381
24801
24312
24242
24801
24801
24871
24731
24452
24312
24592
24312
24312
24382
24592
24242
24381
24382
24871
24382
24243
24801
23962
24521
23823
23963
24731
24382
24242
27246
24801
24243
23963
24801
24522
24382
24382
23962
23893
24311
24871
25779
23893
54911
24801
23823
24312
23962
24102
24731
24452
24801
24452
24243
24242
24731
24311
24871
24312
24311
23893
24731
24451
25010
24871
24312
23892
24871
24242
24312
23753
25220
24381
24381
24731
23963
24801
24381
24382
25360
24871
24731
24382
24940
24312
24242
24661
24312
23893
24312
23892
24382
24661
24731
24242
37236
24731
24452
24801
24312
31926
24871
23822
24452
32416
24102
24382
24801
24312
24661
24381
24242
24522
24241
25220
24382
24241
24382
24382
23962
24452
24172
24382
24312
24241
24801
24381
23962
24242
24242
24381
24032
24242
24451
26967
23823
24801
24940
31926
72027
24242
24521
24451
24521
24242
24591
24382
24312
24381
24382
24311
24731
24311
24591
24242
24242
24312
24172
24452
24661
23893
26687
24241
24241
25639
24731
24382
24242
24801
24800
24730
24241
24381
24452
24172
24312
23892
24381
24242
24172
24171
24242
26756
24242
24032
24382
24172
24102
24381
24102
24242
23892
24102
24032
24311
24452
24241
24661
24661
24242
24661
23892
24241
25849
24102
24451
27175
23893
24172
24312
24312
24382
24730
23823
25499
23962
23753
24311
24661
24032
23823
24801
24311
24032
23753
24312
26967
24800
24660
24172
24661
24451
25220
24242
24382
24242
24242
24311
24312
24241
24241
24591
24660
23892
24521
24312
24311
24381
24521
24870
32485
24241
24382
24311
24172
23822
23962
23823
24382
24311
24870
23892
24730
24381
24241
24591
24521
23892
24382
24311
24241
24311
23752
23823
24241
24381
24241
23822
24172
24311
24242
23822
24171
24241
23962
24311
24451
33882
24311
24381
24381
26687
24381
24172
24311
24381
23892
24800
24241
24731
23682
24381
24311
23683
24101
24311
24171
24171
24311
31507
24731
23962
24241
24311
24381
24451
23752
24312
24311
24381
24242
24451
24312
24381
23892
23962
24312
23822
35768
24241
24172
23962
24172
24381
24241
49670
24241
24311
24591
24242
24381
24172
24312
24381
24451
24311
24731
23752
24730
24241
24381
24800
24101
24172
23961
24381
24381
24381
24101
24241
23822
24381
24031
23403
24311
24660
24800
24311
66018
24381
24381
24171
24031
24032
24451
24242
24800
23962
24311
24311
24311
24731
31925
32415
24451
24311
24730
24241
24801
24381
24311
24520
24800
23753
32974
23892
23753
24101
24381
24381
24381
25778
24450
24311
24381
24311
24731
24381
24102
24102
24241
24241
24520
24381
24870
24451
24380
24451
24311
24800
23892
24381
24800
24311
24311
29061
23961
24311
25150
24311
24451
24032
23892
24241
24311
26336
24660
38702
23892
24800
24870
24381
24451
24800
23962
23753
24381
24171
56306
23891
25079
24381
24800
24311
24311
24869
24311
24241
24730
23962
24870
24311
25219
24800
25219
25219
24800
24381
24380
24800
24311
24800
24241
24660
23892
24241
24241
24800
24380
24590
24171
24730
24311
24521
24870
24800
24660
24800
24381
24031
23821
24241
23682
24730
24241
23961
24311
24451
24101
24870
24660
24311
24450
24450
24380
24451
24800
24870
24660
23892
23962
34860
23962
24730
31925
32415
23822
23751
32624
24101
24451
26756
24380
24310
24730
24311
24241
24311
24310
23891
27595
24310
24311
24310
24311
24380
24311
24590
24241
24799
24870
24800
24380
24381
24310
24381
24800
24311
24171
24381
24521
24381
24520
24311
24730
24380
24380
24241
23892
24729
24870
24311
23891
24450
24381
24381
24311
24939
24241
24730
24660
24240
24799
23891
24729
24800
24381
24310
24171
24730
23961
24241
24241
24381
25219
24450
24310
24380
24381
59659
24102
24939
24870
24520
24310
34790
24240
24380
23962
24381
24380
24450
24241
24730
24240
24101
24800
24380
24310
24101
24310
24171
24380
24240
24171
24311
24101
24241
24451
23821
24800
24380
24451
24450
24380
24660
25219
24311
24381
25219
24311
24730
24800
24730
50437
24241
25009
24730
24660
25289
24240
24520
24311
24380
23891
23822
27663
24031
23962
32903
24311
24660
24590
23962
24380
23961
23822
24310
24170
23961
23821
24101
24171
24730
23961
24380
24799
24241
24380
24799
23961
24311
23892
24241
24939
24241
23891
24381
24869
24310
24240
24590
24799
24450
24241
24450
24241
24310
24381
24101
24520
24311
35208
24660
24660
24380
24310
24939
24380
24730
24241
24520
24241
23821
24310
24101
23752
23891
23961
24240
24170
24381
24450
24310
24380
24310
24800
24241
24310
24310
24031
23961
31925
25009
24381
24869
24800
24380
24520
24310
24240
24310
23961
23961
24381
24310
24170
65177
24100
24311
24730
24171
24241
23821
24520
25149
24450
24311
24380
24590
23821
24659
24171
24240
24380
24310
24311
24310
24800
24450
27593
24659
24310
23961
24310
24729
24241
24380
24450
24310
24241
24171
24170
24590
24171
24031
24799
24729
24240
23822
28083
23892
24240
24730
24310
23751
24240
24380
24240
24310
25218
24240
24310
23822
24450
24380
24729
24310
24660
24520
24380
24240
24729
24241
24380
24310
23822
24031
24170
24311
24799
24310
24660
24310
24380
24380
24729
24380
23891
23891
24799
24240
24101
24170
24310
24380
24730
24869
24380
24380
24310
24449
24729
24170
23891
24869
24310
24241
24240
24379
24869
24449
24240
24380
23891
24729
24449
24519
24310
24240
24799
24939
23821
24310
24380
23891
24380
24170
24730
27733
24310
24030
24240
24380
24799
24310
23961
23961
24170
23821
24380
24171
24729
24659
24240
24799
24380
24310
24171
24799
24379
25637
24310
24240
24030
23960
23961
23681
31925
24590
24241
24380
24380
24310
24589
25218
23891
24869
24170
24799
24379
24310
24380
24729
23891
24379
24240
24799
24449
24240
24380
24450
24519
24380
24310
24171
25288
24380
24240
24380
24380
24171
24309
24310
24240
24380
23821
24729
24310
24450
24310
24170
24310
24310
24380
24310
24729
24240
24520
24310
24729
24310
24310
24939
24729
23961
32693
24380
24729
24240
24171
24729
24240
24660
24520
24379
24310
24799
24380
23821
24310
24170
24380
