15155
13829
13898
13689
13969
13899
13689
14038
13969
13480
13899
13969
14387
13828
13898
13899
13689
13829
13759
14388
13759
13968
21162
13898
13829
21511
13759
13968
14178
13479
13270
13969
13899
13968
14108
13969
13759
13479
13899
13899
14247
13689
13689
13898
13968
14247
13829
14248
14318
13200
13968
13898
13968
13339
13829
14178
13829
14178
14248
13759
13689
14667
13479
13410
12990
13758
13759
13759
13759
13759
13759
13759
13829
15854
13689
13759
13899
13968
13619
13828
13759
13759
14248
14178
13829
14806
13969
13619
13479
13759
13898
13898
13689
13898
13759
13899
13899
13968
14038
14248
13689
13758
13969
13899
13899
13619
14038
13829
14178
13759
13829
13758
14318
14247
13480
13829
13968
14178
13758
13689
13480
13410
14317
13829
24305
13899
14248
13759
13480
14178
14178
13899
13899
14248
13968
13968
13828
13899
14178
13758
14387
13759
13829
13759
13758
13759
13759
13898
13619
13828
13829
13829
13898
13619
13479
13829
13409
13828
13689
13968
13480
14457
14038
13829
14178
13619
13969
13829
13899
13898
13689
13969
13969
13200
13689
13409
13969
13898
13689
15854
13758
13898
13480
13899
13969
13759
13968
14178
13898
13759
14247
13270
13759
13969
13899
13689
14178
13898
14248
13969
14108
13829
13968
14667
13968
14318
13689
13828
13828
14178
14178
13479
13969
13689
13619
14109
13969
13480
13479
13899
13479
14527
13759
13759
13689
13899
13689
13480
13479
14247
16204
13689
13689
13969
13898
13829
13759
13968
14108
14038
13968
13829
13758
13689
13968
13759
13759
13689
13829
14178
13479
13758
13829
13480
13829
13759
13689
14178
13759
13759
13968
13828
14318
13898
15016
14108
13828
13759
13689
13619
14109
13829
13898
13898
13689
14457
14247
13829
13689
14667
13899
13829
13898
13689
13759
14317
13898
13828
13899
13549
13689
14387
13759
13899
13270
13899
13828
14736
15366
13759
13968
13689
14177
13759
13829
13549
13968
13409
14388
13340
13758
13340
13829
14247
13759
13340
13270
13968
13689
14177
14318
14178
13828
13619
13759
13759
13899
14108
14178
13899
14178
14108
14178
13759
13758
13829
13339
13479
13899
13828
13479
13829
14248
13759
14038
13759
13409
13829
13829
13829
13898
14387
13969
13968
13689
13968
13968
13689
13898
13829
13898
13899
13968
13759
13899
13968
14039
13759
13829
13689
13689
13899
13270
13898
13759
13689
13898
13969
13759
13969
14108
15296
13829
13828
13619
13899
14318
14108
13759
14108
13759
13689
13619
13759
13689
14108
13758
13340
13689
13758
13758
13759
13829
13899
13689
14108
13340
13899
14039
13968
13759
13479
13620
13829
14039
13480
15854
13759
13969
13759
13758
14177
13759
14178
14457
14457
13968
13899
14038
13480
13968
13968
14318
13410
14248
13758
13898
14318
14177
13480
13689
14109
13689
15086
13410
14108
14108
13759
13829
13759
13829
13829
13620
13758
13968
13689
13619
13899
13969
13898
13968
13898
13899
14247
13759
13829
13759
14737
14317
14177
13759
13689
13968
13689
13829
13898
25841
13689
15714
13899
13829
13689
13759
23047
13480
14108
13759
13758
14318
13899
13410
14108
13758
13969
15086
13759
13620
13619
13550
14248
13968
13828
13759
14248
13759
13828
13759
13969
13619
14387
13828
13759
13759
13828
13899
14457
13899
13479
13479
14178
13689
13410
13899
14807
13759
14248
13829
15644
13829
14248
14039
13479
13759
21861
14318
13758
13759
13689
13340
13899
13898
14178
13968
13689
13968
13340
14177
13969
13969
13828
13759
13759
13899
13759
13759
13759
14388
24724
13899
14178
13829
13479
14177
13968
14108
14108
13898
14387
13689
13689
14178
14178
13619
14807
13968
13968
13689
13759
13899
13410
14248
14667
14318
13759
13968
14387
13829
13899
13759
13759
14248
13829
14038
13968
13759
14457
14317
13759
13549
13968
14248
13409
13619
13829
13899
13829
13340
14248
14248
14178
13968
14178
13759
13828
13689
13969
13479
13409
13759
13968
13899
13479
13968
13689
13969
14038
13968
13898
14388
13759
13689
13759
13759
13409
13340
14038
13968
13899
13409
13410
13759
13689
13829
13899
13689
13340
14177
13899
13899
13758
13480
14247
13619
14178
13898
14177
13829
13689
13759
13898
13759
13968
13689
13689
13759
13410
13689
13270
13689
13899
13968
14108
13759
13759
13619
13759
13410
13759
13968
13898
13828
14178
14248
14108
13899
13759
13968
13759
14108
13969
13480
14108
13549
12223
13759
13689
13689
14318
14108
13829
13759
13828
14876
13409
13829
13619
13689
13759
13828
13829
13758
13969
13968
13828
13899
14178
13899
13829
14108
13759
14387
23048
14317
13759
14177
13969
13828
13829
13758
14247
13410
13689
13968
13829
13410
13759
13759
13758
14387
13829
13899
13479
13759
13829
14318
13759
14178
13689
13898
13899
13899
15645
13829
13969
14177
13969
13689
13759
13898
15296
13480
13899
13829
13759
13898
13758
13759
13759
13969
13828
14108
13899
13899
13619
12781
13689
13898
13479
13689
14248
13829
14248
13899
13829
15225
13828
13759
13969
14248
14108
13619
14038
13759
13759
13969
13619
14317
13689
13759
13759
13479
13829
13898
14178
14387
14388
13759
13759
13968
13829
13968
13619
13899
13828
13828
13759
13968
13480
13759
13968
13759
14248
13689
13899
13899
13829
13968
13899
13829
13479
13899
14108
13758
13689
13759
13689
13410
13689
13480
13619
14248
13969
13759
13759
13479
14387
13689
13479
13759
13619
13828
14457
13898
14178
13619
13898
13410
13480
13480
13759
13340
13689
13759
13689
13828
13620
13340
13829
13131
13619
13409
13549
13689
13759
13689
13480
13899
13898
13898
13829
13758
14247
14736
13969
13898
13689
14317
13759
13899
13479
13759
13759
13409
13689
13479
13828
13619
13479
13689
13899
13898
13968
13689
22838
13619
13689
13828
13270
13969
13410
13829
13549
13758
15784
14597
13898
13409
13410
13688
13968
13829
13689
13968
13689
13969
13899
13340
13340
13759
13898
13200
14108
13480
13968
22349
13899
13968
14248
14388
13899
13898
13899
13410
14108
14388
14387
13828
13829
14108
13758
38552
13898
13270
13828
14387
13689
14387
13689
14807
13759
13898
14248
14178
13689
13759
13898
13759
13759
13968
13759
13829
14596
13758
13759
13689
13759
13759
13829
13899
13899
13759
14038
13480
13759
14108
14177
13829
14178
14178
14177
13759
13969
14178
14248
13410
13479
13829
13898
13969
13758
