16690
18297
16411
16132
15503
15573
15852
15433
17109
15782
15643
15293
15294
15363
15363
15363
15223
15293
16062
15852
15643
15783
19693
15154
15642
14875
15363
15573
17109
16202
16830
24720
15223
14805
15084
42039
15572
16271
15992
17668
18575
20112
20461
17528
16341
19623
15433
15852
16341
17179
17040
17528
16480
15782
16480
23394
17039
17249
17040
15782
16341
18156
19413
19065
18506
18995
18995
15154
15852
15643
14735
15713
16621
23185
19064
16131
15294
17738
16759
15713
15783
15363
17319
17179
17459
15853
15363
16132
15294
17248
16202
16690
17528
20111
19484
15642
15223
16690
18995
17668
18366
17598
16271
15852
15224
16131
18226
17668
18087
16760
16341
19623
21928
16970
15364
15503
15084
15294
16271
17807
14875
15642
15153
16341
15852
15782
14945
15363
15433
15294
15363
15852
15153
179052
16271
15573
17249
18156
15852
19973
16271
19135
16620
15852
15573
15782
17598
15503
15852
15363
15642
15573
15294
15084
15643
15783
15293
15154
15712
15712
17249
16551
20950
15642
14735
15643
18156
15782
16830
15224
15014
15643
15712
16201
15154
15084
15153
15572
15154
15852
15713
15154
15153
15433
17109
15783
15363
15852
15713
15643
15573
15294
15363
15223
15643
22905
15294
14386
15084
15224
18645
16201
17109
18017
18645
16620
14945
15363
15642
15503
15223
15363
15294
15084
17668
16760
15084
15363
15643
15294
15713
15294
14735
15294
15572
15643
15713
15223
16272
16830
16341
19973
16551
15573
16829
15992
15294
15782
18715
28352
17248
20600
18575
17598
16131
15503
14875
15154
15154
15712
15713
15363
15084
15154
15224
15642
15363
15573
16271
18087
18994
21089
23045
19065
16201
15712
17249
15782
16620
18436
16969
22067
42389
15642
16132
15293
16201
18226
16550
15713
15782
16202
16132
15572
15992
15713
15713
14805
15643
23743
15084
15294
15154
15224
15852
15573
15573
15153
15294
23324
15154
17389
15154
18646
15642
15153
15364
15153
21439
18227
21509
19623
15364
15363
15223
15224
22486
15643
17668
17249
16760
16062
16201
16481
16131
16062
41900
16202
16481
17179
15224
15014
15294
15643
15712
15782
15154
22835
15153
15642
15154
40574
19204
15363
22277
17598
18506
29121
20950
20461
15782
16201
155798
19623
19414
18645
23324
15643
15783
15643
27095
15224
16690
16900
17667
22067
20600
18436
17738
16132
15224
15363
15643
15643
24162
25419
20531
24721
20600
19972
21509
18785
20531
19763
17110
17598
18156
22766
15783
15782
16480
14875
16202
15643
15712
15573
15294
16620
18087
20042
16760
15363
16900
14944
15224
15433
15852
14735
18645
18505
16620
17249
15293
15363
15433
17529
16131
15852
15712
15712
15293
15294
15643
15364
15014
15293
15154
15713
22416
14875
15363
15573
16201
15922
14874
16061
15642
15154
15154
16341
15712
16690
19763
18226
16830
17737
17598
15783
15713
16201
18646
20880
18716
18017
18645
18157
18157
17319
20601
20461
18087
15712
15573
17668
16341
16550
18925
22905
27235
18087
19414
17738
19832
18086
16341
18227
17039
15852
15293
27654
16691
16760
18576
17179
22138
43227
27864
15224
15293
15363
14874
15015
15293
16551
18156
17528
16690
18576
19135
15783
15643
15293
15922
15713
15852
15084
14734
15643
14735
15224
15433
16131
15293
15224
15712
15852
15852
18226
15154
16341
15363
15642
15363
15224
15223
14875
15713
15364
15084
15224
16202
16271
16620
16760
16690
15573
15643
15153
15154
15643
15084
16830
15852
19623
16341
15782
17528
17668
18575
19064
18017
17040
22836
16201
16201
15852
15643
15852
15712
18925
25698
16551
18646
19134
19554
21788
18925
17738
15783
18086
17109
17249
18157
20113
15783
17249
16131
15014
17249
15364
16550
15643
15712
15782
15434
17529
16131
15224
16061
15503
15223
16271
15154
15642
15153
15364
15782
15084
15573
17738
15154
15014
16481
17179
17249
20950
20740
17179
14246
21090
17738
16830
15294
15294
15642
16271
15852
15782
15364
15852
15642
16691
15224
18645
16271
15782
16062
15643
19902
16341
17318
16620
17109
18227
18157
17109
16620
17179
17179
16341
18925
19414
16132
19134
17528
15154
15782
15503
15363
16132
16900
20391
17179
18646
20671
24233
17040
24931
21369
15713
15294
15223
15363
21019
15224
16062
15643
16411
15294
17109
17249
15713
16341
17110
19972
20531
19903
18017
18227
19204
35964
17948
16760
15224
14875
15293
16132
16621
15782
20531
18226
18576
17738
20531
18226
16132
15364
15852
15713
15573
15294
15154
15782
15853
15363
15014
15782
16062
16131
18995
19065
17249
15364
16202
16761
17040
16271
16202
15782
16970
18506
19414
19484
19903
19134
19554
17319
18157
15573
15364
15713
15713
16132
15154
15713
15853
15014
16550
17179
14875
15853
16341
41412
15713
15642
15643
15992
15643
15363
15713
16202
15782
17599
15922
18785
20880
18576
19972
17249
17529
17459
15573
15783
15992
15713
15433
17738
18925
19763
20671
22556
22906
21928
17039
15224
15084
15294
15363
15293
15643
15364
15363
15154
16551
17249
15782
21369
15713
18925
15084
15293
15573
15433
15713
15293
15783
15364
16341
15364
17668
19623
17528
16620
18436
17109
15853
18576
16621
16830
17458
16620
15643
28143
16201
16760
18506
16970
33241
41970
16690
17319
17040
18505
17528
18226
15364
22906
15294
15713
14805
15224
15503
16690
17110
19623
16830
15154
15503
14875
15084
15224
15433
15852
14665
15713
19134
15364
15224
15015
15783
15294
22766
15573
45741
15433
15852
15224
14875
15084
15643
15085
16201
19204
20880
18017
18157
17737
24931
20182
16691
16062
15293
15154
15713
15294
15852
14874
15503
15154
15224
16690
16062
15503
15364
15852
15224
15573
15154
16201
16132
15364
15433
14875
15573
16131
15293
15573
16271
15224
25210
15852
19274
16131
16621
21719
19065
19623
23464
19972
19624
17598
18925
18087
17947
17040
19554
18087
18506
17179
18086
17668
20951
18017
22277
18017
17668
18995
23744
18925
19624
16551
15713
15573
15223
15783
26328
16342
15643
21160
15363
15154
15084
20880
17458
18087
15573
15782
15224
15014
15084
15294
15154
15364
14735
15573
15363
14874
24721
17528
17458
15364
15712
15084
15224
15224
15154
15294
15712
15224
15642
15224
15363
15294
15364
15364
17458
15154
26467
15643
16271
15712
15294
16201
14735
15852
15573
15782
15084
15363
15294
14805
18087
14945
15852
15224
15293
15782
15223
15084
15154
