25285
24866
25285
25215
24726
24796
25355
25704
25355
25215
25005
25215
25704
25355
25285
25355
24726
25006
25634
25704
25215
25145
25285
25146
25215
25215
25425
24796
25285
24796
25285
25146
24726
25285
24936
25215
25146
24796
25006
25355
25215
24726
25285
25215
24726
25006
26263
24865
24866
25075
25844
24796
25355
25076
26123
25285
25285
25285
25215
24726
24866
24796
25145
25006
24726
24796
24796
25774
25704
24796
25634
24796
25285
25355
24726
25704
25285
25565
25285
24796
24726
33108
25704
25215
25215
24866
24796
25844
24866
24866
25145
25285
24796
24796
25145
24796
25215
25704
25215
25145
24796
24726
24726
24936
25285
26612
25285
24936
25494
26263
25495
25844
46658
24866
24796
25215
24586
24866
25285
25215
24796
25704
24796
25425
25145
25145
25145
24726
25634
24866
24796
25634
25844
25704
25145
25284
25355
25215
25005
25355
25495
25285
25146
24866
25634
24726
24866
24935
24866
25075
25215
25215
25145
25285
25703
25215
25215
24866
25215
25215
25773
27590
25075
25983
25774
25215
24726
24795
25005
25774
25076
25843
25774
25354
24726
25355
24935
25146
25355
24866
25145
25355
25984
25145
25215
24656
24796
24866
26123
24866
53433
25145
25215
26193
25145
25215
24795
25704
24866
25704
24726
25285
25285
24865
25355
24796
25355
24935
25215
25285
25145
25215
25215
25355
25075
25215
24726
24865
25425
25215
25075
25285
25215
25285
25145
25215
25075
24935
25285
26123
24935
25215
25215
25215
24936
25634
25355
25075
25145
25843
25285
24656
25634
25215
24726
25354
25703
25354
25634
25565
24796
24796
25285
25145
24935
25005
25215
24936
24796
25145
25704
25285
26193
24935
24726
25285
24865
24865
24866
24726
25773
25215
25285
25285
24795
25285
24865
25285
25285
25005
25005
24935
25215
25354
25354
25355
25355
25215
24865
25355
24796
25564
25354
25215
25354
25284
25285
24866
25215
25354
24726
25215
25075
24796
25005
25355
24796
25844
25284
25285
25215
25215
25215
25284
33248
25285
25005
25284
46728
34295
24865
25285
25285
25215
25215
24866
25005
25215
25215
25774
24796
24517
25355
25634
26333
24796
25704
24656
24865
24587
24796
25704
25215
25354
25354
25214
24866
25355
25145
25284
25703
24935
24796
33317
24866
25215
25215
24866
24796
25215
25285
25285
25145
25354
25354
25634
25215
25424
25215
25774
25145
24726
26053
25354
25494
25285
25215
25284
25215
24796
24865
24866
25354
25285
25215
25214
25355
25354
25285
25215
25773
25355
25634
25355
25145
25634
25285
25285
25145
24516
25284
28149
25005
25634
25215
24866
25424
25005
25076
25214
25844
25355
25145
25773
25284
26262
24865
24866
25354
24796
24726
25773
25145
25005
25284
25703
25284
25214
25215
25774
25215
25354
25075
25285
25355
25284
25284
25355
25704
25843
25215
25354
25285
25355
25215
24866
25075
25843
25285
25634
25144
24865
25284
25285
24866
25703
25214
25284
25215
25006
24796
24795
25145
25005
25354
25703
25285
25774
24796
24866
25773
25075
25355
24866
25215
25284
33387
24866
25354
25424
24726
25284
25983
25214
25284
25145
25284
25773
28148
25703
25354
25145
25564
25285
24796
25215
24935
25773
26263
25844
24865
24795
25215
25145
25284
24935
24936
25774
25145
25494
25284
25354
24796
24796
25355
24866
24656
25704
25564
25354
25634
25005
25215
26262
25215
25075
25005
25215
25215
25285
25354
25354
25285
25284
25285
25704
25284
24935
25424
28148
68101
25634
25355
25144
25285
24307
25634
26682
25075
25284
25215
25215
25145
25215
24726
24726
25285
25703
25354
24935
25214
25215
25285
25005
26123
25145
25354
25075
25214
25285
25284
25145
25215
24866
25355
25284
25284
24725
24935
25284
25215
25075
25215
25285
25215
25214
33177
25145
25355
25425
25284
25285
25215
25704
25005
25634
25285
25215
25284
28498
25215
25214
25215
25284
25215
25005
24726
25285
24866
25215
25215
25564
25005
25354
24795
25354
24866
25075
25145
24796
25285
25494
25773
24866
25285
25145
25284
25355
25285
25424
25494
25494
25144
24516
27241
25215
24796
25145
29056
25215
25145
25913
25564
24796
25215
25215
24796
25005
24726
24866
24865
25005
25773
24936
25284
25005
25214
25215
25355
25005
24796
24656
25215
25354
25215
24795
25145
25285
24935
24865
24935
24866
25284
25075
24796
24796
25284
25215
25144
25773
25144
24865
25494
25983
25773
26262
25494
25563
25564
25704
25215
25284
25215
24865
25424
25634
25704
25703
24865
25284
25703
25704
24935
24865
25285
25215
24795
25005
24726
25284
25285
25774
25354
25214
24795
25284
24935
25633
25704
25145
25145
25075
25145
25215
25355
25355
24795
25214
24726
24865
24866
25354
25145
25214
25284
29825
24796
24865
25284
24865
25285
25354
25145
25354
25284
25284
24865
25215
25214
25285
24935
28637
25145
25284
24725
25214
25005
25843
25703
25214
25704
24865
25284
25843
25215
25145
25214
24795
25284
25214
25075
25285
25285
24865
34784
25355
25005
25284
25145
24796
25145
25214
25494
25284
25354
25215
25424
25214
25354
25215
26262
24726
25214
25704
24795
25074
25284
24865
24726
25494
24796
25285
24726
24726
25285
25215
25285
25215
25354
24795
25354
25284
25215
32828
25285
25214
25354
24795
24795
24866
25284
24796
25215
24795
25075
25354
24865
24865
25284
25354
25214
27101
24866
25215
25355
27589
25773
25285
25284
24935
25354
28148
25214
25215
25494
25285
25354
25844
24866
25633
24866
26961
25144
25285
25075
24935
34294
24865
26751
24865
25284
24726
24865
25214
25284
25354
48962
25285
25215
25145
25145
25284
25354
25285
25983
25284
25354
25075
25285
25354
24865
25214
25284
24726
25424
25214
25284
25354
25214
24795
24725
25215
24865
25773
24726
25774
25145
25004
25144
24795
55318
25285
26193
24795
25214
25773
25284
25144
25284
25284
28567
24725
24865
25285
25285
24725
25424
25215
24725
25215
25703
25284
24866
25634
24865
24935
25214
24865
25215
25284
25704
25284
25354
25494
25284
25284
25703
25703
25144
25494
25284
25703
25074
25284
24795
25773
25703
25144
25355
25284
25494
25214
25215
24795
32967
25145
24935
24796
25284
25284
25284
25354
25424
24796
25004
25284
25354
37089
24726
28148
25284
25214
25285
24726
24865
25354
26122
24865
25214
25214
25284
25285
25284
25285
25284
24795
25285
24726
25704
25285
25773
51477
25144
24795
24865
24795
24795
25284
25424
25284
