28845
31009
28635
28565
38622
29333
29054
28705
28914
29613
31010
28984
29542
30032
29054
28914
28705
28705
28845
29613
28635
28565
29124
28705
28704
28984
29124
29054
71867
29124
29054
28216
28844
28495
29054
31987
29613
29473
28704
29054
29054
29263
36876
29053
29054
28635
28495
29124
28635
29053
28635
28495
29123
28565
29333
29053
29054
29123
31987
28635
29054
28845
29054
29193
29193
29054
28635
29123
28984
28634
29124
29124
28705
29124
29054
28984
29124
28565
29124
29123
29054
28565
28915
28914
28565
28216
29612
28635
29054
29333
28146
28984
28565
28635
29054
28635
29054
28635
29054
29193
29054
29124
29124
29123
29333
28565
28775
29124
28984
28705
28844
29543
29124
28565
29124
29124
45886
29473
28845
29123
28565
28565
29124
29124
28844
28356
28705
37575
28844
28634
29124
29054
28635
28844
29613
28634
28635
28635
28635
28845
30520
29054
29054
29124
28565
29194
28635
28984
29123
31429
65301
29054
29124
29124
28565
29542
28565
29543
29054
28705
29054
28635
28845
28565
28915
28495
28635
30521
28635
29054
28635
28635
29054
28635
28635
28635
28704
29124
28565
29124
29124
28705
28565
29054
29054
28635
28565
28635
29054
28565
29054
28984
28565
28635
28705
29124
71587
28845
38273
29333
28635
29124
29123
28844
28565
28634
28635
29054
37645
29054
28355
29124
29054
29124
28844
29054
29124
28635
28635
28635
28705
28705
28634
29124
32407
28844
28565
29054
28914
28565
28565
29124
28915
41486
28495
28984
28565
28985
29124
29543
29124
29124
28216
29124
28565
29473
28565
28984
29124
28565
28076
29054
52311
28705
28635
29124
29054
28565
28565
28984
28635
28635
28565
28844
28635
30451
28565
29194
41066
28635
29054
28984
32406
28635
29054
29124
28565
28914
28635
28216
28635
28635
29542
29124
29263
28774
28984
28146
30521
28844
30521
29543
29543
28635
28635
29123
29054
28565
28705
28705
29123
29124
31917
63207
29124
73334
28146
28565
28635
28565
28565
28705
30521
29054
29124
28635
28984
29124
28635
28146
28565
28774
28635
28565
28565
28844
28984
29124
28565
28844
29123
28635
28565
28984
28635
28984
28216
28705
28565
38623
28565
28566
29124
28635
28565
28635
33454
28425
28565
29543
29054
29124
37575
40089
28635
28635
28705
28914
29054
28635
28565
29054
28984
28635
29054
28705
29054
28565
28635
28565
28635
28565
29473
28565
28356
29124
28635
28985
40857
28845
29124
28635
28635
28635
28565
28705
28844
29613
28984
28565
29543
28495
28565
37155
28565
28635
28565
28914
28635
29054
28844
28774
28635
28635
29054
38692
29124
28635
28565
29054
28635
28985
29054
30521
29613
32406
28565
29054
28914
28844
29194
29054
28984
28496
29054
28635
28635
28845
28635
28565
28565
29054
28565
28635
29333
28635
28496
29403
37296
29124
30800
28635
29124
28146
28565
28985
29543
29822
28704
28565
28635
28635
28495
28705
29054
29333
28496
31498
29124
28076
28635
41555
28216
28215
29053
28705
28216
28565
29194
29403
30520
28565
29054
28356
29124
29054
29123
28146
28635
28634
28705
28635
28146
29054
28566
28844
28634
28355
28984
28914
28845
29403
28355
28565
28844
28705
29053
28704
29124
29333
28635
28635
28704
29613
28635
28635
29054
29123
28356
28635
28635
29822
29054
28915
28565
28565
28425
28565
29333
28565
28425
29054
28635
29054
28705
28635
29054
28635
28705
28635
29613
28635
28635
28845
29334
28635
28565
28076
28565
28984
38203
29612
28565
29054
29263
28565
29612
42044
28635
28565
28355
28635
28705
29054
28565
28216
28565
28635
28146
28146
29054
30311
29124
28146
28426
28565
28635
28216
29054
28984
28565
28565
28845
28565
28984
28565
28635
28355
28496
28565
28146
29124
37505
28495
28635
28565
28565
28565
28355
28635
28216
29124
29054
29124
29054
29124
28565
28635
28705
28565
29054
28635
29054
28565
29054
29123
28635
29193
28845
28915
28635
29124
29053
29054
29054
28635
28635
28425
31429
28705
28565
28775
31499
28635
28704
31010
29054
28704
28635
28915
28355
28146
28565
28076
29543
28705
28355
28565
28566
28914
28635
28356
28425
28635
29333
28565
28704
28146
28635
28635
28635
28495
28844
28634
28635
69981
28425
28076
28635
28565
28565
28566
28496
28635
28565
28705
28565
28565
28844
28635
28146
28565
28635
28635
28635
28635
28565
28635
28635
36807
37435
29054
28635
29124
28635
29543
28705
29054
28006
29543
28635
28635
28565
28565
28914
28565
28565
28635
29054
29124
29543
29194
28565
28495
28565
29124
28704
29123
29822
28635
28635
28845
28705
28356
29613
28565
28566
28914
28565
28565
28565
27866
29054
28635
28565
28496
28635
29124
28216
37645
28565
28565
28495
28496
29124
28635
29123
28425
28565
28076
29822
28635
28635
28705
28705
28635
28565
28635
37225
29054
28635
28146
28635
29123
28565
28426
29543
29054
28635
28146
28635
28216
28704
29054
28425
28565
28845
28705
28355
32895
29124
28495
28635
28565
28705
29124
28635
29124
28634
28426
29054
28635
28146
28635
28705
28565
28845
28705
28565
28635
28635
28146
28565
28565
28634
28635
28634
28565
28146
28077
29612
28146
28705
28984
28915
29054
28565
28775
29613
29613
28635
28705
29543
28355
29124
29613
28845
30311
28914
28426
28844
28565
28565
28635
28565
28356
28355
28635
29124
28565
29124
28565
37296
37086
28635
28845
28565
28146
28914
28565
28216
28076
28146
28356
28635
29123
28146
32895
29054
28146
28426
28704
37644
28635
28705
29123
28845
29054
28705
29054
29054
28634
29543
28705
28635
29054
28635
28844
28635
28565
28635
28635
28635
28565
28635
28705
28635
28425
28845
28565
28356
28566
28425
28077
29123
28635
28845
28635
37714
28635
28705
28566
28635
28635
28565
28634
28146
28565
28635
28146
29054
28495
29124
31010
28635
55454
29124
29124
28495
28635
29194
28635
28635
29124
28565
28146
28845
28635
28635
27936
29054
29054
28635
28635
28635
28565
28635
28635
28984
29124
29054
28565
29473
28984
28635
28984
28635
29194
29542
29612
29054
28984
28635
29124
28565
29054
29194
28704
29473
29543
28705
28634
28635
28705
28635
28146
28635
28635
28635
28635
28565
28286
28565
28565
28565
28914
28705
28704
28635
28915
28355
28635
28146
28635
29054
32197
28635
28565
29124
28635
28634
28635
31499
29334
28565
28635
29124
28634
28565
28425
29333
28146
28426
28077
28565
28565
28146
28495
28844
29194
