8451
8451
8660
9009
9009
9148
9009
9498
9149
10127
9079
8869
10406
8730
8660
8940
8450
8660
9917
7682
8031
8171
7752
7752
8032
8032
8101
7612
8031
8032
7682
7613
7683
8171
8032
7961
8102
8172
8031
7613
7612
8101
8101
7682
7682
7962
8032
8032
8032
7962
7752
8031
8241
7683
8031
8031
8102
7543
7683
7543
7962
8660
8520
8730
8032
8451
8101
7683
8450
8729
7962
60620
9149
9149
8590
8101
8520
8241
8171
8031
8101
8380
8101
8171
8241
7962
8520
8101
7962
8102
7962
8729
7683
7752
7543
7961
8451
8101
8032
8102
7962
8101
7264
8032
8031
8101
8032
7961
7682
8241
8101
8520
8101
8031
9707
8171
8730
8730
8660
8241
8171
8660
8171
8590
8031
8870
8661
8730
8102
8241
8451
9149
8451
8171
8450
8031
7962
7962
7613
7613
8171
7682
8171
7822
7613
7543
7612
7891
7962
16133
7542
8101
8032
8101
7473
8171
8101
7682
8031
8171
8380
8101
7682
7542
8242
8520
8171
17600
7683
8171
7682
8171
7962
7612
7542
8101
7682
8171
8101
15225
8451
8171
8101
8032
8101
8590
10615
9079
8102
8660
11593
8660
8520
8660
8101
8101
7752
8032
8660
8032
7683
7682
8171
8032
8311
8171
7752
8031
8520
8031
8102
7962
8591
7962
8450
8171
8590
8241
8032
8241
8101
8171
8241
8032
7752
8031
8660
8101
8520
8241
8171
8172
8031
8172
8171
8451
7752
8521
8241
8870
8730
9010
8520
8521
8450
8102
8032
8590
8241
8171
8590
8172
8171
8031
8102
8102
8031
7682
8101
8241
8241
7682
8101
8171
7753
7612
8101
8451
8032
8031
8520
7682
8172
8101
8171
8241
8451
8101
7752
7961
7682
8031
7752
8102
7612
7682
8102
7542
8101
8241
7752
7683
9009
8101
7193
8451
8171
8381
8660
8590
8241
8102
8102
9079
8171
8031
9009
8101
8520
8031
7822
8032
7543
7613
8031
8032
8032
9149
8591
8520
8031
7683
8102
7613
7753
7822
7613
8032
8171
7612
7683
8101
9219
7613
8171
8031
7752
8101
8101
7683
8172
7613
7542
7542
8032
8171
8171
8032
7543
7473
7682
7473
8171
8032
8031
10476
9638
8660
8521
9149
9148
9568
8940
9009
8520
8730
8521
8032
8241
8591
8102
8101
8172
7682
7612
7612
8032
7683
7752
8172
8101
8171
8101
8172
8450
8241
7752
8171
7683
7613
7682
7543
8241
8660
8660
10406
7961
10476
8521
8171
8171
8171
8172
7753
8520
8101
7822
8660
8031
8381
8031
8241
8171
8101
8241
8171
8101
8102
8171
8520
8241
8032
46513
9149
8450
8520
7752
7682
7962
7683
8241
7473
7612
7961
8241
8101
8171
8520
8102
8101
8172
8032
7752
7752
8101
7962
14946
8171
8171
7961
7752
8031
7683
7613
8171
8311
8171
7962
7682
8101
8521
7612
7543
8101
8102
7752
8171
7613
8031
8031
8171
7683
8032
8031
7962
7472
7682
8032
8101
8102
7542
8102
7683
8032
8172
8031
8171
7682
8171
8101
8101
8172
8032
8171
8171
7682
7123
7892
7752
7682
7752
8171
8032
8450
8101
8101
8031
8521
11594
8031
8032
8101
8032
7612
8031
8031
7753
8102
8031
8171
7542
7752
8032
8171
8032
7682
8031
8031
9079
9009
9917
8660
7961
9009
8590
9010
8590
8660
8521
8101
8521
8171
8102
8241
8032
8031
7683
8032
7124
7961
7613
7752
8381
7682
7612
8171
8032
8032
7682
7613
8102
8241
8172
7962
8241
8241
8031
8101
7612
7682
7683
7543
8032
7682
8101
7682
8101
8101
8171
7543
8101
7752
8521
8031
7612
8171
7542
8171
8171
8031
7962
7053
8101
7612
7683
8032
8520
8590
9009
8451
8590
8241
8241
8520
8660
8101
9009
8102
8940
8521
8171
8171
8031
8101
8241
8031
8171
8590
8171
8101
8101
8241
7613
8101
8241
7612
8172
8171
8031
8102
7753
8101
8101
8171
8102
8102
8171
8241
8101
7682
8171
8102
8521
8171
8241
8241
8032
8520
8031
9847
8171
8032
8102
8171
9010
7752
7542
8450
8102
9079
8590
6984
8102
7962
7752
8031
8032
8171
7961
7752
8451
7612
8172
7682
8171
8102
8032
7682
7962
7542
8032
7612
8101
7752
7962
8520
7612
7613
8101
8171
7961
7543
8451
8171
7683
8031
8102
8171
8172
8171
7961
8031
8101
7752
8171
7613
7612
8171
7752
8101
8032
8032
7543
8521
7473
7473
9079
8171
7962
8101
7682
7682
8031
9009
8101
8031
8451
8102
8520
7892
8032
8102
7682
8171
8241
8102
8102
7752
7543
8520
8101
7962
7613
8102
8241
8101
7473
8102
7753
7613
7822
8172
8171
7543
8032
8590
8032
8101
8172
7473
7682
9009
8590
8730
8590
8939
8450
9010
8660
8101
9009
8660
7683
8031
8241
8381
7962
7612
7403
6984
8102
8031
7612
7962
8031
8101
8171
7613
8031
7542
8031
7683
7542
8032
8101
8171
18577
7682
8450
8101
8101
8031
8241
8241
8241
8101
8101
8101
7962
8102
7682
8521
7682
8171
8101
8101
8102
8590
8171
8102
8660
8171
8102
8101
8101
7683
8101
8172
8520
8590
8171
8101
8031
8101
8171
7752
8101
7612
8101
7752
8242
8450
8172
7962
7752
8241
8590
8730
8590
8660
8171
7194
8102
8171
8032
7682
8451
7682
7962
7753
7683
8241
8102
8241
8032
8101
8171
7961
8032
8241
8102
8241
8241
8101
8451
8031
8241
8171
8660
8102
8451
8241
7682
8172
8032
8101
8520
8101
7682
8171
8241
8101
7054
8032
8101
8102
8031
7682
7054
7962
8101
8172
8520
8171
8521
8031
8102
7264
7962
8172
8590
8032
8171
8102
8031
7962
7682
7612
8101
7682
7612
7961
8241
8032
8171
7542
8241
7473
8101
7683
7194
7612
8171
8031
7612
8101
8940
7542
8101
8031
7753
7752
7612
7543
7543
7682
8032
7753
9079
8031
7752
7612
8101
8241
7683
7683
7752
8521
7961
8171
7962
8171
7613
8450
7822
8101
8102
7612
7752
8032
7612
7683
7193
7683
8101
7752
8032
7542
7612
7542
8172
8102
8032
8032
8031
8031
7961
7752
7962
8172
8032
8102
7962
8101
7962
8520
8032
7612
8172
7682
