7752
7193
7123
7612
7054
7193
7263
7194
7123
7612
7123
7123
7124
6705
7123
7193
7263
7124
7054
7123
7123
7123
7123
7542
7124
6634
7193
7542
6705
7263
6844
15923
6634
7263
6774
6635
7053
6844
7263
6774
7263
7123
7123
22417
7124
7193
6984
6984
7054
7123
7473
7124
7123
7193
7123
7123
7194
7123
8101
6774
7194
7124
7054
7123
6635
6705
7193
7542
7123
7123
7124
6844
7123
7054
7472
7961
6774
7193
7124
7123
6704
21998
7752
7263
6775
7263
7263
8031
8031
7193
7472
7263
6983
7542
6635
7124
8101
7263
8031
7542
7123
6635
7123
6984
7263
7193
6844
6215
7263
7054
6704
20113
7053
8101
7123
7124
7123
8101
7054
7193
7123
6774
7054
7054
7193
7193
7263
7193
7053
7123
7263
6704
7053
7542
7123
16831
7193
7612
7263
7123
7263
7124
7263
17110
14596
7193
7123
7054
7543
7123
32893
6705
7193
7124
7263
6774
6774
7543
7194
7123
7542
7054
7193
7752
6774
7123
7123
7124
7752
7193
6774
7613
7054
7123
7123
7123
7123
6774
7053
6635
6774
6774
7263
7193
7193
6634
7124
7124
6704
6704
6145
7123
7263
7612
7263
7332
6634
7053
6634
7613
8101
7682
6565
7053
7054
7123
7263
7263
6704
7053
7124
7542
7193
6634
8240
7542
7194
7193
7682
7263
7612
7193
7193
6634
7612
7263
8520
7054
7193
7263
21021
7193
8101
7123
6984
6774
6495
7472
7124
7263
7613
6704
7124
7542
7123
7054
7054
7124
7123
7123
7124
7193
7263
6984
7123
7263
7053
7124
7193
7263
7682
7123
7193
7263
7123
7124
7124
7123
7263
7193
7193
7124
7053
7054
7194
7123
7124
7054
7053
7054
7193
7682
7193
6774
7123
7123
7543
7124
7263
6215
7612
7123
8031
7542
7472
7123
7123
7053
7193
6774
7123
6635
7193
7124
7124
7123
7123
7193
7124
7194
7263
6774
7263
7263
7053
6634
7193
7193
7123
6634
7193
7123
7193
6704
7053
7263
6774
7124
7123
7193
6704
7193
7054
6705
7124
7123
6984
7193
6774
7123
7193
6634
7193
6983
7682
7193
7612
7123
7123
8031
7123
7124
7123
7053
6634
7054
7263
7194
6704
6704
7123
7193
7263
7542
7123
7193
7124
7193
7123
6984
7263
7194
7612
7263
7054
7123
7193
7193
7123
6984
7193
7682
7193
7123
7054
15783
6984
6774
7612
7332
7193
7193
6704
7053
7543
7193
6984
7123
7752
6844
7472
7124
6984
7682
7123
7542
6984
7124
7054
7123
7263
6285
7193
6635
6844
7263
7124
7123
7193
7053
7123
7123
7473
7193
7123
7263
7263
7193
7123
7123
7123
7123
7612
7123
7123
6774
7263
7542
7193
7263
7193
7053
6914
6704
6983
7263
6704
6635
7123
7123
7124
6704
7193
7193
7053
7194
7123
7054
6704
6705
7193
7193
7194
6983
7123
7124
7682
7193
7682
8171
6984
6984
7054
7124
6844
6774
7193
6704
7263
6704
7123
7194
7613
6983
7472
7193
7263
7123
7054
7054
7123
7053
7124
6634
8031
7123
7123
7124
6634
7473
7054
7193
7053
7263
7054
7123
7543
7263
7123
8031
7193
7194
7053
7193
6704
7263
7124
7263
7193
7123
6705
7054
7193
7124
7124
7124
7752
6704
6984
6634
7123
7194
7054
6704
7054
7053
7472
7263
7263
6704
6634
7123
7193
7193
7123
6774
7193
7053
7263
7123
7193
7123
7542
7123
7124
7054
7193
7194
7124
7053
7612
7263
7123
7054
7053
7053
7193
7123
6774
7054
7263
7054
7053
7123
7123
7124
7123
6844
6564
7124
7054
7123
7054
7193
7193
6704
7542
7263
7193
7123
7123
7193
7053
7124
7263
7263
7123
7682
7193
7263
7053
7123
7123
7053
6774
7123
7124
7263
7123
6774
6774
7123
7123
7193
7193
7263
7263
7542
7542
7193
6984
7193
7123
7054
7194
7124
7124
7193
7054
6774
7263
7612
7193
7123
7053
7193
7054
7613
7053
7123
7053
7193
6775
7054
7123
7193
6774
7123
7053
7124
6705
7123
7123
7124
6774
7613
7124
7053
18088
7123
7193
7123
7054
7543
7124
7263
7054
7333
6774
7263
7612
7194
7263
7194
7054
7263
7053
7053
7263
7193
7123
6774
7193
7123
7193
7193
7193
7263
7193
7053
6705
7193
7123
7123
7123
7193
6775
6774
6984
6774
7123
7193
7123
7053
7193
7193
7053
7263
7054
6983
7123
7543
7054
6775
7123
7053
7053
7263
7194
6983
6774
7193
7124
7053
7054
7123
7123
6774
7123
7053
7053
7193
7053
7123
7054
7263
6775
7123
7123
7123
7054
6983
7193
7542
7263
7054
7053
7193
7193
7194
7473
7542
7124
7612
7194
7264
7194
6565
7543
7263
7263
7263
5866
7193
7053
7054
7054
7263
7053
6984
7263
7193
6774
6774
7682
7054
7193
7193
7123
7263
7473
7682
7124
7263
7123
7193
7054
6705
7193
7124
7193
6635
7193
7613
6705
6983
7263
7123
6565
7472
7124
7053
6774
7194
7123
6704
7123
7193
7193
15783
7193
6984
6983
7123
7054
7124
7054
6983
7054
6983
6146
7123
7123
7194
6704
8101
7752
7124
6844
7193
7124
7123
6704
7193
7054
7124
6705
6705
6565
7543
7124
7263
17040
7054
6704
7053
7193
8171
7053
7194
6774
7543
7123
7123
6774
7123
7194
7053
7542
7123
7542
7612
7123
7193
7124
14735
7193
7123
6984
7193
7053
7123
7123
7263
15364
7473
7054
7263
7263
6983
7124
6704
7123
7124
7054
7123
6984
7193
7124
7193
7124
7123
7054
7612
7054
7193
7612
7123
7124
6774
7123
7193
7123
6844
6635
7123
7193
7123
6984
7543
7263
7123
6704
7124
7263
6704
6704
7123
7053
7123
36734
7263
7123
7542
7053
7193
7124
7472
7194
7263
7193
7124
7123
7053
6844
7123
7124
7263
7123
7123
8031
7263
6635
7194
7123
6216
7123
7123
7124
6774
7263
7193
6635
7123
7263
7053
7123
7123
7053
7123
7193
7123
7124
7123
7542
7054
7123
7123
7124
7123
7054
7752
7054
7053
6635
7124
7123
7193
7053
7124
7053
7124
7124
6844
7193
7193
7263
6704
7263
7123
7053
7263
7263
7542
6704
7263
7123
7124
7194
7333
