37155
29054
28076
27587
27657
28355
40019
28635
28076
30311
28146
28565
28076
27937
27936
27727
40228
28216
28146
28355
27168
26400
26820
27029
27168
30521
26820
28076
26959
26960
27169
26889
29544
27238
26750
27169
27169
29543
26679
27029
26260
26750
26540
29264
27239
28077
27168
28635
27238
31988
27587
28216
27658
37157
27099
27657
27657
27099
28077
27168
27379
27588
27169
26610
26889
27169
27168
27658
27239
27727
26680
26750
34572
26959
29124
26749
27099
28635
26680
27099
27587
29544
26610
27239
27099
26959
26261
26749
27099
26680
26679
27238
27169
26749
28077
26959
26610
26820
28217
27239
35619
28636
31499
29124
27658
28147
26960
38553
31499
31499
29543
30312
27727
27657
45258
31988
29054
29194
43931
28636
28217
27308
30032
30032
27588
26260
27238
28635
38553
32338
29473
28216
32826
27169
67607
27239
27657
34292
28496
27099
26680
29613
41906
36668
33175
29474
29544
29544
29055
34362
26191
27099
27658
30033
29124
28217
29963
36178
31010
28147
28984
43442
40159
27168
26679
28076
26680
28566
27518
26610
28636
26890
27518
31429
28077
27029
26750
28146
29124
26679
27099
26610
26330
27238
45327
45887
38064
33385
32895
33385
32337
39391
43093
31988
32477
35340
36178
34292
32406
35200
31988
33873
35829
33314
30521
27658
27937
27309
28636
28635
27238
26610
28146
26330
27169
27448
44350
27379
36667
27099
34153
27099
27937
34851
26750
31429
29613
27239
27238
31988
32337
26750
33314
27169
27588
33455
31918
28495
39880
29473
28705
27169
27448
55105
27239
27728
27727
28146
28565
27238
28217
27518
27937
30033
28705
27169
28636
26610
27588
28636
27099
27657
28286
26680
31498
27587
29124
27029
26680
28356
26261
27657
38065
28146
27169
27169
26819
27168
27727
26890
36178
27098
27169
28147
26749
31499
27168
31499
27029
28146
28566
28705
28216
27099
27727
26819
27728
28636
27379
28635
35829
31010
27169
27169
29054
52382
31010
30032
26261
27588
29613
38064
35201
28635
32896
27169
28147
27448
28636
27587
27588
28216
28706
29543
27658
28635
26610
27169
27029
27168
26680
32057
28496
26610
27657
28217
28146
27588
32407
33803
27658
27587
43023
34433
27657
27588
27169
27308
27239
26820
27169
28635
27169
26680
28985
28566
29054
29613
26819
29543
28146
29334
31010
31010
27099
27728
26749
26541
27239
27448
27099
27588
29543
26819
34363
28985
30103
31499
27518
28077
27099
28147
27238
30102
36179
32896
36178
28566
27798
31429
29125
27658
32896
32476
40439
33874
34782
27099
29613
29613
27168
27657
30940
28635
27587
27169
36597
34292
28706
32407
36458
28705
27588
29543
29125
29613
30032
27728
27378
27728
34852
26959
29054
31918
27588
27657
27657
33385
28636
27238
31429
36737
26680
26540
28147
36318
34852
31987
37156
32896
33105
37575
34642
34572
40159
36667
34641
34851
32896
34781
31988
31918
32686
47144
36458
63207
27239
27238
29823
36667
26680
27098
26680
26261
33873
27029
28147
27238
27169
30521
27239
27168
34851
31010
27937
29613
38623
27588
26679
32476
26610
33175
34292
35829
26750
27728
27238
27099
36248
33874
31219
28426
28636
31988
31429
31988
31430
27099
31988
26680
26540
33874
27099
31918
39112
33385
34851
33804
29055
30800
31010
31429
41836
32896
28915
34781
31010
37017
32407
41766
29055
30940
28635
30521
31429
26680
30102
49658
36598
28147
35271
40369
34362
37505
43791
31499
36318
26959
27238
51473
38274
29473
32896
32268
53848
29055
28146
26750
27168
30451
27379
28146
37086
27588
27238
27239
26890
27169
27169
27169
26471
26749
39112
28356
27657
27727
27588
31499
30032
27029
28495
32896
27588
31010
28566
28356
27727
30102
27867
27308
26750
27238
28077
28635
27168
27169
27798
27797
28565
27099
26680
27587
27238
27658
27658
30102
27798
27658
34362
63697
26749
28147
26610
31080
27239
27169
27448
27588
27657
26959
27099
29613
27727
27378
27658
27658
27238
30032
28146
29054
27099
27727
29054
27238
30870
26750
27168
27658
26749
43442
30032
29613
26260
27588
26749
27169
26471
26541
27657
26610
26749
26540
26959
26680
27029
27658
26680
26680
27238
27658
35271
26540
26750
27658
27099
28216
26610
28007
27099
35760
35759
27099
28356
26680
26330
26680
27238
29543
27238
29124
39950
29543
28635
29124
36248
31010
28076
28495
38483
32895
27658
27727
52871
28146
27238
26959
28147
30521
27099
27238
29613
27168
64325
26749
27868
29544
27658
26680
27588
27099
27658
27239
28635
26680
26820
26749
29613
27099
26750
27518
30033
37785
27169
27588
26540
27169
33664
31709
30521
27238
26750
27657
30521
27518
26680
26679
28635
26680
27587
26680
27658
27169
26470
27517
28566
27658
27518
26959
28146
26680
26680
27169
27029
27169
27727
27448
27169
26680
26750
27868
49937
27238
27169
29055
27658
26471
35829
27169
29613
27099
26750
28565
27587
29124
31010
27169
29544
28635
27238
26680
27239
27379
27168
56223
26750
26680
26331
27168
27169
27169
27238
26470
26191
26679
27588
26610
26749
26261
27099
28076
26680
35201
28566
27169
27169
27448
28216
28217
27169
27657
29544
29124
27587
27099
29544
27657
26609
28146
26890
26959
34921
27378
27239
28216
27168
27099
26819
27517
26890
27029
26749
26679
26749
26820
27099
27169
27588
26749
29054
30033
31499
30312
30521
30032
29334
27239
28636
28356
31010
29124
52102
26820
29124
27169
26819
27588
36946
27658
27098
50007
30102
37225
27238
27029
28076
27657
32407
27169
27098
28077
27168
27239
28985
27099
27169
26750
28426
26749
27658
26820
27588
28077
27867
27728
27588
27168
26750
26750
27169
26749
26749
27168
26750
26820
26680
27168
27169
27099
26819
26679
27169
75849
27728
26331
27657
27587
26959
27588
27099
27238
27727
27588
30940
27098
28706
29892
27169
28147
26959
29124
29054
28566
26680
27169
27238
27099
26749
26680
26680
27239
27168
26679
27658
26959
26749
27239
28635
27308
27588
27169
28006
27238
26960
27168
27238
28077
26820
27658
27168
27518
27588
26889
26820
27169
26890
26401
26889
27238
27169
26749
27239
26749
27517
29752
26331
26680
26610
26680
27029
26331
26819
27168
27168
26819
26540
27936
27378
27657
26750
27728
26819
26680
27168
31499
27239
27099
35270
27238
27657
27309
27098
27098
29125
27238
28914
26610
27169
27378
30521
29334
26819
27099
27239
31987
28635
27937
27937
28007
28636
30032
