24584
33384
29124
39530
55244
26679
20533
32197
25283
31219
34431
29124
28704
26609
32406
27238
19625
20324
21580
20463
20464
21022
21302
21581
28634
19695
21022
23816
23047
19416
21022
18438
24724
19486
19136
19625
19416
18578
23746
25282
20673
19974
19625
19485
19555
19137
24724
19137
19206
19136
26260
18438
19066
19276
18717
18717
18577
18508
18438
19206
19137
18647
19136
18857
19416
20114
19066
21092
19276
19974
19415
18927
19067
18996
19346
18507
19066
27447
19206
18648
18718
19136
18717
19206
18927
19345
21022
20603
21092
24095
20603
19206
19206
19975
21791
21860
19555
19556
19136
19904
19206
18368
18298
19416
21022
19904
19905
19975
21022
20463
20393
19974
20394
20184
19625
19975
20323
20114
19416
19067
19206
19206
19765
18997
19206
20114
19206
19067
18927
18717
19136
18647
18997
19136
18717
19066
18298
18508
18997
22977
20533
20603
19974
18578
18718
18787
18508
19136
18438
18647
18437
18997
19416
18647
18437
18717
19137
18996
18997
18507
18997
18997
18787
18648
18438
18996
19416
19137
19625
19136
19136
19206
18996
19974
18927
18857
20743
19066
18717
18577
18787
18718
18648
18648
18996
19067
19555
18577
19136
18996
19136
18787
18926
19137
19137
18368
19206
18717
18926
19067
19066
18578
18578
18997
18787
18718
18996
19136
19835
19765
18927
26260
21371
21580
24654
22768
19067
20463
21790
23467
20813
23537
19066
20114
19206
19276
18996
19485
19276
20534
19485
20114
19905
28076
19765
21721
20184
20463
20044
19137
19416
20045
20184
18717
19067
18508
18438
19555
18927
18997
19625
18996
18159
19416
19137
18508
18578
19066
18717
18228
18438
18647
18857
18647
18717
18927
18717
19136
18647
18648
18438
18438
27168
18997
18788
18508
18508
18578
19556
18717
19346
19416
19206
20533
18997
18787
23118
18857
19136
18857
18578
19555
19207
19066
19905
21022
18926
19555
19626
18996
19974
19137
18926
18997
19066
19066
19276
19905
18717
18648
19066
19066
18507
19555
19416
18578
19067
19136
18647
19136
20254
19137
18368
18647
18368
18717
19207
18648
18787
19206
19206
18577
19137
19207
18997
20533
18857
18578
18508
19416
18788
18577
18926
18926
18507
20393
20952
19974
29123
19764
18508
22977
19905
21511
31009
25352
20533
18997
19066
22908
19975
18997
19207
20183
19556
20533
30032
20254
19486
19695
20044
20673
18997
22280
23536
19904
19974
18927
18857
20114
19136
19206
18507
48050
19416
19067
18927
19555
18717
18717
20742
18577
18927
19556
18857
18717
26609
18577
18508
18648
19206
18648
19136
19486
18438
18438
19486
18508
18718
18648
18647
18997
19207
27587
19067
18788
18507
19136
18787
19066
18718
19416
19346
19625
19066
18787
18508
21860
19136
18508
18508
18997
19905
18717
18787
18997
18927
18647
18578
18857
18927
19416
18578
18577
21371
19206
18997
19486
18158
18648
19556
19486
19207
20463
19905
27936
19207
18997
20952
19136
23327
19416
19137
19066
19416
27657
24164
18997
19626
20115
18997
18787
19555
18717
27098
22908
18648
19905
27168
23327
20952
20114
19346
18787
22000
19485
22419
27168
28146
18647
18369
19136
19555
19137
19625
19975
19974
20883
19974
20533
20114
19904
21581
20114
20603
20323
20184
19485
19974
19625
18997
19835
19416
19415
23816
18508
19486
18159
18717
19136
27657
19416
18996
30520
20673
20463
28146
24444
19626
20952
22768
21790
21790
19136
20044
21022
19834
19556
22489
32895
19975
19695
18996
19765
20813
19556
45955
20602
18926
24375
19485
18927
21441
22349
19276
19136
19905
22978
20044
20394
20115
20882
20673
20813
21371
18717
18577
22419
18927
18647
23885
22908
23257
30381
21301
21162
18228
20393
23466
19416
20463
23955
19555
21301
19625
18717
22418
19485
21860
23327
21162
19765
18508
34851
18997
18508
22279
20254
19625
23536
20882
19625
20882
21930
25213
20533
22698
20812
22000
24305
27657
28564
19136
21302
20603
20812
21930
22139
22977
30380
21022
20813
23256
36248
20044
21860
20952
19137
20812
19905
19276
22419
20672
19905
27168
27657
22349
21861
22838
30590
21091
21371
20114
22978
19555
20603
21930
22000
23955
19834
18997
20742
22488
19416
21232
19067
20115
22768
21930
20044
20882
21511
20812
19067
20394
23466
24444
20603
30870
22280
21022
22768
22000
23327
21860
22837
21999
23815
22279
23956
20603
20184
21441
18717
23257
24375
20743
21860
28634
20114
20882
20393
23187
19136
18298
19136
18647
19905
19695
19486
21022
21371
21301
18926
20114
21930
20534
21441
20254
21791
21301
21372
21092
22000
21999
19904
20184
21301
24304
28635
21511
20114
20883
22139
20672
25213
32895
20742
19486
20184
22489
22978
19625
20045
20045
20813
23187
24794
20812
28635
22070
19486
22768
20743
23257
21511
18927
20952
24305
21860
24304
23397
20254
53777
21511
19137
21441
20044
21371
22559
20463
20533
22419
23816
23816
20463
20463
23326
19066
18997
20114
21022
19556
19835
21022
24374
19905
19975
24444
25911
23746
22838
22838
21510
25213
21092
20603
21860
18508
20254
21022
21022
19416
17949
34291
19416
18507
23397
19695
19206
18508
23536
24864
23327
19625
18997
18927
21860
19067
21371
21371
19137
19276
22209
18508
24444
20603
20114
19066
21162
44348
20533
22908
23676
18787
21022
22489
21930
20114
19485
39110
25283
25632
25143
20812
22000
22070
25352
28705
20952
22838
31009
27796
24165
28355
29542
31918
29543
20812
18228
20324
20114
20812
22559
22000
20952
21441
20324
20045
24794
32895
25771
29124
28076
25283
29543
19486
18927
17949
19555
19416
19276
21092
22629
18508
19137
20114
18647
30590
21441
19416
27727
19485
19206
24514
18577
20534
19555
21092
21441
18507
19066
20812
19276
17949
22768
20603
20952
24864
22419
20394
25212
21930
20184
21860
20952
20952
21301
24165
22768
29542
18927
23048
21161
20882
20673
19555
20603
20044
22349
23257
19625
21999
24375
21511
20394
22349
22419
24234
21371
24374
22838
19206
21162
18647
18647
20254
18857
18508
22419
22349
20533
23886
19207
21581
20114
20673
22768
22908
20603
24933
19555
20813
22418
19835
19207
20463
23327
20533
20603
21441
23536
19206
18507
22279
21371
21651
19904
19975
20393
31498
23397
20952
20533
20324
19975
21650
31359
23885
20533
19625
21022
19066
19486
19485
19555
22349
19975
19974
22419
19625
20603
43511
20393
19485
22837
21930
28635
20603
20114
