21719
22277
21998
22697
25280
22836
23814
21998
24232
21998
22067
21928
21928
22767
22837
22836
24303
22347
21858
25699
23813
23814
23674
21928
24861
21859
29540
23394
22347
22348
25280
22975
22138
22277
23813
23744
23744
24652
22487
22417
23465
22068
23116
22766
22417
22417
22486
21788
44694
21789
25210
22906
21998
22207
23394
22906
22417
30029
22277
23324
23814
22906
24372
21998
30517
22836
23884
23884
22557
21928
21928
22487
22975
21858
21789
22278
21998
22418
22906
21998
23674
22417
21928
22976
22836
24303
22836
21928
21928
22208
22976
25350
23255
22208
22486
22347
22348
22347
21998
22836
22766
23814
21928
22836
21998
21858
22697
22417
22487
23814
22766
22836
24302
23814
22278
24303
23325
23884
22697
23046
22347
23464
35267
22138
22417
23325
22487
22277
22347
28633
22278
22837
23255
23255
21929
21998
22487
22836
22486
21509
23744
22418
22767
22348
21859
22487
23534
25280
21998
22976
22417
23883
24512
21998
22487
22138
21928
22487
21788
23744
23186
22767
23395
23255
21858
23394
22417
22278
30448
22836
21928
22906
21998
22766
21999
22417
25280
22906
23255
22417
22766
21858
23255
22347
23884
22487
21928
21858
22906
21928
21998
22417
22837
22068
22067
22767
22976
21788
21859
22417
23394
25140
22626
22487
22277
21859
23394
22976
22906
24302
21998
22347
23605
21858
22976
21999
22347
22347
23255
23883
22487
21998
22417
21998
22487
23325
23394
22906
22487
21998
25839
22906
21998
22417
22487
22417
22347
21928
21858
21998
23744
21928
22138
21998
22836
22487
22417
22487
21998
22906
22557
23813
23046
22417
23395
23953
23255
22068
22976
26607
22347
23116
22417
22278
22557
22836
22836
22766
22347
22767
22976
24861
24372
23255
22418
23255
21858
21788
24721
21998
22138
22906
22836
21928
21859
21858
22138
22138
21999
21928
22417
22278
22906
23814
21928
23185
21929
24372
22417
23464
21928
22487
22836
22976
22696
22767
22697
21719
24163
23255
24303
22767
21928
22906
21859
22417
22836
23395
22836
21929
22906
22487
22487
21649
21998
22487
22347
22836
22836
21928
24163
21859
21788
21440
23046
22487
21998
22208
22696
22976
22627
21998
26188
21439
22976
21998
23395
23325
22278
23325
22417
21929
21928
21789
23814
21788
23255
22487
22766
21998
23674
22417
22905
23884
28633
23395
22487
21928
23116
22138
22347
22208
23534
22627
22906
22487
22348
22068
22975
21858
22138
22905
22278
21788
22487
21859
22766
22975
21788
26258
21928
23814
21929
22557
22417
22347
22906
22906
22348
21928
22627
22976
21858
23046
21928
21928
23325
22906
22347
22975
22417
24372
21858
24373
23744
23464
21928
22068
23395
23394
23534
21789
21998
22137
22766
23884
22975
24303
22906
23395
21928
24862
22975
22348
22906
22906
22278
22487
22906
22487
22417
22626
21859
22138
22906
24303
21649
21789
22277
23814
22417
22138
24582
22277
21998
23395
21998
22207
23883
36175
22836
22138
31357
22836
23883
21998
22487
21859
22347
21928
23814
27865
23395
25280
22278
22767
22068
23115
21788
22836
22277
22277
32474
22906
21998
31985
22906
29610
22487
22906
23884
22347
21789
22837
21928
25211
21928
22278
22487
22347
22277
33102
22278
23325
25001
21859
22487
24791
21859
25629
22836
23465
21789
21998
22347
22417
21928
22976
23395
21928
23255
22906
23046
23255
22068
31007
24023
22277
22907
21998
22837
22836
23255
24163
22277
21929
22976
22277
22906
24721
23255
23255
22348
22487
23325
23884
22766
22277
22278
24373
22836
25770
22278
22417
22208
22277
22626
23814
22906
22068
22906
22348
23326
21858
21858
21509
27096
22208
23883
24582
22278
21859
23116
24372
29540
23465
26118
23325
22417
22837
22137
22487
25909
22767
22208
22837
22976
21789
21789
22068
22138
23954
22767
22418
21859
22626
22906
23814
21649
23744
22417
22836
21929
21789
21928
22418
22906
23325
21998
22138
23884
22557
21929
21998
22626
21439
23465
21998
22417
21998
23325
22347
21998
22347
23325
22906
25699
21998
21858
66064
22906
42250
21928
21649
22836
21998
24582
23325
21929
22487
22487
23326
22487
22277
23674
22068
21509
22626
30449
22487
22976
22417
21929
23325
22417
22417
27096
29121
25769
22417
23255
22976
22557
23814
22278
22417
22976
22347
22906
23534
21998
24652
21928
22418
22417
22767
22906
23744
22557
22417
31426
23814
22347
22837
22557
22348
23814
22836
23255
23814
22417
22975
21788
23884
22348
21998
27306
22976
31984
22976
24303
25770
28912
25909
26956
24094
28563
25630
25490
24372
26188
29541
26188
43159
30100
22138
22627
29610
22836
23395
23884
23185
23884
26817
22418
24932
48606
22068
23395
22418
22208
21649
23325
23884
25211
22418
23674
64318
28144
36244
33870
37083
47698
25629
23256
250640
25839
22418
22487
24862
22208
21370
22278
23884
23953
22696
22976
25630
23115
57684
22907
22487
21509
25770
24303
25281
25630
24721
36175
24024
30518
24372
29401
31705
92462
23395
22976
22417
22417
22278
29610
22347
22208
22069
31496
22278
21858
21859
21788
22068
22208
21789
22487
21649
22138
22278
22487
21719
21858
21998
22348
22278
22348
22557
21928
22348
21789
21999
21370
21998
22277
22347
22068
22068
21999
22068
23046
22487
22348
21928
22348
22347
21998
21998
22348
22138
21928
22487
22837
22347
22487
22487
22557
22487
22348
22417
22557
21789
22418
22487
22347
22068
22417
22347
22627
21859
21859
24024
22138
21998
21858
21998
21999
22347
22976
22488
21859
22138
22278
21928
21928
22347
21928
21928
21649
21928
22557
22278
21649
22068
21998
22487
21789
21579
21998
21579
21858
22068
22836
21928
21928
21999
22906
22138
21928
21858
21929
22277
22348
22138
21999
22347
22697
22488
21928
22487
22487
22347
22418
22208
21719
22347
21859
22208
21859
21999
22487
46580
21998
21858
22348
22278
22417
22068
22347
21789
22487
22487
21789
22487
22488
21649
21579
22557
21649
21929
22347
21998
22417
22836
22347
22348
22208
22207
21998
21929
21998
22347
22767
21510
25560
22069
21998
21928
21579
22069
22557
22278
21789
21928
34848
22207
21858
21859
22487
22348
21858
22348
22347
21928
21789
22347
21789
22417
22488
21649
22347
21929
22487
22278
21858
21998
22487
22417
22417
21998
21789
22417
22278
24233
21788
22278
21859
22487
22418
22488
21859
22347
22347
22487
21928
21719
22069
22417
22487
22487
21788
22277
21649
21928
