3283
3283
3422
6216
2375
1956
3353
3282
4260
3353
3213
3422
2374
3422
3282
3353
3841
3841
3771
3352
3282
3771
3353
6146
3423
3352
3353
2864
3353
2864
3282
3282
3771
3282
3353
3772
3911
3352
2863
3771
3352
3422
3282
3842
3841
3352
3353
3772
3701
3422
4260
3283
3283
3841
3283
3422
3771
4190
3352
3282
3771
3282
3352
2374
5797
3771
3841
3212
3352
3353
3283
3352
3283
2933
3352
3771
3422
3283
3352
3283
3771
3422
3283
3352
3213
3282
3282
3353
3771
6215
3352
6285
3353
6286
3422
3282
2864
3352
3422
20812
3841
3422
3422
6285
3213
6285
2444
3422
3352
3352
3352
3422
3352
3353
3352
2863
3353
3352
5867
6216
3283
3282
3911
6216
3422
3422
3771
6286
3283
3282
3352
6145
3352
3282
2863
3352
2864
3422
2794
3282
6216
3422
3352
3352
3352
2794
5797
3841
3283
3352
3353
3213
2444
3282
3282
6216
3352
3422
6286
2934
3911
6285
2794
3352
3352
3422
3282
3282
5307
3352
3283
3422
3352
6146
3283
2864
3352
3282
3353
3213
3283
3352
2863
3352
3352
3352
3352
3353
3771
3282
3283
3282
3352
3352
3283
3911
6076
2374
3283
3283
2933
2793
3841
3282
3352
3422
3282
2864
3283
3352
2933
3352
7473
3352
2864
2864
3282
3352
3283
3283
3283
3283
2374
3352
3282
2375
3282
13339
3771
3352
3422
3352
3283
3283
3352
3282
2933
2375
3353
3283
3283
3353
6146
3212
3352
3353
3353
5657
3282
3422
3352
3283
3352
3422
3282
3352
3352
6215
6146
3282
2933
3352
3282
3352
2793
3422
3353
3283
3283
3352
3353
8171
3283
3353
3352
3283
2863
3282
3283
3422
3352
3282
3282
3701
3352
3352
3353
3283
3772
3422
3702
3841
3352
3841
3353
3282
2933
3282
3423
3352
3352
3283
6146
3282
3283
3282
3352
3352
3282
3422
3282
3283
3282
3282
3213
3282
3771
3352
3911
3841
3911
3422
4260
3282
3283
3772
2864
3282
3352
3352
3423
3423
3282
3352
2863
2374
3911
3352
4261
4261
3352
3772
3771
3283
3771
2863
5727
3772
3772
3282
3422
3353
3353
3352
3352
3353
7542
3772
4260
3283
3282
3353
6146
3841
2863
3352
3283
2933
3283
3353
2793
2934
2863
3282
3283
2933
3283
3353
3282
3701
3422
3352
3352
2933
6145
3352
3422
6285
2864
3282
3353
3353
2863
3282
3352
6145
3283
3422
3353
3283
3353
2864
3282
2794
3422
3841
6146
3841
3422
3282
3283
3352
3282
3282
3282
3352
3352
4330
3352
3352
3352
3353
3841
4260
3283
3422
3282
3422
3353
3352
2863
2863
3282
6146
6286
3422
3352
2863
3352
3283
3841
3353
3841
6215
3283
3422
3422
6146
3282
3353
3352
3352
3352
3213
3702
3283
3283
3282
3213
3283
6984
3283
3352
3422
3352
3422
3423
3283
3353
3283
2444
2933
3352
2863
3772
2863
3352
3422
3422
2863
3283
6146
3282
3353
3422
6146
5727
3352
3352
3352
3352
3283
3353
2933
6355
3283
3283
3282
6146
5796
2933
3352
3352
6146
6285
3352
2864
3213
3283
3352
3422
6216
3282
2933
3353
2933
3422
2864
2864
4400
3282
3283
3352
3283
3352
3353
3771
3422
5657
4190
3283
3282
2794
3282
6286
1956
2863
3282
3282
3422
3352
3352
6146
3422
2933
5797
3282
6076
3283
3282
2934
2933
2933
6355
2305
3282
6286
3282
3353
3771
2933
6146
3353
3352
6076
3282
3282
6495
2933
3213
3352
3352
6146
2933
5657
3282
3283
3772
3282
2863
3352
2793
2794
3283
3282
2863
3282
3213
3282
3353
3422
2934
3282
3352
3422
3352
3282
3283
3282
3353
5657
3282
2863
2794
3352
3352
3771
3771
3353
3353
3213
3283
3353
3212
3352
3213
12711
6146
3352
2793
3352
4818
3771
3353
2933
3422
4749
2864
3352
2793
2933
2864
3422
3353
3352
3352
2863
2864
3282
3282
3283
3282
3772
2933
3282
3282
3212
3282
3353
3283
3283
3353
3422
2863
3771
3282
2794
2934
3352
3282
3352
3701
3283
3702
3213
3282
2375
3283
3282
3353
3282
3283
3352
3353
2933
3283
3423
4260
3353
3282
3282
3352
3352
3353
3353
2864
3283
3352
3911
6146
3841
2933
2933
2933
2863
6076
3283
3283
3422
6076
7821
3771
3282
6146
8940
3352
3352
7194
3352
3771
3283
3352
3422
7194
3353
3353
7054
3352
3422
3352
3352
3282
3352
3422
6146
3422
3282
3422
3352
3352
3283
3353
2864
3282
3352
3282
2864
3352
3352
3352
3283
3422
2793
5797
5657
5796
2864
3352
2864
5657
2863
2864
3352
2793
3282
2863
6076
3352
3352
2863
2794
2933
3422
3352
3212
3352
5656
3352
5797
3352
6146
3282
5797
2864
7054
10546
3282
2933
2934
3352
3352
2375
3352
3352
3353
3352
3352
2933
3353
7123
2933
5727
3352
7682
2863
5727
3282
3422
3213
2374
2934
6216
3352
3282
3352
2863
3283
2863
3771
5657
3352
3771
3423
3283
2933
2864
3422
3422
6564
3283
3282
3352
3422
3353
6146
7962
6145
5726
3423
6146
6146
3283
5657
2864
3352
7543
3282
2374
2933
3353
7612
2794
7193
3283
2864
2794
2863
3283
3353
3283
1886
3422
6146
5169
3283
3282
3352
3352
3352
3283
3353
3352
7124
3632
3353
2934
3213
3352
3352
3841
3352
3283
3282
2864
2933
5657
3841
3282
3352
3352
2864
2863
3352
3212
3283
2934
6216
3352
3352
2863
3282
2794
3282
6215
3422
3282
3283
3282
3213
3353
2863
6146
7543
6216
3213
2864
3353
3422
6146
3212
6216
3352
3353
5587
3282
3282
6076
5726
2933
3352
2934
3352
3282
2794
3701
3772
3701
3771
3283
3771
3352
3422
3282
3352
3282
2864
3422
3213
3353
3283
3422
2864
2863
3282
5657
2793
3353
3282
3283
7124
5099
3423
3282
2793
5657
6146
4330
2864
3283
3352
3352
3841
3841
5308
3910
3422
3771
3352
2933
3283
3423
3352
3422
4260
3911
3771
3352
3772
3771
3283
3282
3352
3352
2794
3283
2864
2793
5587
3352
3353
2793
3352
3282
6006
3352
3352
3422
2934
3911
3282
