6565
6635
6635
6145
6145
8031
6565
6774
6844
6286
6146
6565
6146
5727
6634
6215
6704
8380
9078
6704
6775
7124
6774
6215
6844
15504
6774
6146
6215
6215
6494
6635
6634
8031
6565
6635
6565
7054
6704
6704
6774
6285
6774
6216
6844
6774
6704
6635
6704
6704
6705
7053
6634
6705
6634
6216
7193
6704
6215
6565
6704
6634
6774
6285
6774
6774
6635
5377
6565
6285
6285
7123
6216
6635
6565
6634
6495
6565
6215
6774
6774
6286
6564
6704
7542
7123
7542
7542
7123
5656
6634
6844
9428
6774
6705
6634
14806
6704
6635
6565
6704
6774
6984
7054
7542
6076
7682
6634
6285
6564
6634
6495
6634
6564
6565
6564
6635
6704
6704
6215
6286
6704
6216
6705
6146
6495
6146
6076
6635
9079
6146
6286
6844
6704
6634
6355
6565
6705
7054
6075
6565
6215
6285
6215
6215
6774
6564
6634
6634
8520
6564
6634
6983
7542
6635
8101
7542
6635
6565
6705
6704
6564
14666
6285
7682
6704
7612
7612
6634
6564
6634
6635
6704
7263
7961
6704
6564
6704
6635
6704
6285
6635
6634
6704
6565
6774
7612
6564
6635
7752
7123
6635
6634
7612
7472
26957
6565
6774
6146
6634
6355
6146
6285
6635
6146
6634
7752
6146
6704
6704
6635
7472
6215
5727
6635
6635
6565
6146
6704
7333
6564
6285
6774
6216
6495
6146
6704
6146
6774
7612
7054
7682
7752
6635
6704
6355
6705
7542
18437
7193
7124
8031
6635
6565
7752
6215
19484
6774
5797
7682
7263
6216
6634
7612
6495
7612
6286
5726
6704
6634
6635
7053
6634
6774
6705
6215
7682
8031
6216
6146
6076
6634
6285
6704
6774
7542
6704
6984
6635
6634
7124
6634
7053
6215
8171
6564
7613
6704
6215
7682
6705
6635
27097
6635
6635
6216
6635
6146
6634
6285
6564
6634
6564
8241
6635
6635
5657
6704
6565
6774
6286
6565
6146
6285
6704
6215
6285
6774
6704
6564
6634
6774
6774
6634
6704
6146
7961
6635
5657
6634
6705
6565
6146
6564
6635
6565
6564
6565
6215
6774
6076
6564
6634
6704
6704
6635
6565
6774
6635
6565
6634
6564
6704
6564
6565
6634
6774
6635
6705
6634
6565
6285
6704
7054
6565
6216
6215
6285
6774
6564
6634
6634
7752
6774
6564
6635
7193
6774
6634
7263
8031
6775
6285
6635
6495
6774
6564
6565
7542
6774
6216
7193
6705
6565
6286
6075
6634
52866
6565
7193
7542
6564
6285
6704
6704
6705
6635
7053
8520
6564
6635
6774
7473
6285
6146
9009
6774
8101
7542
7123
7193
6216
24513
6634
6285
6565
6635
6774
7682
7193
6565
8101
6355
6076
6635
6635
6704
6774
7752
6704
6775
6076
6565
6704
6774
6565
6216
6285
6565
6774
6285
6216
6215
7752
6774
6564
6635
6704
6704
6634
6704
6215
6635
6775
7193
6704
6634
6844
6704
7053
7124
6704
6565
6076
6774
7124
6635
6285
6215
6774
6215
6704
6215
6215
7123
6215
6984
7124
7612
8101
7682
7682
7123
6635
7682
6774
8589
6634
7193
7193
6704
6564
6704
6634
6635
7542
6565
5657
6285
7054
7054
7613
6704
6774
8450
5796
7682
7123
7682
8101
8660
8101
5657
5307
7123
6704
6984
6564
7053
6146
7263
6705
7123
7124
7613
6285
6285
6704
7961
6565
6634
6704
6704
7683
7194
7194
6704
6634
6564
6634
6774
6705
6216
6634
6564
7123
6145
6705
6635
6774
6565
6565
7123
6355
7332
5657
6495
6285
7543
6635
6146
6844
6285
6146
6635
6146
5797
6705
6704
6146
6704
6704
6285
6565
6774
6285
6704
6774
6564
6635
6635
6704
6704
7193
6146
6285
6495
6564
6285
7123
6565
6146
6565
6286
6565
6285
6775
6704
6635
6146
6634
6704
6564
6775
6146
6774
6285
6076
6634
6285
6634
6634
6704
6634
6774
6285
6634
6704
6774
6635
7053
6634
6355
6704
6634
6635
6635
6634
6635
6704
6704
6285
5237
6216
6145
6704
6215
7263
6774
6634
6565
6705
6146
6704
6635
6146
6774
6704
6286
6705
6775
6216
6564
6564
6216
6564
6146
6635
7542
6216
7682
6704
6774
6635
6564
6145
6285
6145
6285
6286
6286
6355
6285
6635
6285
6565
6704
6774
6774
6285
6565
6704
6634
7962
7193
6635
7612
6216
6634
6565
6635
6285
6634
6704
6634
6216
7193
6495
6634
6286
6635
6774
6285
6076
6564
6355
6704
6705
6634
6635
6634
6774
6634
6635
6774
6705
6634
7054
6565
6704
6635
6634
6355
6634
6635
6565
6216
7053
6285
6565
6635
6355
6635
6495
6565
6775
6634
6774
6774
6635
6635
6145
6285
6634
6285
6705
6705
8101
6635
6705
6635
6215
6705
6215
6216
6774
6564
6774
7194
6634
6146
6635
6635
6564
6146
6285
6216
6286
6285
6635
6215
6774
6774
6775
6565
6704
6775
6774
6704
6704
6635
6565
6704
6774
6844
6286
6564
6774
6775
6216
6286
6705
6704
6775
6286
6634
6774
6634
7542
6216
6704
6145
6635
7612
6704
6705
6565
6774
6705
7054
6774
13199
7193
6635
6704
6705
7263
6564
6634
6774
6355
6705
6635
6285
6285
7543
5866
6634
6565
6634
6564
6215
6774
6495
6704
6704
6565
6564
6704
6634
6704
6565
7124
6634
6774
6355
22068
6215
6355
6216
7542
6634
6774
6215
6704
6634
6634
6775
6774
6215
6634
6634
6704
6564
6565
6704
6704
6634
6635
6564
15503
6774
6565
6216
6146
6844
6215
6774
6774
6565
6635
6635
6075
6285
6774
6704
6774
6704
6076
6705
6565
6634
6704
6286
6216
6216
6635
6565
6635
6285
6285
6635
6983
6565
6564
6635
6634
6635
7054
6634
6634
6844
6634
6565
6844
6704
6076
6146
6704
6774
6704
6704
6355
6635
6634
6564
6216
6844
7193
6635
6635
6634
6285
7194
6564
6704
6704
6145
6216
6704
6634
6704
6285
6705
6705
7124
6774
6705
6215
6146
6844
6286
7263
6286
6005
6705
6146
6635
6704
6146
6215
6215
6705
6704
7263
6635
6634
6634
6635
6775
6215
6216
6285
6635
6635
6774
6564
6634
6774
6635
6635
6565
6704
6634
15364
6704
6704
6635
6774
6774
