1467
2374
1467
2444
1955
1886
1955
2375
2374
1956
1886
1886
1886
2304
1816
2794
2375
2934
1886
2375
2863
2375
1397
2444
2375
1467
1886
1956
2305
1885
1466
1885
1955
1955
1886
908
1397
2305
1467
1886
1956
1886
1467
1885
1885
908
1886
1397
1886
1955
1397
2444
2374
1886
1885
1467
1886
1885
1397
2864
1955
2933
1885
1886
1955
1886
1885
1955
1886
1886
1397
1397
1885
1816
1885
1466
1467
1467
1955
1397
1886
1467
1467
1467
1886
2793
1886
2794
1397
1886
1886
1886
1955
1886
1467
1397
1397
2375
2375
1955
1956
1955
1886
1885
1816
1956
1397
1397
1886
1466
1886
1956
1885
1466
1467
1396
1955
1885
2934
2374
1886
1886
1886
1397
1466
1885
1885
1397
1397
1466
1467
1467
1397
1467
1886
1467
1886
1955
1467
1467
1956
1466
1397
1885
1886
1397
1397
1955
1956
1466
1886
1397
1397
1467
1467
1885
1886
1886
2444
1397
1956
1955
1886
1886
1466
1956
1466
1885
2305
2375
2444
1886
1886
1955
2863
1886
1886
2374
1467
1816
2933
1397
1466
1466
1886
1885
1467
1886
1885
1956
1885
1886
1885
1397
1467
1956
2445
1885
1886
2374
1955
1956
1397
1886
1466
1396
1956
1397
1885
1396
1956
1467
1886
1466
1466
2794
1955
1886
12501
1467
2304
1886
2444
1886
1886
1397
1466
1886
1467
1467
1885
1466
1956
978
2794
2374
1885
1466
1886
1886
1885
1956
1886
1886
1955
1816
1886
2375
978
1956
3352
1886
1886
1885
1956
1886
1956
1396
1886
1397
1466
1397
1397
1886
1955
1886
1886
1886
1467
1956
1467
1885
1397
2444
1886
1886
1885
1467
1886
1956
1886
1886
3283
978
1397
1397
1956
1816
1466
2375
1956
1466
1467
1467
978
1467
1956
1397
1885
1955
1397
1397
1816
1886
1396
2864
1956
2304
1467
1955
1467
1816
1885
1467
2305
1467
1467
2374
1956
1396
1467
1956
1955
1396
1816
1955
2793
1956
1396
1467
1816
1467
1467
1397
2375
1816
1956
1886
1467
1886
1956
1467
1885
1886
1885
1886
1467
1886
1886
2374
1885
1466
1886
1397
1467
1397
1467
1885
1886
1397
1955
1467
1397
1955
1397
1886
1467
1816
1886
1956
1327
1466
1816
2374
1956
1816
1467
1956
1886
1396
1396
1956
1467
1466
1466
1396
1466
1886
1886
1956
1885
1397
1397
1955
2445
1956
1885
2375
1816
2794
2793
1886
2445
1816
1467
1815
1466
1467
1397
1886
1885
1955
1397
1956
1885
1466
1466
1467
1397
1467
1885
1886
1467
1397
1956
1467
1396
1886
1467
1467
5797
1466
1956
1885
2375
1466
1816
1956
2375
2863
3352
2864
1956
1467
1886
2375
978
1467
1467
1955
1467
1467
1886
1886
1955
1396
2793
1467
1955
1466
1886
1886
1397
2305
1886
2374
1467
1956
1956
1956
1955
1467
1886
1885
2863
2305
1955
2793
1886
2375
1466
2863
1955
1886
1466
1886
2444
1956
1397
1467
2374
1467
1466
1885
1466
1467
1816
1885
2374
1886
1955
1956
1885
1886
1885
1397
1466
2375
1956
1886
1885
2445
20045
2375
1886
1886
1397
1466
1467
1886
1397
1885
1397
1397
1397
1467
1397
1955
1885
1467
1886
1816
1467
1397
1816
1956
1886
2304
1467
1956
1466
32894
1955
1886
1886
1467
1397
1886
1886
1956
1886
1955
1396
1956
1955
1886
1467
1466
1467
1885
1816
1467
1397
2375
1467
1956
1397
1886
1467
1466
2374
1467
1467
2934
2444
1397
1886
1467
1955
1885
1397
3842
1885
2374
2444
1466
1956
2863
2445
2374
1396
1885
1955
1466
1955
1397
1397
1955
1467
2794
1886
1397
2864
1396
2375
1396
1397
1886
1397
2375
2375
1955
1397
1816
1397
1886
1816
1467
1955
1956
1397
1397
1886
1885
1397
2305
2444
1397
1466
1466
1397
1397
1956
978
2375
1396
1885
1467
1397
1955
1955
1397
1886
1466
1397
1955
1467
1956
1955
1466
1397
1397
1886
1885
1816
1816
1885
1466
1885
1397
1886
1466
1396
1886
1886
1466
1955
1886
1886
1397
1816
1955
1466
1467
1466
2374
1955
1397
1886
1397
1815
2933
1466
1467
1955
2374
1886
1886
1886
1397
1466
1885
2445
2375
1815
2375
1955
1886
1885
1886
1885
1397
1886
1466
2863
2863
1815
1467
1955
1467
1886
1467
1467
1467
1955
1955
16413
1886
1885
1886
1886
1816
1886
1885
1956
1396
1466
1396
1885
1886
1885
1397
1956
1467
1467
1886
1397
1886
1467
1397
1886
1885
2793
1885
1886
2375
1955
1886
1886
1886
1885
1885
1886
1397
1886
1886
1955
1885
1955
1885
1955
1955
1466
1397
1956
1467
1397
1956
1885
1885
1397
1886
1397
1955
1397
2374
1397
2863
2374
1396
2304
1886
1886
1886
1956
1955
1956
2375
1956
1467
1886
1885
1955
1955
1886
1397
1466
1886
1397
1886
1467
1956
1886
1885
1886
1397
1885
1466
1886
908
1397
1955
1397
1885
1955
1955
1397
1886
1886
1956
2305
1955
1886
1955
1955
1956
1956
2375
1467
1886
1885
1886
1955
1816
1885
1885
1956
1885
1466
1886
1956
1466
1885
1885
1885
1956
1886
1816
1886
908
2445
1886
1956
1886
1886
1815
2305
1885
2863
1885
1886
1955
1956
1956
1885
1956
1466
1886
1955
2305
2305
1956
1467
1886
1886
1885
2374
1955
1956
1956
1397
1396
1466
1886
1955
1397
3352
1397
1885
1467
1397
1467
1885
1955
1955
1955
1886
1466
1885
1956
1467
2375
1956
1956
1816
2305
1886
1885
1885
1396
1955
1886
1886
1886
2863
1396
2445
2444
2375
1886
1886
1467
2375
2375
1886
1886
1467
1816
1886
1885
1885
2793
1885
2444
1885
1885
1397
1886
1886
2375
2305
1467
1397
1956
1466
1886
1956
2305
1466
1885
1886
1955
1397
1955
1396
1397
1397
1886
1886
1396
1815
1467
1886
1886
2375
1467
1885
2375
1397
1467
1956
1956
1955
2375
1886
1886
1885
1467
1885
2374
1816
1396
1467
1955
1467
1397
1886
1815
1467
1397
2793
1466
1886
1956
1886
1885
1885
1886
1886
1886
