27657
27238
27658
27098
27657
28146
27657
76267
28565
27587
27588
29054
28565
32476
28566
28985
29613
28146
27728
27727
27587
27657
27518
27448
27587
27727
27239
35270
27727
27657
27587
27727
27658
28635
27727
27587
27657
27727
27657
27238
27657
28076
27657
27587
28216
27727
27448
27727
35759
27658
27448
27588
28635
27658
28077
27727
32406
27587
29054
27727
28496
29473
28636
29613
28146
27588
27727
28146
28146
27588
27657
27588
28216
27657
27727
28076
27588
27657
27098
26680
27937
27937
27867
27588
27657
28006
27168
27657
27657
27168
27169
27727
27657
27657
27866
29124
27657
28285
27168
27728
27588
27378
27238
29543
27238
36667
28146
27727
27377
27168
27238
28356
27657
27657
28216
27658
27657
27168
27727
28146
27587
27797
27657
27657
27168
28216
28146
27238
28076
27727
28076
27168
27727
27029
27658
27239
27727
27238
27098
27658
27517
27098
27657
27168
28077
27588
27727
27657
27657
27518
27169
27238
26959
27657
27518
29124
27727
27657
27587
29543
27169
27658
27727
29124
28077
27588
28146
27098
27727
27657
28635
27587
28076
27658
27657
27727
27588
27588
27238
27657
27727
27448
27587
35339
35130
27657
27936
27447
27168
27657
27657
28147
28076
28147
28356
27727
27587
27517
27588
27657
27937
27168
27658
27657
28146
27588
36737
28216
27239
27657
28565
27727
27238
28076
27308
27936
27587
27657
27727
28076
27518
28077
28076
27727
36247
27727
27588
27657
27099
27378
27517
27308
28565
28076
27657
27587
28146
27587
27587
27588
27657
27657
27657
27867
29054
27657
27168
27378
28076
27588
27098
27238
27308
28565
27727
27238
27937
28565
28077
28146
28076
27727
28146
31708
27587
27657
27308
27098
27727
27727
27727
27657
29055
27238
27168
27238
27657
35759
27169
27588
27099
27448
30521
27657
27937
27169
27727
27657
27657
27588
28077
28146
27657
27588
27727
27587
28635
27728
27238
27587
27588
28146
28566
27587
30731
28077
27308
27518
27658
27657
27727
28076
27657
27588
28356
27727
27587
27727
27168
28147
27588
27658
27657
28146
27936
27657
28146
29054
28147
27727
53499
27657
27168
27727
27657
28077
27308
27168
27517
27657
28076
28146
27168
27587
27658
27657
27658
27657
27378
27378
28076
28147
28007
28635
27727
27518
27727
28146
27657
29753
27308
27168
27587
29054
27587
27588
27448
27448
28147
27727
27658
27727
27238
27587
27657
28635
27867
27448
27448
29124
27728
27727
35340
27517
27658
27168
27168
35689
27727
27587
28077
27658
27727
35270
27239
27168
28076
37784
27587
27658
27657
28146
28076
28496
27658
27867
28076
27727
31009
35759
29054
53079
28565
27657
27937
27308
27727
28076
27657
27727
27936
27657
27658
27657
27867
27587
27727
27588
27518
27517
26610
28076
27727
31499
27657
27657
27588
27168
27098
27587
28286
27588
27797
27657
37854
27239
29124
27937
28146
26959
27168
27658
27308
27239
29543
27657
28146
28146
27937
27657
27587
75010
28147
37296
27238
27308
27587
27727
27658
29124
27099
27727
27588
27588
27588
27866
27587
27727
28146
28146
27518
27238
27727
28076
27098
27657
27657
28077
27658
27238
28146
27588
27588
28146
28146
27866
27238
27098
28216
27587
27727
27447
27657
27658
28146
27937
29613
28146
28216
27099
31010
27866
27727
27727
27727
29054
27378
27168
27587
27308
27238
27448
27588
28146
27727
27168
32686
28147
27657
27658
28147
27657
28146
27588
27727
27448
27238
27588
28146
28076
27588
27657
27517
27658
29124
30521
28565
27657
27657
29612
27727
27378
27657
36737
27378
28077
27588
27727
27587
27308
28635
27239
27657
27657
27517
27657
28146
27378
28077
27727
27587
27448
27448
27727
29613
27657
27936
28565
28844
28076
27238
27657
28216
27658
27448
27727
27448
27378
27658
27238
29613
27657
27587
27727
27658
27517
27797
27587
27587
27587
28146
27657
27168
27587
27658
35689
27378
27658
28216
27797
27168
27658
28216
27658
27168
28566
28216
27587
27239
27797
36248
27657
29054
29612
27448
27378
27727
27378
28077
27168
27169
27727
27727
27587
27727
27658
27168
27657
27728
27168
27658
27727
28077
28146
28146
27169
27168
36108
27587
26959
27867
27867
27588
27587
28216
27587
28147
27657
28146
28146
36318
28006
28216
27937
27587
27448
27797
28635
27797
28007
28077
27657
27169
27587
27098
60972
27518
27447
27657
27727
27657
26959
27587
27239
31289
27587
27587
27727
27378
27168
27657
27657
28007
27866
27657
27657
27588
27588
27657
27727
27238
27168
27168
27657
27168
27796
27378
71727
27168
27168
28635
27937
27587
27657
27099
35549
28146
27657
27657
27238
39740
27238
27238
27378
27168
27308
27658
27168
27727
27657
27727
27727
27518
27657
70889
27238
28216
27588
27727
27588
27728
27727
36318
27657
27657
27518
27588
27657
27448
27168
27657
27658
27308
27728
28077
28146
34292
27658
28077
27308
27517
35829
27657
28146
27936
36457
29823
28216
29054
27657
28635
28076
28146
27657
27588
27657
27587
27727
29054
27936
28076
27448
27657
27588
27657
27168
28147
27169
28146
27517
27658
27658
27168
27657
27099
27866
28146
27727
28146
27657
31010
28146
27727
28146
27587
27239
27448
27657
27657
27308
27727
27657
27727
27588
28006
28147
27727
27867
27517
28146
27517
27238
27238
29124
27587
29124
27588
27658
27728
27657
27308
27168
27238
27587
27169
27867
27238
27727
28076
28007
27727
27168
27727
27588
27657
27169
27587
28076
28565
75708
27657
27588
28216
27238
27727
27448
27657
27587
27727
27448
27308
27239
27587
27797
27658
27588
27657
27728
27657
27587
27378
27588
31498
30800
28146
28635
27657
27028
27657
27657
27168
28076
27099
27657
27377
27169
27658
61111
27658
27727
49657
27308
27728
27168
27448
27796
28635
28146
27657
28426
27657
27658
27238
48400
27727
27657
28006
27447
27448
27797
28076
27448
27657
30521
27587
27239
27587
28216
27587
28007
28076
27657
27657
27447
27238
29333
28146
31499
28146
27727
27937
28076
27099
29124
28007
28356
27587
27936
31010
27866
27657
28635
27727
27657
27727
36807
28077
28076
27727
28216
28077
27727
27588
27727
27727
27168
27587
28146
27169
28146
27657
27238
27168
27657
27866
27587
27378
27657
28216
28146
27727
27448
40159
27657
27657
27448
27238
27238
27587
27518
27657
29334
27238
27937
27447
27239
27657
30032
27098
27657
27588
27517
27168
28355
27657
27238
28565
27727
28077
27727
