8593
8732
9082
9082
9012
9012
9012
24312
8453
18584
8523
8943
9082
8733
8942
9012
8593
8174
8942
9920
9082
7475
9012
8523
8523
8523
8593
9082
9082
8872
9012
8733
8663
9641
9431
9361
10899
9921
9571
10060
10549
10060
11387
11597
9990
8663
10130
11806
10619
9921
9501
9152
8663
9082
9082
9991
8523
8733
9013
9222
9571
10410
9921
9431
9082
10479
9082
9152
10899
9571
10479
11038
9711
9641
9152
9082
9921
9432
10549
9920
8732
9920
135043
9921
10549
12016
12017
10060
10898
11458
10479
10270
10969
10968
12155
10968
9921
9571
13343
9361
11597
10060
9012
9921
10060
16418
9641
10340
10968
11038
10409
27176
10828
10339
11108
10060
10549
9640
10968
11597
9990
10130
11457
11457
9990
9990
9362
9851
11597
10619
10061
9571
8104
9501
10898
9501
9221
9431
9572
9921
8593
9920
9501
8523
9501
9920
9501
9222
9502
9991
10898
9571
9641
9082
9501
9082
9571
8593
7964
9013
8662
8454
8942
9152
8943
9082
9082
10060
9640
9501
10619
9222
8942
8523
9152
7754
8733
10480
9711
9641
10758
12365
12925
12785
10619
10619
10829
10899
10130
10340
11527
10410
12576
10060
9572
9432
9920
9152
11108
9082
9012
9501
9012
11457
10409
10130
9432
9502
8174
8943
9501
9012
9221
8663
11108
8104
10480
8593
9641
9571
8523
8663
8663
9012
8942
9151
8104
7964
8593
7545
8523
8663
8942
8523
8593
9012
8872
8942
9012
8523
7615
7615
8873
9222
9082
9222
8174
8872
8943
9152
9571
9152
9013
11388
10060
11038
10619
10060
9431
9501
8593
8663
8593
9012
10340
9990
8942
8593
9221
9501
8243
8593
9012
9221
9012
9990
9222
11248
8732
9571
9432
9012
10199
9571
9431
10968
11806
10130
10479
10619
9501
9571
9571
9851
8942
9362
9082
9152
9012
9012
9012
8942
8873
9151
9361
9012
9850
8454
9152
9082
10550
8104
9152
9082
10549
9152
9012
8943
8593
8523
10480
8943
8593
8942
8733
7754
8523
8523
8593
9082
8943
9012
10898
9502
9501
10340
11108
13413
10479
10828
12505
10968
10899
9780
9222
10479
14321
11108
11458
13484
9990
9920
10828
9152
9641
9711
10409
10340
9921
9921
23334
9082
9152
9850
10688
9082
9641
9501
8663
8524
8523
8663
8523
8104
8593
8523
9152
9152
8942
9082
9082
10479
9501
9152
10898
10060
9571
9641
10619
11038
10480
11807
12086
11317
13833
10060
9920
10898
9431
9432
8942
9641
9990
10968
10549
10899
11387
11108
10479
11387
10969
9431
9921
11597
10060
10340
10060
10479
10060
9851
10060
9571
9431
9501
8942
10828
22984
9501
10549
9640
9502
9501
10130
9501
9012
9501
8732
8942
9501
9012
8942
8523
10479
9991
9012
11946
11876
11527
10060
9082
10130
9990
10060
9362
9082
10060
9571
9012
9082
8732
20050
11038
9921
9571
9012
8662
7755
8732
9571
8732
9221
9082
8523
8174
8942
9012
9012
9082
8244
8662
8943
8872
8593
8453
8593
9151
8733
8453
8662
9012
9221
9362
9501
8523
9082
9152
11038
9990
9501
9501
9431
9152
9571
9012
9152
8453
9012
9222
8943
9082
9012
8732
8593
8593
9221
8523
9012
11318
10339
9920
9222
9012
9082
8523
8523
8733
8662
10409
8942
9641
9990
8523
9921
10060
9012
9221
8453
8593
8663
9990
8943
8873
8662
8593
8593
9012
8943
8453
9222
8943
8663
8593
9082
9640
9501
9640
9431
9012
9571
8663
9222
8523
7475
8942
8663
8662
8942
8873
8732
8523
9082
9501
9990
10759
8523
8593
12295
8593
9711
8663
8942
8733
8523
8873
8593
8593
9012
9012
8453
8523
8662
8593
8733
9501
9570
8662
9990
9012
9361
9012
8034
9012
9152
8593
8873
7965
8593
10828
9152
9082
8174
9152
8662
8663
9012
9012
9152
8523
8593
8523
8872
9082
8733
9152
9082
8662
9152
9152
9152
8663
9501
8872
8593
9152
9012
9082
9082
9501
8592
9082
8942
9990
9082
9641
9222
9221
8663
9431
8872
9431
9012
9990
8174
8662
9081
9571
9432
8942
8663
8453
8732
8663
8663
8943
8662
9082
8523
8593
8244
8523
9641
7685
9431
9152
8523
7964
8663
7684
9152
8523
8733
8453
8523
9013
8943
9012
8662
8174
8523
8942
9082
8733
8872
9012
9361
9501
11388
9641
9920
10409
10270
9571
9082
10340
9990
9990
8173
9152
9432
8523
8243
9920
8523
8523
8942
9012
9152
9012
8453
8593
8523
8732
8593
9082
8873
7545
9221
8942
8942
11457
9920
9571
9501
10479
9711
9431
9012
8523
9571
8662
8173
9571
9571
9501
9151
8383
9152
9501
9152
16557
8662
8453
9990
7614
9641
8662
8453
8663
8663
8663
8523
9012
9081
10549
9991
10409
11806
20958
10339
9640
9641
9920
9501
10339
9920
12016
11946
10829
10619
10898
12016
19421
10409
9991
9432
9012
9571
9571
8942
8942
9082
9012
9501
8523
9152
9012
9012
9012
8733
8733
8244
9012
9222
8523
8523
9152
8173
8104
8523
8593
8593
8593
8733
8662
7545
8733
18722
9641
9012
9082
8663
9920
8732
8733
9012
8663
8873
8523
8942
8243
8733
8872
8663
8523
10410
9082
9501
11527
9151
9361
9012
9221
9501
8942
9990
9151
9431
9571
9920
9082
9432
9151
8662
8523
8733
9082
8174
8732
8593
8663
9501
10409
8733
8593
8942
9012
8244
9990
9431
8942
9012
8942
9082
8732
8383
8453
8034
8593
8174
8942
8592
8942
8104
8663
8593
7614
8593
8663
8942
8592
8593
9152
9501
9501
9501
9990
9432
8593
9711
8733
10339
9501
9431
10060
8593
8593
8663
9152
8732
8662
9012
8943
8942
9152
8593
9012
8593
8663
8243
9012
8733
8662
8592
9781
8523
8593
8663
8523
8523
8523
8592
8523
8523
8593
9990
9012
8732
8593
8522
8523
8523
8593
9012
8663
8453
8593
9012
8453
8523
8942
8942
9012
9082
8593
11038
8173
9081
8663
8942
9011
99690
9920
9012
9431
9431
17605
8593
8384
8593
8593
8593
8523
8104
10060
9640
8593
9991
9152
8453
8593
8662
9501
7615
8593
8593
8942
9082
9082
8732
9082
9152
9012
8942
10619
9501
9361
8733
9711
9151
9152
