11527
11946
12574
12015
11806
12085
11247
12924
10129
12224
11387
11247
12294
10129
13902
12714
11457
11946
15858
13762
11945
17673
11596
11875
11527
11247
10967
10548
9920
10199
9711
9920
10200
10549
10339
11108
10479
9920
10059
9640
10479
10478
10548
10059
31994
9431
10898
10898
11526
11876
11387
11107
14181
10549
10339
10129
12015
12225
9640
9920
9571
10130
10898
9990
15718
9850
9850
9989
10130
9990
9919
9920
10129
10129
10618
10129
10618
10059
9989
10967
10618
9989
10409
9849
10339
10409
9989
9570
9990
10618
10478
10618
9990
11945
12924
13482
11317
12784
10898
10619
10549
11597
9989
9081
10129
9431
10059
9989
9710
10618
9989
10269
9221
10409
10060
10059
10059
9850
9641
10409
10479
10618
11387
11806
11876
13273
32414
13273
13832
12435
27733
10828
10828
10967
10828
11596
12714
11876
13901
12015
11107
10757
11317
12504
11037
9989
10060
10199
10479
10618
9920
9920
11247
9990
9570
9571
9640
9850
9501
10339
12085
9152
9571
9640
10130
10828
11108
11946
10967
11456
10478
10129
9920
9989
10129
9919
10968
10339
9501
9221
12295
9990
9989
10479
9989
10199
9920
9710
9989
9990
9920
9641
9919
9501
10059
9990
38282
11805
11387
11457
11387
13622
11387
11386
11386
11177
10898
10898
11107
13972
12713
11876
11806
10618
11526
21236
10758
9361
11317
11107
10618
10968
10618
9989
9710
10060
9570
9989
9640
9641
9500
9919
9989
10199
9570
16417
9430
9990
9989
10059
10549
10548
11457
12365
11038
10828
10478
9011
10129
10339
11526
12016
10618
42333
10199
9920
9501
10059
9850
11387
10479
10060
9500
9501
10130
9990
10199
9430
9361
9571
9850
9571
9990
11037
11038
10968
10549
8942
9920
10478
10408
9919
10478
9641
9920
9430
9011
9920
10967
11456
10968
10548
10898
10897
11037
10898
10897
11107
10478
9990
10828
10897
10828
10059
10897
11037
11316
12435
11386
11107
11037
10549
10968
10409
10898
10688
10968
11038
10478
10618
10408
10478
10129
10548
10967
12364
13202
12015
16626
15508
15299
13902
13762
12574
11876
11386
12365
11037
13692
12714
10898
11107
11596
13133
12784
12435
11875
13482
11945
13272
12015
12993
14251
14669
13273
12713
11387
12854
58121
13343
12295
10898
12923
12504
12086
11108
11246
11805
11387
11736
11177
10897
10967
12504
9990
10758
10827
11037
10479
10479
10479
11317
10618
11107
11108
10967
10409
10478
10129
10828
11387
12434
12924
12295
14739
14949
12714
15229
14739
14390
12644
13413
12364
14251
14740
14949
15578
10897
12295
12364
12295
11946
11806
12015
12225
11875
11946
12994
15228
15159
15368
13762
14250
12365
15718
13761
16347
12783
15159
11386
10897
12016
11596
10898
10619
10897
11037
11037
11946
12434
14041
12364
12574
13342
12575
11946
12714
29968
11735
12015
12225
10967
11875
12295
12504
12294
11596
13622
15159
14391
12784
12783
12294
11526
12225
12574
12504
12294
14390
13412
13692
14460
13971
13342
15299
11736
11805
12853
11875
12015
11876
12364
11038
11945
12434
12504
13832
14321
14251
12574
12574
13761
15508
13971
12435
12993
15578
11736
11876
14180
12225
15089
13761
13203
44219
26196
14461
12505
11387
14461
12784
14460
10967
11806
13482
13901
14810
15298
14251
13762
15299
14461
13273
12364
13342
14251
13971
14250
13762
13692
12784
12784
12784
12435
12923
12295
12225
12713
14250
14181
12085
12364
12574
13901
16137
13343
14739
12365
11805
14111
12504
37443
14530
12435
13272
11387
13691
12993
12854
13622
13412
11037
13691
15299
12784
12993
12993
13272
13692
12225
13762
12924
13203
12225
13622
11876
11526
13203
14879
13971
12784
11526
14320
12435
14180
14460
14390
14111
13482
12504
12015
12015
12225
13692
23891
12714
14111
12435
12993
13831
13831
12365
12993
12923
12085
12294
12574
23821
11247
11597
13762
13412
13342
11946
11805
11736
11037
12085
14390
12365
12784
12993
12365
14250
11876
12574
10967
10409
23751
10897
10758
10898
11386
13063
13063
12295
12364
11526
11037
10618
10408
10408
10968
10478
10129
10618
10129
9919
10618
10897
10339
10548
10129
10129
10618
10059
10199
9640
9640
9012
9640
9571
10199
10059
9919
9919
10409
10897
10618
10408
9989
9920
10898
12435
14670
11596
13692
12853
12015
11735
11805
10897
11456
10967
11457
14879
10967
10130
10548
9920
9989
9919
11317
10060
9989
9011
9640
9989
9849
9990
10129
10548
10618
10409
9571
9919
9989
9849
9640
10409
10478
10479
10409
10129
11386
10478
41075
10059
10129
13482
10408
15647
10757
11386
11805
10967
10827
10967
11806
11107
11457
11876
10548
10618
9640
10129
9989
10478
11806
9989
9989
10059
11526
23332
10618
11386
11736
11386
12435
11735
12505
11107
11107
20607
11386
14181
10897
15368
11386
11317
11457
13063
11875
10618
10129
9431
10199
10339
10059
10059
10129
10059
10408
11876
11037
10967
9919
9919
10059
10897
10478
10479
11037
11038
10339
9990
10479
10618
9850
10129
9640
9780
10129
9361
11456
9919
9919
10129
10618
10199
10618
10408
11037
10339
9990
11735
10478
10478
10618
9430
10758
10479
11946
10548
10548
10618
10338
10548
10408
10478
9919
9919
10339
10548
10478
12015
10409
12853
12016
12015
11876
11457
12435
11946
12294
11805
11386
14251
12085
11386
11107
11037
14670
9920
11107
9151
10478
10548
9989
10408
10548
10478
10408
10059
9919
10549
9919
9850
10408
9920
10408
9500
10129
9919
10129
10409
9990
9989
9640
10129
10129
10129
9850
9989
8872
10478
9989
9989
9920
9989
9919
9920
10059
9501
10129
10479
10548
10548
11038
29060
10618
10758
10059
9500
9989
10478
9990
9989
9989
10059
10338
10339
10059
10338
11456
9919
9850
9989
9990
10129
10478
10059
10548
10968
10897
10408
12783
10827
11247
10967
11457
10059
10967
12783
10618
10548
10827
10898
11038
10478
10897
10618
10478
9920
9989
10478
9989
9640
10129
9919
10129
10129
9989
9989
10618
9990
10060
9990
9500
10618
10059
10059
9990
9082
10129
9919
10129
9710
10549
10478
10478
10129
10409
10549
10339
10548
11945
9919
11037
10478
11037
11387
10898
10967
10478
10478
10409
21166
9989
10688
9570
9570
10408
10409
10059
11876
10338
10339
9570
10408
9919
10059
10060
9919
14390
9081
10059
10338
9920
9849
