21022
30520
24863
22419
20953
32895
38621
21372
22837
20672
21930
21371
21091
20882
20883
21022
22907
26120
21022
20463
21092
21022
20184
21510
21580
24025
24793
21860
26609
22000
21371
21162
21022
20952
22419
21302
21091
21162
20882
23397
21092
20952
20534
21161
21092
21232
21441
21022
20603
21022
20952
21022
21092
21022
20953
28704
21022
20603
21022
21022
20952
20952
21371
20742
21231
20952
20952
20882
21092
21371
21022
21790
20952
21022
28564
21092
22908
21441
21371
19904
21022
20813
24304
21999
21581
21022
20813
21301
21581
21092
21022
22838
39669
24026
48958
25911
21930
24165
21790
20603
20813
21022
21022
20952
20952
21021
21092
24304
50635
21371
21511
22559
22977
21999
21581
20882
20882
30032
24654
23537
26609
22768
21372
20603
20603
24234
25212
22489
20463
21091
23327
32406
23327
21651
22978
20883
28565
22209
24235
21022
20603
21511
21022
27377
25212
26190
21301
21511
21790
22070
21092
20952
21371
21441
21022
20952
20812
21581
25771
20952
21161
20603
21092
21441
24305
20952
21371
31079
20883
20673
20603
20533
20533
20952
21162
20882
20952
21302
20882
21162
21022
21510
20533
21441
20953
20952
20882
21161
20463
20813
20952
21301
21581
21511
20882
20882
29124
21022
21022
20673
20952
20813
20882
21092
21092
20812
21302
21511
20813
21371
20952
21651
22978
21510
21580
20952
20952
20882
20882
21022
21511
21092
21022
20953
23257
20883
24304
21511
22000
20882
20882
21092
20534
20393
21092
24235
21441
21092
21371
21860
21022
21441
21232
21092
20673
21022
21580
20952
20882
20603
20813
20812
20882
20533
21511
21022
20882
21092
21022
21861
20952
21301
21372
23047
21441
21092
21371
20882
21301
21092
21511
21511
20882
21301
21301
21161
20742
21092
20952
21860
20882
21441
21650
21372
21442
20533
21441
20603
21301
20882
20812
20952
20813
20952
21371
21161
21022
20743
21022
20812
20952
21092
21022
20952
29054
21371
20673
21092
20952
29053
21022
20882
21022
21022
21022
20603
20952
20673
21511
21441
21022
21022
21511
21162
20952
21371
21022
21092
21022
21022
20952
20882
20672
21441
21441
21930
21372
20673
23746
20883
20883
20952
21092
21511
20883
21581
21930
20603
20952
21441
20883
21162
21511
20673
21371
19974
20882
21022
21161
21580
28355
21161
20603
21022
25143
21022
21441
21092
21441
21232
20952
28565
21022
21371
21511
21022
21022
20393
20882
21022
23397
28635
20952
20953
21022
21022
20533
21302
23257
21441
20882
21092
20603
20882
21371
20953
29612
21092
20673
21092
21232
20533
21511
21092
20882
21022
21161
20952
20883
21720
20883
21302
21092
20533
21162
20952
20953
20883
21022
21162
21371
21581
20743
20533
20393
21022
20952
21511
21511
21022
20882
20952
20883
21022
21092
20742
21022
20812
20603
20812
20743
20882
20673
20882
20813
20673
21231
20743
21510
20882
21441
21022
20883
20882
21022
20952
21022
21511
21022
21231
21232
20812
19905
21092
21022
22279
21651
22000
21791
21092
21930
22070
23956
22628
21581
21511
21929
21022
21371
21860
21092
21860
23327
21930
22419
21510
21930
22209
23397
21441
21860
20882
20952
21650
21301
21441
21302
21580
22489
29612
21022
21441
22000
21930
21510
22000
21511
21092
21511
21371
22000
21301
21441
22698
21162
21372
21580
21092
21511
21651
21860
20882
21511
22209
21860
21301
21511
21791
21441
21650
21371
21650
21790
29543
21371
21441
21441
20883
20882
21371
21091
20882
20882
21022
21022
20952
21301
21091
21371
29054
21022
21302
21302
21371
20813
21650
20883
21162
21301
20882
21022
20882
21371
20882
20952
44488
21581
21091
20533
21511
20882
20534
23047
21092
20464
20533
21790
20952
24165
29123
24304
21231
21162
20952
21022
20743
21301
23956
24235
26260
22488
21301
20883
21511
20952
20952
22559
22698
21371
21092
23396
36527
33803
31010
27098
21510
29542
25980
23466
31009
22000
21581
20882
27657
20603
20603
23397
21092
20952
21022
20673
20882
24234
21161
21022
21162
20673
36038
20882
20882
20812
21091
20394
21371
21511
21511
21511
21511
21022
21092
20882
20882
37225
27098
21161
21720
25213
25283
21302
24305
53009
21022
20184
20952
21441
20883
36806
25631
21022
20952
20952
25702
21930
21092
21022
23187
22070
21860
24933
24025
24095
22000
26260
21441
21022
21302
25212
21022
20952
29123
21232
22628
25142
23816
21441
23467
23397
21441
39809
20603
21022
21022
21441
21581
20883
23397
20952
21092
20812
21302
20882
21022
20953
21022
20533
23117
20882
21162
20882
20952
20953
21091
24234
21441
20743
21511
30101
29054
25841
24025
24304
24374
23886
24235
26470
21371
20813
21162
20673
21022
20533
30101
25701
20952
21022
34292
25142
22488
24514
23885
24305
21860
22000
20882
23745
23397
20882
21022
21022
20882
23885
28145
23746
21022
21022
21372
22908
21301
28564
20393
21092
21860
21232
20743
20533
21301
21511
22419
21302
20952
20882
20883
21372
21232
21162
21231
21581
22000
23745
29123
26679
27098
26260
26330
23816
21441
21790
24025
24723
22209
24374
22488
22418
21790
36178
25073
21022
20534
29053
25841
21511
23187
28146
26679
30940
30450
26120
29054
24374
24793
23327
26191
28146
25282
21092
22419
22977
23816
26120
33872
19626
21511
22139
21231
21301
20742
20882
21092
20673
21441
20812
21092
31009
21022
21022
20883
21092
20533
21860
21372
20463
20952
21651
21511
21022
20882
23466
22140
20952
21301
20743
21022
21301
21022
21372
20952
21580
21441
26679
21092
25003
20883
21930
20603
20813
21372
21022
20952
20603
20742
20952
21162
20952
21930
21371
20812
20952
21930
21161
22838
21022
21371
21651
21371
30101
20953
20882
21371
20952
21022
21580
21092
22977
23327
22558
24514
29961
40088
21720
20742
20743
21022
21301
21091
21092
21092
27726
21022
20673
21860
22069
24375
20533
20882
21092
21022
21511
21022
21022
21371
21441
21441
22907
20883
21441
20394
21022
20743
42952
20882
21441
23257
22978
25213
23886
31917
23466
26190
23886
20533
20742
21092
21162
20952
21441
21372
21511
21091
21581
20673
23257
21022
21372
21371
20883
21022
21022
21510
21022
20883
20533
21511
21022
20533
21091
20952
20882
20883
21022
20952
21022
20533
21022
21092
48050
20812
21302
22698
24723
26121
29613
24444
22140
41974
23816
22070
22210
21790
20952
21092
30940
20533
21371
25353
24304
24235
20533
23745
21441
21022
