7054
6635
7194
7124
7962
7752
9149
7613
7682
7613
7194
7682
7193
7054
6775
7263
6844
6705
7054
6705
7612
7123
7054
7543
7053
7193
7054
6705
6774
6774
6634
7053
7682
7054
7264
6635
7123
7124
7683
7682
7124
7542
6774
7263
6984
7542
7194
7123
7124
7124
7543
7682
7683
7612
8451
7612
8031
6774
7543
10196
7682
7961
7892
7194
7053
7193
8031
7124
6704
7124
7194
7194
7124
10057
7054
6774
7054
6635
6634
6705
6984
17041
7263
7194
7123
7543
7123
6564
7054
7123
6984
7613
7263
7613
6704
7054
7054
7123
7054
7193
7193
7054
7683
7193
6774
6635
7124
7193
7054
7053
7124
7263
7053
7123
7124
7264
6775
17251
7613
7193
7124
7333
6984
7542
7123
6984
7263
6635
6704
7054
7263
7613
7194
7194
7682
7123
7473
7542
7194
7054
7542
7193
7193
7613
7054
7613
8101
7682
7682
7612
7682
8171
7263
7054
8032
7613
7194
7124
7473
7193
7193
7054
7054
7054
7124
8520
7193
7472
7194
7752
7682
6635
7054
6774
5796
7752
7123
7682
7123
9009
6984
7123
7543
7194
6984
8171
7054
7752
7194
7054
7473
6775
6705
21091
7193
6146
6984
7193
7124
7473
6984
7124
6705
7263
7053
6984
7194
7543
6775
7193
7194
7752
7263
7612
7263
7124
7194
7124
7682
7123
7123
7124
7542
7123
7613
7194
7124
7123
7542
7054
7054
7053
7054
7124
7124
6775
7124
7124
6705
7193
7123
6774
6705
7054
7193
7194
7123
6845
6845
6634
6635
8450
7053
7053
6635
7542
6635
7542
7193
7194
7124
6635
7193
7054
7613
7123
7473
7193
7124
7543
8241
7123
7054
7264
7193
7124
6635
7123
7123
7124
6844
7124
7123
7263
6774
7194
6705
7193
6635
11035
7123
7263
7054
7542
6495
14805
7053
7264
7194
7194
7054
7752
7193
7053
6774
7194
6634
7054
7054
7333
7543
7194
6705
7194
7543
6984
7613
7054
7194
5797
7264
7682
7473
7263
7054
7194
7053
7193
7193
7193
6705
7124
7124
6705
7124
7194
7124
7264
7194
7682
7543
8521
7892
7683
7263
6635
8032
8032
8101
7612
9428
7543
8171
7682
7263
6984
7543
7682
7263
7124
7263
6635
7193
6635
7053
7054
6146
7194
7194
7194
6774
7263
6704
7054
7543
7194
7054
6774
7124
7124
7124
7124
7263
7263
7264
7123
7193
7263
6635
7194
7054
7193
7123
7263
6775
7263
7263
6774
7264
7194
6775
7264
7053
7263
7263
7123
6774
7054
7054
7193
6705
7124
7053
6774
7124
7333
6635
7124
7683
7682
7123
7124
7123
7193
7264
7612
8032
7682
7613
7123
7263
7193
7193
7542
7263
7054
7053
7124
7194
7543
6635
7193
8171
7472
7124
7263
7194
7543
7473
7263
7123
7263
7124
7264
7752
7543
7612
7193
6635
7053
6775
7263
7263
6634
7123
8451
8590
6146
7263
7263
7542
7543
7053
7124
7123
8241
7543
7054
7194
7193
7194
7193
7054
16831
7612
7612
7193
7124
7263
8870
7613
7263
7263
7612
6635
7543
7123
7193
7193
7193
7612
7123
7124
7193
7053
7193
7054
7124
7682
7193
7613
7124
7053
7333
7612
7123
7194
7194
7473
7333
7054
6705
7124
7054
7193
7123
7472
7194
7193
7612
7263
7193
7054
7123
6984
7194
6704
7054
7193
7194
7123
7193
7264
7054
7263
7612
7124
7054
6634
7054
7263
7124
7123
7054
7123
6775
7263
6775
6076
7612
6984
7612
7054
7123
7542
6705
16133
7194
6635
7263
7124
7124
7124
7263
6704
7682
6635
7123
6984
7263
6635
7543
7682
6774
7054
7193
7054
6565
6635
6844
8101
6705
6983
7053
7054
7124
7053
7124
7053
7263
7124
7613
6845
6635
7123
6635
7473
7054
7054
7053
7613
6356
6705
6704
7054
7193
7124
6635
7193
7054
7194
7123
6844
6635
6775
7263
7263
13200
6704
7193
7194
7123
7543
7124
8101
7612
7542
7193
7542
7124
7683
8940
10615
8381
7753
7962
8101
7543
7613
7123
7542
7193
7054
7263
7193
7124
7193
7193
6635
7194
6774
7053
7263
6704
6565
7053
7193
6634
7124
7054
7124
6983
7124
7054
6704
7263
7264
7053
7263
7054
7054
7054
7123
7613
7543
7124
7123
6635
7193
7123
6635
6774
7193
7753
7124
7124
7123
7124
7193
6774
6984
7124
7263
7124
7473
7194
7264
7194
7473
7542
7612
7263
7683
7193
7542
7124
7123
7193
7123
7124
7123
8660
7054
7124
6774
7612
7472
7612
7054
7124
7194
7124
7193
7123
7682
7054
7543
7613
7612
7193
6286
7053
6984
7124
7124
7263
7612
7123
6774
8451
7124
7543
7403
7543
7194
7053
7682
7053
7124
7473
7543
7473
7543
7263
7682
10476
7543
7613
7613
8660
7124
7542
7123
7263
7962
7194
7054
6774
7123
7543
7194
7542
7473
7613
7123
7612
7123
7612
7612
7543
7123
7124
8171
7612
7613
7543
7053
7961
7124
7123
7123
7612
7123
7054
6774
6705
7682
7053
7053
7194
6775
7194
7124
6565
7194
7263
7054
7124
6635
6844
7542
7193
7124
6774
6635
6635
7054
7193
7193
7054
7542
6704
6774
7193
7264
7194
7054
7263
6983
7263
7053
41973
7054
7124
7194
7194
7123
7124
7123
6565
7263
7054
7054
7124
7124
8171
6635
7124
8521
7682
8660
7682
7124
7054
7961
7612
7543
7682
9917
6983
7194
7264
7682
7612
7194
6215
7193
7053
7542
7333
8171
6705
7682
7543
7682
9149
7263
6704
7543
7123
7264
8590
7263
7124
7124
7263
6984
7124
7123
7123
7123
7264
7193
7473
7194
6705
7054
7194
6704
7193
7543
7473
7193
7054
6704
7612
7124
7124
7124
7193
7473
9219
6634
7473
7473
7193
7124
7194
7542
7124
7193
7193
7263
7193
7263
7193
7264
7124
8032
7473
7194
6145
7613
8102
7123
7193
7264
8171
7053
6984
7682
6844
7124
7124
7683
7543
7193
7682
7054
7053
7194
7194
7193
7124
8520
6565
6775
6984
6774
18158
7263
6774
7542
7054
7543
7543
6984
7124
7123
7472
7124
6845
6704
6635
7124
7124
7123
7124
7124
6774
7194
6705
6286
6775
6705
7263
7194
6984
7194
7613
