20461
15783
16342
16342
16272
15923
15992
16132
15853
16202
16062
16272
18506
16272
16062
16202
16063
18437
15992
16132
16970
15713
15852
16132
16342
16760
16831
18786
16062
17528
16900
15853
18995
16551
16062
15783
16342
16201
16551
15783
19973
16621
16132
16621
16063
16272
16551
16062
16132
16202
16621
16062
16341
16551
16271
17039
16691
16621
16272
16481
17109
17039
16830
16132
16551
20043
21510
17529
18017
17528
16132
16271
16132
15783
17180
18506
20671
16341
16481
15783
16621
19484
42250
18437
16342
17039
42111
16551
16063
16272
16272
16342
16202
16132
16342
16062
16132
17948
15643
16551
16831
16202
16341
16341
20950
18646
17668
16621
16690
16132
16132
16202
18506
17040
15993
17529
17110
16691
16621
16272
17040
19135
22068
22906
20392
19205
16272
20462
21579
16062
16621
16691
16481
20951
16063
16132
16620
16551
17180
16272
16551
16831
16900
17040
16830
18506
19414
17878
17878
27236
17598
17180
16551
16481
17599
34289
20112
32823
22626
21859
18017
16202
16481
16411
17249
17599
16831
21789
15713
28005
16551
16831
17738
20671
20392
18646
23046
15783
17249
18087
15294
16551
16132
15643
16342
15433
16202
16481
16062
16271
16481
17179
16341
16621
17110
16132
16272
16202
16691
16690
16901
25700
17389
15853
16272
15853
16202
16761
16272
16132
16342
16202
16202
16621
15643
16062
16341
15853
15783
16342
15852
16342
15713
16341
16133
22906
16342
16062
16272
16341
16132
15853
16342
15852
15783
16901
15922
15644
16341
16132
15852
15853
37293
16551
15852
16271
16202
16132
15922
41901
15783
15783
16132
16342
16133
16831
16062
16201
16201
16062
16062
16132
16342
16272
15783
16132
16132
16341
16132
16132
15783
16062
15853
16830
16272
15713
16132
16132
15852
16271
16271
16271
15853
15643
15783
16342
16620
15643
15783
16062
16621
15783
16063
15713
15713
16272
16202
15713
16271
16830
15224
17249
16342
16132
15643
16202
17250
16341
15783
16132
16062
16551
16062
16132
16412
16271
16202
16062
16342
15644
16342
16272
16341
16062
16342
16272
15644
15853
15852
16271
16132
16202
16132
16132
16271
15923
16202
15643
16621
15643
15643
16551
18227
16132
16341
16342
16132
16062
16202
16272
16342
15852
16341
15644
15853
16132
16551
16342
15783
16621
16132
16132
38758
16272
16272
15922
15783
15644
15783
16272
16342
15643
15783
16201
15713
15853
15713
16132
16132
16272
16062
16272
15922
15993
16202
16202
16342
16342
15573
16551
17040
16062
15922
16062
16062
18227
15992
15643
16342
16132
15783
16341
16132
16272
16831
15782
16202
16272
16341
15643
15713
16062
15853
15713
16342
16272
17529
16691
16202
15782
16341
16132
16062
16272
16481
16132
16272
15853
16342
15574
16551
15853
16760
16272
15783
16132
15783
15852
31077
16132
15644
15852
15853
16342
16342
15853
16551
15852
16132
16761
16202
17040
17529
16063
16342
16342
15713
46581
15922
16621
16063
16132
16271
15992
16063
15643
16761
22906
15713
15853
16132
15853
16132
15643
16341
15992
16481
15713
16342
18716
17319
19903
211881
15853
16272
16272
16132
15923
16761
16063
16272
17179
17040
16132
15783
16132
15853
16621
16271
16411
16552
16342
16761
15574
15993
16271
16132
16202
16272
16201
16761
15992
15853
15853
16202
16272
16690
16690
16271
16063
16202
16202
15783
15783
16132
16272
16062
15853
16132
15853
16830
16202
16132
16272
16412
16062
16202
15852
16272
16132
16062
15853
15852
15852
15992
16272
15783
15853
16202
16342
16202
16621
16272
16272
17180
16202
16830
16272
16132
16063
16342
16272
16132
16272
15644
16830
15853
15852
16341
15852
16132
16551
16132
15853
16691
15853
16132
16271
16202
16202
16342
15852
23953
16062
16133
16342
15922
15993
16202
15853
16132
15853
16621
16132
15852
23814
16551
15853
16411
16342
15993
15923
16202
15713
15783
17598
16342
15713
16342
16272
16342
16341
15573
15783
15783
16202
16271
16341
16132
15364
15852
16202
16202
15713
16552
16202
16621
16202
15922
15713
16062
16202
16271
16133
16341
15853
17599
16691
16132
16063
16132
15853
15853
15643
16621
15853
16272
16411
15853
16132
16132
16202
16690
15853
15853
16621
16202
16341
15783
16133
16271
16342
16272
16062
16690
16551
16132
16272
16062
16341
15713
15714
15923
16062
15713
15713
16132
16132
16202
16062
16690
16132
16271
16551
16342
15853
16132
16272
16132
15783
16272
16062
15783
15853
18506
15853
15643
16272
15853
16202
16551
16551
16062
17250
16342
16132
16272
15853
16272
16062
16132
16133
16202
15574
16202
16272
16132
16132
16272
16132
16132
16272
16272
16621
16272
16551
16132
15922
16272
16691
16342
15852
16271
15853
16062
15853
16132
15992
15852
16342
16062
16272
15992
16970
16341
16133
16202
15852
16062
15783
16063
16062
16272
16481
16272
16551
15643
15713
23744
16342
16341
24722
16342
16272
16411
16411
16132
16132
16342
16202
16132
18157
16132
16411
16132
16341
22976
16062
16132
16132
15853
16202
16132
16342
16062
16341
16202
15923
16202
16202
16132
16132
16342
16062
16272
16062
16272
16552
15713
15713
16132
16132
15503
15573
16272
16132
15992
15713
16341
16342
15853
17179
16133
15853
15992
16132
16342
16552
15993
15713
18018
16272
16132
16132
16272
16761
16132
15853
16342
16272
16132
16691
15852
16132
16272
16271
16132
24442
16342
16342
16202
15993
16271
16202
16412
17948
15643
16621
16202
16202
16272
15783
16132
15922
16202
16342
16272
16132
15644
15783
16272
15993
15713
16202
15713
16133
16271
16551
18577
16062
16691
16900
15713
16271
16761
16272
15643
15783
16831
15643
16202
16341
16272
15993
16342
15922
17738
16202
16132
16062
16132
15783
40505
14945
16133
15853
16132
15853
16202
15993
16482
16271
17738
16132
15783
16202
15993
16202
15853
16062
15992
16202
16132
15853
16271
16202
15853
15783
15783
15713
16132
16202
16621
16690
15644
16341
16621
17738
16272
16342
16133
16342
15573
17669
16132
15853
15923
16341
16342
24163
15643
16062
16132
16272
16063
16133
15783
16133
16063
15783
16062
16342
16063
15853
16272
16202
16271
17110
24303
16551
16342
16272
15992
15853
16272
16132
16341
16132
16202
16202
16481
23814
16481
16342
16132
16341
16342
15783
16202
16342
16272
16272
16551
16063
16411
16411
15993
16342
16272
16202
16202
18716
16202
16062
16551
16342
16272
16202
16062
15644
