29124
29055
28635
29124
28635
29054
29124
29124
29054
29124
29682
28565
29054
28636
68236
29124
29124
29124
29054
29613
29124
28635
29054
28985
29124
29054
28566
28985
28635
28705
29055
28845
29054
77803
28705
29125
32476
29194
29124
29404
29055
31499
28636
29054
29054
29124
28076
28635
29124
28915
28845
29124
29054
36667
28635
29473
29054
29124
35270
28565
28915
29124
29543
29543
29054
29054
29054
29124
29124
29055
28914
29055
30520
31010
29054
29543
29054
29055
29124
29054
29054
28635
28495
29194
29124
29124
29054
28845
31709
28565
29124
29054
29054
29124
28845
29334
28635
29124
28914
29333
28635
28565
36387
28635
28566
28705
28705
28635
29055
29054
28845
28565
29054
29054
29124
29124
28566
28845
28705
29124
29124
29543
29543
28635
28565
29124
29054
29543
29124
29054
28984
29543
29124
28635
29124
28914
28984
28845
28705
29193
29124
29054
29822
28915
29124
28566
28635
29473
28565
28635
28914
28984
28635
28845
28356
28635
28635
29054
29054
29193
29054
29544
28705
28566
28915
28566
28495
28635
28495
28635
28565
62579
29543
28985
28635
29124
28775
29124
28845
29124
29054
28565
29054
28984
29054
28565
28914
29124
29613
29334
29054
29054
29054
28635
28844
29124
28636
28495
29194
29054
29125
29543
29124
28635
29124
28706
29124
29054
28565
28915
29194
28635
30032
28565
28635
28636
29055
28635
28635
29055
28565
29054
28285
29613
29124
28565
28635
29403
29055
29055
28496
28635
29124
28565
28566
28844
28635
29543
28775
29823
28915
38203
29054
28566
28705
29613
28915
28635
29543
29473
29124
28565
29473
28636
28635
29124
29054
28635
30032
29124
28565
28985
28565
28984
29054
28635
29543
28496
29054
28565
28915
28635
28775
29055
28636
30102
29054
28915
29194
29124
28984
28565
28565
29054
29054
29473
29054
29962
29613
28565
28635
28845
28705
28635
29054
29124
28147
28635
29124
29054
29194
38064
28565
29124
29054
28636
29194
29124
28984
29054
28635
29054
29054
28426
29055
29124
29124
29054
28635
28565
28984
28635
29124
29194
29124
28565
28705
28705
29543
28635
29543
29124
29055
28845
28705
29125
29544
29054
28565
29613
29124
29543
28566
29194
29124
28845
29543
29124
29543
29543
29194
28565
29054
29054
29055
28565
29124
28635
29054
28635
28636
29054
29055
28636
29124
29543
30730
29124
29124
29543
29543
29124
28844
28984
64813
28705
29054
31009
29054
29124
28636
29194
29124
28356
29054
29054
28635
29124
28635
28984
28565
28635
28635
29124
28705
28705
29543
29124
28565
29054
29054
29054
29264
28635
36667
29124
29055
29124
28635
28566
29194
28565
29124
29054
29124
28635
29054
31009
28635
31010
29124
28566
28635
28844
37715
29125
28705
29124
28496
29124
29124
29543
29124
28635
28915
28705
29543
29054
29124
28635
28356
29473
29543
28984
29054
29054
29054
28635
29054
29194
28635
28845
29054
29543
28774
28565
28566
28705
29613
29543
28635
29124
28915
29055
28565
28984
29124
29124
29124
29194
28565
28705
28565
29054
28984
29543
29544
29124
28635
28635
28635
29054
28914
28635
29124
29054
29055
28635
29334
28984
29054
28635
29124
29124
29333
29124
28566
28566
28566
29054
29543
29124
28636
28845
28915
29054
55245
29054
37715
29473
28496
29124
28565
29124
29124
29543
29055
28565
28705
28635
29264
49587
29054
29124
29124
28635
28565
28635
28844
28985
29054
28565
28635
32896
29124
29613
46235
28566
28356
29124
28635
28076
29124
36667
29194
29054
28845
29054
29124
29055
29543
29054
28845
29473
28844
65232
29124
29334
29055
29124
28915
28635
29474
28635
28566
29055
29054
29334
28565
28565
29124
28636
29613
29333
29124
28565
29054
28914
29054
29054
28845
28984
28565
28984
29054
28635
28914
29054
28635
28845
29054
28705
48261
29334
28635
29683
28984
29124
28635
28705
36597
29544
29054
30032
29194
28356
29124
28845
29054
28985
28914
28565
28566
28635
29054
37645
29543
29054
29543
29054
28845
29194
29124
28984
29054
29334
29054
29124
82343
29124
28636
28635
28566
29124
29054
29124
29124
28635
29543
29124
29054
28496
28635
28565
29054
28565
28635
28635
28636
28984
28565
29054
29124
28985
28565
28775
29054
29543
29054
28566
29124
29054
31010
29124
29054
28565
29124
29054
28985
28356
29124
29334
29054
28565
29054
29054
29124
29543
28705
29543
29054
29473
28845
29055
29054
29124
28845
28635
28635
29613
28566
29124
28566
28915
28565
28984
29334
28705
28565
29124
29544
29054
29194
28705
29054
29124
29054
28635
29124
29054
28845
29194
28496
28635
29054
28146
29054
29055
28845
28635
29054
29054
28635
29543
29125
36248
28635
28705
29054
28984
29124
28565
29055
29054
29125
29403
28985
28636
29054
28915
29054
29194
28496
28565
28565
28915
28566
29124
29054
28566
29055
28426
29054
29124
29124
29543
28565
29124
28635
29613
28566
28356
28565
28565
28985
28845
28635
28635
28984
28565
29613
29054
28565
29054
28566
28636
28565
36457
30730
29473
28985
28775
29124
29613
28914
29124
28565
28845
29125
29543
29194
29543
28635
29194
28636
32406
28914
29543
29124
28565
29194
29124
28635
29054
28566
28705
29473
29124
72147
29124
28985
29054
29054
29055
29194
29124
29543
29054
29054
28635
29264
29055
29124
29124
29124
28565
29543
29055
29054
32407
28984
29124
29054
29054
29055
34572
29125
28984
29124
29613
28915
29124
29054
29054
28984
29054
29613
28705
29124
29543
29822
29194
29124
28635
28565
29124
28635
28566
29124
28356
28565
29055
29124
29543
29054
29124
29054
32895
28635
29054
29055
28565
28636
29124
28635
28565
29544
28565
29194
29054
28844
29544
29054
29124
29055
28636
29124
28356
28565
28566
28845
28705
29124
29054
29125
29125
28705
28635
28565
29054
28985
29054
29474
28844
30032
37016
28565
28426
28635
29124
29055
29124
29544
28636
28705
29054
29124
29543
29543
29124
28984
28635
28635
29124
29124
28635
36736
29543
29124
28845
28636
31708
28565
29054
28636
28705
28775
29055
29054
28845
29124
29054
29543
29543
29054
28566
29124
29054
29054
29054
29054
29054
29124
28985
29054
28775
28426
29054
28844
29124
29403
29054
29124
28565
28985
29054
29054
28635
28356
29613
28984
29054
29124
28635
28635
30032
28635
28566
28565
29124
29124
28635
29124
28635
29543
29055
28635
29124
29124
29054
29613
29124
29543
29124
29054
29054
29124
29054
28565
28844
