21509
21579
21858
21718
21509
21579
22068
21928
22068
22138
22277
22068
21997
22417
21788
22277
22486
21928
22137
22137
21858
22068
21858
21998
21998
21858
21788
22417
21998
21997
29889
21998
21928
21998
22137
21578
22417
21998
21579
21927
21788
21997
22975
32194
21998
22277
22347
22766
21928
22138
21509
21579
22417
21998
22416
22138
22417
21858
21788
21858
21788
21789
21369
22416
21578
21858
21648
21998
21509
22556
21789
21858
21788
21928
21997
21509
22487
22626
21648
21649
21858
21858
21928
22137
21509
21928
22906
21998
21928
21509
22417
21649
22766
21788
21928
22417
21789
21299
21928
21578
22417
21998
21579
21509
23953
22557
21928
22067
21858
22347
22277
21509
21858
21439
21858
21370
22137
22347
21928
21858
21788
21998
21858
21578
21998
22278
22277
22347
22347
21998
21998
22137
22417
21649
21788
21439
21439
22068
21509
22207
21439
22067
21998
22137
21788
22906
21440
24861
21648
21648
21928
21858
22068
22068
21998
21648
21579
21928
21579
21998
22277
21998
40364
21928
22347
21509
21858
22067
21858
21509
22766
24163
21509
21439
21788
22067
22417
21998
21997
21998
22347
21160
21579
21788
21998
21928
21788
22207
21788
21997
21998
21998
21788
21858
22278
22207
21998
21928
22067
21788
22068
22417
21788
22416
21858
21789
22068
21788
21998
21858
22487
22346
21440
22207
21928
22417
21928
22347
22067
27236
21578
21788
21788
21788
21998
21858
21440
21858
21719
23534
21509
21369
21928
21509
21789
22347
22138
21928
21439
21789
22416
21928
21439
50839
21998
23045
21928
22417
22486
22067
21508
21928
21509
22138
21998
21928
21509
21928
21928
21928
21509
21928
21858
21998
22417
22277
21788
22068
22137
21997
22277
21928
22766
21789
21509
21439
22277
21928
21998
21369
21859
22347
21928
21788
21858
21719
21998
21998
22347
21439
22068
30937
21928
21858
22067
21928
21509
22207
21998
22347
22068
21858
22208
21788
21788
21928
22277
21369
21579
21788
21579
21998
21858
30029
22067
21928
21998
21579
21928
30517
22487
21858
22137
21789
21859
22417
21928
21858
22557
21858
22138
21509
21858
21509
21998
23185
21509
21998
21579
21369
25141
21369
21928
21788
21369
22836
21789
21928
21440
22347
21928
22347
21858
21998
21858
21998
21998
21998
22417
21789
22347
22137
22347
22417
21998
21928
21998
23744
21998
22486
21998
21998
21998
22417
22905
21928
21789
22068
22277
23394
21928
21719
21858
21579
21788
22486
22347
21649
21509
21649
21788
28143
21997
21509
21719
22347
22068
21788
21649
22277
21858
21788
22487
21998
21788
21928
21998
22137
22347
22208
21997
21439
21858
40434
21998
22556
24023
21998
23394
21439
22278
21789
22067
29819
21788
23604
22487
22417
21998
21509
21788
22347
22486
21648
21579
22486
22277
22417
21998
21928
21928
22138
22068
21788
21789
21998
22137
21998
25769
21997
22138
22417
21858
21509
21998
21579
21928
44275
21719
21858
21998
22906
21998
22417
21997
21998
21858
21928
21928
22137
21997
21998
21509
22347
21998
21718
22766
22068
21439
21299
21998
23743
21649
21649
21998
21649
21858
21998
22347
21789
21230
22138
21859
21998
21509
22277
21509
21509
21439
21928
21649
21788
22208
21440
21928
21439
21509
21789
21929
21928
22277
21439
22347
21998
21718
21789
22278
21928
22277
21998
21509
22347
21509
21928
22068
22766
31915
21648
21998
22277
21859
22068
21998
21440
21369
21997
22417
22277
22068
21858
22626
21928
21648
21719
21788
21648
21928
21858
21788
22068
21509
22277
21719
22137
22138
21509
21928
21509
21648
21439
21928
21439
21859
21928
21998
21649
21578
22347
21998
21788
21998
21788
21858
21788
29051
21789
22277
21998
21509
21858
21788
21789
22348
22556
22137
21998
22976
21788
22068
21998
21998
22277
22348
21997
21649
22976
21998
22277
22486
21998
21789
21997
21579
22487
22277
21928
21998
22068
21789
22277
21858
21369
21998
21789
21998
21509
21858
21788
21439
21719
22417
21859
21998
21788
42320
21788
21928
21929
21648
21859
22347
21998
21998
21440
22347
26956
21299
21858
21998
21509
21998
22417
22068
22068
22417
21928
21509
22487
22975
22487
22067
22347
22766
22277
21997
21998
22207
21929
21788
21718
21998
24861
21928
21928
22487
22416
22068
21439
22138
22067
21509
21718
22557
21579
22207
21998
21858
21928
21509
22138
21440
21718
21369
22277
21998
21998
21998
21858
21998
21719
21997
21929
21858
21509
21998
21718
21718
22277
21998
50630
22417
22487
21998
21579
21998
21789
22068
21998
21439
21789
22417
24232
22487
21998
22417
21998
22347
21788
22487
22417
21928
21858
21858
21928
21858
22417
21928
21928
21928
22347
21788
23743
22277
22137
23255
22767
22487
21719
22627
25210
22487
22277
21788
22976
21928
21928
21439
23744
21928
22347
22905
22278
22975
21789
22766
21928
22557
25420
23324
22696
22766
22976
23814
30238
22557
21998
22767
21928
22277
24023
29471
22347
21579
22277
21649
21928
24372
22627
23046
21509
22417
22417
22347
22906
21788
21998
21998
21439
26258
22417
23255
22278
22417
21579
21300
22417
21859
23744
21789
22417
21858
22137
22975
22976
22417
22417
22417
22976
21649
22766
22557
21928
23255
23395
23954
24652
21370
22417
21858
24302
21998
21788
22627
22138
22906
22906
21998
22976
22767
21510
21998
22277
22976
22347
22417
22487
22277
22417
22557
22906
23115
21928
23604
23884
21509
22417
22347
21858
23814
22277
21788
22417
22487
22487
52865
22556
22068
22836
23325
21789
22766
21858
23394
21509
21509
24722
23953
38968
21509
22976
25350
21858
22836
21369
22138
23255
22417
22975
23464
21369
21649
22347
22347
21509
21928
23954
21928
23045
21509
22487
27026
23744
23394
22138
24861
23814
23744
22976
23534
21928
21719
30518
23395
23954
23534
22417
23744
22486
31496
21858
21509
22487
22836
22836
21998
21509
21509
22696
21929
22138
22347
21370
23255
31985
25839
22905
22976
22487
23464
23255
22766
22626
27236
21579
22417
22277
21928
21788
22417
21788
24233
23465
22347
23255
21998
23395
23884
21858
21789
23883
22487
21858
22906
22417
23046
25699
22557
23395
24233
21928
22766
22836
21789
21369
24372
21509
21998
22277
21369
22836
22347
22766
23465
22417
21858
22068
23255
21858
22068
23744
23813
22417
23535
23325
22417
22486
22138
21998
21998
26607
21509
22767
23255
23186
22696
22836
21928
22067
21509
21369
