17669
18018
17599
17599
18298
17739
18227
18228
19066
17808
17738
18577
17529
18158
17948
17808
17600
17600
22418
19136
26888
17949
17739
18716
39529
18228
17599
18018
18508
18158
17879
18018
17739
18158
19764
17948
18019
17739
17739
17808
18018
18088
17949
17529
18018
17949
18158
19415
17739
18088
18437
17320
17459
18088
18018
18508
17041
18018
17460
17669
17738
17739
18577
18018
17669
18158
17879
17599
17809
17460
17599
18647
18158
18577
18088
18647
17599
18088
18228
17809
18298
17739
18996
17669
17808
17878
35338
18507
18018
17669
18018
18088
17669
17739
17599
17530
18088
18227
17739
18228
18228
18019
18647
17948
18088
17878
17669
17739
17739
17529
18019
17809
17320
17878
18088
17669
17879
18088
17948
18228
19694
20533
18437
17739
17809
17251
17878
18228
17739
18157
18018
18018
18228
17948
18647
18367
18018
18228
17599
17948
17599
18018
18786
17739
18088
18088
18158
18088
17739
18019
17599
17669
18018
18577
21021
17599
17390
17739
17669
17809
17600
17739
18158
17669
17670
17529
17459
18088
17669
18088
17460
18228
17739
17948
18018
18018
17739
18228
17949
17739
18438
18088
17669
17599
17809
18018
18227
18088
17739
18438
18018
17599
18507
17670
18018
17599
17530
18018
17669
18018
17669
17529
18228
18577
18088
18018
17949
17739
18158
18018
18088
17739
18158
17599
18018
17948
18019
17669
17739
18088
17669
17599
18158
18088
17739
17599
17878
18019
18158
18158
18088
18158
18228
18018
17670
17529
18088
17739
18158
18158
18019
18088
19066
18228
18158
17669
18088
17599
17669
18088
17459
17879
17669
18088
17808
18018
19415
18438
17669
18088
18437
18367
17879
18018
17739
25700
17460
18088
17530
18297
19345
18019
18088
17879
17948
18018
17739
17530
18018
17320
17739
18297
17948
18856
17669
17738
17739
17599
18088
18158
18228
18577
30938
18228
17739
18018
17948
17669
17739
26748
18019
18437
18018
17739
17530
18228
17530
18089
17669
17739
18018
18158
17948
17739
17530
18647
17739
17459
18158
18088
17529
17739
18507
18158
17739
18088
17739
18158
17878
18157
17739
18157
18018
17599
17669
17669
17738
24374
18227
21789
19974
18786
21860
18158
18228
17739
17739
18437
17879
18088
18158
18647
18158
18088
25770
18437
18507
17739
18577
18158
18088
26678
18089
17669
19066
17669
17809
18019
17738
19625
18507
18158
18367
18228
17669
17808
17529
17669
18158
17599
17878
17669
18297
18367
18088
17949
17948
18019
18158
17460
42392
17599
17949
18018
17739
17041
18018
17669
18158
18019
17529
18018
18018
18088
18019
17530
17949
18089
17879
20463
17739
17809
18158
20463
18088
18158
18019
17390
18228
18018
17878
19276
18228
17669
17180
18158
17878
17739
18088
18297
17739
18298
18019
18088
17739
17669
17808
18018
17878
18018
17739
17879
17879
17250
18088
17529
17739
26330
17599
18228
18019
18018
18228
17739
17739
17529
18088
18158
17739
17599
18228
18019
18507
17529
17739
18228
17948
18088
17738
18228
17948
18088
17600
17808
17670
18018
17739
17600
18158
18157
17669
17529
18717
17948
18367
18158
17529
17669
18228
17669
17599
17600
17739
17669
17669
17809
19205
43859
18018
18227
18088
18088
17530
18507
18158
19904
18018
17459
18158
17529
18019
18228
17529
17948
17529
17529
18088
18437
18019
17739
17739
18438
17319
18228
18158
18018
17669
17948
18019
17669
17739
17878
17530
17879
18088
17739
18228
17739
17529
18298
18088
18019
18018
18088
17738
17669
18227
17669
18158
18019
17878
17599
17530
18018
18088
17739
17949
17739
18996
17739
18018
17739
18228
18228
17669
17599
17739
17949
26120
17948
17878
18507
18018
17808
18507
19694
18298
18158
18088
17809
17809
18018
17669
18158
18158
18158
18228
17739
17669
18019
17669
17529
18088
17599
17739
17669
18228
18507
18088
18228
17599
18228
18088
17948
17878
17879
18018
18158
18088
17460
18018
17809
17809
17530
17530
17599
17739
17599
17529
18158
17948
17600
18787
18996
17809
18577
18228
17948
17949
17739
19205
18018
18228
18228
17809
18018
17739
17600
17949
17948
18227
17739
17460
17879
17669
17949
18228
18018
18019
17669
18018
17809
17530
17670
17669
17739
18089
18228
17808
17879
18018
17739
17879
17878
18507
18228
17809
17669
17809
17949
17878
18297
17808
17948
17320
17739
17878
18018
17739
17599
25980
17739
17530
18297
17529
17669
17599
18089
18018
18088
17599
18158
17739
17739
17879
18228
18228
18018
18228
18228
18297
19904
17739
18298
18019
18298
18717
18507
17599
18019
18089
17599
18088
18018
17669
18228
17529
17600
18018
18089
17739
18158
18088
18018
18717
17739
17599
18088
18227
17739
17949
18018
17739
18018
18088
17739
17739
17530
18018
18228
18437
17948
39109
18088
17739
18228
17599
17809
17670
18018
17599
18088
18158
18088
17948
17878
18228
18019
17739
18088
17948
18018
17669
18088
17809
18018
18088
17529
17949
18158
17739
18158
17669
18228
18088
17600
17739
17879
18158
17530
17530
17599
17739
17809
19415
20044
18018
17669
18158
17669
18018
17389
18018
17599
17809
18018
17529
17739
18089
18577
17739
17739
17739
18088
17948
17948
18228
18647
17669
18018
17739
18018
17390
17599
25212
17669
18158
17530
18019
17949
17739
17809
18158
18088
18088
18158
18647
18088
17739
18018
18228
17669
17739
18228
18507
17669
18018
17530
18228
17879
17879
17599
18158
17529
17738
18158
17530
17529
17739
17739
18577
17250
17669
17739
17878
17669
18647
18089
18088
18437
17808
17669
17739
18019
18158
18438
18088
18018
17669
17669
17251
17739
18577
17600
17669
18158
18297
17809
18158
17459
18018
17529
17739
18019
18018
17878
17669
17600
18298
17878
17808
20393
17739
17949
18018
18019
17739
18158
18298
17669
17599
18228
17669
17669
18018
18019
18088
18227
17808
17949
17460
20881
18088
17529
17599
18018
18018
18368
18088
18088
17669
17948
18437
92536
17809
18018
18228
17530
18019
18228
17529
17739
18018
18019
18647
17530
17739
17739
19625
17739
17739
18089
17669
18298
17739
17809
18088
18228
18088
18019
17599
18228
18228
17529
18088
18088
17808
18019
18018
18577
17599
18298
18507
17879
17669
17879
17669
17809
17669
18647
18018
17739
17529
18647
17669
18228
17669
17460
18716
17739
17738
17530
18228
17809
17739
17389
17739
17669
19624
18019
17670
17599
18158
17460
18088
18507
17669
18018
18228
17530
