961728
946851
935884
961449
951321
1044986
968782
1049945
951041
944057
942730
943218
961030
955302
965500
987571
960750
954185
964592
1087942
968992
1045265
979260
976396
981076
936303
952718
953626
941193
939307
941403
944057
941263
957049
948317
947549
962147
947898
985127
973602
949295
967385
952229
977933
953206
968783
959213
947479
939238
963823
958375
951042
1648607
1512753
943987
961169
969760
960191
989807
967386
983660
948667
966966
938399
950552
970040
963614
992112
1029270
1050364
965011
979399
966896
952438
951529
1044147
947549
1034648
981774
960679
948387
958375
967874
944405
1052808
972973
1065242
970318
967176
952159
945383
943078
979398
955790
951530
971786
944825
941541
949713
972554
955650
949434
973532
1062307
1022216
956908
944545
1001540
1003357
987152
1050293
944335
988619
992879
942100
1062237
967385
1039747
950202
1037093
1026476
959842
963613
980237
975138
1004614
955581
971227
936443
951739
953137
948457
976675
945663
950622
954114
965359
995114
939866
955511
949365
965080
994485
981354
1006011
970598
962775
968433
946081
957397
936931
945802
995463
949224
972274
943567
952717
948596
941261
962076
947408
984148
980167
965987
947827
954393
962565
959283
973322
959771
1044496
961936
938258
1004753
993158
1037092
959352
979328
1046592
982541
1058465
963823
975906
936442
943567
949294
950132
978979
950062
946081
940913
945453
969270
933020
968362
954533
975906
937909
971296
943008
993508
946290
975626
987081
958374
962844
977722
1054694
936861
943427
984637
944195
954882
940773
1007058
1005521
1030736
966546
970807
975068
1046522
952158
986453
959352
941681
989317
985475
940912
941540
934276
943776
964590
941750
968432
941121
947128
929666
937350
943636
935953
938258
964730
963613
943147
992249
964031
965498
1068103
967384
937280
941611
973950
934974
952297
942937
959701
943636
943775
943776
949922
940981
974509
974019
953484
967733
1056998
1089757
947827
943356
951110
931203
953764
948176
1026544
945941
945172
946570
967384
951808
962704
962145
975626
963054
967105
955510
953974
937140
935464
947198
940213
946220
938607
951109
945871
1008873
963054
963822
965987
955929
947757
956837
954113
984427
967943
1069430
969689
993158
954671
968361
953484
952157
973041
990433
952087
970457
968990
974368
993646
1051759
949712
935463
954881
969828
996021
958164
978279
1052317
943635
965288
944404
947897
955369
939724
955370
984426
996440
975067
970107
976045
1007056
938187
948664
957745
947268
970248
944683
959980
972622
977791
942657
942378
946569
952995
1311381
963123
967383
944195
939165
941959
975905
930784
964311
962843
978698
967873
1091362
953624
938746
958792
974368
947407
954602
945452
932810
939794
943287
939864
971645
969339
974089
1094156
961098
1045612
966405
941680
961168
943426
938606
955998
952226
1036601
945032
1035903
953972
961725
1041212
957814
952645
943705
1025077
944682
940282
949851
980304
937419
948454
943984
944962
951528
953134
943146
954391
945660
942168
968291
945032
945451
936860
951039
952505
956417
944403
953414
935462
981282
948245
1037789
942658
946638
944054
957883
948245
1021305
956906
937209
941470
976882
969827
947477
952226
943146
941191
1266399
957395
949851
958303
980165
1031782
974647
985404
980934
944194
957255
957814
1003703
1058883
965916
1025565
964031
940771
949991
971644
943425
970247
938257
965008
971504
949641
964100
961166
988965
1053224
945590
948872
974926
945869
1034226
945380
951318
953134
972621
961585
967382
989873
944053
940701
941749
950060
951667
986870
962563
973529
974787
936371
968291
941469
962214
979885
948803
950061
933506
961166
943355
935882
982748
939164
963611
946917
954950
953203
943914
964099
939793
1004261
936859
950619
1051199
940701
1051827
953483
1046589
975345
947407
977022
968360
941959
943564
950061
944542
939653
949641
934485
961725
944403
950340
952645
940631
952436
936510
966125
937628
955439
940282
1049034
977370
964798
1024587
972550
961096
998813
959420
1078578
950270
946707
947615
943145
928477
990152
970804
1033527
951526
967941
959279
972062
959280
962423
937138
930922
941748
933715
947196
957813
939163
947266
1130265
972132
965007
950060
1049802
989313
978767
968849
967871
966893
955997
939233
939234
936859
948244
938326
944472
944472
943075
936649
937278
947056
962074
937767
938815
956765
934554
955508
1098135
971643
955578
945730
971713
951177
945939
971991
956346
948453
949431
982748
962702
958791
943564
942656
936929
940420
958791
960676
1066844
930154
990292
974297
1050500
975484
968568
950129
967870
940840
956835
972270
935601
1043166
942167
970175
974366
975134
952573
941119
950549
940770
998184
992945
967871
969337
956835
956345
963051
978976
969477
941468
960467
942656
942377
952504
967871
941398
972689
975484
965775
955367
1335685
963400
950269
1048125
931340
966334
993574
1053642
988685
1056996
974297
964029
940769
946078
950758
972760
979744
944821
945170
966893
951247
963609
970246
1075993
967871
928476
954041
965566
945939
1200531
948173
970315
944891
945729
971642
935461
962632
997975
985472
962143
964169
988476
949989
969546
952643
958371
945030
979394
949151
940281
944402
985053
944331
960885
948173
941538
983446
975343
1005238
959209
946288
959348
941468
950408
963540
969477
950547
970105
976112
971223
948103
970734
939163
957323
982817
964098
979325
962631
983795
1020814
944262
1002933
973597
942725
949500
969196
949850
958790
1107983
981770
941188
949290
950897
1035692
970314
955646
988754
950617
947265
984563
988894
1005866
989453
978277
985681
959558
963749
945449
953621
1013061
950269
941677
975344
1112243
983726
987846
929664
958719
966403
944890
948452
946846
941746
941188
979324
952922
933924
933784
975274
937765
1007962
943632
953411
945309
1014318
947055
957322
988404
998951
947334
949639
946985
947474
950477
961233
946077
1301877
948243
993643
987427
945937
967799
950617
937836
941328
954948
944540
957741
973317
974435
948591
942026
952084
956554
942026
963749
948801
945239
952503
970314
942585
983305
1019835
1033246
958301
944890
971781
1001955
1046587
943073
954599
953900
1009707
940699
943074
941118
971572
949290
952154
952992
958301
938394
942375
969545
964098
957811
986519
1001186
958580
949150
941048
961653
944820
940209
945728
940279
946147
956763
969755
953131
966332
943353
955786
944889
979394
1043583
987635
1076830
978626
952992
976181
952782
946566
950058
948521
976670
976181
947683
956833
964027
951036
965983
955017
951944
958788
959627
979184
981908
957252
972549
966053
943423
942864
952572
953969
943492
950966
944261
957322
961582
965913
955366
989731
1060836
964376
953411
933294
951245
948731
943842
951455
933016
952013
993363
955855
953200
975133
1073407
951944
1035201
982676
1294962
952642
1050428
986099
1041418
945518
945448
986868
962351
967380
964447
981209
950267
953619
959486
940209
940628
975342
974504
950198
965773
970732
955995
958718
989800
981768
1128935
957880
1050567
952642
939091
948381
952502
957741
950966
965773
997763
988333
976948
963398
954039
935879
943771
958299
1106794
957461
1038973
952223
944819
961163
967100
1033943
949010
1035690
987076
1037855
934482
945588
1041137
970313
939650
935460
969265
952013
946774
