1298593
1294891
1289583
1296288
1304251
1322201
1285323
1313540
1307534
1311375
1288396
1305648
1283227
1431093
1298523
1280783
1349092
1295870
1317033
1305299
1345950
1335473
1348534
1293774
1284833
1312772
1325275
1319756
1293075
1291748
1349022
1417542
1323808
1317661
1314239
1301037
1308930
1279455
1341408
1296008
1343295
1302504
1292097
1291189
1409510
1315356
1293005
1327649
1313749
1282249
1290211
1299570
1354051
1294262
1286090
1289791
1347765
1365576
1309489
1290281
1328906
1313470
1306206
1349861
1315636
1299291
1291957
1291468
1307044
1290840
1294123
1332259
1292935
1292726
1314658
1288744
1300967
1314657
1379545
1349650
1289443
1292865
1298662
1306974
1287906
1309629
1318708
1289582
1312352
1311863
1612275
1340920
1305857
1335611
1290910
1306136
1341827
1320245
1329814
1388207
1309419
1345250
1318708
1311374
1313958
1322410
1325553
1373049
1313469
1312981
1301107
1365645
1332956
1274076
1319546
1312282
1348603
1302922
1318778
1324435
1319476
1333864
1347694
1296218
1296287
1334354
1769709
1355727
1289512
1293144
1325483
1330791
1332537
1344691
1326321
1330372
1287696
1349580
1304669
1571135
1338684
1305786
1288674
1313748
1304599
1299291
1331001
1313749
1345180
1902557
1321642
1296217
1306904
1300477
1409160
1297684
1320035
1298312
1463221
1300688
1301945
1318009
1298103
1310326
1286578
1392327
1298802
1350558
1315216
1296077
1322829
1307532
1331281
1292585
1333446
1286579
1318987
1302224
1379055
1301944
1312281
1337985
1335191
1297124
1330512
1378776
1362431
1296077
1330093
1300547
1324575
1291956
1317729
1300687
1332327
1312700
1312281
1413000
1287485
1317590
1336727
1297334
1405737
1293702
1414956
1332746
1298591
1305226
1333724
1335680
1327158
1333166
1308719
1330861
1328066
1295518
1292375
1319406
1316123
1375493
1283714
1300617
1283155
1336588
1301804
1323387
1320802
1345179
1326949
1342316
1385271
1335959
1304738
1297474
1338683
1329463
1358520
1285880
1294191
1341338
1304738
1331698
1294680
1290349
1321920
1398472
1287416
1297893
1332746
1312770
1312770
1301664
1371931
1325134
1309976
1297334
1280011
1360266
1315703
1298940
1295378
1323317
1289022
1308997
1292794
1403850
1313258
1289161
1316122
1330511
1315145
1308928
1296565
1333165
1306483
1307601
1293353
1307531
1329533
1275541
1292584
1316122
1306064
1372419
1351814
1318427
1325132
1303200
1301803
1307182
1323456
1310395
1318497
1315633
1315913
1315563
1311792
1288533
1292374
1327088
1299289
1295517
1273096
1332956
1378216
1311373
1352024
1294051
1308509
1277148
1283713
1429693
1300058
1294609
1281758
1322198
1354188
1328904
1301385
1283713
1307951
1290558
1289511
1381848
1315634
1303549
1292025
1278893
1310814
1411743
1297403
1418238
1353630
1303759
1308368
1306623
1325481
1414885
1331488
1314236
1337984
1293561
1321290
1411741
1313188
1296774
1293701
1275960
1296076
1417050
1296844
1312350
1323875
1325132
1286786
1333304
1354957
1398680
1305085
1320383
1333164
1322617
1314166
1299428
1307810
1289091
1325271
1342314
1330859
1336657
1289301
1320173
1302920
1293142
1333584
1315353
1315703
1311582
1392603
1338613
1295587
1280011
1284411
1312350
1297542
1311861
1287624
1294819
1412021
1297752
1423266
1297822
1318008
1339031
1299428
1290348
1315144
1302501
1337355
1342594
1294678
1346574
1305715
1277986
1288392
1340987
1314724
1312280
1300895
1290138
1378565
1292024
1422986
1307180
1355654
1293211
1324153
1351533
1388761
1312279
1331347
1298869
1294259
1288811
1322198
1326249
1419913
1408178
1294748
1299847
1289509
1334071
1312279
1314025
1332326
1298799
1279032
1391346
1299637
1323594
1441077
1292303
1278334
1310673
1343292
1290906
1318077
1299008
1323455
1298939
1313257
1327575
1302781
1295516
1294678
1314236
1389320
1315841
1334770
1354676
1314235
1422218
1318566
1318915
1293072
1307320
1295796
1274353
1301383
1316191
1349438
1292792
1276169
1299218
1294538
1294049
1305575
1342383
1285039
1287623
1298938
1314235
1280080
1316540
1355654
1323176
1352861
1299567
1304177
1568267
1358796
1338751
1291465
1294119
1281127
1312768
1315142
1327226
1425780
1290766
1328484
1319473
1331696
1294258
1303827
1277495
1322267
1276307
1298588
1302850
1369763
1305783
1293280
1378074
1329111
1295446
1295726
1335957
1312279
1298309
1306621
1321358
1301592
1285668
1294607
1305225
1291395
1295237
1318914
1337494
1301383
1339868
1343291
1301104
1344059
1321150
1322406
1320311
1290626
1329112
1290766
1306621
1375141
1317727
1452112
1316888
1301243
1380868
1330649
1294747
1301173
1312069
1353000
1348320
1379541
1299008
1327086
1297891
1302640
1314234
1286156
1299427
1298798
1313257
1317867
1287413
1304176
1302290
1313745
1346223
1301312
1335397
1322755
1296004
1385547
1296144
1298239
1316329
1344268
1310881
1291185
1280568
1314933
1315700
1302221
1300405
1288181
1296702
1295445
1325549
1283361
1299286
1296842
1314164
1319472
1389598
1300963
1355373
1287901
1296074
1319403
1316119
1316957
1295794
1322545
1299986
1320101
1310532
1354396
1299147
1295515
1331137
1363545
1318425
1321708
1295096
1334349
1293490
1349925
1294607
1291394
1297750
1299007
1397072
1294188
1298030
1289508
1302430
1381636
1315631
1282943
1296842
1327435
1288181
1421798
1316539
1335048
1306970
1308297
1308926
1345944
1299147
1397421
1317935
1287063
1295235
1337282
1295724
1332254
1343010
1295863
1312766
1305083
1427176
1332394
1309693
1302360
1306131
1286784
1285108
1288181
1292301
1294396
1322824
1347969
1288390
1331834
1285806
1385197
1304035
1316398
1307319
1403427
1315211
1312278
1309972
1323872
1317795
1291533
1308017
1291812
1280078
1328132
1301731
1299007
1314163
1309414
1350902
1322894
1340426
1320659
1327923
1318424
1462517
1312557
1291184
1303058
1407479
1323384
1296422
1295654
1337352
1495904
1301102
1300194
1287691
1340216
1344058
1394068
1393579
1287761
1319541
1323034
1297121
1296912
1288459
1294188
1305781
1304804
1308016
1300892
1286713
1293279
1308435
1284688
1286294
1316188
1313744
1279309
1396721
1342800
1326666
1299774
1306270
1350623
1335885
1331625
1298098
1342520
1291393
1296561
1322824
1309483
1321776
1295025
1278890
1303825
1275118
1279589
1338399
1318703
1295094
1403846
1318703
1304314
1323592
1288878
1299076
1281754
1339238
1324710
1285805
1390156
1302639
1350413
1411599
1303476
1401751
1293279
1378072
1347130
1389597
1385126
1305222
1304314
1292580
1286084
1304524
1305013
1337143
1299984
1323871
1309204
1357886
1300124
1303267
1290415
1333581
1316398
1330716
1344476
1323382
1288739
1331344
1329529
1319402
1384288
1305291
1374510
1311089
1294256
1335186
1290415
1304594
1283220
1331694
1393089
1381495
1309412
1296072
1301799
1318562
1300682
1323522
1288668
1322265
1326525
1372693
1288040
1313254
1304034
1304733
1307108
1296142
1301660
1329458
1338399
1307527
1328411
1271626
1337700
1342869
1314651
1321426
1328760
1285874
1334139
1312276
1312486
1311578
1297539
1307527
1276934
1296212
1313464
1383240
1312765
1316956
1294884
1317794
1293487
1309901
1307456
1354603
1286084
1300891
1308085
1307666
1310321
1307597
1337072
1355232
1392111
1293278
1298098
1399584
1360819
1299076
1321007
1310460
1283220
1294814
1283011
1287411
1297608
1304244
1331204
1313743
1291880
1324149
1323730
1287271
1288109
1314231
1335535
1414810
1308503
1300681
1319679
1304802
1393926
1342799
1297887
1313533
1293417
1292928
1422843
1302497
1283708
1296002
1316327
1369690
1380865
1340564
1295653
1450432
1383658
1293348
1333299
1285385
1290414
1304313
1343497
1374788
1303475
1295303
1308574
1279657
1295512
1326036
1363264
1311367
1308574
1317794
1299983
1339446
1874051
1318422
1288039
1335954
1273930
1276723
1304173
1292160
1293068
1417884
1343288
1343287
1288947
1299214
1291182
1347618
1297468
1453435
1287690
1298935
1306199
1286782
1292369
1305221
1307945
1286013
1324499
1314999
1280774
1294814
1314650
1272183
1340353
1414810
1290623
1296769
1304662
1317095
1425915
1289017
1302078
1301519
1321844
1306617
1297398
1301309
1330505
1393087
1298027
1384287
1339026
1323241
1298865
1281333
1286362
1358234
1296070
1903735
1316605
1328549
1298935
1368920
1298515
1328759
1277282
1295442
1306128
1289994
1265408
1310808
1327641
1297607
1296699
1342099
