362583
379766
364189
368659
373619
368730
366145
359161
362513
363630
363630
363211
396320
360139
363840
366564
362233
362862
405958
362932
413852
372711
361465
493339
368381
375435
357275
365935
399602
381651
374806
378368
371734
462606
363072
365027
365097
402117
375296
364399
380953
379276
379486
378439
422513
374527
361256
364329
364119
365865
391640
374736
377391
376832
359230
366355
362373
362723
364259
362025
360906
397787
362233
362583
362583
562838
378788
369218
373549
377600
365516
373689
363281
392059
364888
365866
362163
363770
500673
375365
360068
367123
373410
373619
365307
377042
362373
379765
364259
387379
357483
372571
373409
362443
376133
374248
361745
358252
359650
372920
381721
366075
373130
363770
382979
388776
360697
372711
359370
360557
377949
384585
369219
361954
363002
369567
368589
364608
365586
370197
380254
375365
478042
364887
363909
366285
371243
365237
360976
391500
378019
367472
365796
371453
382979
369079
379067
445283
367262
362932
360557
377321
376832
369009
379905
364119
364539
469241
360627
367192
371453
383397
363142
375714
372990
361256
363351
375923
365097
372501
367542
360976
383607
365027
363560
371592
374248
365796
366354
365167
367681
389684
375853
375853
363421
363979
380673
360837
364887
359230
361744
378787
377600
364608
360697
364468
361954
363491
365377
365516
370196
376902
377809
371034
368100
362931
390312
379206
383328
372781
382140
401069
360068
363421
369428
382908
362652
363980
410358
389754
362304
371104
363560
372781
365097
367681
368938
368729
363071
365097
369707
394713
365935
370126
380184
374108
370266
363630
378857
382210
383676
396738
365097
367262
369008
365097
381651
362163
382629
378508
386890
364608
379625
364538
362442
367890
372291
363001
496551
362023
359509
367052
364398
366773
371104
359927
393595
369567
380533
378578
368938
372291
378577
366983
381651
440463
359579
366214
362023
369147
363979
386540
361535
381791
370894
375085
368449
361604
388705
367541
375714
375086
372640
487541
369776
368240
362442
364818
368519
366214
365935
368171
362792
366354
378368
366424
358321
362721
361675
367611
372291
365027
371104
366563
378438
368938
364328
368449
369358
439416
364887
376132
364608
383886
362931
380184
376621
392128
359649
363909
363071
358671
368310
389753
379974
359579
374736
363560
364328
365027
366144
368449
361185
366074
365865
385352
372011
364677
367751
357902
363071
373968
368589
382419
365725
388495
369357
357343
362861
367751
372012
363421
375923
363629
365306
364468
374456
363141
364398
364817
365236
465468
362443
363071
366703
365865
378786
363280
360416
370964
363490
370545
376691
364817
369218
357762
380184
372291
385283
367261
375015
361674
364607
382978
373268
401347
398694
369008
367332
373618
369567
365376
362652
379764
386261
382559
362302
361325
372082
361604
417482
366983
368310
374945
363140
365795
367681
373129
432919
360207
381092
378996
366913
388705
359508
363909
372011
388216
382908
369357
365096
362511
364258
379276
375923
382628
371243
365655
361744
376900
379276
377738
398344
380672
365306
364886
375644
367192
368030
370754
362442
364398
364607
365375
392128
398833
367331
373757
375643
361674
369357
364957
445351
396877
362162
365445
424607
364538
367750
382418
381441
384304
363769
382768
359509
497878
366773
362442
364887
359858
361814
361254
390451
357622
370754
373757
366284
362931
435992
365097
361395
377320
377808
368239
373059
361813
386889
360137
402396
361743
360346
388774
381161
370614
367750
381091
413432
361394
360276
363909
375993
362931
367052
361883
368170
362302
384025
387657
367191
369846
368169
366004
384025
367680
368868
386959
368449
360555
389334
371592
363350
370475
375503
449682
375014
376201
380533
390102
442488
384235
362511
473151
380811
374595
366004
365375
369986
365027
375015
401696
391568
375015
369916
370963
364188
568075
398623
379065
362512
371243
367401
363560
376411
368658
370195
368170
370405
366982
364397
365585
359997
365445
365864
363909
366772
367052
368309
366633
368309
366633
362512
373058
370265
379275
374945
364816
369706
362092
359019
368379
383466
364328
358879
377599
369078
365236
408541
366283
362511
362232
365725
388914
372221
383605
377110
362791
361952
361673
374386
368588
368658
359577
376202
361324
371103
364187
360975
358950
367122
364886
369635
360276
362372
372779
368728
382907
377599
379065
365235
368448
395759
371033
374455
361533
370195
378577
368658
362721
359298
404001
377250
373338
367401
373478
371451
364817
372500
369077
366004
365655
363838
364327
386819
362232
360486
365514
362861
364118
370125
376621
364607
363629
370613
378995
363140
364467
491940
363280
376131
363001
360626
365305
366702
361115
503814
363001
365864
382138
376621
377878
364886
371800
368588
363349
361673
360136
360486
381929
374804
376411
366772
367261
364606
366492
368519
375992
380183
364117
364397
375363
369985
371033
364467
363559
384722
357971
363559
391148
369845
359926
367889
363000
361952
388705
358739
364397
368867
362162
369775
364606
363768
368658
357482
371731
445910
364677
366562
365096
365445
378087
368239
367051
370334
380113
378576
372220
377808
391778
361603
365026
368588
362860
366283
372569
374386
366493
365584
362092
368448
363210
373198
365794
367540
361045
366004
359577
411754
392407
367540
361743
365515
359578
366143
361044
367261
365305
385701
367261
377179
365864
360765
368797
386399
385421
367120
368518
379274
479018
369915
365864
363838
364677
370124
373477
368797
377039
369426
365933
373687
377179
369217
368448
385072
365514
375432
365304
366772
378156
365305
365026
370125
363000
365863
371451
367610
370753
364187
381231
378157
408401
362581
371591
361183
358390
370333
389053
370334
365374
358809
361603
361324
362022
368657
376410
373198
443884
360206
375432
378366
358460
368798
365304
388146
359367
358041
363349
363349
362511
366981
366283
364187
384094
362162
357831
379764
362092
382837
367400
373127
370613
406375
368937
366701
369286
381649
381649
369496
365863
363279
373058
361114
372080
382347
365095
378436
363419
370264
370194
372569
376411
371171
488307
366352
365304
379064
361952
451917
368378
368658
360765
365584
367679
374804
378296
451846
366492
368378
362930
369007
367889
369076
378646
373826
380112
367470
368727
369146
366771
370752
383185
366352
364257
378157
377179
367819
364188
380741
387865
367889
361743
367819
363768
368727
399250
364327
361253
365444
365514
371591
378296
406655
379414
365793
366771
371660
368168
368028
370753
368448
364048
372918
383465
378995
361742
368867
382417
369355
380392
362650
363488
360485
364536
376690
365584
388284
368447
370333
362999
368587
362161
362301
369216
369635
363418
371521
363837
365095
362022
360555
365933
368518
375433
370962
366282
367190
371940
364117
364257
397086
361673
364047
370333
362441
369006
366352
364187
390101
376410
467702
367260
362650
367260
365305
367819
364606
361183
387585
366632
364676
374385
363349
367050
366562
363140
364327
389541
365235
368447
379204
372150
367121
366701
483347
382068
367679
362441
376759
370543
374595
387516
