2135612
2148184
2129675
2179824
2127929
2186809
2132678
2146717
2260287
2159220
2141200
2148324
2223408
2146438
2164458
2093146
2140711
2178637
2167880
2180522
2140222
2206506
2143016
2139313
2187857
2146018
2253582
2102295
2173189
2156076
2141199
2294302
2159779
2218240
2154750
2139802
2188066
2173189
2121293
2151397
2157822
2167322
2339422
2203711
2161316
2144622
2178287
2157403
2179336
2151677
2189742
2288575
2175144
2236609
2157543
2186669
2119757
2215725
2125275
2267550
2102645
2147974
2228227
2176401
2137497
2197774
2139382
2298213
2189812
2191557
2296396
2269296
2229414
2149231
2149231
2152304
2152095
2162991
2124994
2181291
2127928
2146437
2174655
2126740
2174165
2123527
2146856
2131630
2167391
2153771
2390479
2299679
2167042
2092935
2145948
2241009
2160686
2167950
2141338
2144551
2324963
2118638
2144062
2346965
2290249
2142177
2176610
2127928
2188345
2122689
2135751
2148742
2146647
2121293
2168787
2262661
3019023
2149231
2148951
2138894
2167740
2127439
2146856
2127299
2304638
2138405
2168369
2258261
2106345
2212652
2138824
2151675
2201894
2133655
2160545
2157402
2143083
2146995
2177447
2167879
2177448
2145458
2254348
2138544
2147414
2141198
2161174
2175143
2193093
2139311
2135610
2129673
2926336
2211742
2181987
2149929
2178915
2130861
2168019
2129184
2153770
2190648
2146436
2129324
2161104
2137426
2147344
2121082
2146017
2498740
2155517
2149788
2172209
2173047
2171650
2168158
2138963
2219704
2100268
2131140
2171301
2155656
2267200
2169695
2172699
2307221
2136029
2189252
2158310
2116402
2196166
2253649
2149789
2103690
2135471
2153141
2163688
2171790
2161733
2148811
2139661
2174165
2186178
2247504
2179961
2243172
2164595
2155376
2165154
2241007
2193302
2162849
2140219
2174583
2190578
2240937
2123526
2154467
2143153
2255185
2128904
2122897
2377835
2150905
2144619
2143502
2147832
2300586
2165504
2197004
2128205
2205944
2159077
2154887
2159985
2122408
2271459
2120801
2153141
2221031
2307849
2827084
2168786
2236397
2236117
2238423
2128485
2201055
2145807
2164176
2200427
2139311
2187924
2211881
2148880
2224523
2151674
2146435
2132536
2235978
2150207
2141197
2109347
2153979
2145947
2153280
2141197
2193721
2209925
2133723
2179402
2220961
2190089
2184221
2281517
2167528
2122547
2234719
2249248
2104177
2130650
2118776
2143361
2161312
2148390
2146993
2349685
2306311
2291085
2420161
2128834
2327824
2262378
2152511
2116960
2146085
2126807
2149857
2196723
2168925
2159914
2183592
2184081
2129811
2129601
2141196
2172767
2095237
2158867
2137564
2229272
2159984
2147832
2172208
2168924
2102083
2147831
2096914
2133164
2162150
2134282
2170321
2099707
2133652
2183174
2126318
2142174
2147412
2143641
2146505
2257140
2159705
2219843
2153489
2168436
2146016
2189530
2250085
2216700
2174163
2122547
2163686
2227036
2154467
2173186
2152511
2122057
2241424
2149297
2219911
2125410
2165921
2173813
2169553
2145526
2143570
2150345
2175350
2142872
2263984
2141753
2112628
2207549
2129740
2206082
2142662
2147831
2160892
2176468
2104526
2148389
2150834
2150205
2219003
2195535
2113955
2254834
2162288
2302679
2128553
2280328
2248967
2160472
2332783
2115422
2131417
2147551
2125479
2124991
2120242
2191833
2157050
2113047
2158377
2211460
2118844
2206501
2186874
2110253
2200844
2168784
2125270
2136166
2973060
2134001
2120731
2191833
2257139
2166549
2144618
2132534
2151114
2157609
2155653
2153488
2151532
2171159
2222705
2131276
2165640
2128343
2128273
2171368
2155862
2247220
2246522
3010496
2145036
2172975
2164034
2157888
2176746
2129670
2183660
2131905
2229060
2161519
2120240
2150763
2155583
2119402
2286683
2105852
2189388
2178980
2146992
2129251
2198957
2120100
2224590
2111160
2131975
2139867
2117936
2149226
2142870
2127364
2120240
2161030
2223333
2126457
2220539
2127016
2194766
2129879
2211040
2122196
2157468
2154046
2101521
2149296
2169272
2121148
2185965
2140217
2113047
2164523
2163196
2135607
2153627
2149017
2127644
2159703
2199167
2146503
2123383
2151182
2178981
2162707
2151391
2272574
2173183
2201261
2133091
2137491
2201750
2243658
2143847
2137841
2155233
2131415
2292689
2143638
2131485
2157817
2142450
2122614
2174999
2119192
2196092
2177513
2141752
2117795
2140286
2100194
2170319
2177513
2115001
2132113
2115491
2140076
2189456
2164591
2128342
2128202
2154045
2166268
2184219
2558383
2232971
2134348
2156909
2151670
2143009
2135047
2175348
2169272
2143149
2157817
2213624
2161868
2166826
2228571
2281304
2132811
2150413
2134139
2162356
2108296
2188549
2124431
2142870
2146641
2124989
2155931
2179679
2101521
2114512
2162217
2137981
2257207
2134138
2138887
2209013
2134138
2229407
2187501
2124989
2144546
2194555
2151251
2116468
2116467
2167454
2170109
2190294
2141193
2139516
2103616
2135046
2116327
2168362
2132602
2132672
2159981
2170318
2142660
2158025
2144545
2142660
2160889
2145034
2122683
2169900
2170528
2118702
2164521
2126246
2139726
2138818
2116886
2170668
2225566
2168782
2152088
2212016
2137771
2119680
2179468
2182122
2295063
2187571
2296739
2170388
2127852
2223122
2134976
2147479
3003089
2142939
2142171
2165079
2125337
2192809
2102428
2198955
2203914
2158584
2137001
2154672
2126944
2210550
2184217
2145523
2147478
2129458
2224657
2165009
2138817
2128898
2120238
2137770
2212294
2204122
2161238
2185125
2138398
2163612
2266705
2204123
2185404
2353593
2190223
2176045
2295830
2417642
2286191
2288357
2157117
2147617
2194414
2132810
2178280
2181004
2154113
2198396
2137839
2153415
2156767
2150271
2162076
2144125
2120657
2146989
2158094
2155441
2148386
2128131
2203285
2128340
2150901
2148106
2131903
2156558
2146430
2122543
2183658
2152856
2169340
2155999
2176534
2145034
2219070
2136931
2196998
2217952
2100612
2135116
2139655
2164031
2130576
2202237
2129597
2119329
2155859
2137838
2152645
2170596
2180025
2141680
2125895
2151319
2121494
2289613
2094743
2173669
2336829
2116885
2172342
2123450
2202515
2167802
2156277
2220955
2181352
2173110
2168431
2174158
2149852
2161655
2139305
2234505
2161377
2132181
2148874
2193645
2156976
2084407
2173599
2138955
2156487
2145941
2173041
2246239
2147407
2143147
2147966
2123939
2144614
2149782
2150271
2209569
2125475
2143146
2231991
2125685
2191620
2146011
2178768
2195811
2155509
2196508
2159421
2136022
2133089
2171713
2172762
2168920
2140074
2233737
2122751
2218300
2157605
2159211
2125615
2132739
2113950
2114020
2167033
2117931
2178418
2128338
2147406
2147965
2154251
2277320
2135532
2147965
2125405
2149222
2222071
2131691
2251755
2118840
2240791
2148384
2142168
2134415
2749546
2166055
2208521
2176253
2174576
2194761
2278437
2123659
2197974
2152365
2158442
2112134
2187498
2166544
2179186
2133019
2142098
2158303
2129666
2119119
2143146
2193784
2167941
2167452
2131622
2278437
2157604
2113531
2186031
2125894
2120795
2148803
2133018
2188406
2176043
2169338
2223538
2158092
2155019
2152155
2157813
2127430
2411074
2132669
2150620
2143145
2114509
2129735
2139863
2142516
2250288
2146358
2142656
2182189
2144961
2157324
2241907
2155018
2135881
2170455
2120654
2130153
2160816
2125544
2135182
2162701
2121493
2139093
2152784
2135951
2094951
2212432
2863603
2158721
2127918
2157114
2115416
2166125
2143843
2130783
2245818
2155019
2177020
2126452
2172271
2160397
2136370
2155229
2146288
2178417
2147196
2152086
2153063
2185681
2187637
2146498
2265654
2154460
2124496
2159140
2136439
2149291
2145519
2264816
2124427
2123099
2175833
2144542
2215505
2121632
2140770
2183097
2106965
2131062
2194900
2153622
2146497
2146986
2169756
2198043
2126311
2097466
2152783
2198951
2128966
2220882
2225562
2173666
2163469
2152783
2168987
2153551
2189382
2127848
2122121
2129803
2150268
2128337
2137486
2136300
2165704
2193573
2166472
2125124
2153691
2153202
2200348
2158300
2125753
2127917
2145519
2183585
2153552
2167381
2114438
2165006
2147824
2131271
2128337
2137417
2198392
2119327
2184842
2136928
2167870
2156903
2165983
2118279
2210196
2173667
2159209
2168848
2156624
2235410
2179534
2265654
2221441
2121632
2130782
2192315
3174346
2169546
2131270
2143144
2162212
2152643
2170454
2129664
2222699
2168777
2129664
2245607
2141257
2148033
2206563
2126520
2213129
2672434
2116532
2164097
2145518
2143073
