2647010
2600074
2635695
2595254
2675158
2637371
2666147
2604473
2663004
2604054
2643657
2626196
2623122
2661049
2613065
2591064
2635765
2630735
2913890
2665379
2666426
2673062
2678719
2675926
2741232
2653156
2615439
2652947
2612366
2629199
2658116
2612575
2648616
2602798
2802626
2613903
2628221
2564033
2701768
2649524
2775177
2809121
2619770
2661677
2672992
2671735
2609223
2668592
2599934
2683539
2563474
2634647
2652457
2713992
2576186
2634228
2611598
2562356
3357480
2636182
2636113
2587640
2611946
2771823
2718322
2595463
2606987
2609152
2594065
2614670
2620747
2602796
2592319
2574928
2643307
2650990
2633179
2683049
2598955
2677531
2618163
2672921
2684446
2637301
2647498
2601958
2639745
2692688
2730754
2607266
2656508
2553555
2664959
2662235
2658882
2661536
2600072
2655809
2568083
2620188
2650292
2705050
2595183
2706727
2560470
2613343
2655600
2606498
2669429
2622842
2715388
2705609
2631014
2641561
2765816
2628360
2715876
2616067
2755270
2627661
2691990
2669848
2651689
2627382
2602377
2602727
2564870
2670686
2588129
2753313
2625914
2630175
2644773
2615717
2654132
2636531
2666285
2623120
2637579
2668660
2629477
2618232
2550342
2577512
2592807
2758830
2591410
2612295
2647916
2605798
2644843
2792635
2636601
2609082
2624307
2648474
2631083
2656297
2589246
2667961
2601329
2655320
2589455
2609850
2653712
2657694
2598954
2677041
2599722
2665237
2614390
2700510
2611526
2591899
2607266
2641560
2678927
2650500
2605939
2545592
2603284
2594693
2633039
2589665
2688636
2589874
2714898
2567453
2794591
2722720
2672920
2652246
2633598
2710218
2682908
2668101
2644633
2670336
2606636
2593295
2605588
2646587
2620675
2612224
2612153
2691778
2618161
2610687
2655738
2621723
2579396
2595181
2614669
2599442
2687517
2636320
2611106
2588965
2718738
2593854
2674246
2593435
2638625
2621723
2643654
2614668
2597416
2595880
2644841
2639813
2671732
2616624
2612154
2594483
2682279
2655807
2601118
2626193
2609919
2608522
2628428
2642048
2592178
2685771
2682698
2741577
2620187
2693315
2667122
2661325
2606566
2739412
2626682
2644842
2733825
2638066
2622351
2700927
2598744
2656017
2606915
2661953
2596159
2712382
3265000
2591898
2640092
2635901
2594272
2744301
2732426
2616763
2627589
2685840
2629404
2680951
2634154
2704210
2609429
2645050
2633456
2651267
2617950
2645678
2619906
2591129
2625004
2709936
2674595
2602025
2579465
2659858
2596717
2785300
2737386
2552365
2629195
2626472
2652244
2594482
2595879
2672290
2598742
2614527
2609569
2630034
2725513
2682976
2661673
2580583
2630522
2642675
2640650
2739201
2703022
2661115
2607473
2639532
2602095
2716433
2652872
2614668
2581420
2600768
2761063
2596368
2648473
2598114
2660137
2601257
2701905
2593574
2585821
2680532
2612572
2612991
2744720
2695758
2699459
2689401
2728794
2779572
2602932
2648541
2603770
2735778
2641627
2677737
2607333
2637017
2622140
2600139
2583376
2598741
2675293
2609638
2621931
2609777
2599091
2632127
2665026
2625492
2728794
2618089
2636109
2625073
2629195
2671661
2594761
2634363
2600628
2622699
2649589
2600837
2675362
2602653
2624026
2600907
2617600
2599021
2610755
2644490
2639951
2591408
2640789
2632686
2593573
2656015
2718526
2633734
2642604
2617879
2645329
2602792
2616343
2625702
2636109
2623327
2626680
2604469
2678366
2600907
2624794
2628775
2607682
2610127
2606215
2604469
2637575
2645188
2634991
2634642
2731517
2611942
2636457
2637785
2646026
2638692
2663278
2664465
2699458
2599928
2554249
2638763
2598462
2615155
2544540
2628355
2599928
2620603
2621231
2656223
2644629
2658877
2621580
2665443
2711262
2678086
2626470
2588195
2644839
2588264
2655735
2632755
2722856
2635060
2648191
2632477
2625282
2648331
2573177
2640718
2811280
2647842
2614945
2746813
2679552
2634642
2590988
2623885
2602442
2617808
2675921
2586587
2614456
2610265
2691007
2638204
2615364
2562491
2706861
2675291
2734730
2634152
2599859
2694709
2614456
2773005
2609497
2608169
2626957
2616690
2628354
2610544
2678853
2647701
2612918
2632266
2629961
2568287
2779919
2696105
2621928
2691495
2645187
2692333
2609706
2692682
2598112
2648540
2601883
2627376
2619065
2624792
2616690
2632056
2640926
2630799
2637295
2632126
2614385
2644279
2656222
2627655
2622907
2635339
2622208
2783830
2602790
2617948
2693240
2616760
2613617
2608588
2683881
2626888
2628773
2609705
2630380
2611661
2652381
2626539
2648749
2616760
2711330
2649936
2714893
2651403
2624304
2630310
2740317
2623046
2623884
2606981
2739548
2556064
2597553
2599857
2685557
2576528
2664464
2652171
2606282
2639180
2615990
2759803
2687023
2723623
2637293
2603977
2614733
2620041
2597761
2642113
2590846
2632684
2567239
2638970
2608447
2666699
2586516
2645815
2574852
2628144
2620461
2744996
2608237
2634151
2649237
2746113
2697151
2675499
2634849
2598879
2611101
2627446
2643091
2601812
2630868
2630309
2629750
2614105
2611800
2686535
2600275
2649097
2586376
2660971
2585468
2638690
2635757
2615013
2619273
2621998
2616131
2661111
2642252
2656780
2678503
2675849
2629052
2708047
2615152
2653917
2683601
2735845
2631148
2648609
2631146
2611659
2591613
2609215
2639319
2620949
2592592
2551103
2644347
2653358
2669492
2615501
2757985
2619133
2639109
2612358
2681994
2623324
2642531
2680597
2624023
2629261
2701131
2600414
2666069
2621996
2621926
2606351
2660202
2634219
2651471
2592592
2625070
2620529
2645814
4316795
2583861
2630448
2609634
2717126
2637781
2631426
2586794
2639388
2725507
2626537
2601183
2636664
2607050
2770628
2620948
2635197
2632613
2674102
2611450
2644487
2685066
2640017
2602370
2633521
2654614
2662088
2713214
2631705
2746601
2681365
2744296
2640715
2666768
2612078
2725227
2602788
2620040
2644695
2619760
2589029
2667675
2635406
2760080
2594058
2626745
2653426
2626675
2639667
2620459
2591822
2686813
2601251
2659852
2607957
2623323
2613126
2751908
2719710
2608027
2596921
2597550
2667186
2559903
2630307
2622065
2694705
2598039
2669840
2656010
2652169
2682272
2623811
2693099
2588330
2719919
2656709
2619691
2589727
2642809
2631425
2645604
2641343
2682482
2582323
2622834
2591403
2624580
2636244
2664811
2585537
2673681
2612008
2624790
2615849
2711258
2680038
2628003
2694914
2690584
2631145
2641971
2614872
2658665
2655102
2724529
2681433
2619061
2627792
2610680
2654333
2588468
2683598
2608445
2697847
2607257
2621436
2586722
2568144
2659432
2619620
2608166
2633869
2629748
2607397
2667953
2639945
2623322
2624579
2688487
2590495
2636243
2561299
2621227
2608864
2620039
2649164
2570240
2732071
2645323
2659362
2693516
2642459
2657965
2678569
2665648
2625208
2617804
2719499
2618293
2593637
2605581
2614312
2739684
2627373
2624300
2803523
2605371
2622344
2655311
2624998
2758752
2617385
2608095
2634008
2643437
2659432
2685763
2777889
2666207
2702946
2706298
2650002
2742128
2634986
2641900
2645671
2693376
2622413
2613962
2633029
2637779
2632890
2626464
2638757
2618152
2667812
2628350
2694842
2681712
2615848
2737867
2610609
2706996
2596290
2727181
2603973
2680385
2616336
2649303
2598037
2620388
2731860
2670397
2690862
2659082
2643576
2649443
2626883
2655520
2571635
2670956
2611098
2616965
2726762
2591821
2618222
2621085
2776632
2594964
2648814
2609422
2677032
2606488
2632959
2625207
2626045
2720406
2629048
2604392
2617524
2699592
2685833
2581903
2593287
2616127
2581763
2615428
2643506
2645253
2678010
2656916
2703433
2716984
2666695
2633728
2616126
2615777
2590703
2641130
2713979
2619967
2575895
2765455
2629746
2685342
2580575
2607256
2594893
3053706
2596010
2659569
2635333
2651677
2620596
2588817
2581413
2681641
2603973
2626183
2596919
2666485
2587070
2644483
2679546
2722360
2610678
2626882
2605859
2619269
2613262
2607116
2604881
2637289
2565627
2630444
2609141
2761544
2640641
2625276
2587978
2613961
2589515
2672142
2607744
2747365
2671094
2610748
2580505
2617872
2626463
2616545
2624996
2583020
2621783
2603415
2689184
2608722
2657893
2608862
2715796
2600620
2642527
2631003
2645461
2680174
2766711
2620735
2689183
2621922
2684154
2605719
2701965
2629466
2632888
2627161
2684154
2637288
4025044
2586860
2643714
2655309
2629255
2662083
2629955
2621643
2644412
2678288
2654889
2625903
2618150
2650489
2641060
2655588
2629536
2633587
2595451
