326685
322983
316767
323891
340166
320119
318233
353856
320189
326265
318233
323891
313413
321795
317744
315090
315579
324659
335486
316556
313972
316347
322005
315090
330876
313623
311527
354275
314950
311527
317325
317255
316277
316067
322074
324519
321795
319141
326266
496628
318722
316766
314321
316766
312086
310689
315858
337721
323053
324799
311318
319140
312995
311877
361888
313414
315230
326894
328361
319001
313134
316557
322284
319280
321306
321725
328640
347290
322284
312994
316277
321096
324658
326405
314880
312854
325986
320887
318722
316416
310340
327173
327872
314391
393180
318931
331155
311108
316207
315858
422238
319909
316417
314811
316766
326684
317324
312435
316137
316347
316067
337651
319210
313902
318582
320608
319699
320118
316765
321236
313692
345823
316835
329339
313273
311317
314112
328989
313902
312924
324170
318721
314111
318931
316836
322074
376836
315368
320049
345474
315858
314880
317744
322074
320188
344636
325427
323890
336882
309921
316067
331085
330526
328640
311946
313902
320608
310898
324169
313553
310060
312994
320119
329687
326474
315787
347498
327592
326614
310619
318861
343727
311178
316835
339956
315508
327313
310200
317045
314600
311667
331364
321934
317743
313622
312574
376137
330945
315857
314320
320187
342121
310898
322982
328360
312644
318162
323540
326824
316556
320187
337720
320118
314320
319210
317813
366708
320607
314321
315578
315299
317534
317393
336114
314111
317743
317463
329897
329059
312504
316974
316835
318232
366637
313202
311108
345473
328500
315927
311527
318860
312924
318931
320188
310549
321095
327173
317813
313482
317813
312016
321864
328989
313343
316765
426847
317743
315019
314949
327871
330036
318651
313552
316835
315228
328150
321096
323260
352318
327801
315857
439280
314599
323401
316765
314599
316486
331852
318511
345473
317882
317743
315857
310688
313272
318720
317254
311945
315437
314460
310548
318371
333180
323051
315787
334227
322213
313482
316556
315857
313482
314739
339256
312225
315647
319629
320956
314320
308173
316066
314600
322283
316486
325705
337650
317184
312923
315508
327661
319140
316276
342818
317393
314180
316485
315158
314390
320536
326683
317603
315647
315158
323959
318302
331013
322562
314041
310339
344983
317464
316694
330246
312783
316695
318231
317323
319908
316066
317394
323261
325426
334297
322073
316345
313342
320117
314110
316276
320187
329128
314390
338278
333249
319698
311386
310548
318929
321095
315996
314459
310967
318650
343517
327312
314459
315088
315437
311176
325006
315018
345891
314878
314389
338348
315926
319837
318231
316275
312224
340094
322981
316695
321584
320117
317254
315297
319139
319698
317742
317742
332550
312155
311805
313691
313691
311736
313551
326263
312015
309500
315227
315926
329477
314460
317952
314599
312154
319907
343098
320886
317602
330035
312993
321374
320187
318231
329127
319278
324867
356019
316345
328779
320187
316834
314529
321863
315298
310198
313901
314389
313481
319698
322282
310407
319908
317672
328079
316695
310408
322073
313970
324447
323958
330944
318999
313900
314459
330525
313341
312433
336810
326543
311875
317322
308173
315856
316834
322073
312992
310058
313900
310757
317741
344634
330035
319627
313970
323190
313900
318790
321583
306635
312224
299023
299511
291967
310477
290640
290291
295181
286729
280512
278068
283446
276950
286799
271781
268150
266753
274086
257672
259767
257183
256484
255716
247544
266752
247124
248033
249989
267660
242934
241048
237136
245797
232805
230989
238533
226379
235879
226869
224843
227147
337229
217788
227567
223306
219954
219535
211990
207590
211153
207870
219953
208987
200046
203609
202351
202003
203260
205285
200466
195157
205775
199907
193969
198021
196833
190198
194668
190058
191595
188871
204168
183702
182235
188032
184330
188102
182235
177067
174691
181187
177765
180000
175949
174622
171968
180349
244121
197532
276111
171409
169174
169383
170291
172386
167917
167218
181816
167567
166659
164563
160652
157230
162329
160721
160093
160722
171548
153388
154226
165611
153108
175041
191106
156181
162258
154994
256693
153038
161210
156601
153737
158347
157788
158487
161140
156810
156531
156391
159814
159185
157508
155693
165681
156251
158347
152619
154225
158557
160791
153737
162398
153667
153108
164214
172875
164703
153038
156600
156670
155972
157648
157998
162537
161769
157508
165122
157020
155063
155833
159325
157928
156670
158346
153527
156670
164144
159185
157369
158906
156740
160093
154575
153039
161490
159535
161769
164004
155134
161630
154575
154575
153597
157928
157928
154226
157578
158486
153737
165751
155762
163725
155902
159814
157369
158696
159395
154854
162538
163655
155623
157928
157229
153178
161560
162398
154505
158975
164074
164354
157509
165122
160302
154575
160093
156042
159674
158836
157928
161281
162468
162887
153527
164703
153248
156670
165401
156321
176019
154505
157299
155972
153318
153597
162049
153108
152759
152549
155692
162957
159395
163445
153736
248870
156880
162468
163096
158835
158068
156460
154505
156949
163655
160303
159883
153387
157509
153737
156600
162049
157718
160372
157927
153318
159464
208638
154155
156950
204935
153177
169592
162748
157299
174272
154924
157439
155482
155134
156740
158347
155692
157299
157928
156950
161699
157439
163655
156880
153667
163515
158486
160163
160582
155413
160023
162258
163516
165890
157019
155203
164144
162188
157369
152829
157788
162258
164424
155692
154086
163166
155692
153177
159674
158417
152829
156671
156390
162747
152130
172875
155971
161141
156460
159534
164633
154156
163585
154296
159814
159814
153108
158556
163236
156810
162747
169103
153038
156321
162188
165890
157858
164353
161350
159743
159604
162048
162049
158067
158137
160791
157089
161770
153737
161350
157369
158067
193550
161699
158975
154994
159115
162118
159115
159324
155902
180419
159394
162677
155902
164004
174202
161560
157928
158905
158835
154924
154225
152060
155064
176158
152270
157159
162887
159813
153666
161350
163865
168195
154086
155483
162677
157439
157858
160652
168195
158137
154365
162467
152130
156950
155622
165122
163236
158486
153527
165052
168055
165610
156950
160092
163166
155483
154575
158906
154504
153178
157439
153527
164353
153108
157019
153597
162118
159255
153667
154016
158626
157369
158487
157928
159673
159114
169173
163446
156041
154505
160652
158626
158766
168265
159324
170710
163515
164563
154574
161490
158067
157159
156949
161350
160163
157438
187892
157019
153737
152200
153527
153596
158695
158835
155273
161559
153177
164144
159883
157159
167776
153597
172037
157788
160442
154086
158695
156251
160651
155343
166868
151152
158906
159324
159953
159604
158836
155343
158626
153527
152759
157648
154295
158766
159184
162258
155553
157159
157438
153178
159045
158905
157298
162258
159325
160023
156809
161210
157368
154085
159324
156880
167078
160581
153108
157648
155134
156600
157159
163724
162048
158346
212828
161280
155552
255715
153666
154155
157368
157858
154016
160721
159533
158486
167286
157438
153038
153317
162328
152688
158137
160791
