637921
682553
709165
633101
638270
628980
737454
650144
877149
629539
625488
718874
634078
661040
632822
626745
649934
635894
629678
629748
631844
621716
634498
638340
620877
633450
643927
630865
826230
641273
645185
637920
636034
639387
626954
641343
633101
643159
637432
639108
637221
638619
647070
650772
633520
656849
634498
646442
981781
654474
642460
623741
638480
623671
646441
628910
628770
632821
625278
634567
633171
629189
630657
647909
663136
656150
631075
647070
630377
637431
622833
623322
625977
632472
631983
636942
629329
654963
697291
660831
650633
636872
639317
631983
654404
760294
645604
708606
666907
629469
626814
647000
628421
627652
642600
629887
629398
633519
625696
645883
625557
623602
634777
651610
627023
651190
634987
626605
631075
632263
628002
646930
626465
627512
651331
646301
721039
622274
653007
639107
660620
634288
621087
655591
622623
628351
629958
645254
662855
660970
624788
627164
626395
629189
631494
626185
620319
635475
628351
646721
645743
655242
629608
649165
635894
631983
646092
639317
736196
653077
631704
629329
618153
623532
630656
636872
644136
631564
727814
640295
636313
624229
666487
641063
655801
650283
629678
637919
639108
623532
638200
630446
624858
680317
627722
624578
764623
642459
627582
625906
629608
628421
645044
631983
628420
622692
649444
657757
677034
724740
642669
626116
733401
637151
674799
627372
630586
636872
637011
623461
626394
630935
621156
627791
643577
634776
635195
629817
647768
702320
644066
694636
633240
664392
643438
630516
725020
624229
662436
631703
654823
648256
654823
778173
627443
637431
649025
732913
647349
730328
683111
664950
959848
624019
648257
624020
625627
630655
646511
626814
635195
631703
633799
739897
642879
630795
743111
642459
733541
628909
631005
625557
656220
634357
643996
641062
653565
632610
647209
659013
666138
760712
668931
646371
654823
646929
635265
642739
632820
621854
667464
635474
633799
640433
633728
655940
658245
629677
631633
624927
627931
644136
668512
629398
632191
641621
635964
626813
625975
645881
628769
627372
628630
635265
627512
639107
663832
668513
655241
656010
679339
629887
626324
631773
644415
727464
625486
640294
642040
629817
630725
655800
627651
625207
641272
663273
632121
625556
677244
623461
625695
637640
635754
627162
720689
705461
658594
649025
631144
628700
625346
648466
623321
643088
640713
675916
629886
655870
652447
637360
628000
629257
636661
637709
628490
649723
651469
626393
632192
653564
638198
650980
767975
660270
650700
641691
645672
650002
631214
627302
732073
631144
632262
635963
630515
626463
625416
640922
644903
702807
651609
722783
655102
677313
765460
643017
752539
630375
622901
627791
629747
630025
624158
717405
633937
658104
860104
629747
639106
645252
621225
622272
665160
629676
633658
629746
625346
626673
641411
683319
622762
620248
624857
640782
637639
643926
626464
621994
655800
647069
627721
637290
652168
645742
627092
622273
630445
663762
659152
644484
629187
635125
638826
646580
623879
627092
634845
624857
660200
623041
637849
628419
656568
628559
624298
659362
641271
639804
624298
627511
629677
630305
633239
649932
630375
628977
623460
623739
625834
624368
630026
646160
651329
627931
646440
625695
632400
680945
645602
631073
632051
641201
637360
640922
733400
651609
732073
638966
634146
631632
625765
649513
631982
645043
626184
637220
657965
771258
645672
629606
654821
632820
623809
630724
627999
644694
627301
633099
627441
621504
618152
631562
629677
627930
627092
644344
625835
644414
627162
628000
629327
667185
634077
654542
675216
639315
623250
663552
632260
637848
630584
642039
627790
647697
627092
635753
625555
632609
626742
632400
627999
631911
637150
646788
665926
652516
622482
632889
652516
628488
648256
628349
630723
633587
631841
626742
636521
645881
667323
645113
631632
629815
628209
633727
634565
626183
622272
627510
628978
620107
652447
628559
732212
651119
621154
628279
651049
706229
643995
673610
623599
627022
653774
653843
630514
635893
626184
646020
648744
650560
651050
650001
641969
633239
624297
648744
625205
627581
625555
628558
632819
634565
630304
646788
626393
642947
640642
727253
630164
734237
625834
629256
634704
632609
629397
629466
639524
650909
628279
632399
630165
628767
659990
624297
626113
627580
634704
640292
636451
625974
619827
621504
626043
662784
628419
622132
636172
661945
631632
639454
762875
650210
636381
646020
641620
644344
646788
638197
627789
640712
627580
649512
637359
625345
643645
626323
624228
631841
629815
650001
622132
637638
631841
628139
647557
628628
669349
678499
629327
662155
621224
636730
632609
626673
625625
630793
641619
623319
639594
633168
630654
631631
649163
628627
659709
628767
623738
636729
633936
634984
634704
629885
626951
638407
634774
634774
662923
721525
677800
647417
629326
625694
636660
628767
627510
650280
640920
635473
727252
626183
635891
664529
643925
658662
625834
629885
632330
634355
630234
630234
642178
635752
641200
632818
733469
661735
627580
631980
640013
662154
629885
643435
641130
627790
650979
663132
631142
624366
631910
657475
644692
625485
628488
642108
630304
649163
630863
632050
627790
655728
639104
632818
625484
648953
632399
632749
634285
626462
623459
654471
634355
634355
629675
638825
669628
629745
622061
633168
628906
630304
626182
628348
631002
626811
630793
629046
651676
622690
624087
633726
626881
633517
626323
739824
627160
632818
623808
626183
631840
650210
643365
659290
642248
624995
628697
624925
620175
640292
620594
628488
631770
628418
719568
630582
652445
644902
657265
651537
626392
632120
635333
627649
636380
629396
719429
630722
631840
636171
671444
668510
625135
634774
652585
626182
632329
640710
634495
632259
628208
700081
649023
622131
638406
624506
629186
658452
647067
719638
644622
658801
635752
639314
629326
641270
646648
635752
630723
675983
630443
643924
649861
675843
628976
636379
743456
643574
823570
633446
623947
638894
645181
625763
624855
622759
628277
625763
720057
621711
626741
630792
625414
633306
625344
624716
634284
630094
629953
626391
624086
621363
621782
630583
632399
633097
629605
628487
642178
651956
634913
653213
643504
643993
648254
648254
744852
644552
644412
631002
633376
654051
624226
630163
639034
624226
624087
651397
660547
652514
624645
646997
648533
620734
645390
658591
633027
630093
648953
624506
636729
637986
647696
632329
649162
630653
632189
631002
633726
668859
692467
625553
640291
632258
630932
624785
627928
648464
737169
642177
627788
637846
627648
626182
687997
625064
619128
628278
632189
627997
715028
661105
722781
634843
642246
626252
627788
636380
625972
627858
652514
652025
645110
637637
650279
672630
623108
623318
639523
634074
649301
632538
629675
643923
651537
650069
641757
668160
627788
645041
631210
640919
625902
628138
664109
699382
662572
675913
727181
648672
646228
634773
628208
631979
662572
629744
660547
628137
632398
628696
630722
624784
622619
658801
635751
626531
645948
640082
631001
627858
627160
633026
624854
624784
644830
633375
632119
627019
625763
628277
628766
637706
