3119221
3111887
3121945
3140104
3139056
3109582
3232999
3088140
3142898
3087930
3104763
3110071
3196330
3194444
3148905
3077453
3087301
3194863
3175376
3105671
3198006
3121945
3144295
3125786
3129138
3119640
3107627
3085206
3175796
3127741
3194095
3144435
3196749
3148626
3127671
3124947
3112794
3119080
3148624
3158612
3137659
3059014
3173978
3243824
3135703
3165318
3102946
3247176
3117054
3171533
3116705
3129067
3185364
3208133
3211067
3108114
3138567
3196817
3145342
3112933
3122363
3178728
3152117
3220076
3122013
3091631
3101479
3219308
3190043
3136681
3124388
3040784
3096171
3106507
3133049
3113772
3110070
3100361
3129417
3213860
3107835
3124947
3304659
3114959
3172512
3089675
3126274
3171534
3221962
3179635
3098685
3190951
3151069
3133608
3136681
3158752
3170975
3088698
3126134
3371081
3034637
3135283
3132978
3142337
3209389
3097566
3160636
3277348
3114749
3123270
3215814
3112373
3287895
3251994
3424861
3232578
3157634
3160986
3114260
3185711
3196258
3100989
3119358
3089674
3111955
3150020
3175933
3219726
3192486
3110837
3147367
3123479
3140103
3109719
3075146
3134584
3061805
3118032
3112304
3139125
3167272
3112513
3122502
3096379
3166294
3123758
3124177
3234953
3187807
3115656
3128229
3159031
3159519
3101128
3144991
3043088
3119638
3112444
3105669
3111885
3102875
3185013
3152325
3119148
3160986
3117472
3138635
3119008
3106156
3098124
3123688
3231668
3132279
3203381
3134304
3108531
3112023
3135282
3108112
3127808
3154908
3182078
3166782
3227827
3119497
3061595
3092816
3166224
3140032
3121383
3121383
3198003
3130952
3118170
3148692
3115516
3072771
3134863
3166293
3124247
3167201
3120615
3118169
3147784
3132977
3065786
3126621
3099242
3114328
3156375
3155118
3167201
3284052
3179424
3188294
3108042
3120126
3116423
3107833
3149181
3154699
3239701
3230690
3283214
3107134
3211902
3129625
3143454
3108043
3100918
3146247
3130882
3171112
3120195
3114258
3131300
3122569
3150437
3118029
3150577
3137167
3123337
3131649
3122500
3232575
3075214
3825910
3094281
3202891
3189690
3111604
3109787
3129135
3043225
3110905
3157701
3099869
3176769
3204917
3133325
3151415
3136189
3164825
3114676
3109578
3161962
3120544
3083246
3198910
3117750
3125782
3128227
3099800
3090441
3134862
3134792
3097215
3208199
3106715
4075747
3127528
3171531
3093025
3120404
3152113
3133395
3128506
3159238
3118030
3197723
3152882
3152463
3100498
3101615
3150856
3118029
3142825
3131858
3135700
3139540
3125222
3109298
3207220
3132416
3131928
3138632
3098332
3122429
3225450
3120892
3134303
3104687
3106434
3185428
3199188
3083246
3081360
3097075
3133533
3207290
3097284
3113418
3138144
3081360
3134022
3108599
3257579
3118238
3159655
3128575
3098960
3141985
3136467
3109577
3115164
3135699
3084154
3108040
3187175
3149668
3175860
4272290
3124594
3150646
3132626
3149459
3142055
3116561
3112790
3120683
3091976
3175161
3154627
3129972
3130111
3177676
3108110
3121101
3160983
3122987
3090090
3150855
3309055
3185219
3194439
3282582
3141146
3135279
3283770
3206312
3181167
3108110
3162030
3128154
3221677
3178513
3197511
3193390
3875708
3147711
3171039
3267984
3290265
3132346
3202051
3237183
3270918
3206661
3143939
3143870
3185358
3099588
3155394
3148479
3146105
3222586
3271197
3264423
3114675
3065084
3277833
3122148
3166220
3140028
3202540
3327144
3115164
3106014
3364092
3235018
3097773
3127177
3228453
3143661
3142473
3131507
3115234
3226077
3141496
3198210
3157699
4147056
3133393
3177884
3145267
3143940
3220560
3118516
3128015
3228313
3140586
3171528
3284258
3215880
3269101
3246472
3155743
3194437
3083243
3138631
3054817
3095117
3102800
3130039
3113626
3212107
3207148
3190036
3107550
3249684
3119423
3174950
3089320
3165381
3077586
3154206
3130109
3134789
3175719
3150854
3375894
3152460
3246192
3159305
3128643
3136046
3159095
3266167
3134789
3119284
3120820
3178023
3150085
3174740
3109785
3103289
3172925
3204355
3066062
3132065
3172435
3183890
3137164
3149526
3118515
3280766
3230198
3183820
3159584
3092462
3102451
3136675
3162867
3088970
3193878
3212108
3123822
3161888
3134369
3092531
3131017
3113835
3162028
3240324
3224888
3160840
3096233
3137093
3139048
3110901
3134299
3116489
3193807
3096024
3153018
3143449
3111460
3144916
3112927
3136814
3144078
3118933
3234876
3107968
3155881
3102799
3129061
4031459
3220558
3121448
3114044
3110063
3168174
3151550
3114254
3128152
3266376
3104266
3150573
3130597
3134788
3254573
3108526
3225377
3160491
3148617
3125359
3160561
3167755
3122356
3132344
3171596
3111460
3229218
3238857
3174460
3137651
3180956
3219790
3216857
3302276
3140585
3221606
3281950
3127593
3218462
3057678
3068015
3234387
3137651
3211477
3124310
3147290
3190943
3168662
3080377
3138629
3141632
3231104
3141003
3151480
3100912
3195343
3159582
3114742
3121586
3139117
3109504
3256388
3203794
3150153
3135486
3137650
3167195
3182282
3222163
3130178
3248774
3224957
3115929
3131015
3188778
3146521
3168173
3131435
3092181
3128641
3161049
3207216
3126755
3176276
3161468
3185565
3124660
3333357
3112926
3134787
3153854
3138558
3123612
3115789
3107128
3059285
3149665
3143797
3160210
3274198
3132202
3150572
3126056
3232080
3128151
3131992
3143377
3125846
3117744
3127662
3167683
3146311
3152667
3408229
3138139
3215178
3199602
3186890
3231661
3356683
3192408
3148266
3146381
3136253
3173410
3109572
3170547
3114671
3111249
3109083
3065151
3145612
3115369
3103356
3130456
3196669
3152527
3106150
3122703
3106219
3136183
3102028
3154063
3147497
3113064
3114601
3107617
3147777
3115230
3221533
3187100
3171455
3234944
3246119
3112436
3153085
3166775
3197786
3235573
3128221
3048946
3155320
3231452
3098955
3145263
3142888
3128221
3165797
3194434
3068642
3142468
3891346
3128568
3124657
3263998
3124657
3132341
3156018
3138208
3096789
3157554
3187239
3147567
3094973
3126473
3114181
3147078
3147078
3162095
3123330
3242137
3165866
3117045
3200580
3096580
3112575
3210776
3161466
3180114
3163422
3103704
3086662
3155250
3180045
3169638
3199672
3184026
3165307
3121445
3130524
3107686
3153224
3151548
3062355
3189684
3094834
3104752
3114880
3141071
3142049
3089386
3060610
3167263
3191011
3262532
3095113
3062985
3158603
3137649
3131433
3143376
3138627
3161535
3182001
3170127
3206655
3153852
3116555
3126962
3186329
3134854
3246886
3151617
3247235
3118510
3162932
3136251
3241228
3197784
3131012
3215106
3128009
3240599
3139115
3104751
3106148
3176342
3140022
3125914
3167681
3139534
3145750
3178298
3140511
3106706
3125914
3143445
3130873
3114739
3222719
3148683
3097697
3146448
3189612
3110548
3180952
3219576
3101957
3127311
3104681
3087010
3164818
3251565
3112364
3138556
3136251
3110757
3198064
3123260
3131502
3128708
3176761
3116135
3123330
3105729
3201766
3111805
3126682
3153852
3242345
3157205
3128079
3094064
3185421
3126542
3101886
3268536
3277057
3142885
3126402
3123189
3113550
3086172
3186888
3208539
3091689
3082120
3224045
3176690
3146098
3168169
3119418
3115366
3125703
3235849
3228655
3147565
3136739
3148193
3099023
3125843
3113410
3115716
3229423
3182907
3102794
3132897
3155946
3055020
3128079
3093156
3055998
3153921
3129545
3099512
3165795
3247303
3111036
3176341
3129405
3063681
3295846
3183885
3103772
3179554
3139323
3171033
3164397
3205816
3122281
3161045
3142816
3174874
3143863
3104331
3212311
3161395
3160486
3137857
3132897
3192476
3123887
3147564
3141837
3169565
3249817
3117740
3097206
3133874
3150847
3140090
3164885
3204208
3121162
3155386
3125912
3162860
3164327
3214406
3149659
3129544
3170124
3155736
3280968
3194500
3124445
3105727
3375818
3100837
3190100
3170054
3124865
3137786
3254916
3197223
3157761
3210634
3125702
3119556
3177248
3123816
3189191
3176270
3140580
3147075
3068359
3064588
3145189
3128636
3090361
3151895
3308766
3188772
3184303
3146796
3108451
3118438
3206792
3094761
3195129
3153780
3084005
3121023
3092526
3154967
3145259
3136109
3219503
3108589
3162999
3237523
3161951
3112011
3125562
3122768
3150986
3094761
3123187
3150287
3071851
3077090
3114386
3212658
3124374
3110056
3352069
3172009
3103142
3114736
3121372
3098532
3209376
3213846
3187235
3120882
3127169
3122279
3097484
3106634
3120882
3115714
3142884
3195407
