1705231
1806438
1734776
1732821
1717454
1708514
1720527
1704323
1689586
1749164
1682810
1690074
1718852
1715498
1701110
1696291
1686163
1793936
1727093
1672473
1710470
1689446
1691332
1721086
1708095
1705580
1748186
1694893
1695731
1761527
1715148
1832700
1695172
1698525
1706976
1712075
1730026
1691191
1696360
1698944
1682601
1703834
1703764
1722902
1780035
1705649
1724438
1698525
1742598
1694963
1794075
1740572
1710259
1695242
1701459
1730655
1713472
1706697
1719688
1720666
1704113
1689794
1714450
1703205
1744623
1737639
1685394
1750840
1722552
1772423
1712565
1724857
1709142
1728349
1723809
1700132
1726673
1727162
1846529
1665348
1690283
1700201
1718641
1691541
1693496
1719269
1678409
1709491
1726464
1763412
1702366
1696640
1716686
1787719
1691331
1694195
1722832
1707186
1781782
1724018
1733378
1811466
1713891
1723250
1748744
1710887
1689444
1817333
1717732
1696848
1886970
1745112
1725206
1704112
1777172
1715846
1888576
1667023
1711795
1732400
1714589
1698594
1701877
1688676
1725415
1705579
1717592
1712563
1731562
1709979
1706557
1700899
2033857
1708582
1684485
1737219
1726673
1697197
1716964
1685044
1728978
1689653
1841220
1719687
1700550
1799103
1680644
1705369
1721015
1711656
1701528
1690073
1731632
1713123
1704112
1664160
1689863
1710538
1712493
1688676
1739733
1695800
1691121
1712284
1702784
1725765
1794424
1721434
1707814
1805668
1697546
1705020
1698455
1695800
1722621
1714728
1722760
1730443
1693844
1737707
1703203
1710746
1758592
1720385
1699781
1729047
1736729
1690980
1664788
1715357
1704181
1759919
1699152
1684135
1705298
1778987
1745460
1708791
1704879
1702435
1743086
1702644
1844013
1786251
1707394
1793235
1742317
1706206
1656197
1789114
1681481
1678408
1707114
1759499
1697825
1736730
1693495
1763410
1703832
1814189
1694892
1709629
1718150
1702156
1702644
1842966
1684205
1689024
1695171
1752026
1735752
1846458
1798264
1753842
1726672
1726043
1716335
1698244
1751467
1727370
1697336
1693355
1764389
1735262
1690422
1713541
1684135
1708582
1728137
1740919
1679245
1716823
1745949
1716334
1747624
1755028
1726880
1694402
1687906
1710327
1786040
1722969
1694960
1730093
1696358
1706975
1712771
1692796
1700130
1728696
1824526
1713750
1717311
1691538
1680642
1690561
1708930
1733376
1705996
1727020
1699361
1709489
1706765
1694890
1790161
1712003
1755726
1737008
1704320
1706905
1708581
1691328
1686929
1819706
1708092
1692516
1694891
1788624
1713121
1713609
1699501
1698104
1730443
1775912
1709209
1685392
1716054
1731560
1718778
1707603
1693633
1699291
1732258
1710257
1699012
1747904
1751816
1708581
1723947
1695240
1708021
1779265
1726810
1721291
1752862
1714238
1713329
1689861
1731210
1699081
1702084
1713469
1701385
1694401
1712002
1742804
1697823
1709068
1709279
1698452
1712631
1749021
1698453
1844850
1774026
1689512
1693912
1706136
1748602
1701735
1707742
1691537
1705716
1737496
1741967
1676171
1716403
1712492
1680641
1742036
1732118
1706066
1699010
1736798
1669257
1717730
1765714
1709907
1692795
1686369
1715215
1698801
1746017
1713189
2073177
1721082
1709348
1698313
1733096
1733655
1712771
1719755
1711303
1697683
1705786
1758590
1714727
1731629
1790998
1701106
1719825
1679803
1715424
1704319
1717730
1713469
1714376
1675472
1716193
1717170
1856653
1768647
1710046
1694191
1688114
1836957
1717240
1716123
1684203
1820892
1747693
1686996
1665833
1713887
1712281
1711862
1702503
1727228
1687485
1794001
1729742
1684901
1697124
1717729
1694889
1769276
1750487
1721431
1695029
1704318
1705786
1749090
1734283
1710535
1704249
1735330
1697264
1782686
1716472
1688952
1720942
1761452
1693701
1706763
1712769
1684622
1748531
1689371
1735191
1703061
1692934
1707182
1714586
1676799
1702363
1703341
1713469
1744830
1742524
1765085
1670233
1752861
1683504
1689860
1744969
1729254
1705366
1763269
2169355
1697125
1697054
1732606
1686437
1716750
1705645
1713886
1722548
1825711
1711442
1693981
1740847
1746644
1713956
1789669
1723805
1739101
1799169
1784571
1740149
1721710
1812719
1773884
1702851
1791276
1713328
1747762
1723107
1704807
1714236
1686926
1694819
1664366
1725901
1753559
1692443
1687275
1825850
1702362
1713188
1685459
1703060
1766830
1702851
1741057
1734910
1735190
1726878
1743432
1684411
1754188
1698311
1741406
1734980
1731838
1674633
1696565
1737564
1739311
1706064
1711721
1724154
1694679
1710883
1720103
1722408
1724364
1792044
1721151
1674144
1796864
1713397
1688533
1731069
1697473
1756352
1695377
1706761
1700057
1835279
1695167
1796583
1739869
1732884
1745247
1687763
1692234
1686087
1761242
1692094
1676449
1725970
1701943
1724712
1770043
1689719
1713327
1665622
1708508
1725690
1695935
1705016
1716400
1666041
1717867
1729811
1701453
1728973
1699427
1737215
1720103
1741964
1718286
1715771
1742802
1709207
1726738
1740498
1706971
1688252
1708648
1721220
1806781
1738402
1717798
1699009
1694049
1738891
1711651
1716819
1698520
1694119
1742313
1786735
1694190
1701314
1728413
1687554
1694678
1719264
1717727
1693211
1684760
1732535
1833952
1739659
1680080
1740357
1669394
1701452
1702640
1796793
1715911
1693420
1783032
1691604
1749577
1687623
1689509
1706551
1785547
1728553
1680918
1748669
1797980
1699497
1747341
1717099
1753418
1723873
1694957
1722965
1740007
1689090
1744199
1695097
1694049
1762009
1718495
1793929
1706831
1824382
1797840
1694887
1699986
1750554
1692722
1718495
1721778
1710812
1695376
1704736
1731696
1703828
1721988
1743850
1669743
1750903
1732883
1728273
1698659
1889129
1734769
1726457
1697681
1742313
1707809
1802870
1727924
1748459
1708088
1701173
1732464
1704036
1715072
1713467
1736446
1717796
1678403
1716330
1662827
1784499
1789319
1689159
1701662
1712697
1737702
1723384
1718075
1699566
1720660
1738051
1708297
1707319
1815440
1732952
1713605
1698169
1741543
1722965
1706132
1714513
1731765
1740985
1707738
1778841
1763475
1715490
1693838
1709973
1715282
1697471
1707039
1722755
1893668
1705083
1699287
1737493
1783800
1715072
1712697
1696842
1718914
1700264
1710881
1693419
1710113
1772764
1726875
1689368
2559442
1689438
1709694
1717167
1707040
1841633
1668136
1682803
1713256
1706062
1716608
1711789
1697960
1724641
1714933
1711160
1730857
1768714
1708017
1689858
1689368
1755233
1795116
1696842
1673653
1710532
1714583
1717726
1727224
1733650
1713674
1723523
1711858
1688390
1701940
1702848
1720240
1688390
1713744
1726386
1834578
1713534
1718215
1731066
1682803
1710392
1714303
1673792
1752788
1706201
1699006
1720868
1749854
1702429
1738469
1692930
1731135
1715350
1691113
1731485
1808386
1717446
1663385
1740285
1700334
1697889
1688111
1735536
1722265
1707179
1728691
1744127
1707109
1712347
1733161
1734907
1694886
1717236
1725758
1689927
1745734
1708645
1810691
1691882
1789107
1678123
1736584
1796512
1666248
1708715
1768504
1715350
1724570
1689578
1717166
1724291
1701381
1699496
1719890
1703407
1737422
1732952
2396210
1725198
1786872
1732881
1709343
1689436
1694396
1838907
1712905
1704943
1845752
1718004
1710391
1764871
1725617
1732881
1700752
1700473
1809851
1754114
1730995
1694676
1756629
1719122
1712276
1743916
1715839
1694676
1720659
1695094
1707807
1760750
1712836
1688110
1697120
1714093
1789665
1716258
1714302
1691463
1762426
1795603
1703825
1691392
1836533
1703825
1725408
1682872
1718214
1709064
1717864
1716118
1681684
1719540
1763473
1723871
1707597
1710320
1707876
1714652
1766897
1739866
1729808
1695862
1749435
1756909
1713953
1830246
1870618
1697748
1696352
1701520
1710461
1732951
1734557
1704454
1697049
1709133
1771575
1701450
1869220
1705710
1730994
1741332
1695443
1690623
1676235
1675188
1723242
1803704
1698865
1785125
1790643
1710670
1713952
1701659
1748246
1686852
1710879
1728759
1738188
1694605
1701310
1776744
1694396
1730925
1693766
1721426
1699424
1710041
1742659
1701240
1749783
1708365
1730436
1736861
1708434
1728061
1899114
1733718
1717584
1697678
1746081
1692859
1696840
1696421
1702846
1799653
1755370
1740215
1877881
1724429
1744894
1715698
1705990
1700472
1730575
1707736
1706129
1701869
1729946
1702777
1720867
1791062
1717793
1702217
1704034
1700961
1781493
1724219
1694394
1750061
1711577
1736162
1720866
1691810
1714440
1723241
1774787
