51054
56222
49238
50984
50216
53429
42394
53079
51962
44350
55803
44000
44349
54337
55244
48051
49866
41835
44349
40089
47143
48400
50635
54476
54476
55035
72495
54337
50565
48470
48330
50006
42533
49657
48121
50285
48610
45886
47492
44489
71866
43022
54685
54895
46794
71797
54476
44978
50915
49587
46584
52521
45816
47562
54406
41904
48400
56292
46654
50705
54895
54266
53289
50007
51404
54476
51123
49517
57689
50635
52311
48609
58667
58527
47492
45955
49867
47911
50775
47702
49308
43371
47771
48610
47771
57480
56641
45187
52521
56222
55733
50565
53079
49448
58248
52939
45746
56921
47283
53009
