13968
11942
11314
11523
14806
11314
13480
15156
14178
13200
14737
11804
14248
12013
15784
14737
13410
13479
12501
10406
11524
13829
12432
12781
13758
13689
14597
14178
14108
12152
15155
15295
15226
13340
14108
13828
15155
13410
13828
15854
15365
14457
15505
12501
13270
12781
12362
13759
11943
12292
13689
14318
11454
14247
10965
13479
13269
15296
12991
14736
12711
10965
12431
12431
13270
14807
12920
13269
11454
12571
13270
15714
12990
12991
12990
13410
13409
14177
16273
16343
12781
14527
12013
14458
12152
15994
11384
12921
12432
14807
15645
14737
12851
11943
13061
13829
13340
15086
13130
14737
