29054
44210
41485
32965
60133
44489
38971
36387
34921
36317
35270
38622
25772
37155
29123
34851
34781
34991
33314
35270
37575
31987
35688
32756
36666
47771
34571
34292
34781
35479
30032
27936
34083
37155
37994
37156
33873
40438
34292
38133
32895
34781
36318
34781
33384
37155
35270
38623
37225
37156
36248
35200
35270
38972
34292
34362
37714
35200
51054
30521
31009
35688
34292
34083
33942
38553
31498
39669
32896
33803
30032
35828
36178
32406
29822
38203
36178
46374
35829
38482
36736
34641
37156
32965
35759
35270
39461
37226
53429
31009
59155
34851
36736
39111
32406
40089
40508
35829
37226
34781
