7893
8031
5657
7962
8730
8520
8940
7612
8661
27238
8172
8171
7543
7962
8102
7683
8520
8031
7612
6634
7264
8171
8171
7682
8660
8451
7264
8241
5308
8101
7682
7962
7054
10057
8032
8102
8939
7682
7612
8520
5727
8311
7682
5796
5657
5727
7193
5657
7193
7962
7682
8660
8730
8939
6146
8660
8032
8102
7613
7683
9499
7543
8730
8520
8032
7612
7613
9079
9079
7683
4749
7683
7682
8661
7194
7474
7264
7753
8032
8451
8521
8451
8241
7124
7962
7543
7892
8940
9708
7543
8171
8171
7194
8242
7752
8590
7264
7263
8032
6635
