26959
23885
23955
23816
24235
24305
19625
22489
26889
22559
20044
22978
20393
22558
23466
22489
23257
25283
23885
38413
24305
21720
24095
19905
21023
20394
26121
18159
24234
21092
27168
25283
32476
29123
23327
24654
21930
16761
25213
26051
22908
24444
23466
21511
22349
24374
23396
22000
24025
22419
21790
23396
22839
21791
25213
21791
23816
25143
21162
19625
18718
20743
19625
19904
20603
20533
21721
23956
23746
22280
24793
23397
24794
24724
23676
24724
23886
18298
22000
22140
21302
23886
23956
18578
24165
21442
20952
20534
24584
23117
24235
45885
23118
21301
20533
26749
24793
22419
23816
22489
