87651
94425
81365
96172
108393
99244
92540
124876
103156
88629
96381
112584
85346
90095
84019
98266
88419
91283
91143
88280
77943
98756
96870
97358
91981
93937
78502
91073
96870
94914
96870
94704
98826
92470
82203
82343
75707
85416
96381
111956
80667
77733
194158
97220
84508
89606
82413
90235
78781
90515
94006
103644
86952
100083
89606
73892
88210
88768
86045
91492
95054
85835
151625
88280
90864
90654
100012
92889
78152
87512
85346
82483
95124
85067
86603
96731
94914
92470
87791
99175
116286
93447
89188
101479
111117
82133
97359
95334
110349
96520
97219
185429
95403
91981
99454
88698
100921
95823
112585
89397
