149740
143175
147644
147365
147854
160216
151207
151695
155397
155955
156235
160565
147225
142965
141499
140660
143524
165105
130743
149181
153581
132000
150299
148692
132489
145968
150578
140101
142756
200793
170971
161194
151625
128648
147435
145270
146527
167479
142057
161752
159867
136469
153860
146806
153860
145689
145829
144991
151905
133885
171810
146946
146248
167061
137377
146877
144431
148483
145689
142406
162102
155816
143524
147365
137657
169575
130044
146876
191296
164476
146317
156235
128019
141778
162590
140242
140101
156724
147086
154000
156933
139612
147435
158540
165105
150717
131581
159587
163847
162311
138426
133188
139962
139264
145479
150020
150438
146038
139403
161752
