63276
60482
68165
70051
62089
63904
76197
59156
67187
68095
66839
65162
64604
75428
62438
69562
65581
66629
74730
64185
76476
52940
62927
61042
76965
64115
70540
106368
62858
62368
62997
67536
70260
61460
69003
78153
74241
78013
78501
81085
75219
69003
61950
62997
73053
71517
68095
69073
70121
61530
67676
72984
68723
73543
70679
65860
69143
102178
78012
68515
73892
72635
72146
68235
62508
69212
67188
70959
75359
66279
69073
68724
60552
71099
61041
67537
69492
72146
72984
72076
68584
77663
72426
53847
63486
74521
72495
68794
91352
71517
65371
65790
70051
79060
63486
74451
73543
68095
71448
63904
