123060
115238
133397
127809
136400
144153
109372
120337
130603
124457
111397
109162
124946
111257
118241
116566
98197
139124
128088
148832
127460
108045
120266
110978
141009
117962
124946
116845
115866
148902
118171
121105
99174
112864
137447
127251
124457
121734
111956
133397
127390
109023
121594
128298
129276
115447
101619
116426
119289
125295
127391
119638
130254
119219
121664
127810
115378
116844
119359
118311
129555
119149
124876
117263
112444
113562
124667
136680
102457
140312
116984
116356
136121
115308
98266
115797
117753
133118
125156
107136
132140
126412
113981
102038
116775
127391
114540
123549
111187
110699
122571
127251
134724
98825
117334
117263
113213
114330
112305
128718
