160635
183473
171530
190807
189899
188292
178374
183962
175512
183822
194648
192273
180819
181378
182356
160774
202749
174603
196743
179213
189340
166362
154629
166991
172927
171670
192483
174114
186825
153581
181099
166572
162032
176698
158121
161892
197301
173207
181657
161054
184521
182704
178374
169854
187734
190108
169435
177607
177816
180679
174743
181587
187593
172159
202750
182565
185568
167200
160216
181028
177886
185149
187035
162730
184101
196533
170902
187384
154698
162660
193460
176000
207359
172927
180120
157771
154069
174953
178933
182845
220349
172927
159169
175092
183753
177607
168248
206590
176699
161124
178933
162730
162242
200724
175372
141499
180330
173626
169993
188362
