76475
71447
71586
70469
70120
76825
72075
66208
80177
82412
71167
71376
73821
81085
75567
76406
70539
80317
79618
74380
72494
72145
75149
80456
82342
81085
68094
74520
69561
71517
74031
70608
67605
75637
67885
68863
69421
71865
74380
67815
70120
73611
72634
74519
73332
72424
70958
69561
75637
70679
66627
71935
66767
76126
83040
95821
74310
79199
69072
67675
78571
77733
75986
77383
74869
82342
77383
80945
72145
76685
74799
69491
73961
79059
73332
72355
70050
76894
68793
67187
72006
69630
78780
76196
69701
70190
69701
82970
70958
76824
75986
73053
72634
67326
78779
72634
73752
69212
69351
68723
