67326
69142
63275
61389
74240
64323
63903
60202
66767
79269
61040
67675
64393
61529
61460
66558
63415
62367
60063
69561
67536
92469
62927
63904
63485
63904
62019
64882
63066
68932
62297
62019
66348
67256
65999
68304
62297
62717
73402
62018
62437
62018
59644
62507
67047
68793
70609
61949
73332
60062
71936
62438
67676
62996
67327
63974
68862
60971
61530
62018
57200
62438
60482
73891
60412
61250
60133
60132
60272
64463
59225
59643
63485
70190
64532
57479
60132
63275
68094
63415
59015
64602
67675
61949
66000
88139
104411
76755
73542
62437
65859
59574
68653
65371
65930
75288
63904
64532
77104
76336
