9428
9428
10127
9568
9498
9987
8591
8661
8939
9638
9848
8241
10546
9987
11454
11943
10685
10615
11943
11034
10755
11594
11314
10197
11035
10965
10615
11454
11524
12222
10965
12082
13689
10546
11524
11523
10895
9918
13410
11524
11873
10406
9987
12153
11104
12431
11454
11873
12641
11384
10895
10476
10057
11873
11453
9499
11244
10196
10895
10965
11872
10825
12292
11803
10825
10825
12012
11873
9080
11873
11873
11035
11034
11873
11942
11733
11873
12501
11803
11105
10685
8451
11523
12082
10406
12223
11803
12780
10057
11873
10546
10895
10895
11873
10825
11943
11594
11873
11104
11524
