21022
22489
22908
22209
21511
22768
23396
24165
22768
22838
24025
20603
22419
22838
24375
25073
23257
23327
19136
22908
23257
22419
22838
22768
22977
23886
22977
24654
23327
23257
22139
24654
23816
22908
24374
21791
25771
23955
21580
22978
21441
22349
22000
26121
29613
22419
22069
22489
20324
21441
23187
23956
22489
27727
21022
25632
21022
27238
20952
23746
23537
21790
24234
22418
22838
23885
22629
23746
23676
22908
23467
22489
22349
23815
23326
23745
26539
21860
20882
23467
28635
19136
20393
20882
22069
26330
40089
23048
23187
22349
22838
23955
24793
22349
22279
19207
21092
20463
22000
21231
