41834
42114
42114
42323
42323
46164
48120
58177
53568
42533
46165
43092
45047
41695
52869
43999
43650
50634
47701
56221
40996
43371
44209
48958
43371
42812
39739
42533
43510
43929
48748
42323
44000
43929
43022
42323
50075
45815
43790
40158
42813
41974
44209
42393
42393
41067
43930
40996
45256
42882
40927
43301
46374
46723
45746
43859
50145
45187
41555
45606
47282
40857
46723
39529
44209
40368
48609
44628
38482
42463
45746
43999
49028
43790
45676
42324
43790
41974
45676
43231
43091
43720
44278
47631
48469
38552
47352
42603
38063
43999
49517
41974
47841
42533
46793
40647
52590
43022
46374
44488
