20393
15295
18647
16692
17669
19904
16133
14806
13898
14667
14597
18228
15854
15365
16692
18718
15225
17949
16901
16482
18158
17600
16692
15854
16273
17321
16552
18717
17530
16273
16622
19974
17669
17041
16762
18508
16622
16831
17670
15784
17530
18437
17739
18577
16832
17809
17111
17250
16063
16412
18019
16413
16971
17809
17530
16762
17809
17670
17111
18159
15365
17111
20114
13898
16273
16482
14806
18577
16692
16622
17669
16273
15295
18577
17111
16203
18088
18788
18997
15714
16413
18298
16691
15714
17670
17530
17460
18019
15924
17600
16412
18228
16273
16762
14876
17250
17460
17181
18508
17321
