65790
57758
64742
63415
55872
54895
55313
60273
49517
51822
56292
53148
48259
53358
64882
49587
55803
60621
64323
51892
55314
61040
86533
60621
59643
57339
51612
59993
57199
57199
58666
52380
53358
56152
55942
53288
53009
76126
56781
54825
66279
53847
62787
58247
54894
52381
59085
52031
52380
52310
66628
54405
53428
58177
52939
54335
61949
56850
59085
61948
64742
59714
56710
63415
58736
54965
53707
57409
51961
65790
60622
56292
55383
56291
54964
59015
52660
59365
57688
55663
59643
71028
53847
60551
56152
57758
55034
62926
59574
57688
57269
61040
59155
56780
60482
56711
61041
53428
57688
71167
