39460
50704
43790
33803
34082
34780
43021
31987
41066
32406
32476
33593
52939
33384
33384
35269
36457
37574
32336
39390
36177
35339
36317
57618
34851
33453
40088
35828
39251
47142
56362
37364
35758
32476
33314
33384
34292
33454
34781
31918
39948
32476
31288
34432
45885
39460
37644
36736
36597
35479
33454
40437
35060
37993
45955
51053
36875
40089
35759
32895
36666
37784
34082
34780
43860
33803
34362
34291
33873
34152
34292
37644
31218
33384
37574
35270
36666
33733
38203
34361
38622
34780
51193
37644
35270
37644
32406
37574
44628
45257
39949
38692
35688
36317
36108
34781
40577
32336
43371
38901
