24794
31218
28634
28006
27448
28286
45885
28076
27866
27098
27657
30520
31009
29123
36247
27657
30521
29961
25213
28146
29542
28076
28635
27727
28984
38203
29123
27866
30241
30101
31987
30032
30031
27587
40438
30939
29053
31079
30939
30730
29053
28634
40926
31917
106228
39251
27238
29054
31428
27866
29124
36247
30520
29682
25702
34082
26260
30590
30521
27587
32476
29542
34850
29124
31498
29822
28565
30521
33174
38482
38551
46862
33942
30730
29613
34781
29333
32197
34362
29543
28495
37784
46514
35269
31708
24863
29054
28075
26260
26190
29612
32895
26679
60831
29053
26190
28146
28844
26748
30032
