50425
50145
52380
70469
52799
49167
49377
50565
45885
81573
47142
52031
53288
49098
47073
49168
54405
50634
51402
47562
56221
53777
52380
62437
46653
48749
52730
46374
73961
47282
51961
63904
47562
49028
45606
52310
117681
47980
50914
54335
49587
45257
51123
46164
48400
42603
47282
48469
46514
53847
46723
50704
52380
49936
58177
49098
49936
48678
50425
49935
52171
44348
47561
46583
45745
47911
49097
53498
51892
48120
54825
50634
48958
51123
50913
49097
49726
52031
50564
66349
50495
52380
49586
47142
51891
53427
52031
50635
70958
51682
48189
51403
52380
49308
49656
47282
47980
50215
48679
52799
