68365
68086
67736
68575
68085
70460
67806
68296
68156
70461
68156
68714
68365
67527
68225
69203
68784
68994
68645
70879
82751
68296
67527
68715
68156
68156
68156
69203
68715
68156
69063
68295
68156
68714
68226
70042
69063
68086
68854
68575
69762
67877
69553
67806
67807
68155
68504
68156
68155
68644
67806
67737
68226
69762
68086
67667
68785
69413
68504
69064
76047
69971
119133
68365
68505
68226
68156
68505
68785
69483
68225
68645
69483
68785
70461
68784
68644
68645
68225
71438
68156
83449
68435
68645
69553
68435
68016
68714
68645
89734
68714
68155
67946
68156
68156
68994
68296
67597
67807
68575
67946
68715
69064
68156
68296
68645
90711
68784
68295
68645
67807
68156
68295
67318
68435
67667
67806
68645
68295
67667
68575
68295
83309
78141
71996
69133
69413
67806
67527
69133
69133
68086
67737
68016
68086
68645
68156
70041
83030
68295
174789
68226
68155
68715
69063
67736
73463
68156
67946
68924
68295
68784
68644
68854
68715
68644
69133
68715
68156
68226
68714
68296
68575
68854
68296
71647
91620
105865
85754
67457
68644
68226
68994
68715
68435
68295
68575
68714
68016
68226
67597
68016
71787
67737
67737
68505
68225
70949
67876
69063
68225
68295
67947
68016
120181
68295
68156
68435
68994
68645
68295
68645
68645
69692
67667
67807
68715
68295
68296
68645
72835
68016
68296
68994
68435
69133
69203
70111
69063
69273
69204
69204
68505
77723
69134
68505
68575
68225
68575
68505
68016
68296
67667
68086
68575
87779
68575
70391
68365
68505
68156
68156
67806
68086
67807
67736
67737
66200
67667
67667
68645
68016
76466
68645
72415
69553
70669
69064
67667
78351
68784
68226
67877
68644
69623
73812
68296
67806
68086
68086
68226
68156
68226
68226
68714
69553
69064
68575
68226
68156
68645
68225
70530
68296
69273
68156
77583
68086
67528
68575
68854
68226
68715
69692
68156
68645
67946
67737
68156
67807
72765
70879
96857
68714
68156
68226
68715
68366
68715
70530
68226
68575
67946
69204
70111
68016
68645
67667
68505
83379
68505
67667
68644
68225
68436
68436
68086
69204
121926
68016
68435
68156
67947
69134
68225
68644
70669
68366
69064
68156
69064
68505
68226
68994
68645
68575
68156
68225
68575
123253
68575
68785
68435
68086
68226
71089
67807
68715
67737
69622
67737
67737
68644
70042
67807
70041
67946
68086
68017
67807
89734
68715
68784
69762
67807
68575
68645
68156
68086
76815
68575
68156
68296
68156
69622
67667
69064
73393
68645
68296
68645
68366
68714
68366
68575
68156
68575
68225
67737
68086
67876
68435
70041
67667
67946
68505
67947
67737
68017
67597
68156
68645
69832
68086
69693
67807
69413
68086
68295
68016
68575
67667
67667
68086
67807
67807
68226
67178
67737
140362
68575
70600
68714
68505
68226
68086
67737
67737
68505
68645
85893
68017
68156
68365
68575
68715
69552
69553
68854
68156
68226
68435
79189
67667
68086
67667
68226
67318
68225
68645
69134
69064
68785
69064
68645
81075
68296
68644
67947
68714
68715
67598
113686
68715
68226
96228
68226
68575
69204
67876
68924
67876
68017
68156
68156
68645
115433
67737
70461
70041
68086
68086
69133
70391
67737
65852
68226
67737
67877
68017
71927
75000
67667
68296
68296
70111
68156
68296
73324
67597
68296
68156
68645
73813
68225
68156
68296
71089
68296
68994
68156
68226
68366
84707
68086
72066
68644
68575
67876
67667
68086
68785
68645
68435
67597
67667
67737
67667
67877
68226
69692
69901
68086
68295
68296
69204
68785
67528
68226
68156
68295
67667
69413
68854
70111
68087
69553
68645
68715
67667
68296
69552
67737
68365
68575
67737
67737
67806
67667
68086
68156
67667
68505
68156
84776
70111
68087
68645
68994
68016
67737
68086
67668
67737
68156
68156
68086
68575
68156
68645
67667
68156
68575
69064
69064
70530
67667
68226
68645
68365
68645
68785
68226
69203
68295
68296
69623
69064
68575
68225
68505
70041
68645
93924
68505
69204
68156
68156
69483
67876
68505
73254
67877
68156
69133
68086
70950
67946
68575
68226
67737
71438
68086
68505
68156
67668
183030
67667
67807
69064
68715
67947
68365
67877
69971
68156
68226
67807
67877
67667
68226
68086
68785
68715
67667
68156
68156
68505
69553
69133
68156
68226
69553
68156
67947
68086
68156
68156
68086
69064
84776
67737
68087
67527
67528
68505
68295
68156
68296
67807
68645
67737
68575
67388
68295
69972
68156
67807
67667
68226
68225
67039
67667
67667
68156
67667
68296
68296
68226
67597
67388
69762
67807
67667
68156
70600
68645
68645
67737
68156
68505
71020
68575
68087
68226
68156
67877
67946
68156
68784
68017
68575
92108
70041
70181
68087
68156
68225
68715
68156
68156
68295
70670
68645
68575
68295
68226
68086
67737
67738
68366
68715
67947
68226
68575
68156
71158
68575
68715
68226
68086
68575
68784
68575
69064
68156
68435
68785
68714
68715
68994
69134
68785
68714
68156
68575
68785
70391
68296
68576
70530
68086
68296
68157
156005
68994
71857
68156
68575
68785
68226
68715
68644
69204
70042
68784
68645
67807
67597
68296
68366
68017
69064
68575
68156
67947
68785
68156
68226
67807
67807
68645
69274
68994
68226
68296
67806
68016
69553
71159
68645
68016
68156
68645
68086
68645
68086
67877
71858
67667
68854
68226
68435
68575
68156
69134
68575
68366
68645
68017
67668
65991
68226
68226
70810
67807
68157
67947
68436
69064
68715
68645
68226
70600
68645
68925
66830
69134
68645
68645
68017
68295
69692
68296
70112
68714
66271
68087
69134
68156
71578
84986
88617
68645
68156
69134
68576
68645
85475
68435
68226
68715
68156
163128
68575
68226
67667
69204
68086
68087
68645
68086
68086
68226
69902
68436
68226
68296
69064
68156
68156
84008
68925
69274
69553
66271
69204
68645
68784
68505
68715
68156
68645
69972
68576
68645
68645
68296
69134
68226
68505
68296
68226
69343
68576
68645
71997
69134
72067
75628
95809
68366
69133
68296
68924
69064
67318
69972
68645
67737
68366
69274
68575
88198
67947
68575
67737
68156
69413
67667
71577
66480
68995
68295
68785
68366
68157
68715
69692
71787
68017
68226
67737
68854
67667
68854
68086
68226
77444
68715
67667
68156
68226
68645
67807
76047
68715
68366
68506
68156
68017
68715
69134
67668
67808
68296
68436
68715
69204
68645
67807
68156
71089
91061
85614
81425
138058
77304
100069
68715
137988
76048
79050
75279
86313
76885
73114
77863
80935
107751
