18714
18295
18016
18156
17736
18225
18295
18086
18016
18086
17876
17736
19133
18295
17806
18504
18993
18085
18994
18365
18155
18086
18225
18016
19901
19133
18645
18226
18365
18714
19691
18086
18086
18504
18225
18155
18156
17736
18086
17876
18155
18085
18574
17736
18155
17945
18644
20111
18434
17667
18225
17946
18225
18225
17946
17877
18574
18644
20041
18574
17946
17945
18295
18225
18435
18155
18225
18435
18156
18016
18016
17038
18086
18434
18993
18994
18365
19202
18296
17946
19063
18504
18714
18644
19063
23043
18016
17527
18086
18225
18504
18225
17597
18155
18435
18505
17946
18365
18365
18016
18225
17596
17876
18086
18644
17736
17667
18016
18574
18226
18924
18016
18155
18505
18225
18016
17596
18086
18015
18295
17736
18015
18085
18086
19552
18085
17317
18854
18225
18225
17736
18015
18155
17876
17178
18993
17876
18225
18016
17597
18155
18016
17737
18016
17737
18156
17737
18085
18085
17737
18086
18086
18155
17877
18015
20250
18435
18993
18295
18085
18156
18015
17596
17737
17597
18085
17946
18155
17807
18575
18155
18156
20390
18225
18505
18155
22345
18086
17178
18853
18016
18015
18784
17737
18155
18295
18993
18016
17038
18016
17876
17807
18155
20599
18086
17807
18225
20111
17946
18225
17736
18155
17946
17876
18086
18575
18295
17946
18645
18086
17876
18155
18155
18155
17597
18225
18644
17596
18016
18155
18016
18156
18365
18225
17806
17597
17946
18086
16968
18645
18155
18226
17946
17736
17667
18644
18225
18155
19133
18504
18016
18434
18016
18365
20041
18225
18155
18225
18784
18434
18015
18086
18225
17737
18155
17876
17876
18085
18644
20530
18085
18226
18644
18016
17527
19203
18085
18225
18156
18505
18156
18155
18225
18225
18085
17876
18155
18015
18505
18226
18225
18434
18015
18016
18085
18225
18435
18714
18784
18226
18155
18086
18504
17946
18365
18225
18504
18714
18225
18016
18015
19063
18365
18085
20600
17946
18016
18574
18365
18155
18016
17597
19133
18155
18016
17737
18015
17946
18225
17946
17457
18365
17597
19133
18644
18086
18016
17876
18783
17596
17876
18016
18156
18155
18225
17807
19063
18364
18155
19063
18155
18225
18226
17876
18016
17736
18226
18574
18225
35962
19133
18435
18226
17736
18295
17807
18086
18225
18504
18295
18155
17876
18226
18086
18086
18156
18924
18085
19413
18156
18016
18575
19971
18086
18085
17806
18016
18574
18993
18015
18225
17458
18225
18225
18226
18435
18784
18226
18365
18016
18365
18155
18435
18155
18016
18225
18784
20041
18225
18644
18155
18225
18085
18085
35054
18155
17736
18575
17597
18574
18156
18225
18155
18993
19482
18016
18016
17597
18225
17736
18225
18015
20460
18155
17946
18295
17527
18156
17807
17737
18645
18365
18575
18714
18086
18993
18016
19063
18435
18086
18574
18016
17876
18156
17946
18225
18504
18226
18226
18155
18155
18016
18016
17876
18016
17946
17736
17946
18016
18574
18016
18924
18085
18226
18016
18016
18225
18365
19063
18295
18086
18226
18225
17806
18086
17807
18156
17946
17667
18924
18295
20041
18086
18016
19412
18156
18225
19063
18085
18155
19063
18505
17667
18016
20111
19483
19762
17597
18575
18226
18225
18225
18085
18575
18015
18295
18155
17806
18156
18016
18016
18085
18644
18155
18016
18435
17736
18225
18226
18435
17666
17597
18434
18226
17108
18226
20739
18435
18435
17946
18574
18225
17527
18016
18086
18156
18225
18086
18574
17039
17807
17737
18714
18085
18155
18226
19971
18155
18225
17736
20600
18574
18086
18156
18574
18225
18156
18226
18435
17736
18156
18155
17946
18086
18155
17666
17457
18225
18435
18574
17596
18365
19063
18016
18923
18016
20110
18085
17737
18505
18016
18016
18574
18156
17666
18645
18016
18015
18156
18295
17946
18225
18574
17876
18226
18156
17737
18574
18435
18435
17946
18016
18435
17737
18155
18015
17807
18156
17806
17667
18365
18085
17457
20390
17807
17667
18016
18225
17667
18714
18016
18225
18226
18225
18225
18435
18225
18086
18505
18365
18435
18016
18295
17666
18016
18016
17807
18993
17736
17736
17946
18226
17736
17667
22485
18296
18505
18086
17667
17806
17806
18086
18086
18086
18086
19691
18505
17737
18086
17736
18225
18644
18016
18155
19063
18086
18714
18015
18225
22834
18225
18086
18016
18295
18016
18296
18226
17946
18086
17946
18156
18365
17737
18016
18993
18155
18225
17946
17597
18295
17876
18435
18644
18016
18016
18015
18155
18155
18086
21856
18016
17806
19064
18644
18086
18226
18296
17666
18155
17946
18086
18085
17877
19622
18575
18505
18365
18085
18226
17876
17108
18016
18016
18015
18016
17807
18574
18016
18225
18435
36660
18085
17877
17736
18085
18016
18085
18086
17737
18155
18225
18295
18156
18156
18086
17527
18086
21368
19971
19064
19482
19412
19133
18155
17666
18085
18086
18575
18016
18225
20390
19063
17876
18086
18016
18155
18015
17596
18086
19412
18086
17946
18085
17667
18225
18155
17667
17248
17947
23812
18295
17667
17666
18016
18225
17876
18295
20110
17946
18226
18575
18016
18156
18365
17946
18365
18365
18016
18155
17527
18016
18086
18645
18086
19063
33379
18085
17178
17876
18435
18434
17596
17737
17597
18016
18086
18155
18644
18296
18504
18156
18575
18714
18644
18226
18226
18226
18295
19482
18016
18994
18226
18225
18155
18365
18085
18574
18714
19133
20110
19901
17736
18645
19482
18225
18225
17946
18156
18225
18155
18295
20181
17736
18226
18575
18574
18085
18086
19063
17667
18505
18225
18085
30515
18016
18086
17876
18574
18016
18226
17597
17597
18505
17736
18993
17736
18016
18016
18226
18225
18086
17807
18086
18295
17666
18085
18016
18295
18505
18156
18155
18086
18784
18226
18714
18225
17667
18016
18016
17737
18155
18435
18225
18085
17737
17877
18435
18156
18574
18086
18574
18784
18505
18644
18156
18016
18295
18225
18156
18085
18015
17737
17667
18504
17527
18505
18435
18016
20809
18225
18295
18016
18156
18156
17946
18086
18016
17178
18156
17806
18086
18086
18156
18435
18086
17109
18504
18505
29538
18225
18016
17736
18016
18086
18225
19622
18016
18016
18923
18086
18086
21438
18505
18226
18575
18434
18574
18574
18156
31423
18435
17806
18156
27722
18226
18086
18016
18226
18155
18086
28002
23393
18505
21577
17736
18225
18225
19412
18016
18574
18575
18574
18156
17667
18505
18435
17667
17946
18016
18505
