36242
37359
38127
37080
37150
37150
37499
36731
38127
37359
37150
37289
36381
37219
37150
37080
40012
36381
37079
37220
37149
36731
36940
36871
37149
38547
36800
37359
40781
37149
37149
37149
42317
37149
37778
37080
37429
36730
37220
38615
36591
37219
37150
37219
37568
38197
37009
36800
37289
37220
37289
52442
37149
36730
36661
36661
37149
37149
37289
37150
37149
40361
37988
37638
37150
37638
37638
37219
36730
37638
37079
36731
36731
36731
37219
37220
36661
37150
36521
37568
36800
38825
60543
37010
37149
36661
37080
37149
38965
38057
37498
37150
37010
37708
37079
38267
36730
36591
58029
36731
36730
38197
37149
36940
37149
37359
37359
37080
37638
37149
40361
37149
37569
36661
37220
37359
38616
37149
36801
37080
37220
36661
37149
37010
37149
38197
37219
37429
37149
37149
37219
37568
37150
36940
37289
36870
37080
37708
36870
76324
50906
37289
37219
37778
37150
37149
37289
38127
37149
37429
36661
37149
37638
37219
38406
41410
37638
37220
37499
36661
37568
37220
37638
39105
39175
37150
37708
37289
35963
37150
37010
37010
61590
36591
36940
36660
45809
37150
38127
37499
37150
37359
37778
37219
37220
37638
39454
37359
36660
36661
37150
37080
36730
37219
37149
37080
36730
38686
36661
36800
37289
37149
36661
37220
37080
36661
37150
36800
37080
37150
37080
37639
36661
37080
37149
42945
37149
37150
37080
38267
37079
38476
36731
37079
36730
37290
41130
37778
37429
37499
36730
36731
36311
37289
36661
37150
37149
36660
37079
37219
36870
36800
37080
36801
38127
37149
37498
37220
37150
37080
37150
37708
37219
37079
37638
37568
36660
37149
36661
37220
37708
37708
38616
36801
56632
37149
37219
37150
36731
37080
39175
37150
37150
37638
37150
36661
37220
38406
37569
37080
37220
37080
37079
37079
37080
37080
37010
37220
37149
38965
37010
38686
36730
40501
37499
37639
37569
51954
37150
36660
37289
36801
37080
37149
37150
36661
37289
36800
37220
37219
36661
37220
38058
37220
37289
39035
37080
38407
38965
37149
38197
37150
36730
37289
36591
37639
37010
37359
37638
64383
36591
37289
36801
36731
36940
37289
36730
36870
36731
37289
40153
36871
36661
37219
36940
36731
36870
36660
37010
38616
37010
37359
53770
37149
37708
37289
37987
37150
36800
36730
36661
47415
38058
36591
36731
37149
36801
37638
37149
37289
38686
37638
37220
37079
49788
36591
37220
37219
37150
36801
37010
35683
36731
37010
36870
36731
37289
36730
36661
36731
37010
36661
37289
36800
36731
50976
36871
37498
37080
36661
36801
40432
38476
37220
37150
37150
37010
37569
37219
36731
37080
36870
36870
37150
38267
36730
37429
36731
37289
36871
37080
36660
36730
37219
37219
37499
37498
36660
37080
36801
37289
36660
36661
37079
38197
37219
39105
37220
36730
37149
37010
36731
38197
38127
37080
37568
37150
37220
37079
36800
37219
37080
37149
37149
64593
37150
36801
37219
37080
37638
37638
37080
37289
37080
37219
37988
38127
36661
36661
36801
37289
37778
37149
38058
37220
38267
37010
36660
36730
37080
37220
35614
37149
36452
36661
36661
37149
36661
36801
37080
35963
36870
37150
36591
37219
36801
37150
38477
36661
37290
37219
37639
36731
37010
36661
35823
37010
37289
60194
37289
37219
36730
36731
37708
36661
37150
36731
37709
37149
37429
37778
37568
37778
35265
37149
36871
38546
37080
39036
37150
37569
37150
36661
37219
36591
37010
38057
37639
36731
36730
36591
37150
38128
37149
36730
37569
37219
37150
38057
37080
39105
49858
36730
63476
36661
38058
37150
36940
38058
37569
36661
36800
37289
36800
37150
36731
36591
37080
36591
37638
36940
36801
37150
36940
37709
37778
41479
36731
36871
37080
37638
37150
36801
40152
36661
37219
37150
37219
37150
37778
37499
37220
37569
36311
37150
38616
36731
36801
36172
37079
36522
37220
37150
37290
36870
37149
37080
37080
36661
36801
37080
37290
40013
37569
37219
37080
35684
37010
37010
37010
37149
36661
37219
36661
36731
37220
37079
37219
36661
37569
37289
37079
37080
36731
37079
37150
39105
37708
36801
37150
37220
37150
37220
45809
37499
37149
36172
37219
37289
36940
37080
37289
36661
37290
40572
36731
36870
37080
37080
38616
37149
37150
37708
37289
37010
37289
37150
37639
36801
36661
36661
36801
36800
38267
38476
37220
37219
36661
37289
38966
36661
38057
37079
37079
36731
36801
37639
37010
37150
37149
36661
37150
37150
37150
37499
37150
37150
37708
37150
37219
37219
37220
37150
36661
35683
36661
39036
36871
37289
37149
37150
37150
37149
36591
36801
37149
37150
37080
36730
39873
37778
58657
37080
36801
37150
36870
36661
38127
36731
36731
37638
36730
37219
36661
48602
38127
37150
37150
37708
36661
37499
37290
37709
36801
36661
36801
37150
36730
37080
37709
37010
36730
36801
36731
37080
40921
36800
37639
37010
37150
37569
37150
37290
37220
37149
37219
37778
37219
37220
36801
36660
38686
36661
36591
38058
36731
37289
37289
37149
37080
37499
44343
37708
37010
37149
36871
37150
37080
38058
37150
37290
37010
39035
37220
37080
37220
36661
37149
37359
37150
36731
37290
37219
38616
36730
37150
36801
37569
36800
37289
38128
37080
37150
72903
37290
36870
38547
37150
37569
36801
37289
37080
36661
37219
37289
37080
36661
37220
37499
37638
37011
37778
37290
37499
37708
37150
36731
37220
37080
37220
36731
36661
36731
37290
37080
37220
37499
37219
37149
37150
38756
36731
37150
36801
37150
37150
36800
36731
36730
37080
36801
37080
37289
37010
37569
37080
36661
37150
37568
37289
37569
37289
37150
37010
36801
37150
50488
36800
37080
37569
37010
36870
37149
36661
37709
37150
36731
37220
37080
36730
36591
37150
37638
37289
37080
37429
37080
38128
36731
35823
37150
37219
36940
37639
40432
37220
36800
37290
37430
36801
37220
36731
36801
37219
37289
36801
37080
37219
37220
36661
36731
36661
36521
37150
37709
37220
37359
36731
37010
37289
36591
36801
37080
37080
37080
37290
37290
37778
36731
37080
37080
37150
37220
37359
37150
37290
36731
36731
36801
36801
37289
36661
37080
37639
37220
37150
37709
37149
38128
37150
37569
37638
37289
37639
37080
37289
37569
37150
37569
37219
36871
36730
37220
36661
37150
37080
37638
37289
37568
38617
37569
37709
36731
38407
37150
37290
37499
39105
37150
37150
37289
37220
36940
37848
39175
36730
37150
36661
36592
37289
