87919
88478
88757
88408
89735
103842
90643
91969
88827
88688
91969
94484
89944
89875
88618
92458
89107
90713
88827
88687
89107
93017
116760
103492
88897
89246
91551
107682
113059
88618
89176
88688
88269
88268
87989
88827
88199
88268
89246
88199
88827
88199
87640
88618
179330
88687
88757
88687
89526
90084
88757
88758
88618
91550
88199
88617
89176
107333
88269
89316
88688
88688
88688
89107
88617
88757
89665
90084
89106
89176
88757
88897
88409
98534
88129
88618
88618
89316
97696
89805
88688
88339
89665
89805
102165
90154
88758
88548
89456
88269
91132
146788
88198
91900
88757
88897
88199
87849
89106
88827
87989
88688
89177
88897
89176
89176
115992
89176
91900
87500
87920
89176
88687
87710
88688
93017
88688
89805
89595
88758
88269
88548
92459
88199
90713
88757
89666
88269
89596
88129
88268
88199
88688
185267
88967
88548
89735
88409
88199
88617
88898
88758
88758
90853
90085
88479
91131
91411
87081
96998
88129
93017
88129
88687
88757
88269
87780
89666
88967
89875
89107
88199
88687
89037
88199
88618
108380
92947
87640
89176
90993
89106
90154
88408
89665
88338
88687
88618
89176
89595
89177
88618
94275
91551
89107
172487
89037
89595
88548
89316
89596
89456
89736
89107
88827
89036
89177
90922
88478
90154
90154
89665
88199
94694
88129
88827
89666
88897
94414
89106
86243
89386
89247
88618
88688
88688
94483
88618
87710
86663
88687
88199
88269
88688
89805
94554
89735
88688
88687
93018
88409
91481
90014
88687
88687
91760
88199
88757
88479
88897
88268
88827
89665
88129
91900
88758
88548
88618
89107
88199
88758
85894
88757
91551
88617
91621
133800
88687
88199
87570
88618
89177
88478
88618
88757
92040
88338
88129
93576
101537
91062
89665
88897
88827
88688
88409
89037
88688
104121
89456
88758
88269
88479
88198
88338
88199
89177
88198
88339
88688
88199
88688
88268
88269
88618
88339
88897
88618
88129
88688
91760
88688
90154
89176
88618
90993
90574
89107
88618
151537
88827
89246
88688
92947
148535
91551
88688
90643
108451
89176
89177
89874
89665
88827
89805
89177
88897
88548
89177
88687
88967
91550
175909
89177
88618
89037
89665
93018
89176
89386
88757
88828
89177
89176
91062
92808
88688
88618
89246
89037
88478
88339
89596
89107
88339
88129
91272
94414
89246
91691
87710
87919
88129
88618
89735
88688
89386
91551
89945
88688
90085
90085
88967
89875
88688
88199
88478
85894
88618
89177
88757
89735
90992
88617
89735
88199
88199
87920
89665
88827
88269
88618
88478
88338
88757
89316
88758
87850
88130
88129
88548
89666
88198
96858
89596
89107
88688
89246
88688
87431
88618
89246
89246
89456
89037
89596
89665
89177
88199
89595
88688
89246
89246
89176
89107
89945
90084
100001
88688
89037
88269
89317
88757
88478
88059
88478
88339
90154
88758
104400
89247
88758
88688
89247
89176
89525
91761
91481
88339
88967
88129
89107
89317
88897
88897
88199
88688
92040
89735
88478
88757
87640
88408
88199
88198
89036
88199
88687
89596
89176
88478
88199
88339
89177
89386
89176
89177
89735
89666
93158
89176
88897
88828
88408
89107
89177
88688
90573
90504
88548
88618
88618
88130
109009
90503
89735
89456
88478
92529
88828
88269
88478
87780
89596
88408
93017
88548
88408
88548
88268
88478
88548
88827
89107
88479
88269
89107
88269
90154
88199
89107
88828
88129
88687
88757
88478
89456
91761
88199
88268
88758
88409
87640
91551
89595
89666
87920
88478
88548
88268
88199
88269
87850
88339
92529
88199
88129
88199
89525
88618
89106
88129
88339
88409
88199
92040
88827
88757
88688
88269
88897
88618
105169
88269
88618
88688
88199
90993
92458
87990
90713
88130
90155
88339
88897
88618
88898
90643
88199
88688
89596
88967
88688
92878
90085
89456
87920
87989
105728
87711
87990
88268
88898
88618
89246
88199
88199
88827
88199
90434
89177
88618
89247
85895
89107
88828
88199
88618
88688
88967
89666
89596
175909
88688
86244
89107
88688
89107
92110
88339
88199
91271
88758
88269
89735
142249
89107
88618
88548
98674
94414
87990
88618
89246
88688
88269
88199
88757
88828
88967
87920
92040
89177
89107
89177
90014
88199
89945
88199
88688
90014
90992
88898
89107
88409
88897
88828
88898
89246
91062
90783
92109
89177
88688
89875
88758
88618
88827
88688
88199
90085
89037
89177
89386
88758
88688
112780
107264
89106
88758
89456
86034
88758
92739
88618
89456
88757
88758
89107
88758
90644
107822
89666
89247
87710
88618
88339
88269
87850
110196
88688
88199
88688
90294
89107
89177
87850
88199
88687
87711
89177
91062
90085
88199
89665
89246
89665
91272
88758
88269
87920
88758
88688
88199
89107
87780
92250
87920
88549
89107
88199
87711
88339
88059
88967
88549
88338
88478
88269
88199
88758
89177
88619
88618
89107
89875
88479
88688
89386
87640
90574
89037
91342
89666
91551
88967
89177
88688
88618
90155
95881
88688
88199
88269
88408
88828
88688
88688
86942
89107
88688
88688
88688
89596
89177
88688
88618
88199
88408
90154
90504
89247
88478
88758
88269
88269
88618
87221
90085
88478
87990
88618
89107
88688
88618
89596
88688
92109
88688
88618
89316
89177
89805
89596
89596
89177
89107
88688
88199
93925
88688
87990
88688
87781
93926
97138
89107
89107
88758
89875
87640
88199
89666
89107
88618
89595
87780
89456
89177
93437
90155
89177
89596
88967
89107
90504
91551
88968
93716
88478
87850
88758
91342
89106
94903
88269
89107
88130
89177
90504
89806
88479
89107
91202
88618
89596
88688
89875
88688
89666
88688
87711
88549
88618
88129
91830
88409
91690
88199
89596
89177
89107
88548
88618
88688
88619
88199
88758
88269
109638
93506
88199
90085
87850
87781
88968
105657
88688
88129
87780
88199
88199
88129
122347
88688
88479
88688
88828
88130
89037
88967
89107
96299
90224
88478
88828
99722
89177
91063
88618
88758
89596
88619
88968
91551
98883
89596
89177
90434
89596
89316
91342
89107
88758
87989
88269
88618
90644
88339
88269
88758
89456
89107
88129
90714
88269
91900
88199
89596
89107
89456
89596
89247
91202
89456
88618
90084
95043
89386
89596
88688
91063
89107
88688
89177
88688
88757
88758
88758
88618
88688
91063
88968
88339
90085
91551
88478
89107
88688
89666
88618
92389
89177
88408
88549
89176
89247
88688
91691
89177
88967
88758
88688
89107
89177
89107
88689
88688
88758
88968
88199
88688
88619
89177
88409
91970
89247
88828
89177
88688
