23322
20599
20878
20459
20530
20390
20529
20599
20599
20390
20459
20599
20459
20459
20948
20949
20530
20879
20808
20738
20530
20948
20320
20320
20530
20390
20180
20599
20111
20180
20948
20389
43712
19831
19481
20529
21017
19970
21367
20319
20459
20250
21018
20040
20668
20459
20878
20529
20389
20040
20459
20180
20529
21507
20599
20949
20529
20599
20040
20739
20529
20250
20878
20459
20389
20180
20878
20599
20459
20529
20599
20389
20530
20111
20599
25766
21507
21437
20529
20599
20739
20739
20180
20948
20599
20390
20948
20529
20460
20250
20529
20389
20180
20739
20040
20110
20529
20389
20111
20040
19901
20180
19970
20390
19970
20529
20040
19900
22485
20040
20110
20111
20808
19971
20389
19971
19901
20529
21088
20460
20390
20180
20809
18713
20879
20599
19971
20180
20040
19901
20180
20110
20460
20040
19971
20390
20460
20111
20390
18853
19901
20529
19621
19971
20600
19971
21367
20459
20250
20949
21018
20180
20040
21437
20040
20529
20529
20390
20390
20180
19831
20041
20040
20390
20669
19901
20040
20809
20460
20459
20599
19901
20390
21158
20390
19971
20320
20459
20599
22554
20390
19970
20040
20111
20111
20390
20111
20111
20459
19692
19691
20180
19901
20110
20250
20529
20460
20040
20459
20110
20040
21787
19970
20111
20530
20110
20530
20599
20181
20739
20181
20250
19901
21996
21018
20111
20040
20040
20389
20389
20599
20040
20878
20041
20041
20041
20530
20599
20110
20110
19901
20459
20669
20738
20390
20599
20459
20459
20111
20180
20180
20110
20599
20530
20599
20390
20529
19482
19901
20390
20390
20529
21368
20530
21088
20390
21018
20459
19900
20110
19202
19970
20460
20389
20250
19970
20459
19971
19900
20040
20389
20529
20389
20250
20111
20319
19901
20110
20111
20669
21646
20459
20180
20739
20110
20111
20389
20180
20529
20879
20390
19901
20389
19971
20879
19901
19971
20389
20320
20320
20529
20599
19900
20041
20040
20529
19481
20878
20389
20878
20669
21437
19970
19482
20180
20040
20390
20040
21507
20040
20110
20390
20599
20390
19692
20530
20949
20041
19970
20599
20250
20529
20599
19971
21507
20879
19551
25766
20389
20460
20250
20460
20250
20319
20040
20390
20599
20111
20460
20389
20250
20599
19970
20110
20040
20529
20460
20530
20530
20110
20390
20111
20111
19971
20389
19970
20041
20110
20460
19831
20599
21158
20878
20948
20949
19900
20390
20040
20460
20040
20180
20041
20529
20251
20599
19970
20459
20319
20460
20040
19691
20180
20390
20599
20809
20041
20181
20111
20250
20111
20111
20040
20389
19971
19831
20390
19971
20040
20529
19971
20250
20040
20600
20390
20389
20111
20041
20390
20250
21019
20319
20459
20180
21298
19971
20111
20600
19971
19971
20110
20320
20040
20669
20111
20530
29537
20530
20040
54326
20669
19900
20320
20599
20041
19970
20180
20180
20320
21298
19762
20529
20040
21576
20041
20041
20111
20599
20529
20180
20041
20599
19901
20040
20250
19901
20530
20111
20041
19971
20040
30026
21018
20110
20390
20948
20041
20599
20110
20041
20041
19901
20180
19622
19552
19622
18853
18994
18644
18713
19063
18574
19971
17737
18155
17806
18435
17526
17597
17247
17248
17667
17667
17736
16898
16339
17108
16550
16131
16339
16130
18225
15642
14664
15502
15082
15222
15292
15083
15153
15921
15223
14524
14315
14873
14874
14175
14525
14315
14315
14524
13687
13686
14314
14943
13896
13756
13895
14664
13896
13826
13407
13337
13616
13337
13267
12918
13128
12779
12918
12499
12290
12988
12290
12289
13337
12778
12429
12080
12430
13127
12011
12010
11592
12290
12010
11382
11522
12220
11452
12220
11870
11382
11452
11103
11312
11521
11592
11451
11522
11313
11102
10893
11451
10963
10963
11243
11382
11103
10963
11033
10614
10474
11033
10893
10474
10544
10893
11103
10125
10963
10474
10474
10474
10265
10474
10474
10614
10544
10474
10474
10893
10334
10544
10614
10474
10544
10474
10125
10963
9915
10544
10614
10544
10404
10963
10474
11382
10404
10474
10474
10335
10963
10544
10125
10963
10405
10335
10475
10963
10405
10335
11312
11382
10404
10475
11033
10404
10126
10544
10963
10754
12430
10404
10405
10754
10614
10614
10544
11102
10614
10404
10753
10475
11940
10614
10405
10893
10544
10614
10614
10474
10544
10893
10894
10893
10474
10963
10335
10963
10754
10125
11242
10475
10544
10405
11312
10613
12430
10125
10405
10544
10963
10125
10963
10614
10544
10823
10614
10544
10613
11033
10265
9985
10474
10404
10823
10963
10614
10613
10404
10963
10334
10544
10334
10614
10544
10614
11032
10684
10893
10404
10265
10405
10544
10264
10475
10335
10335
10474
10474
11243
10335
10474
11033
10404
10544
10334
10405
10613
10684
10614
9986
11731
10544
10404
11102
10684
10823
11103
10823
10544
10055
10893
10614
10614
10475
27722
10334
10824
10544
10614
10823
10614
10684
10544
10614
10823
10963
11452
10404
10404
10404
10824
10544
10474
10335
10614
10544
10614
10404
10405
10544
10893
10474
10893
10474
10614
10474
10056
10055
10614
10474
10893
10544
11033
10474
10614
10335
10684
10474
10544
10753
10614
10544
10475
10474
10475
10614
10404
10544
10614
9566
10334
10474
11033
10893
10474
11033
10405
10474
10474
10404
9916
10963
10404
10684
10544
10963
10614
10335
10474
10264
10614
10474
10474
10823
10893
10474
10474
10613
10963
10614
11732
10474
10614
10614
10754
10334
10893
10963
10894
10544
10334
10404
10475
11591
10893
10334
10404
10893
10963
10893
11382
10614
10474
10404
10544
10404
10474
10544
10334
10405
10474
10125
11033
10824
10404
10335
10963
10614
10684
11103
10474
10404
10335
10824
10474
10405
10334
11103
10265
10404
10824
10754
10474
10544
10405
10753
10963
10753
11033
10334
10963
10893
10544
10404
10893
10963
10544
10475
10544
10823
11103
10893
10334
10824
12290
11103
10544
11032
10893
10404
10544
10614
10894
10474
10614
10823
10544
10544
10405
10544
10055
11102
10893
10544
10824
10613
10963
10475
10474
11103
10614
10404
10055
10474
10963
10754
11033
10683
10474
11102
11102
10195
10056
10544
10474
10544
10474
10475
10754
10544
10894
10544
10335
10824
10893
10544
10544
10614
10474
10544
10125
11382
12290
10335
10404
10544
10125
10614
11033
10544
13476
10474
12289
10544
10335
12010
10544
10404
11033
10614
10544
10544
10753
10475
10474
10754
10823
10753
