82472
87779
83938
84008
88128
83519
82053
92528
88058
79678
79190
79260
79748
79538
78282
79539
79819
79260
96787
77164
83520
82541
79120
79190
78700
79190
79958
79609
79818
80098
79888
79958
78841
79679
79469
87849
85963
78631
78771
78980
79190
103282
90572
83100
79748
97835
78631
75768
101606
79678
78631
80657
78841
78771
79260
82681
79818
78701
78561
81355
78910
77793
80656
78282
82472
78212
79050
79120
78561
78352
96159
78491
77863
78142
78212
79469
79190
78422
79189
90084
89664
75978
82891
90642
78212
84846
79050
78492
78212
79958
81075
79120
77793
78352
79190
101187
78002
79329
85125
79120
79190
78492
80238
78142
78701
82472
78701
79469
78143
77932
78142
86382
78351
95810
79678
78352
78282
82123
83729
78282
78771
78631
79609
79120
78142
77863
78841
78632
78631
78352
81494
78072
78282
79958
77724
78562
78701
78282
80377
78491
78701
78771
78143
78561
97765
79539
77863
78701
81285
79260
78841
81564
79469
81913
77793
77863
77653
78632
78422
78631
78770
78981
81145
84427
143785
78770
78213
78352
102514
78701
78701
79259
78771
78282
78771
79260
78632
78351
78701
85475
78631
79190
77724
79120
77933
79399
88128
79050
83729
80586
78072
78492
82122
82611
78632
77794
78143
78841
78561
78352
78421
77793
129189
80377
78841
78561
80517
79050
77584
78561
78701
85265
84148
84358
79400
78771
79259
78283
78072
79259
79259
80027
78910
79539
79958
79330
79051
78212
79958
79120
79051
77793
78352
79609
78351
77375
79678
78911
78701
97486
79539
77793
78701
78212
78282
78072
78072
78421
78561
112151
78771
79609
78771
78562
78492
78911
78421
139386
78981
78491
79678
78212
79329
78212
79259
79539
78143
78073
77724
77234
78771
81634
90572
89734
466690
78142
79051
78771
78352
78352
78771
78073
79470
78282
78701
78282
77444
78561
92039
77793
80446
80656
79259
79678
78142
82332
80516
78073
78422
82332
78421
78143
77863
80238
81005
105726
82262
83310
78632
78561
78003
168715
78631
79748
79050
79120
80098
103073
78352
79259
79889
78351
78980
78492
79679
78632
80238
78981
78771
78282
164176
80237
78491
77933
78422
78212
82612
79190
78631
78980
79609
77584
92597
78352
76187
78073
78143
78492
78352
78632
92109
78631
78282
78771
78143
78981
78073
78282
76676
78980
79120
78142
78771
78840
80866
78701
79818
80516
86103
79679
78561
78771
103003
78491
97696
78072
127794
78352
78701
77653
84358
77863
78282
79749
78701
80726
81704
92109
78841
83380
79120
79121
79330
79120
79260
78701
79539
78701
77583
78491
78771
95112
78352
83450
78282
78631
78561
80307
77235
78910
78212
78631
78282
78073
78073
78422
78562
78352
78142
78143
77863
78212
78631
130168
165084
79051
78283
78841
81076
78840
78491
79958
79260
78492
78631
78143
77863
78631
79330
78072
78212
79190
78143
78213
77723
77654
78073
81076
78073
78771
78562
103491
79050
78491
79539
121438
78632
78422
78212
81075
77653
78421
77584
77583
78352
78701
79958
78282
77864
78073
77863
78282
77724
78283
80028
79120
78771
78282
79120
81425
79539
78352
80238
78491
78562
78561
78352
78981
78072
77864
78980
81704
78632
78282
78142
78143
78840
79539
78003
78701
81215
78631
79050
78282
78492
78981
78910
78631
78631
78911
78213
78771
79329
78771
78981
78352
79190
79260
80098
79329
81075
79190
77933
79190
79889
77933
78283
79609
79051
89246
77584
77653
86732
99720
85894
87639
79120
81425
79050
78911
79470
78631
78910
78561
79190
79330
81425
78631
79120
79330
79050
78491
79120
79749
78631
78702
79120
79400
79120
79121
78841
78702
79330
78841
80726
79818
79679
79051
78422
80098
80656
81076
79889
79958
79400
83031
78981
80307
78980
80238
79051
79121
80656
79190
111592
90154
83240
78562
83380
80447
79469
81704
78632
77863
79819
78491
81145
82402
81495
78352
78212
79330
79050
78981
78143
80936
78981
78701
78702
79260
78282
78631
78632
79051
78143
78073
78073
80098
79050
78632
93576
78352
78562
81215
79609
79260
79679
79190
77514
78282
79330
79260
77793
82193
82821
78352
82682
78282
79679
79120
135476
78143
80447
78562
78072
78352
79819
78142
78143
79539
78562
79329
78771
78283
78701
77026
78911
81774
78212
79958
79330
78562
78212
78561
79051
78771
167319
79330
80587
78212
87710
78771
78492
78701
77723
77445
77654
78631
78283
78492
80028
78841
79051
78981
79330
78352
78981
78003
78073
78562
78841
78422
79610
78561
89176
77863
78213
79330
77934
95181
80377
78562
77864
78771
77933
77584
78841
78352
78352
78143
81564
78352
78283
78701
78562
94065
78841
79190
78143
78212
78352
78003
78282
79121
80587
78771
79539
93925
78213
82682
78632
78771
78352
81914
79050
79050
80098
81076
80447
78631
78282
79958
78981
78213
78980
78213
80936
78702
80447
78910
78561
78562
78352
78701
78701
78213
78562
79260
78352
79190
78073
78492
78213
78422
78073
78422
78632
78212
78492
78073
90642
79819
79609
78492
80517
78143
81424
78282
78911
78771
78841
78352
79190
78562
78072
77933
78143
77793
77724
82333
78282
78212
77723
79190
155867
78072
77934
77794
81565
78771
78003
78282
78632
78771
78562
78841
78142
92039
78841
78632
78632
78282
93506
78073
78212
78492
78352
78911
78143
78282
78003
82542
80866
79470
80308
79539
78841
77933
83520
81075
78353
77514
78073
78631
78213
79469
78422
78352
77793
78283
78212
78003
78771
79120
78911
78701
78562
79400
78282
99372
79260
78561
78143
78911
78212
78073
77723
78213
78491
78143
81634
78702
77654
78073
77933
80377
78283
78003
77934
78143
83031
78212
79120
79050
78841
79121
79120
79121
79260
80377
81146
77863
78492
78981
81076
78841
78841
78631
78562
78632
79051
91970
78562
80168
78911
94903
136732
77584
78562
77794
78143
80586
79050
78282
78282
79748
78142
77863
79470
80238
78631
79050
79330
81774
83101
79539
78772
79120
78842
79749
80098
98255
78143
78143
80587
78631
79121
78213
79120
78004
78352
78003
78771
78492
77794
78702
78283
81216
78142
79121
78771
79050
77794
78283
80726
87989
77793
78142
80168
79609
79329
78562
79120
78631
78352
79050
79609
78631
78771
79400
78492
79050
80098
79121
78911
77374
78632
78631
80656
78143
78562
81425
79470
94414
78562
79050
79609
78981
78632
81006
79679
79190
80237
78631
80238
78632
82193
78492
80098
80517
78352
78771
79050
78073
78283
78143
78631
78352
78632
78213
