60544
58099
57192
58100
58239
58170
58659
58169
58029
58448
60264
58099
57680
58239
58379
57751
57750
57750
57820
58588
58658
58798
58449
58309
58030
57960
58099
58728
59147
59078
58100
58239
58169
58658
60823
58100
58100
58239
58589
58239
57680
58588
58169
58170
58170
59008
58448
59496
58099
58239
58589
58379
57820
58099
59077
58169
58728
59007
58658
60055
57610
58100
57681
58100
58169
58099
58099
58170
58169
58170
57681
58169
187077
57890
57681
57611
57680
58099
57820
58589
58029
62499
58099
57681
57681
57681
58099
58029
58519
58239
57960
58169
58030
58099
58170
57750
57681
57332
57611
58728
58588
57820
58169
58170
58588
59217
59635
59147
58589
58099
58169
58169
59147
58100
57751
58449
57611
60544
58100
59147
58169
58100
57820
63477
58099
60124
58379
58449
63477
58169
57541
57192
57681
57611
58239
57541
58030
70110
57820
57680
57891
58169
58029
57750
58030
59287
57471
57471
58449
58658
58518
58448
58169
58100
58588
58169
57681
58589
57750
86102
58449
61522
58798
58868
58658
58239
58100
58728
58379
58658
59636
58728
58099
61521
57681
58169
57331
57680
57751
60404
58448
58239
59287
58659
58099
58100
58170
58658
58379
57680
58169
58449
59147
58100
58309
58100
57750
58239
58728
57750
57960
58379
58030
62010
58100
57680
56843
57681
58099
57401
57261
57960
58658
57751
57680
58100
59147
57820
58100
58240
57681
57332
59357
58659
58169
58589
58867
61522
57680
60124
57680
58169
72555
58658
57680
58379
58658
58169
58239
57821
59566
58169
57681
57610
58029
86102
58658
58170
63686
57681
57611
57192
57890
58728
58658
59496
59217
58589
58449
60543
58589
58239
58658
57681
57680
58658
58658
60544
58659
58658
58100
58588
59567
58239
58240
61522
59845
58030
60125
58240
58728
58449
80096
57680
58379
58169
58449
58309
59566
57960
59916
57960
58100
57681
58100
58030
58100
58170
57681
58169
58519
60125
58100
57681
58100
57820
57611
58589
58170
58169
58659
58728
57611
57750
58239
58239
58239
59217
58170
57750
57751
57751
57681
59357
58170
59217
58099
59077
58448
60124
59636
70600
57890
58099
58100
61033
58169
58449
80655
75907
58589
57890
59636
58169
58169
58379
58519
58658
58030
59916
58100
58658
58658
58030
59286
58170
58658
58240
59077
57890
58170
58169
58728
58100
58170
58099
59636
58309
57611
57681
58309
57750
58867
58659
58169
58169
57750
58170
57611
58170
58310
57192
57681
57820
61591
59147
59007
57680
58588
57751
57821
57750
58170
57611
57680
57681
57751
57681
58099
57680
57750
57680
59636
58169
58170
57680
58588
61451
58100
58100
57681
57611
60055
61451
58100
58169
57960
57960
57821
58169
57890
58030
57611
58100
57611
58588
57611
58309
58379
59217
58170
57820
59147
58588
58100
57611
57471
57681
57821
57751
57261
58170
59217
57332
57611
58169
58169
58588
60125
57611
58659
59636
58239
57681
58868
58169
57611
57610
58379
58170
57750
57611
59496
60055
58100
58659
58239
57891
59706
58099
58937
58728
59636
57821
57890
60055
57820
58518
58588
58239
65362
58170
59357
58100
58240
57680
58099
61591
57750
57681
58170
58170
58728
58170
57960
59636
59148
57890
57541
58099
58169
58589
57750
57960
58170
58519
58659
58379
58588
58588
58100
58449
57680
62010
59007
58170
58379
58239
59566
58100
58100
58240
57820
58588
58310
58100
58519
64525
58309
57890
58518
58170
58169
59078
57680
58239
57401
57890
59287
58239
59636
58379
60474
58169
57890
58309
58379
58170
58170
58170
57681
58240
58659
58170
58169
58240
58589
58170
58240
57750
58170
58519
58100
58449
58798
57611
58588
57681
58099
58240
58728
58379
57611
58379
56912
57820
58938
58169
57681
58100
58100
57681
57820
57611
57960
57751
57890
57331
58659
58240
60125
60544
57681
58589
58658
58100
57680
60125
58658
58170
58659
58100
58589
58658
58938
58659
57681
58169
58170
59077
58239
58379
58100
58170
58030
61591
57820
57891
58379
58379
57262
60194
58100
58310
58170
58169
58099
57611
58100
58310
57681
72625
58588
58309
58030
59218
60544
58100
58030
57681
58170
60194
57261
58659
58239
58100
58658
61941
58239
57891
58100
58379
58519
58729
58100
58658
58100
57680
59566
58239
58868
59077
56703
58030
58449
58379
58100
60265
57402
58448
58169
58169
59357
57471
75418
59497
57751
58100
57681
58449
58100
74580
57611
59007
58170
58030
58169
57890
57471
58240
57681
58658
58100
58239
58239
58100
57681
61032
76186
57681
57262
58170
57611
57751
62429
57751
57681
58170
57611
57680
58659
57680
58100
60544
57750
58728
58100
57192
58659
58659
58170
58030
58030
59078
58030
58100
57750
58589
57681
57891
57821
57751
57821
58449
58100
60055
57960
58658
57192
58100
58031
57891
57472
57611
58170
57611
58100
58169
60125
58170
58100
68295
57262
58798
57751
58100
58100
58100
57680
58239
58100
58728
58239
58170
58240
73882
57680
58239
57960
57541
58030
57681
57681
57471
59706
58239
58659
57681
58169
58379
58309
57681
58169
57681
59147
70530
58589
57891
57750
58170
60125
58449
58729
58659
57681
58659
58170
69064
61382
58589
57262
59148
57681
58239
57891
57262
57821
58729
57960
90641
58100
58100
58170
59636
57542
57681
57611
59147
58659
56703
58170
58309
58100
57960
57681
58169
62988
57750
57611
58100
58100
60055
58170
62849
58240
58588
58379
58240
58659
58449
59636
57681
57751
57681
58170
59078
57820
57192
57751
57611
57820
57890
57821
59147
58589
57890
58589
58380
58100
57680
58100
58169
58589
58728
57681
60055
57751
59147
59147
60125
58240
57681
57960
58030
58170
57681
57751
64804
58589
58659
59148
58100
57751
57542
58309
58729
58100
57611
59985
59497
56703
58030
57681
60125
57960
57681
58588
58658
58170
58589
58170
58658
58379
57122
57961
58100
58449
58589
59078
57402
57890
58100
58240
59077
57890
57542
91549
61312
57681
57681
57681
58169
57751
59636
59077
57681
57750
57751
58239
59147
58239
58100
59426
58170
57681
58240
57472
59078
58240
57680
57681
57820
73323
57821
58100
58310
58170
58658
58659
58588
59427
57332
57611
57751
58380
58310
58729
64105
77373
57681
58658
58240
58170
58100
57681
63407
62010
57611
57611
57681
58309
58868
59078
58169
58588
57402
57471
61242
74790
57750
58100
58519
58100
58239
58659
56424
58169
57751
59566
57681
58449
57681
57681
57192
58659
71927
58240
100278
57611
60056
