47764
48742
48113
47624
48044
47764
48044
47764
48183
48672
48183
47554
48113
48043
47554
49370
51046
48253
47904
47554
47624
47973
49230
48323
48253
48113
47625
48114
47415
48183
47695
48253
47904
47903
48392
47625
47624
48044
131560
47973
48532
61242
48253
47555
48602
47135
48043
47624
48114
48043
47764
48044
47555
46577
47834
47206
47764
48532
47764
48672
47973
48253
47974
48183
47764
47694
47276
47764
51814
49161
47555
47346
47624
50627
48043
48113
47345
48113
47764
47345
47625
47834
47276
49160
55236
47694
50347
47275
48602
47765
48183
48113
50557
47345
47764
47695
47695
54538
47974
48113
49021
47694
48183
47764
48113
50906
48113
47764
48253
47834
47834
48253
50557
48113
65781
47484
48602
48183
48114
48532
51046
48742
47834
61242
48183
47694
47624
47765
48183
47625
48881
47764
47415
51744
48253
48184
48114
48113
48462
48533
48672
49161
47904
47764
47066
48741
47066
48462
47764
48253
48043
48043
48044
48323
47624
47694
47555
47485
47764
48183
47066
47764
48113
47765
49650
60194
47834
47136
48183
47205
47694
47415
47973
47974
47764
47694
48323
49790
48113
66688
47834
48114
49300
49580
47764
47345
47625
47555
47555
47555
47764
47694
47625
47625
47973
47415
47136
48043
47695
48183
47834
47275
49301
47276
47624
47624
47624
47136
47694
47764
47694
48043
52862
48742
47554
47694
47625
47695
47625
48114
47625
49160
48253
48114
47555
47765
47345
48043
48602
47694
48393
49091
47973
49161
47624
47904
48114
48044
47974
47625
47625
47415
48462
48044
47276
47136
48393
46996
47973
48602
47625
48183
48113
47764
48044
48043
47974
48113
48183
47624
48113
47764
49440
47554
48114
48114
47624
48044
47974
49091
47903
47764
47764
82051
47694
48183
47765
48044
47903
49161
58168
48183
51116
49649
48043
48044
51256
49091
48043
48113
47625
48114
47904
47835
47625
48393
48323
48183
47904
48043
51046
48043
47765
47625
47974
48114
47834
47694
47205
47973
48043
47695
47764
48183
47834
49300
48044
47276
47904
49510
48393
47555
47764
50976
48113
48114
47624
48253
48392
47624
47834
47973
48323
73532
47764
47764
47764
47625
48184
55865
48183
53490
50209
47904
48602
49650
47694
47834
47345
47904
48114
48253
49371
48113
49161
48183
49370
47903
47624
48253
48183
48323
51605
48393
48183
47974
48044
47904
47624
48672
47974
47973
47765
49999
48742
48393
47625
48044
47834
47135
47066
47764
47066
47694
47974
47345
47136
47764
49510
47275
47555
47834
47345
49510
47206
48114
47415
47625
47415
47624
49440
47485
48672
47973
47554
47973
47624
47276
48114
48253
47764
48183
51535
48113
47625
47694
47974
47973
47834
47834
48253
47276
47904
49441
48044
64524
48602
48253
48043
47974
47904
48183
48183
47345
47765
47764
47694
47764
48323
49022
49440
49510
47485
48044
48602
52443
48114
47625
47974
47904
69552
50977
62568
47834
47764
47764
47624
48253
47625
47555
47974
47834
48323
48044
47764
47555
51535
47625
47694
48811
47764
47695
47764
47764
48044
47624
48183
48043
48113
47276
47904
52303
48392
48672
47973
48113
48462
47554
48253
47555
48742
47415
47275
47625
49301
47624
48253
48114
47135
48044
47974
52583
47695
47625
48673
47764
47275
49511
48114
47694
48044
49510
48184
48812
47764
47624
48044
47624
47974
47904
48253
47764
48043
47765
48114
48393
48253
48114
48183
47764
48323
48463
47835
47764
47974
48113
47904
48043
48393
47415
48673
47485
48113
47764
47624
47625
47625
48253
47555
48113
47206
47764
47764
47485
47416
47765
47834
48254
49371
47275
47974
48602
48044
100416
47695
47765
48183
49091
47904
48113
48114
47764
47904
47764
47485
48183
49161
47694
49650
47764
47974
47764
47555
48393
47974
48113
47625
47694
53071
48602
48253
48113
48253
47974
48114
47695
48183
47625
47136
47834
49650
48253
47904
47904
49021
47694
47415
47765
47695
47625
47136
47834
48183
47764
47625
47974
51256
47625
47765
47764
48602
50279
48113
47625
48044
47555
47764
138475
47974
50139
48044
47904
47066
47555
47555
47973
48602
48672
59636
48742
47904
47624
47276
47904
47555
47624
47625
48602
59147
49022
48043
46857
47764
47555
47834
47764
47624
47764
49161
49021
47625
48253
48044
48183
47625
49440
48044
50418
49231
47764
47485
51605
47276
47275
47973
47346
47275
47695
48253
47066
47625
47904
48392
48253
47834
47765
47624
48184
48044
47485
47625
47555
47695
48393
47834
47485
47834
48742
47625
47764
48323
47555
48114
47834
47345
47625
48183
46647
49091
47834
47974
47625
47206
48044
47904
47834
47555
47765
48463
48044
47765
47276
47694
47764
66480
47555
48114
48044
48533
47625
47764
47415
48463
47835
47206
47625
47624
48463
47974
46996
48532
47764
47834
48812
48113
47974
47764
47485
48183
47765
48742
48043
47904
47834
47764
47765
47904
47695
47695
47834
47136
47555
47694
47974
47415
48533
47764
47555
47694
47695
47765
47834
47764
48393
49021
47625
47695
48323
48114
47764
48323
47764
48114
48882
48113
47624
48114
47765
47485
47624
47625
47555
47624
46647
47415
49161
48253
49580
47694
48463
48114
48533
47625
48113
48114
48113
48533
49231
48114
49092
51186
48672
47346
50557
48742
48253
47834
47973
49580
48393
47694
48114
48603
49231
48044
47764
49231
48323
47904
52233
49371
47904
47485
47834
47625
47415
47625
47904
47555
47555
47275
48323
48183
48742
47695
48183
48183
48113
48532
48043
47974
48253
48672
48603
47694
51465
48812
48253
48253
48533
48881
47765
47904
47904
48114
47695
49161
48463
67806
47764
48672
49231
47765
47555
48602
47416
49161
47625
47066
47695
47625
48043
47555
47555
49580
47695
48044
48323
49649
47904
48044
48113
48114
47276
49021
48114
48043
48253
47625
47625
47765
49021
47694
56773
48253
47695
47834
48044
47555
47974
48393
48114
49580
47974
48253
47555
47275
53420
47625
48253
47974
47765
47625
48113
48602
47974
49022
47415
47555
47765
47625
46647
47694
46368
47555
48114
47835
48044
48113
47834
47625
47835
47415
48952
47555
47625
48882
49720
47555
49650
47276
53001
47485
47555
47764
48044
47555
47555
48603
48114
47905
48882
47695
47904
49720
46787
47764
47625
48114
48044
47555
47415
47346
47346
47764
47765
48602
47625
48393
47765
52443
47625
47765
48184
47765
48114
48323
47695
48742
47974
48043
47764
47765
47694
47625
48113
49440
48114
48603
48323
