28490
26745
27164
29608
26884
27163
27094
27303
27443
26815
44272
29118
29049
30934
28560
29607
26675
32890
28071
27234
26745
27583
27164
27164
27233
27652
26674
27652
26675
40012
27583
27093
27163
27164
27024
27164
28141
26814
27093
26885
27093
26744
28560
27164
27164
26744
26744
37149
27443
26884
27164
27582
27652
27164
27722
27443
27303
27023
26256
28071
26675
27583
26535
28560
50137
29538
27583
34286
31912
28630
27722
28211
27094
35683
26955
26674
26744
26745
27303
27164
26744
27233
33868
27233
26674
27722
28141
25697
27233
27233
27443
27652
48043
26954
27234
27931
27163
26744
27163
27024
27164
27652
26675
27862
26674
26744
27234
26885
27862
27093
27443
27303
27163
44691
27653
28211
26675
26814
26954
27652
27023
27233
28141
26815
26465
28142
27164
27234
27094
27164
26745
27652
26745
27234
27234
27513
27653
27303
29608
26605
26675
27653
27024
27373
26675
27513
26744
27094
27094
27234
26465
27234
27513
27094
28002
27303
27024
27163
27163
26675
28071
26885
27722
27163
27094
26675
26675
27582
27164
26745
27234
26465
27442
27233
27164
27164
27304
26465
26745
27094
27093
26744
27163
26674
27093
27163
26745
27024
27094
26605
27792
27234
27722
28141
27234
26745
27722
27164
27024
46297
27163
26744
28002
26605
26605
27164
26744
27164
26256
37777
27234
26745
27163
27094
27164
27234
26814
27164
27094
27024
50975
28630
27164
27234
27652
26675
28141
26744
27163
28979
27583
26745
27164
26675
27442
28141
26954
27233
27163
25348
28700
27234
27722
27653
26954
27164
27094
27652
26954
27233
27233
27163
27234
27164
27583
27163
27024
27233
27163
28072
28281
27093
26605
31004
27164
27233
27094
27722
26674
26675
27234
28630
26744
26674
28560
27094
26744
27094
26745
27163
27303
27163
29328
27583
29119
26674
26745
27373
27583
38616
26604
26745
27024
26674
27722
27932
33378
26605
26675
35683
27652
26675
27163
26744
27164
31284
27233
27094
27024
26744
33378
27653
26745
37568
27164
27093
26674
27163
27024
26675
27652
26744
26675
30725
34286
27164
26605
26605
27164
26675
28560
28490
26744
26675
27652
27163
27582
27094
27233
26745
26745
27163
31493
27792
27582
26814
28979
37638
27373
27234
27094
27164
27094
26954
27163
27163
27373
27164
27583
26675
26604
27304
26745
27094
27164
28630
26675
27582
27582
26536
27164
26815
27163
28141
26745
26675
28141
27583
28211
27233
27163
27653
28071
47344
26535
26744
26675
29119
28630
27024
27373
27233
26815
27094
27094
26884
27094
27094
26605
27163
27164
26744
27094
26605
27583
27094
27164
26885
26675
27164
26745
27164
27164
26675
26814
26675
27093
27163
27094
27233
27094
26605
28071
27093
26674
30445
27652
27094
26675
27164
27233
26745
26675
26745
26954
26675
26745
27583
27094
26605
27373
27163
26605
27164
27722
27093
27094
27163
29608
27583
26535
26885
27094
26674
30516
27024
26744
37289
27862
27163
27163
26745
27163
26674
27234
27094
26117
26675
26954
27374
27164
26954
26884
26745
27164
27233
27094
26745
27653
26675
27164
27722
26744
53768
26745
27164
27163
27094
47205
26814
27094
27094
27583
26744
26605
30027
28630
27653
27722
26745
26744
27094
36730
26954
27234
28072
27163
27652
28490
26674
27164
28560
26884
27163
26675
26954
26954
26954
26675
27164
26536
26745
27093
26535
27233
27653
27094
27163
27024
26885
26745
27024
26116
27513
28141
27652
27164
27512
26256
26884
27164
27164
27163
27233
27164
27234
26884
28141
27234
32889
26745
27234
27094
27234
26814
26326
26884
28141
36800
26745
27094
27234
27094
27164
27164
26745
27024
27513
26815
26116
27164
26675
26815
27723
27234
27164
26814
27233
27303
26675
26954
29328
27163
26815
27374
26954
27094
27164
27443
27164
29119
53419
27233
26745
26675
26885
27164
27653
27094
27233
27094
27792
27094
26815
30585
27094
26186
27234
26954
27303
27164
26675
27233
26955
27303
27233
26954
26675
26605
27234
26815
26605
26605
26675
27024
26744
29049
27583
27164
27164
26675
26745
26605
27164
26744
27233
27233
26605
27164
28630
27093
27723
26675
26675
27094
35753
27932
26675
26465
26814
26814
26675
27304
27233
27722
26745
27094
27094
26675
26814
27164
27233
28071
27233
26954
28141
27234
27652
26186
26674
26955
26675
27094
26814
26675
27024
27582
27583
27653
27443
26675
27094
26954
26674
28630
26815
26745
27094
26745
26815
26745
26675
26815
28142
27164
27094
44272
26814
30585
27164
27303
26606
27722
27653
27444
26744
29119
26395
26815
46646
26674
31493
27094
27233
29608
27024
31004
27234
27233
27303
27723
28839
27653
27234
27164
26675
26745
27094
26745
27583
27094
27164
26745
26605
27164
27164
26186
27653
37220
27164
27233
26884
27094
27094
37219
26745
31004
27094
27094
27583
26954
26744
28141
28142
27094
47135
27233
27233
27233
26745
27164
26536
26675
26954
27094
27163
26744
26815
30026
27234
26814
27094
56702
26745
26954
26675
26745
26186
27722
26815
26675
26745
27094
27653
34286
26884
27233
26815
27163
27234
28072
26745
26465
29468
27163
30515
31004
27024
27163
26745
27163
26744
26675
28560
28072
28071
27164
27093
27024
26675
25697
26884
26745
26465
27164
27094
27094
27233
27233
28211
27234
27094
26675
27164
27164
29119
26675
27234
27163
26884
27653
46716
26675
27094
26954
27374
27443
27164
26814
27164
26605
27094
26745
26744
41898
34286
27164
27722
26744
26675
26605
26745
27094
26745
27233
37638
26954
27163
27583
27513
26605
26536
28141
27094
27443
26186
32471
27234
27093
28141
28071
27652
27653
27652
27233
27722
27233
26744
26745
26745
27653
27094
27164
26744
27164
27024
26675
27164
27094
28141
26675
26885
27234
28071
27163
27513
26326
27164
27233
26744
26675
27163
27164
26745
27164
27094
26046
27234
26815
26745
41548
27303
27234
26675
26745
26745
27164
26744
27513
26744
27094
26675
27164
26535
27094
27164
27094
26745
29119
28211
27094
28630
26605
27163
27653
27094
26745
27164
26954
27164
27164
28142
27024
26954
27234
26675
27164
26675
27164
27094
27094
28212
28141
26745
27234
26605
27163
27164
26885
27513
27164
28979
27094
27024
28071
38127
28561
28211
53071
26675
27094
28071
26815
27094
43295
27234
26744
27024
26954
27164
26954
27234
27164
27164
27233
26744
38686
26605
28071
27094
27094
27234
27234
45948
26745
27164
28980
29538
28142
34286
