7953247
8012821
7970568
8107595
8096839
8599762
8141188
8126941
8156972
8576715
8234146
8108852
8176178
8076865
8037195
8040757
8009329
8050815
8181835
8082942
8204324
8726802
8566239
8237149
8075748
8113112
8125265
8259708
8138744
7913228
8136858
7946961
8069672
8424672
8096141
7963583
8020225
8091461
8109341
8154737
8856147
8439338
8585375
8603882
8499051
8696421
8238476
8059195
8021411
8111296
8556043
8087411
8549687
8163538
8154598
8709901
8049977
8652143
8393034
8130433
8080218
8059755
8318165
8755159
8084827
8755577
8159557
8086434
8061989
8029513
8474888
8317397
8050955
7972663
8084967
8085386
8136090
8034751
8253702
8070999
8492766
8094256
8630981
8231144
8193150
8059614
8074072
7965749
8522868
8972502
8691114
8190985
8273257
8130922
8613032
8287645
8026092
8030422
8134833
8202509
8028327
8154180
8159348
8063247
7991660
8052351
8368311
8856567
8145170
8245950
8040060
8119888
8170802
8164935
8243646
8183722
8143564
8368660
10778583
8817177
8905665
8059057
8133018
8114789
8105151
8089717
7971616
8077704
8180370
8134274
8207678
8690067
8268090
8083850
8032656
8058568
8069393
8026162
8047602
8289671
8219830
8101171
8111647
8567567
8151177
8100682
8143285
8166891
8271093
8057172
8013800
8039921
8085736
8159069
8085457
8862016
8185539
8107177
8009959
7957299
7901985
8587612
8134834
8113393
8248954
8652075
8106828
8544310
8408400
8049558
8140142
8205234
8195317
8225906
9088509
9164426
8498704
8131831
7984956
9944895
8137767
8102149
8065762
7949197
7948569
8104035
8024975
8318166
8088669
8017851
8097609
8493326
8225558
8172129
8126873
8145380
8234218
8140003
8127850
8170454
8125756
7990823
8315583
8325430
8488438
8082943
8131413
8102009
8696703
8055706
8057381
8258942
8445626
8278357
8370617
12129932
8847140
8146288
8189380
8126873
8067997
8061362
8107387
8008842
8073026
8074143
8057800
8324801
8814385
8020855
8047953
7971966
8184841
8040061
8038664
8365030
8112696
8002207
8080638
8355461
8334859
8318795
8322567
8206142
8437385
8410357
8192663
8057591
8136442
8114302
8052423
8151667
8777160
8423138
9073005
8436966
8474051
8290999
8070163
8358186
8325221
8260548
8044881
8033217
8546267
8407493
8175552
8305596
8246161
8117934
8089649
8223672
8117724
8290649
8115839
9740543
8305665
8612615
8228143
8203698
8030982
8028677
8085947
8029376
8720309
8204955
8110671
7997110
8012614
8433823
8381653
8175902
8156905
8164238
8052843
7977974
8777301
8203769
8015268
7936278
8036291
8690140
8382142
8624069
8084830
8055497
8060176
8022393
8062900
8206911
8173877
8023300
8100474
8304828
8294841
8267254
8187495
8412243
8161235
8200625
8306504
8341215
8245603
8129668
8098728
8096353
8603816
8243299
8136791
8184353
8158302
8039852
8026164
8329901
8163191
8096353
8160328
8255661
8396389
8050120
8002349
8019040
8047535
8108157
8055707
8096703
8253566
8083014
8078195
8045720
8629867
8414967
8049490
8245184
8197623
8140213
8075960
8233871
8260480
8071351
8065345
8085179
8485576
8356371
8251819
8224582
8098938
8109903
8059478
8132811
8083573
8044811
7979790
8090697
8367196
8232752
8030005
8070792
8171573
8043484
8222556
8045300
8331088
8449818
8095865
8055846
8324175
8399812
8382980
8143986
8075123
8056895
8040063
8028329
8256778
8822349
8176602
8150900
8033917
8421812
8157465
8130297
8160747
8279756
8044812
8029866
8226747
8321520
8150620
8218925
8107878
8368594
8218645
8010590
8629588
8124360
8066812
8310486
8259991
9443861
8195528
8347152
8082177
8460433
8320054
8171014
8091256
8072958
8125408
8182677
8100336
8272912
8207890
8662413
8134068
11681209
8204748
8084762
8074146
8061714
8065136
8094888
8099707
8047327
8095377
8068209
8103898
8610173
8673938
8312023
8107948
8036990
8143986
8144126
8054799
8122545
8220392
8218995
8158373
8292957
8494168
8277592
8060806
8220811
8037269
8048793
8116469
8367756
8859225
8646700
8361610
8165567
12164786
8189173
8090070
8147758
8099707
8005073
8057943
8128831
8238411
8722337
8074983
8047188
8377254
8322430
8026654
8091676
8085809
8029378
8114723
8153695
8410010
8114164
8061295
8311046
8273122
8474542
8713678
8053404
8111790
8153554
8394645
8132812
8793086
8281503
8114374
8320055
8445140
8514282
8208240
8256011
8108926
8027213
8041111
8527761
8370410
8375299
8442695
8284716
8130228
8502968
8368036
8110393
8201256
8123454
7981467
8060806
9002259
8673589
8028540
8041391
8083924
8527343
8144476
8110673
8068210
8283808
8284297
8090419
8065067
8695938
8122686
8085600
8642580
8108997
8567082
8267954
8216482
8181980
8189035
8092514
8157187
8267535
8191759
8543057
7954858
8410360
8912444
8190990
8239808
8136235
8151390
8087626
8203212
8264322
8251821
8072959
8066534
8153555
8535165
8221021
8094609
8078756
8360144
8184844
8105365
8205936
8169829
8312233
8071074
8082528
8529229
8316703
8230590
8199232
8638041
8203632
8106762
8166407
8076312
8046350
8063391
8137912
8257060
8361751
8057036
8156978
8105017
8188477
8261459
8073448
8289536
8076242
8055919
8088743
8814738
8549762
8348831
8033430
7994458
8026446
8121079
8039367
8961962
8246933
8199930
8050122
8014713
8394716
8175067
8117169
8180165
8023442
8054312
8118217
8273891
8083157
8181631
8041881
8052916
8401770
8358819
8050751
8107252
8123595
8129741
8064021
8043767
8260553
8109976
8183728
8200769
8911328
8567572
8348551
8069189
8105296
8251962
8667375
8136445
8136446
8198045
8104109
8910700
8557725
8529090
8145106
8087138
8028541
8071353
8002700
7962472
8090630
8798535
8070026
8110045
8065417
11937597
8205727
8081481
8141613
8049075
8073798
8075264
8407008
8122757
8109347
8491376
8847773
9710516
9074826
9144807
8939126
8908046
8777584
8813203
8303924
8113049
8137353
8033920
8225074
8484113
8274451
8076802
8132046
8069538
8173601
8258318
8229403
8215575
8188966
8443745
8094192
8483624
8234572
8079456
8080574
8003469
7998441
8051729
8109417
8077221
7873496
8057875
8042929
8491307
8126109
8181913
7992783
8063252
8063672
8220395
8484323
8256572
8155513
8190992
8023304
8551091
8133303
8158376
8115145
8049913
8022326
8118428
8094402
7999838
8112561
8077221
8052218
8607732
8285138
8037970
7991038
7998999
8146573
8119685
8540195
8130300
8737845
8183868
8067304
8616532
8194623
8298267
8193227
8135399
8195811
8217671
8268236
8157888
8164592
8224446
8108719
8536913
8337658
8750206
8286674
8410362
8371949
8144966
8098522
8624564
8048657
8142803
8051800
8379283
8862791
8242325
8070168
8002841
8325575
8148040
8403727
8191551
8064930
8261602
8205658
8179888
8250776
8002982
7981819
8137215
8142383
7872798
7970575
8192948
8261951
8108650
8125901
8042651
8375511
8209710
8129812
8117311
8194205
8671217
8156211
8152719
8183030
8070377
8104111
8244001
8581263
8185125
7724596
7730742
7664882
7721383
7703923
8203983
7656012
7673821
7753860
7693308
7749111
7823421
7719429
7801840
7830405
7796602
7832361
7765034
7719637
7665232
7725923
7714748
7721175
8264815
8249938
8216973
7716285
7669352
7726831
7685276
7682692
7702387
7697638
7648400
7743732
7671518
8244282
7918963
7854779
7698266
7738494
7769434
7771739
7695543
7730603
8270961
7799815
7762031
7760565
7800164
10831392
7745758
7684577
8263557
7881110
7723619
7717752
7719148
7685834
7795764
7715658
7790038
7805821
7998722
7718241
7810850
7773834
7768736
7777605
7768596
7845212
7644489
7666909
7680597
7748482
7725854
7818463
7699035
7652381
7718311
7653359
7682692
7683600
7648610
7753161
7678222
7696032
7701061
7784171
8260904
7675080
7700222
7818672
7839834
8030429
7743174
8404846
7910023
7892354
7893542
7776698
7832361
7816996
7753860
7830406
7746876
7740171
7791294
7884602
7782425
8285488
7745060
8214041
7750438
7925389
7695823
7727041
9175050
7858901
7728927
7763079
7695822
7780959
7719359
7711188
7676826
7699385
8047262
7761054
7691283
7733048
7684928
7728718
7724947
7695195
7677664
7682204
7691074
7708394
7695404
7983846
7723899
7727880
7741568
7711537
7645956
7706648
7699734
7735841
8258879
7685766
7722502
7737867
8870684
7728717
8425031
7755885
7675290
7713493
8011782
7672007
8017649
7660344
7684858
7706718
8111375
8223191
7893124
7701131
7677665
7676058
7704972
8203984
7664325
7731512
7744781
7812108
7875384
8384453
7775232
7759029
7755747
7819791
7698128
7698127
