2758003
2945803
2901874
2752904
2706320
2765895
2729229
2718263
2779094
2853404
2701222
2691444
2679781
2753882
2718542
2735514
2721476
2774345
2905575
2772040
2780352
2780770
2794529
2751926
2763519
2775672
2699127
2721616
2756746
2730765
2799069
2701711
2790129
2793272
2787336
2837970
2755000
2752834
2751717
2708625
2701502
2726155
2699756
2778535
2670283
2757305
2679153
2748294
2720219
2735095
2810313
2828541
2852567
2776092
2753393
2883646
3013689
2835456
2792993
2898172
2771063
2816110
2775533
2726714
2628239
2720708
2793900
2745990
2851659
2833919
2784193
2865976
2771901
2679921
2815132
2894751
2740054
2737051
2815202
2712117
2684600
2671121
2732930
2848307
2809964
2888534
2823443
2778396
2763171
2787475
2763241
2778186
2734885
2661344
2750320
2719660
2733978
2706111
2709393
2735793
2763521
4083087
2950344
2839506
2695286
2725876
2711070
2725597
3012362
2703318
2702898
2700245
2793761
2793063
2697172
2692981
2725318
2757235
2726784
2877919
2799279
2845024
2782727
2709603
2741451
2732581
2736492
2926458
2703527
2718683
2776720
2773577
2735654
2729997
2713793
2691026
2882389
2807589
2793622
2714003
2728670
2767781
2756955
2785101
2855430
2965220
2844954
2851659
2813246
2771412
2869329
2792504
2845234
2840484
2950623
2870795
2768270
2748435
2774345
2772879
2729368
2706670
2738587
2711838
3055593
2779095
2732232
2751997
2775952
2917100
2871843
2775323
2725876
2744314
2698709
2705273
2719032
2719800
2823165
2740543
2697940
2727971
2739775
2706671
2684671
2744593
2813038
2872262
2760168
2712537
2739006
2743826
2760378
2854034
2741591
2788523
2775114
2777210
2719312
2698289
2714702
2671890
2631103
2827355
2718054
2798091
2765127
2745641
2868002
2711349
2729438
2662461
2703598
2801514
2754721
3145688
2750460
2717146
3085695
2802980
2884135
2786568
2729788
2889233
2763102
2759819
2804028
2750042
2777628
2740123
2744524
2737749
2748854
2742988
2779584
2993576
4236737
2895449
2877360
2768479
2755070
2739914
2702829
2747388
2755070
2774416
2750949
2775044
2727343
2694797
2661274
2667350
2682086
2900408
2764429
2745990
2688721
2727273
2715890
2696963
2757654
2739915
2788733
2751718
2786638
2713305
2714423
2816390
2698918
2724550
2866605
2749553
2767850
2809406
2751718
2683903
2674404
2644303
2715889
2706949
2636830
2704855
2732232
2721197
2843977
2964592
2941824
2962007
2767083
2749972
2745432
3041975
2741032
2824492
2740892
2724340
2734886
2732372
2821838
2727693
2768549
2827425
2777978
2820650
2888955
2718963
2751718
2747737
2697801
2749204
2703877
2820651
2722454
2784962
2742848
2746898
2896636
2713864
2734887
2736073
2878618
2975697
2776791
2804378
2769108
2725388
2727972
2728810
2677827
2738658
2744594
2819114
2743826
2855640
2714703
2829450
2955791
2838600
2733419
2729858
2739216
2735236
2712188
2752905
2767362
2729438
2770714
2702760
2750181
2897824
2757235
2712538
2879875
2970389
2863253
2727972
2726435
2712607
2718823
2693610
2718054
2737400
2716238
2791596
2795368
2688023
2695636
2687045
2739216
2758702
4458622
2926319
2899012
2886510
2811292
2770715
2623351
2715680
2807311
2722454
2670005
2714353
2681039
2679713
2730067
2783775
2824422
2711629
2806053
2825330
2861508
2726156
2745293
2745363
2742988
2833641
2799140
2868003
2737051
2710652
2754372
2819044
2720918
2862206
2808359
2887488
2826028
2830777
2799628
2706182
2737122
2707230
2740893
2691865
2704156
2685090
2692144
2705693
2893146
2934630
2849704
2742220
2814644
2807940
2755839
2991411
2808149
2757305
2767292
2767642
2831546
2743756
2706252
2741102
2716588
2887767
2771414
2788315
2794041
2928345
2911304
2794111
2813946
2766664
2833153
2979049
3053848
2962217
2829799
2846631
2763451
2727483
2825819
2730277
2738379
2674055
2981074
2817299
2753464
2726226
2716868
2704505
2748575
2728531
2702201
2769598
2696753
2719102
2707230
2704646
2933863
2736143
2904739
2860390
2887418
2701503
2763731
2746341
2730766
2710792
2688931
2688722
2691027
2736772
2664417
2708207
2782657
2714982
2813597
2947481
2750461
2733979
2711560
2686557
2627472
2694309
2710513
2719382
2748994
2960611
2706881
2697103
2706182
2796975
2723433
2912142
2809895
2785382
2720430
2697173
2856339
2766175
2739007
2772950
2755350
2720639
2819813
2710513
2678106
2720081
2965780
2758143
2906624
2780353
2840835
2753883
2739426
2734119
2807451
2727693
2702690
2707998
2703598
2693541
2705624
2706671
2805844
2761077
2737890
2958028
2776722
2754792
2726645
2766175
2758143
2756956
2679782
2739985
2730138
2740893
2771134
2688513
2670983
2867514
2828264
4318871
2823934
2742639
2730068
2797534
2702061
2733979
2733490
2690049
2694798
2698291
2732093
2900898
2760588
2828892
2743617
2665186
2829870
2744246
2765198
2946993
2751090
2769039
2780074
2727344
2755350
2759680
2759680
2741452
2763242
2821489
2731045
3089956
2738309
2877013
2792226
2724271
2745712
2807940
4596487
3291377
4659763
2744944
2679643
2717357
2750881
2635713
2867933
3870285
2835876
2732512
2730418
2731744
2736494
2831267
2815693
2855571
2759261
2784125
2783077
2832594
2733001
2716938
2830778
2802912
2877920
2797115
3678223
2742988
2791178
2724272
2855572
2745991
2735096
2724970
2737820
2747109
2708347
2722734
2713795
2863883
2903831
3012363
2847400
2925273
2759681
2780214
2722526
2856969
2764779
2868003
2828544
2765408
2752068
2746271
2723224
2726715
2789433
2719243
2749205
2889863
2775744
2752976
2799350
2743896
2762544
2770017
2749833
2740335
2773789
2772531
2814575
2724900
2759890
2767921
2750531
2763313
3029475
2855781
2707161
2700595
2750182
2711840
2746411
2747179
2766246
2818836
2775534
2761357
2757586
2822607
2744246
2742500
2885044
2790690
2800607
2889444
2767712
2737751
2695637
2741662
2659878
2760100
2684393
2725948
2788734
2650171
2735097
2927577
2796486
2943501
2802214
2741104
2799560
2694100
2805845
2679224
2698151
2736773
2779027
2753815
2722386
2756887
2750742
2745853
2696335
4393602
2794810
2758005
2777630
2794461
2828473
2867096
2764849
2712190
2833502
2719872
2787058
2759471
2752767
2754094
2701574
2800537
3052243
2774836
2796417
2848867
2873660
2841324
2834270
2762824
2809198
2728182
2713796
2727275
2719732
2810315
2723014
3793741
2847191
2820232
2703948
2736284
2697941
2682926
2696545
2817579
2719522
2771204
2752208
2688723
2812131
2847610
2855572
2744805
4367481
2777211
2742989
2780982
2699897
2716659
2694101
2678247
2705974
2739078
2710792
4672125
2722316
2706183
2937216
2734189
2866677
2934562
2778608
2701713
2838042
2695777
2724691
2709395
2793833
2726297
2812481
2798652
2692564
2702761
2726088
2790760
2844328
2831826
2786290
2752558
2720012
2737960
2718266
2751929
2761148
2709465
2743408
2719034
2704856
2722805
2730627
2976257
2717148
2806963
2919826
2736703
2776233
2711351
2723015
2748786
2762055
2696335
2718056
2680621
2725808
2746481
2723993
2787338
3031710
2788037
2832734
2827916
2774557
2821630
2718824
2900689
2754582
2786011
2746202
2740545
2703250
2707580
2621955
2721548
2683135
2765757
2705764
3012154
2850334
3027240
2959425
2811083
2927647
2944200
3024796
2840557
2819534
3014250
2730488
2778329
2759821
2869889
2740545
3007126
2902505
2768761
2835807
2642000
2758493
2795090
2727764
2720430
2706323
2769738
2725180
2711142
2725669
2757516
2764081
2759122
2843140
2817160
2798373
2760239
2783217
2717567
2719243
2735656
2857947
2714285
2709465
2743478
2714215
2728882
2845026
2782728
2712050
2872473
2920454
2861928
2766176
2942524
2708558
2683834
2692843
2685231
2727415
2769390
2806055
2785173
2726647
2715891
2720710
2705485
2882391
2921641
2877921
2796347
2864512
2886442
2820233
2753606
2711911
2723643
2663231
2748507
2693752
2729091
2771274
2753885
2702342
2841255
2788456
2801935
2768062
2739288
2761078
2746412
2719104
2781122
2738240
2768551
2765617
2750043
2908163
2779376
2761079
2780494
3045888
2806893
2725669
2805147
2875407
2751789
2716171
2718685
2844329
2694101
2656806
2687256
2741872
2757027
2793274
2768132
2786081
2888327
2763523
2755352
2863884
3097989
2763034
2836297
2743548
2769599
2916614
2737123
2731046
2740126
2743548
2752139
2740754
2762056
2842023
2759053
2843770
2781891
2766595
2737333
2755631
2735726
2859763
2800957
2772532
2723155
