17263541
16409038
16581335
16365108
16369787
16183591
16254480
16276131
16764109
16151325
16521342
16432574
16268798
16651595
16715220
17030063
17645430
17101579
16583152
16387527
16565830
16700344
16404638
16851969
16712147
18173986
17640471
17167162
16630923
16654041
16307420
16471616
16357007
17492060
16481603
16502556
16955753
18188304
17630067
17330030
17092850
17007365
16685958
17448131
17211161
16393185
16532238
16356728
16371324
16310773
16378239
16315731
16617164
16530562
16490264
16676460
16367763
16550886
16549698
16841144
16444797
17071131
16544181
16547185
16396957
16431878
16071708
16184431
16246101
16203638
16585038
16274037
16184291
16495852
16440468
16485236
16330817
16469452
16428665
17568467
16406316
16396747
16401706
16576728
16900160
16873621
18149962
18531783
16715362
16283466
16744486
16410157
16355751
16273339
16371954
16242330
16635743
16566811
16667172
16878860
16606550
16517363
16476157
16550398
16611718
18212820
16461421
16444100
16766346
16483770
16583713
16263143
16302044
17561415
21922766
16343110
16353098
17139715
16364761
16451015
16495084
16320272
16240654
16722695
16394793
16240584
16218374
16175842
16363155
16314685
16239466
16426081
16907914
16412324
16976987
16312032
16186459
17292807
16252179
16241214
16329772
16322788
16162922
16224382
16173258
16276134
16206363
16414069
16153284
16483212
16191347
16323556
16247709
16191278
16255950
16346394
16221589
16164738
17765770
16211042
16129957
16174445
16216420
16182478
16337943
16326978
16452971
17242314
16480210
16530844
16345556
16191907
16373005
16232345
16196795
16307494
16736526
16248758
16355474
16561365
16972239
17468179
17648997
16894506
16758177
17711923
16434744
16544813
16475251
16470711
16595866
17551848
27966797
25042211
18240968
18019782
17046689
17246993
16851344
16790862
16759434
18832451
18060709
16538248
16622128
16256580
16354357
16206434
16648108
16268663
17078956
16455487
16573379
16489500
16869154
16893948
16671155
16677022
16771657
17326333
16529798
16358757
16339272
17589493
16556198
16521906
16440262
16895415
18348873
16459887
17007299
16652927
16610883
16329145
16607950
16637073
16312664
17381089
16411628
17683919
17193706
16635817
16453812
16428460
16575824
16672903
17939118
17995898
18379604
18264436
18527946
18848236
17750477
18105828
16739949
16551798
17171706
17204043
16606344
17023154
16481748
16415538
16751194
16495926
16282352
16273482
16171305
16271108
16272435
16259724
16273692
16968749
16494599
16269223
17207954
16361064
16257281
16462403
16343604
16400734
16534968
16353940
16213141
16367420
16208811
16164741
16310708
16007599
16704192
16725982
16302467
16304423
16434676
16205528
16182620
16324607
16341299
16299953
16572402
16259515
16178918
15936990
16219217
16237725
16123954
16185484
16284030
16562206
16322233
16204760
16405274
16238005
16364766
16259516
16249668
16025130
19161265
16298418
16346398
16555711
16318462
16589584
16638542
16730383
17508410
18591503
17398621
18560144
18036268
16424968
16416308
16635260
16337667
16739882
17187282
16458912
16570517
16227529
16615076
16453674
16299116
17721915
21631538
16709222
16654886
16360577
16438588
17129804
16654816
16484823
16701959
17321447
16428252
16878377
16450322
16267479
16684219
16182133
16238146
16031835
16792333
16336900
17803629
15976242
16682892
16464709
17071627
16242057
16351846
16437052
16277885
16253231
16248482
16103283
16277746
16225364
16281587
16280680
16584697
16206159
16442431
16346819
17335905
16816708
16933622
16941234
16314133
16822575
16494323
16620036
17700405
16518069
16517300
16459263
16502564
16433421
17342680
16398641
16626531
16525262
16333758
16438101
16288362
16300374
16607046
16843946
17156973
17141328
16339345
17330528
16252952
16351149
17545778
16489364
16630863
16390610
17564076
16227950
16283195
16385162
16254350
16298839
16548170
16257074
16303658
16358692
16432514
16241919
16390330
16233747
16385163
16955482
16291994
16428184
16317067
16337670
16368959
17505410
16266293
16435587
16673535
16197919
19013554
16576596
16177316
16710760
16564304
16314763
16317697
16526939
16296675
16467994
16334179
16173964
16290947
16684920
16204694
16541536
16423227
16374896
16678355
16957439
16256446
17372573
16198967
17339050
23995865
18633970
17639296
16521213
16389633
16673397
16287595
16237659
16066828
16590495
16454864
17402116
16944658
16367563
16722424
16552921
16557950
16081356
17090766
16554808
16470789
16470789
16615988
16264758
17111928
17561145
16712787
16819155
16308548
16989567
16645461
16656844
18535984
23328257
19200730
17817042
17056754
16986074
16955066
16690927
16443061
16384256
16444389
17163610
17061713
17273121
16892069
16416173
16515696
17189731
16800159
17042088
16974552
17240017
17775487
16482872
16419806
16258264
16431050
16478961
21380326
16298701
16326777
16296397
16106500
16276632
16524846
16349476
16407165
17347782
18325345
17932350
16589310
16344098
17502060
16254283
16352269
16322238
17874801
16464922
16818527
16483780
16404021
16587773
17902528
17463579
17750136
16714116
17408335
16434194
17075613
16610123
16481476
16312042
16287039
17831989
16399762
17390944
16473863
16781164
17202723
16506060
16671443
18122947
19038352
17204957
16899683
16386352
16264760
16209725
16334670
17037270
16609215
17296659
16261896
16546986
16222017
16285712
16216918
16466320
16266297
16592105
16988591
17072261
17123943
16422461
16412613
16346963
16238221
16230678
16475889
16220341
16269020
16266925
16355623
16063479
16374131
16449419
16389496
17481878
16730110
16854985
16206863
16562003
16187027
16700708
16169567
17692587
19252554
18916341
16470163
16136463
16428608
16666346
16279987
16398507
16293745
16499426
16759863
16606423
16233263
16524919
16210425
16415757
16450957
16646581
17963781
16710905
16637293
16278730
16218666
16605166
16403046
16190520
16806377
16695051
16799812
16485179
16275447
16449421
16775298
16493490
17582590
22109118
16572480
16846676
16388449
16639946
17398419
17246097
17263347
17252732
18832323
17088186
16728576
16438107
16534348
16522265
16647769
16485110
16850937
17217462
16656290
16862042
16459478
16801420
16780328
16467650
16545033
17609339
17117589
17036714
18415304
19883848
18868221
17292121
16930556
17588387
17136516
17049913
17093005
18169114
16939914
18360759
17557728
18335825
16996555
16958143
16519263
16658875
16663974
16397740
16629751
16371200
16981121
17684698
16668862
16470583
16509695
17450871
16596437
17060041
17909167
18032017
17586712
18681468
17910005
16397111
16925877
17763898
17656692
17651873
17780311
16650844
16626329
16660900
16815598
16783123
16594483
16854291
16873427
16402559
16957934
16174389
16079406
16161539
16231589
16191360
16823491
16161958
16427074
16211474
16284598
16202116
16480363
16476730
16936494
17001864
17222213
16333557
15825813
17352885
16180675
16141354
16268604
16264763
16700501
16595320
16356883
16197716
16251145
16215247
16315119
16256243
16265253
16642674
16602026
16188638
16138213
16417367
16245837
16457316
16186193
16918824
16486648
17410784
16779771
17574422
17099433
16863720
17199306
16824120
17529862
17598447
16528903
16478757
16313094
16497474
16535538
16484205
16303247
16976932
16365265
16290046
16232288
16047140
16218391
16192479
16378816
16091419
16915333
16630312
16441952
17035809
16561868
16458573
16407101
16479107
16471913
16718801
16393551
17096501
16847657
16453685
16782775
16321057
17211739
16455082
17796028
16340682
16410034
16537494
16479176
16379444
16352555
16478967
16477920
16300035
17618701
16321057
16224188
16676618
16331394
16244512
16527577
16741361
16230404
16564942
16274333
16258759
16421139
16871613
18580133
17292964
17613604
17068914
16851500
16513469
16555234
16844725
17111378
20526180
21419097
18669528
17334520
16767760
17025683
16453266
16387756
16690795
20878388
16650078
17134984
16419952
16700782
16698479
16322735
16433781
16277059
16797025
16583939
16470239
17797006
16479667
16238995
16371134
16392645
17058718
17893667
17198470
16326855
16307369
16264487
16303459
16208685
16601609
18163881
17453669
17758664
16605660
16825869
16688841
17752518
16541616
16609990
18128122
16620956
16635622
16364848
16398512
16285859
16351649
16678296
16391249
17286610
17136732
16342151
16355141
16280621
16651337
16328112
16751419
16247307
17093989
16135771
16192482
16291726
16304437
16321129
16328392
16396767
16486651
18632095
16900250
16430849
16416182
16711330
16165872
16196254
16268958
16316519
16282577
16303109
16161961
16313517
16160496
16195765
16124947
16312679
16345085
16195347
16912403
16344456
16252266
16330489
16220000
17503676
16238158
16615718
16412203
15993087
16702182
16755680
16160496
16253104
16340545
16250939
16406056
16501668
16231594
17062211
16194299
16244095
16346622
16614112
16801006
16796188
16366037
16223771
16262882
16256457
17397100
16299270
16708468
16394533
16771395
16641561
16324413
16253594
16179423
16194788
16127391
16225168
16157912
16789903
16155398
16246750
16209245
18351826
19121403
18454492
17023521
19002673
19292164
18398689
17206085
16648405
16548323
16354235
16509770
18725754
16593161
16394743
16917572
