5008130
5181614
5001634
5160731
5046961
4940314
4893591
4955051
4930746
4914892
5005476
4939336
4903089
4894709
5017697
5029920
5102903
8025523
5048498
4956448
4988574
4990041
5046053
5013577
4926136
5047381
5202846
5254318
5226452
5621610
5181195
5373396
5253201
5030549
4988924
4879833
4916290
4975025
4994651
4995838
4935845
5310679
4971883
4978029
5215556
5028314
5308095
5155145
5011832
4937940
5099691
5292102
5094593
5015323
4930886
4978029
5003520
5296711
5351117
4973140
5411250
5068682
4980892
4924112
4893103
5055202
4999260
4928931
5033203
4968810
4988924
5134262
5085234
5059044
4997305
5171557
5282814
4976423
4917896
4880950
5009527
5060581
4875084
4928163
4946600
5000798
5022797
4946950
4935636
5298457
5013718
5266052
4924531
5038022
5281836
5113450
5009038
4996117
4994163
4955819
4991089
4981800
4932702
5202287
5145996
5026149
5060999
5070428
4968112
5227570
4871103
5020143
4925928
4942271
5043680
5031387
4963711
4998422
5173932
5035508
4937452
4902392
4904696
4901134
4891775
4993254
4907071
4949604
4977959
5074199
5016581
4971394
5148929
5016511
5003381
4945903
4929071
4942760
5024542
4984594
4903370
4929560
5089425
5047521
5124415
4983058
4992068
5686283
5225126
5024752
5074479
5054365
4962315
5049337
4943039
4853364
5010016
5242725
4906093
5188878
5302788
5079438
5134752
5613090
5344763
5209970
5010645
5133355
4947998
4846310
4895688
4999610
5096549
4946741
5019445
4977401
5011832
5270452
5097596
5019305
4907351
4947998
4935007
4940805
4944786
4911611
4925510
4930747
5036066
4970417
4943319
5053317
5121552
5083070
5027476
4977611
4993883
4999750
4918106
4939199
4995071
4850431
4833111
4972302
5010715
4938290
6570326
5053527
4992975
4973280
4958963
4912519
4831155
5013299
4996328
4960150
4895828
6122298
4985014
5161990
5344344
5149768
5064912
4911821
4888215
4930258
4863701
5026848
4967623
4928792
4992627
4969229
4977820
4947230
5242795
5104441
5131749
5109191
4994163
5033622
4964690
4985293
4968043
4979427
4962176
4969509
5007572
4939897
4866075
5110866
5033833
4944017
4939897
4912519
5082371
5012741
4986131
4965528
5044658
4925719
4868310
4888634
4978519
5008830
5625313
5388414
5046334
5019934
4966017
4973770
5022309
4882768
4941364
4990881
4956380
4994861
4970487
4961757
5241329
5053178
5171908
5117222
5226802
5317945
5086073
4987249
4977123
5059743
4965110
4992557
4920412
4963293
5140200
5093477
4982360
4996118
5019027
5305303
5287913
5299855
4900507
4892126
4841142
5007433
4926068
4931377
5041515
5058975
5063166
4944577
4975376
4956309
5263888
5122880
5548209
4952678
4961478
4911263
5010855
5238676
4963923
5225685
4999123
4953936
4922368
4946602
4944018
5013719
4966087
5098994
4929560
4866984
4911612
4861536
4896037
5224777
5034392
5063236
4914964
4915174
4933752
5300135
5103534
4956170
5227920
4891777
5084677
5180847
5015605
5322205
5122671
5140759
4931796
4983618
5056252
5109819
5081744
5094454
5025452
5098366
5524394
5017490
4948278
5092778
5148721
5149559
4972443
5377239
5143552
5105909
4981872
5008970
5100462
5318713
5034742
5028526
5011554
4990741
5334846
5518876
5587111
5670989
5578730
6047361
5290987
5221286
5218911
5183152
5039072
5208575
4960291
4956101
5020982
5421518
5163947
5029434
5078252
5291895
5048570
4925510
4999821
4921250
4906724
4937523
5136709
5002405
5246568
5125464
5174492
4955192
5015116
4950583
4943529
4941713
5099204
5322275
4966577
4960780
5153331
5023217
5040957
5002684
5248035
5151096
5040747
4939967
4944507
5440585
5122391
5512312
5071128
4936406
5008411
4972583
4974050
5304187
5227501
5044170
4961758
4955193
4972234
4994933
4965530
5019866
4980266
4972234
5065332
5070011
5115128
5055274
5194886
5194607
5290708
4963783
4994164
4995072
5009110
4961758
5061072
4940247
4998704
4954494
4982640
5007643
4952609
5368859
5091732
5319551
5243984
5096131
5010018
5009390
5293990
4964692
5017141
5370256
5057091
5000380
5031808
5429620
5088100
5067986
5195585
4924533
5141249
5247965
5245590
5129376
5238047
5228760
5612813
5291546
5298181
5859490
5489404
5346301
5381780
5298111
5372282
5321089
5294410
5298180
5324790
5315990
5314664
5331145
5438560
5506097
5388973
5303908
5375355
5410834
5453995
5232530
5335266
5325209
5212695
5369488
5368440
5210322
5473131
5314803
5289660
5310892
5300136
5277578
5428922
5172328
4980895
5104932
5200544
5197400
5168975
5084050
5243077
5104513
5154379
5013790
5005549
5005688
5062469
5052551
5102348
5013161
4962666
4915245
4904769
4869080
5209554
5021892
4934172
5167509
4982361
5050177
5117015
4969162
4942203
5005409
4942762
4992768
4944578
4924115
6590722
5157871
5086354
4989904
5303908
5068057
4914546
5248734
4932426
4995072
4972863
4966508
5042285
4997587
4917410
5309495
5138106
4996190
4972653
4943740
4974190
4892057
4955892
4941854
6434698
5028805
5065402
5074062
4975238
5273317
4986273
5086075
4947441
4990464
5064075
5032857
4974121
4987740
4992768
4947442
4975727
5089078
5328073
5143205
5324790
4990114
4932356
5251388
4940806
5012114
4930191
4947442
4924674
4957708
4967626
5050247
4971397
4893943
4925721
5175891
5096900
4984247
4997308
4927886
4944089
4980826
4973911
4929772
4899112
4967416
4903582
4957289
4909169
5377730
5038234
5025174
5073225
5086284
4990882
4986832
4991301
5205642
5038583
5136990
5621962
5136012
5027618
4940038
5104862
4998216
5091104
5125954
5033137
5012464
4984108
4942553
5047384
5033556
4950376
5035791
5228411
5009809
5688730
5061632
5260817
4894502
4919924
4970001
4977403
4919436
4912243
4910845
4991581
4943741
4989416
4994933
5219821
5153751
5177427
4953797
5054508
4967067
4997029
5004501
4936337
5128399
4927608
5259839
4933963
4989486
5478930
5145161
5055136
4894642
4913290
5005689
5014838
4978801
5237560
4977613
5038095
5160177
5058140
5056673
5019657
5246570
5020426
5027200
4958896
5208088
4965531
5010439
4995633
4959386
5098648
4983061
5342461
5091384
5071969
5044102
5153542
5017144
4932566
5203338
5203618
5198520
5113872
4968464
5337572
5077415
5051645
5019867
4969442
5078184
5182107
5020845
5019797
5053321
4988998
5022801
5150819
5049759
5115688
5120088
5040679
5037677
4991861
4939690
5166812
5083841
4996261
5086914
4972934
4966788
5044382
5097320
5054088
5016514
4906097
5098577
5098228
4949048
4921741
5152355
5139574
4970140
5069384
5050248
4871735
5065613
5041658
4977334
5052762
5123999
5001499
5108705
5148025
8089784
5099835
4975309
5002197
4909799
5252227
4959875
5039563
5226107
5488777
5188393
5446315
5002687
5036559
5105702
5113035
5111219
5025175
4963157
4967697
4927329
4941018
4963646
4973075
4934312
5042984
5000801
4995842
5252646
5290919
5101861
4986064
5067988
5042216
5093829
5002757
5073366
4958408
4952471
4960572
5189860
4997727
4970071
5093549
5145650
5036559
5028039
4930262
5064565
4939691
4917132
4970769
4952960
4920066
4965532
4889406
5000312
4999195
5278068
5594307
5071829
5031391
5263682
4931030
4948211
4974332
5045639
5020915
5023779
5116318
5007156
5000033
4991862
5009042
5359083
5322488
5278069
5142578
4947373
4908402
5280444
5203758
4889615
5137689
5075810
4980059
5250761
5031741
5297554
5261307
4999404
4998356
4958059
4952122
5107658
4974821
5007017
5008413
5277580
5122393
5348049
5076020
5070013
5253694
5211301
5045011
5075112
4961271
4985436
4942344
4969373
4895412
4918041
5081817
4950796
4955126
5266266
5388557
5141739
5026852
4961272
4944021
4916154
4920834
4927399
4909800
4929564
4968674
5001989
4931170
4959106
5061912
5315643
5044313
5403433
4967347
4929773
4883259
4937316
5113944
5220799
4979291
4959596
4972376
5033766
5292945
7582741
5532778
5056185
5012674
5023360
5060026
4981456
5042706
5023290
4957081
5063379
5150051
4975729
5140623
5081397
5233929
5358176
4999964
4925793
4936618
4966091
6631302
5199289
5539833
5127353
5308100
5058072
5036141
5131683
5249924
5143487
5052484
5029716
5158362
5073785
4992002
5011278
5008485
4935431
4925234
4943113
5060865
4960783
5225549
5105912
5004713
4994726
4985436
5096484
5305167
5225619
5118692
5317180
4918879
5003735
4952332
5067570
5042008
5251181
5112966
5038726
5028599
4999475
5037538
5128960
5264660
5458468
5502816
5149912
5051925
5034744
5109543
5205155
5122115
4917622
