339983
355628
357373
357163
329437
332441
374833
383564
373087
351996
360307
336561
338517
345081
346339
337329
338586
346268
359328
356745
372249
343894
332161
343894
334745
340122
369665
354719
324828
354230
326854
342917
341310
337259
352275
392153
357233
389640
406262
381538
326434
349971
342287
369525
358282
349971
403119
401163
353043
335373
341101
349202
338167
356884
344383
341589
365894
345431
329786
332510
332371
359608
368897
352414
367920
333348
398439
350320
345221
344802
338936
338935
371621
357374
337259
353392
344732
370643
342218
334046
337049
319031
344592
353881
342358
397741
369735
348225
349621
358701
345501
333558
330485
337609
377487
329717
381678
336840
356815
327551
334326
339145
360376
358770
370154
365824
335933
367291
341100
345360
366173
352414
350739
338586
332720
335304
343964
340332
338795
358141
365126
351367
355418
348434
359887
356745
359538
355907
329228
354021
365614
352555
350040
368269
346687
335164
350669
329857
371970
362262
353532
349970
353532
386077
335234
390757
385449
350389
332580
345151
355418
364078
336771
375183
380630
462623
353253
349412
380141
367570
336491
346688
376509
336212
354091
353253
394738
347246
361773
359259
329157
338726
347247
350948
347665
334955
339564
367220
332580
347037
374135
343335
365964
330974
357932
333418
372948
363379
345361
345361
326713
358840
339703
333698
335164
347805
348225
354161
343825
336491
331532
354859
353812
337120
354021
409055
404446
382236
344872
337120
354510
338656
375951
383004
352694
330904
370782
330764
331603
336282
383983
389081
360726
351577
371132
349622
372249
335863
512559
324828
359050
354929
339704
349411
346758
339634
369735
330694
338796
339494
345152
345849
336561
342288
336561
348014
363868
353323
354440
394318
348224
349133
349831
346409
327622
340193
334745
336771
343475
334187
343126
332580
342218
339075
335583
347666
358211
363380
344174
354650
339634
343475
338796
350390
333976
342497
346757
336072
346339
352345
338656
346688
336212
336142
344244
335443
344872
352345
347666
356675
343614
341311
334955
346687
342637
345780
338586
324897
339285
349411
341659
460178
367500
354649
337329
337678
356815
349202
358421
350669
342568
344384
349482
343615
343196
341868
345919
338796
345849
341170
339005
343755
339773
340542
336352
338796
360376
352764
361494
351088
341450
346339
347526
343824
346897
342427
337818
330484
337818
344313
341310
345849
337608
344523
344383
377208
344313
355208
359120
373716
346269
326784
340682
345710
329926
336212
335793
339984
344034
338028
344942
347805
344733
348713
335723
338935
336073
366453
352485
356116
349412
347596
340123
342567
341939
341380
348644
344104
346339
340053
346478
338586
386148
341450
388243
365685
359259
409265
353044
362193
345082
341380
347735
323291
337539
335374
339844
341031
338517
510254
338237
338517
334815
321755
333698
342638
336770
336212
368059
361215
346757
343266
350110
341520
339704
344872
344802
338796
379583
369456
339145
349063
346898
333557
342428
356745
342009
346758
384471
415271
346339
347736
343195
349831
345361
342707
342637
331323
340751
339215
336351
342148
339983
342776
370643
339914
339146
439506
371900
348015
348155
331603
348294
327132
347526
360237
367780
365545
353253
349132
354230
344593
343615
347666
349691
336981
342427
345360
363240
386916
361494
361564
368757
345291
347736
352764
420021
342916
349622
345431
335304
343964
342149
348015
328459
343265
338237
352275
479035
349062
393132
342078
342078
338796
339843
342427
338168
347735
345990
337120
344802
350110
344803
347735
335584
340961
349132
401163
345850
349900
349202
353113
369736
348433
338237
341519
350110
343685
338447
340542
340542
336491
344034
337399
345850
340961
351577
352135
351507
349342
343615
347735
372599
339354
342567
344662
340542
345570
349062
332092
350110
345920
342498
344384
340542
345012
340682
407658
359538
359259
345640
346059
372459
369386
354929
346548
332301
338168
336631
348713
342218
343265
334954
347037
342428
361773
342847
345291
555022
365125
350669
348154
342009
339564
357094
374974
340682
340821
338796
332580
331812
340053
344174
351577
336910
337538
344313
341171
373228
372599
387475
352625
349132
359679
346339
345361
344662
347037
336911
342987
347736
340332
343266
347946
340681
335304
369177
340053
343615
337050
361494
467302
348713
349202
338097
344174
342079
348993
341310
338377
340891
342218
338237
343685
341520
342917
365056
355348
346129
355697
346758
371551
352554
349621
335025
345221
345431
364707
335024
345990
342009
342498
388243
348155
350599
343895
345291
341660
342009
362053
361843
368967
371621
354650
365266
344383
358351
353322
364567
341589
344802
342079
340542
343545
365196
344244
373576
363310
341101
367989
345570
375741
366872
353044
351227
362332
344314
340752
343894
341799
343825
347038
320847
358072
344453
345641
428192
340193
341659
338307
410731
373507
359329
350529
355209
376649
343056
339354
356186
347456
341590
353533
372179
341659
390757
356954
342498
331462
335793
343336
335094
494610
398580
355977
351298
369386
345292
342777
341938
348224
343825
342009
360516
336421
338097
340053
348224
338586
321057
348434
341170
340891
353462
353183
348783
341659
345989
343685
346269
349970
345780
355697
345501
344383
343754
344313
350389
350669
352554
346548
345152
347805
360656
360307
363729
331673
341729
339704
346828
339564
345850
342009
340402
344035
344942
343475
350669
346828
347247
344313
339145
337120
352065
382377
354441
340542
337818
330206
342917
339564
342427
387894
350110
329647
347456
342009
333418
331183
343196
345920
344663
341939
342219
363799
354789
349691
349482
379513
380490
374065
367081
359818
370224
349132
346618
342707
344243
349202
345920
345570
323990
339145
336980
371621
361215
370504
356326
348993
348364
342777
347037
342986
343127
351367
376090
355139
364218
359260
368338
360795
359189
350878
342637
360865
352973
367501
349272
348014
348643
335234
350111
342009
339983
341869
346269
345362
332022
342218
346827
349342
342847
343964
372948
368897
363659
355767
352275
337190
326783
341380
345640
334536
340193
342777
345850
339145
348015
343405
367919
344453
324130
347387
344173
358561
358351
347037
344104
340193
384332
339983
344942
340612
346059
344873
350809
348713
339215
338377
341450
356745
345850
353183
352555
355907
349621
348015
340961
338516
350180
374066
338237
338936
344034
380701
365894
340612
343615
347526
345919
344383
344523
345081
343056
342008
364637
365964
352974
339634
362542
339424
349133
360167
344383
347805
342707
335514
348713
345850
342638
337539
351298
341520
337679
343615
351158
369596
392294
360377
332650
338028
346199
349621
344802
343056
344453
338936
343406
324758
342078
346828
342497
347107
348853
342498
343964
357653
367850
343755
342847
349202
340891
345152
332161
362681
350041
342777
346339
361215
348085
339564
343964
329158
394668
341450
341589
377767
361983
350180
335234
360307
342008
337190
332790
339704
341870
351088
344104
336491
354650
359608
374415
372040
368688
368269
577092
379652
363799
358351
350808
348713
