12088527
12550384
12301193
11806929
12337090
11997385
11881590
11903519
11941653
11817895
11863640
11903100
12120655
11900167
11996338
13001416
11904637
12828281
11900656
11934878
12431027
12890788
11887666
11792892
11869368
13830985
11904498
12696283
11905266
11920491
11742817
12048230
11833819
11871114
11947730
16857815
11973151
11821807
11984884
11877958
11973081
11912949
11990332
11873069
11835844
11814962
12156413
11912041
11907361
11887038
12733019
11925869
11948567
11890739
11869508
11834937
11823482
12244483
11892136
11837451
11934600
11915323
12260477
11806302
11878518
11912041
11901426
11960930
12255169
11847997
11844505
11831166
11850511
11965749
11825229
12027558
11805325
11904778
13119379
11979228
11843458
11933134
11891229
12365797
11816150
11826487
11814683
11883407
14448379
11851140
11757064
11878308
11850581
12901615
11837941
11913997
11798061
11900029
12417898
12082383
12061152
11897794
11780042
12210681
11892906
12391778
11937744
12005559
13309975
11888366
11939559
11859732
11912112
11986772
11980975
11895909
11868392
12767732
11948569
11983349
12146288
11906873
11927337
11840176
11797852
12372433
11756157
11854702
11895489
11914487
12405746
13143335
11792614
12774995
11845344
11891649
11845484
11935089
11788564
11919654
13324013
12098447
11876423
11947591
11958836
12250909
11832493
11948500
11988449
11902195
11834519
12098029
12087622
12008632
12161025
11856450
11832634
11897377
11880126
11865180
12044181
12054727
11862177
11917770
11992080
12018550
11951014
11987960
12018341
11994594
11886341
11828862
12288833
11940258
11870487
11916373
12012404
11936348
11847230
12073305
11886900
14762455
12140283
11838640
12722266
12548850
11904570
11842621
11800088
11965820
11837942
11791918
11789962
12286460
11878799
11883129
11916793
11874260
11944659
12576997
11892069
12024208
12024626
11921822
13383519
11910437
11978462
11845485
11919028
11890253
13295520
11688763
11851212
12034824
11880545
12280384
11988588
11968475
11957440
11893884
11933624
11884875
11933624
11947104
12059128
12036989
12245812
11892698
11898704
11941656
11949897
12837783
11971339
11843180
11878381
11913930
12306575
12048233
11945428
11846533
11867346
12019669
11923847
11855752
11994525
12238759
11871606
12151738
12078266
11829353
12010171
11894025
11820343
11793245
11840876
11851282
11828235
12128061
11869720
12120728
11933764
11846952
12276333
11947384
11892838
11821740
11841784
11981396
11985307
11986005
12000951
11880546
12753416
11871188
11936768
11837804
11845696
11986425
12157675
11909460
11996063
11952134
11965683
11901220
12020647
11854915
11962051
11941378
11968476
12459248
11844020
11989918
12118145
12174017
11938723
11869233
11980698
11818807
11927899
11916375
11983142
11925454
11955206
12750553
11956883
12000673
11876426
11966450
11947873
12197763
12178278
11846394
12025187
12054800
12064438
12102640
11963378
11898566
11807494
11813850
11811614
12639018
11855754
11781513
11836617
11814198
11562074
11708459
11960515
11895493
12199231
11996552
12240716
11982375
12122965
11956743
11984540
12033359
12014152
11973854
12077638
12163333
12243160
11884808
11962261
12043136
12012197
11925943
12076730
12760191
11836548
12005143
12192246
12896591
11967429
11921055
11902617
12028540
13018115
11826491
11953671
11949760
11845906
11947316
11985239
11806376
11806237
11886834
11991455
11752111
11803374
11770130
11901640
11766288
11978674
11859945
11821462
11784447
11889627
11727108
11822231
11979372
11897030
11818529
12023721
11989430
11984470
11990966
11927900
11921055
11793107
11918191
11773133
11857430
11858339
11997042
12443325
12398627
11979861
12019461
15276627
12602772
11766149
11831171
11840390
11846327
12426634
11808682
11809660
11832149
12218787
11951716
11945500
11830193
11845907
11975951
11853729
12242603
12025538
11974764
11848352
11844999
12202794
12933957
12029309
11970783
12045303
12066744
12143918
11969875
11984681
12170108
11967291
12202724
12333955
11917494
11976789
12015271
11961215
12049005
11964986
12008985
11796390
11880340
11862670
11707483
11775020
11807146
11710278
12241696
11806239
11961285
11768036
11869723
11770550
12056618
11756232
11781724
11803305
11707693
12264674
12030497
11867419
12011361
11985101
11956187
11831591
11936002
11981748
11887812
12279759
11879432
11966732
11861622
11951089
11923222
11871609
11921685
11931254
12148179
12045443
12394996
11776695
11777953
12062694
11801908
13091869
11955628
11981050
12013037
12817534
11945991
12242046
11984542
12004238
12760613
11979305
12071983
12026098
11888162
11948365
11953254
12110884
11898987
11960936
11889280
11803725
11919102
11786963
11781864
11807217
11837248
11826842
12062206
11722500
11738913
11789267
11747014
11902479
11794575
11790595
11841788
12837369
12681414
11933070
11986638
12082180
11991806
12892404
11988036
12040485
11921617
12020581
11720685
13641446
12308465
11958632
11890188
11854988
12730513
11976372
11920779
11956397
11934607
12328440
12620444
11964779
11907439
12072543
11867350
11966525
11836760
11933210
11970785
11796113
11862461
12404216
12017229
11957166
12689237
13170091
11879503
11880131
11940264
11864557
12932842
12797350
12032384
11891096
11957026
11937541
11725923
12217882
11834875
11812666
11824399
11868818
12140359
11825796
11933350
11980494
12022328
11848214
11860436
11893401
12652432
11965128
11877757
11795764
11854990
11846887
11834666
11822304
11905973
11749809
11847098
11773136
11772856
12253990
11893122
11863161
11967083
11929579
11928951
11985033
11941312
11877757
11909605
12027566
12137915
11892284
11945713
11860857
11937611
12214112
11831035
11852127
11955700
11844724
12210759
12703416
11772438
11791365
11989642
11821816
11917498
11790317
12646635
11842977
12815790
11898361
11894659
11849612
11862952
11984824
12173953
11899968
11792343
11870005
11828241
12209921
11899130
11916590
11991110
11950392
12220188
11989434
11920430
11879714
11960030
11954513
11994392
12027496
11796184
11771391
11873079
12029243
11840883
11760985
11831315
11895359
11863581
11874756
11911771
12683931
11906882
12053478
12056551
12018977
11977142
12169624
12785410
12069821
11909606
11881600
11916590
11941733
12852457
12009757
11640300
11881321
11883136
12660394
12190296
11903111
11942082
11841581
11834737
12698039
11906393
11896126
11988247
12022818
12694547
11990133
12268798
12010106
12270754
12034133
11959962
11901156
12268239
12098456
11771532
15104755
11834527
12189389
11879505
12059346
11913238
11900178
11897733
11940127
11898222
11975886
12757754
11902134
11963454
11870426
11897594
11934609
11982171
11857436
12674783
11817626
11869449
12281579
11936006
11907372
11853105
12221516
11725995
12047613
12038323
11937473
11800515
11946413
12452131
11909398
11857296
11902134
11877900
11869449
12700136
11827335
11826636
11898991
12091612
11960312
11875036
11824611
12052711
11955073
12731983
12073245
11846261
11866865
11949416
12135612
11841373
11886350
12045238
11935588
12738687
11846401
11881251
11936776
11929582
12110260
12839887
11808618
11748065
12720111
11837950
11864001
11908979
12682745
11835576
11876782
12127860
11946623
11832573
11929233
12027220
11955703
11831526
12044121
11808897
11853666
11933493
11866656
11806314
11904300
11922249
11885722
11843049
11806662
12028058
11832713
12762574
12566531
11895291
11911843
11814555
12126185
11831106
11947810
11867843
11771393
11763780
11820071
12702651
11790110
12272151
12686517
11951303
11886491
11945087
12111518
11904998
11982731
12580848
12039092
11878808
11795419
12014649
11876365
11845285
12038325
11904999
11869450
12180451
11936078
11744714
11856529
12623382
11825799
11846891
12092522
11845215
11854085
11856250
12218444
11921272
12374120
11902136
11893196
12701464
11942084
11875945
11885792
11871895
12266425
11853666
11910796
11855481
11828524
11761965
11805336
11951373
12030782
12161175
13104655
13129029
11861558
11889285
11858346
12824175
11824892
12035462
11838302
12090915
11936009
11825241
11823984
11855762
11828105
11850105
11773350
11955494
11888447
12734150
11929305
11858416
13753198
11887888
12087913
11984618
11880695
12026174
11960173
11890473
11879088
11839699
11992719
12807344
11847451
11859812
11843191
11859813
11804289
11838721
11819584
11737451
11814137
12401359
11918968
11832226
12114872
11834391
11729071
11812322
12202173
11877972
11972047
11855343
12093291
11814556
11841026
11832924
11822657
11792975
11807223
11957241
11971279
11951864
12059000
12060885
11985387
12035882
12376565
12107608
11918479
11940829
12016815
11911915
11829991
12318318
11834112
11887051
11833902
11909679
11859464
11896479
11757148
11827687
11831668
12020866
11890194
11911636
12731986
11976378
11923579
11952981
12009413
11974702
11919179
11740386
11915197
11831528
12921535
11920854
11982874
11908842
12815655
11975959
11923718
11907865
14510903
11772094
11976518
11852481
12044473
12068428
11959337
12011299
11900741
11993279
11983292
12397868
11885026
11853598
11910169
11987972
11900042
12656069
11816512
11787668
11905490
11755123
14729993
11769371
11864494
13036982
11939782
11807433
11805897
11743948
11990277
12604109
