1286182
1327527
1286392
1268443
1266836
1255172
1265788
1377044
1256849
1263624
1292886
1257617
1246373
1998066
1302943
1281363
1245674
1249236
1274239
1260271
1258107
1264531
1277312
1238621
1224932
1278290
1296937
1230659
1247909
1235687
1266417
1262296
1446047
1356930
1249027
1238341
1316214
1273122
1258596
1248258
1401558
1248538
1241415
1343381
1253986
1256151
1263693
1253567
1265299
1276195
1330530
1302175
1398904
1286182
1272214
1373063
1262297
1212780
1233522
1281643
1244068
1240297
1244696
1243998
1261389
1270887
1239529
1268512
1261598
1274100
1416924
1275915
1239807
1287579
1275916
1265370
1246093
1228773
1356162
1234431
1247072
1263903
1261807
1259154
1250005
1247840
1274658
1258176
1333185
1297356
1281433
1246862
1241274
1240087
1278988
1308182
1249236
1247979
1231707
1245954
1264601
1248119
1246862
1281642
1259084
1252450
1326690
1324455
1257827
1284716
1350645
1242811
1238341
1275007
1225910
1243161
1247072
1426073
1229262
1243021
1243859
1375508
1248538
1278709
1257478
1345058
1367546
1291770
1272494
1287859
1263414
1244907
1249237
1295052
1268372
1253986
1242811
1240367
1257897
1253427
1252100
1251122
1259643
1281922
1281643
1309299
1291350
1274519
1220322
1292887
1257897
1245326
1270817
1262157
1186730
1232195
1245395
1244627
1272494
1289115
1241763
1240227
1263135
1385425
1292607
1257757
1263694
1254475
1272214
1257757
1462809
1326620
1295890
1317471
1282202
1306017
1289674
1249726
1269910
1265230
1255592
1288277
1306924
1269909
1260830
1267884
1222069
1253496
1300220
1251123
1278849
1246862
1246931
1249655
1368804
1250284
1249656
1277522
1231078
1273611
1305807
1294912
1258874
1252588
1371667
1274798
1254964
1267045
1289395
1278360
1267325
1257268
1250842
1242602
1284087
1249446
1240087
1248957
1291560
1356092
1408822
1318030
1308880
1294074
1245885
1245954
1260272
1272214
1322709
1254335
1259503
1283109
1259783
1239529
1237364
1253497
1258874
1238202
1322569
1293446
1285693
1273611
1252030
1232266
1282202
1255592
1252310
1238271
1225909
1230450
1353788
1248259
1282620
1268093
1245255
1244697
1244068
1293795
1306506
1273681
1297357
1260271
1235688
1247281
1287440
1253566
1284227
1264462
1260062
1253078
1281014
1168571
1263903
1218996
1264602
1318868
1306576
1380188
1262087
1249166
1287719
1273332
1266976
1244837
1381445
1336607
1278570
1266278
1236735
1324874
1265021
1161936
1263275
1226818
1322569
1335489
1299033
1357838
1286672
1263694
1248748
1277382
1244418
1301198
1275427
1309369
1237224
1240227
1430612
1236735
1246583
1284017
1233453
1343172
1285763
1304481
1261599
1261738
1263345
1298964
1289884
1259853
1253147
1247770
1259853
1259294
1267326
1294423
1336887
1227237
1297426
1249726
1300360
1303503
1266418
1253287
1261668
1299453
1230449
1226818
1260062
1240158
1241485
1257058
1250144
1243999
1237224
1246304
1248678
1288767
1331718
1302525
1265928
1258036
1258805
1257688
1231986
1244837
1243021
1266557
1251891
1240576
1278291
1254056
1257757
1228215
1266627
1240298
1253148
1416924
1264462
1310207
1268303
1243230
1274658
1249167
1236177
1227865
1229542
1246234
1263624
1257967
1235548
1279338
1267255
1236735
1265998
1237923
1357420
1284436
1279338
1248050
1254824
1258456
1250634
1300779
1254475
1271516
1242183
1256151
1238272
1328506
1372226
1253846
1235967
1259922
1960213
1316703
1260621
1258666
1252519
1254056
1255662
1276684
1341216
1230170
1245605
1244418
1254056
1239529
1279687
1233383
1264602
1244907
1363356
1323617
1291421
1265929
1395693
1260761
1257129
1266837
1252589
1240716
1257688
1283249
1466092
1257408
1440879
1241485
1264951
1286672
1276405
1313071
1329414
1265929
1275287
1258177
1245256
1242043
1198463
1284297
1226818
1242532
1264671
1257199
1251123
1264811
1272145
1255942
1253078
1259085
1317960
1289674
1287719
1244348
1271935
1321312
1366569
1319007
1319776
1321382
1330741
1310208
1316982
1419159
1344569
1318030
1270469
1273542
1374321
1291002
1282341
1273192
1258665
1300151
1246374
1274938
1333534
1251053
1269910
1226399
1241624
1281154
1246863
1243022
1246513
1268863
1719543
1300290
1313630
1259573
1251542
1264742
1243510
1255174
1237713
1262716
1281643
1238202
1250425
1269001
1319706
1313839
1415038
1321312
1444650
1434663
1349877
1393737
1289744
1345547
1306856
1171854
1243440
1170946
1254266
1248259
1340728
1270538
1255174
1255802
1244279
1247282
1279827
1274659
1255941
1239808
1426353
1285763
1256291
1263205
1305459
1294005
1272494
1247631
1281084
1282342
1185821
1249447
1275078
1294633
1247979
1261878
1265021
1271935
1254335
1308322
1317401
1316912
1234780
1255872
1246862
1218577
1276824
1320335
1239879
1241624
1248259
1290442
1302316
1241066
1243440
1233872
1275986
1272215
1319986
1300360
1244628
1278710
1255173
1262925
1245885
1252030
1255872
1258247
1259853
1221301
1273611
1240787
1231567
1254266
1263345
1252868
1248259
1328017
1293236
1305109
1269909
1244977
1267605
1250774
1235478
1262017
1247212
1281853
1264043
1321383
1270329
1241694
1273542
1259783
1299941
1337586
1309020
1328296
1255103
1240996
1254894
1260830
1260621
1247212
1277942
1284786
1363496
1272913
1258665
1238761
1380398
1298125
1300290
1906437
1335979
1250425
1275008
1198533
1298544
1276405
1269421
1255034
1286601
1266767
1258526
1228983
1266138
1308811
1279269
1250145
1356303
1396042
1321662
1324874
1277313
1263764
1261110
1229332
1397718
1247141
1279269
1253567
1260970
1273611
1799929
1294494
1246653
1249167
1236037
1262507
1941077
1332207
1339261
1264532
1271656
1257548
1299313
1266558
1274589
1245745
1248400
1249447
1291421
1252520
1243440
1231777
1340518
1261249
1338423
1302386
1306158
1279758
1285275
1313141
1297147
1324106
1303084
1290373
1270678
1240507
1327528
1265999
1387731
1251123
1246025
1227727
1942055
1327459
1265929
1248329
1275846
1249238
1246584
1256571
1314747
1242602
1254825
1239250
1242184
1226120
1242184
1249517
1398836
1253079
1291281
1321172
1304411
1288767
1244209
1250913
1254964
1364823
1259783
1256850
1238202
1216762
1272564
1277662
1264951
1290793
1276825
1270818
1265510
1311256
1316284
1288557
1302247
1254476
1261110
1290443
1259923
1293167
1299802
1271028
1357350
1257688
1244697
1296380
1248469
1311954
1289326
1291002
1395414
1285205
1299732
1252031
1256361
1255453
1302526
1279478
1268793
1298055
1247421
1278780
1242602
1254336
1298684
1264253
1309789
1255873
1418460
1294354
1276894
1184774
1259015
1300290
1275009
1258945
1306506
1263205
1272006
1254895
1273053
1257898
1259644
1193784
1224444
1257688
1960842
1253568
1260691
1356791
1254685
1242742
1250913
1264603
1256570
1243999
1243021
1240996
1258247
1281225
1227656
1278710
1244069
1277662
1255034
1364544
1379351
1340519
1271028
1359026
1267745
1255733
1250913
1230939
1298684
1249936
1260342
1252381
1263555
1246443
1236386
1270120
1280945
1246095
1262577
1375160
1338424
1335630
1346945
1366010
1406239
1336468
1251612
1255383
1275777
1592992
1283249
1244558
1245815
1242673
1230590
1243022
1280456
1291351
1283529
1275986
1272564
1277383
1262926
1239669
1249307
1254616
1251961
1332417
1239739
1245396
1447026
1252380
1234641
1273751
1260062
1292259
1309300
1303434
1237643
1271097
1229193
1340729
1256222
1253777
1267885
1251123
1237783
1253567
1268583
1243441
1236666
1208032
1251124
1276964
1315795
1328367
1264113
1217949
1251612
1247282
1247561
1276895
1224933
1315446
1263206
1262926
1246234
1242393
1265301
1250704
1245886
1325294
1798533
1311186
1290164
1321801
1444651
1267675
1279059
1259504
1254824
1256850
1285414
1249238
1280177
1253079
1248470
1273611
1250145
1227796
1307415
1307415
1328436
1273053
1373205
1263764
1255313
1229124
1254965
1225352
1255733
1245047
1247492
1246234
1229751
1214806
1249028
1287929
1321313
1299941
1298685
1291002
1284507
1248051
1254475
1252589
1248259
1228565
1246304
1195880
1259364
1238901
1262647
1268025
1251542
1344640
1263066
1269212
1336259
1322710
1289885
1305738
1266069
1241974
1285694
1260063
1252311
1256990
1281644
1243092
1235479
1187219
1241067
1279828
1253149
1319497
1290094
1370829
1318450
1249237
1266139
1256151
1266279
1255872
1243510
1376557
1315028
1264672
1294495
1277104
1340799
1290653
1267466
1266698
