26604620
27009977
33210046
26563413
26836701
26263376
26938880
27056422
26928404
26928963
26627249
26725096
26672716
26745699
27019057
31025280
26853325
26841871
26836214
26936016
26853115
26186203
26755129
27002435
27005509
26981972
27084987
27136041
28176044
27248556
27304358
27036658
26743396
26935389
26957669
29089566
26150376
26764279
26784882
26729079
26765815
28271448
27282080
27089668
27023948
26755478
26951592
26908430
26970938
29047592
26902913
26909688
26789072
27184233
31167967
27009141
26665733
26767910
28756706
28099291
26966120
26940209
26904451
27020177
27033378
27049231
27079752
26917371
26799898
26686127
26746540
26801644
26678235
26948520
26870997
26859054
26821270
26948031
28855390
26856679
26975200
26942794
27052094
26981415
27065366
27035753
27790804
32080512
27049931
27067251
27372736
28084975
27725852
30426606
26507545
26629767
26760579
26884198
26770357
26734808
27087644
26947124
26906268
27215803
27093302
27277333
26376104
27055937
26869600
27036730
26870021
27110483
26935951
26744796
28761806
26721469
26936440
26805767
26947056
27182490
26759462
26805837
26774618
26758066
26571939
26856821
26256537
27048116
26704148
27091487
27363308
26991056
28775495
26757088
27026535
26797246
26713579
27252541
26284894
26919749
28323136
26725382
26857590
26793825
27829359
26966263
28338500
26806397
26988542
26999507
26967520
26825324
27121310
27122288
27031355
26524937
27190383
27247582
27079964
26916675
27364078
27011241
26209117
26529199
27028911
27034150
26910112
26588424
26818970
26743262
26974505
26835662
26888810
27130251
29250835
26864156
26909413
26866950
26749058
26472278
26865204
27302828
29023782
27042112
28559619
27133324
28887313
26933718
28771238
27039877
27097637
26971224
26788799
26788241
29353503
26807307
27016830
26678101
26986100
27028075
26680336
28554312
28998360
26998392
26735929
27098963
27032475
26862411
26789288
26889650
26981909
27020950
26952087
28798336
26915632
26901314
27067256
26969688
27087650
27108183
27056920
26945803
29030838
26830425
26185303
27026469
27051961
27009777
26875892
26925619
29010444
27022349
27050983
26974996
26837759
26930438
29838480
27024095
26852216
26979116
26602116
26838528
26207374
26966058
26832870
26880572
26842928
26874776
27211619
26994064
27017042
26887557
26701081
26992318
27018927
26865975
28990890
27094565
26717913
26851030
26965987
26956141
26857804
26687602
29157321
26601208
26776789
28754898
27089538
26834687
28053484
27042395
26953278
26836923
26754999
26937982
26772040
26763799
26757164
26850821
26903690
26794319
26818555
26795157
26829171
26756396
26870795
26725596
26866675
26920871
27252198
26929672
27000071
26973323
26974301
26893774
26969202
27208199
26610639
27106301
26652264
26913260
26707438
26755279
27064326
27434554
29051026
26913679
26851101
26963057
29293584
26826168
26652334
26551064
26650448
27084580
26791737
26616156
26962777
26958588
26542474
27001471
26986245
26934562
26844258
26872404
27269660
26756328
26817718
26861858
27118734
26805636
25923124
27259393
26873940
27003286
27079483
26986804
29053401
26896429
27120969
27231247
26651007
26984779
26580258
26976957
26857459
27252201
27020957
27014043
26940639
26899713
27137242
26952722
27679978
27409273
27104347
27640866
26808221
26800678
26872125
27024309
27998313
26874081
26940430
28781790
26963757
27042398
27014531
26982754
27009503
26458318
27067542
26950767
26491912
26969485
26858927
26889727
28699030
27106304
26914450
26947835
27151910
27026685
26866469
26874082
29663605
26704787
26916266
26727486
26888610
26353836
26810667
26924926
27037301
26869403
26895593
26881276
26947766
26915708
26884140
26906280
26673639
26994908
29040135
26865912
27128374
26630687
26698922
26750116
27352355
27010063
26797817
26548205
26844191
26702903
26735239
27005035
27196819
26728045
26734261
26702693
27092477
26906001
26731818
27902704
27001265
26924021
26752351
26769951
26910401
27061817
26773513
27662171
27027386
26977659
26979545
26619653
26862351
26698084
26687049
26817094
26777284
26241114
26963551
27056230
26910401
26944065
27119785
26987576
26646263
26756961
26792721
27132776
26952796
26866961
26620562
26593184
26802777
28261967
26795025
30483263
26846847
26483883
26688517
26688587
26742086
26699552
27807023
26580334
26784270
26688308
27706521
26772396
30822621
26610924
26767579
26954753
26922276
26674131
26706118
27342441
26926048
29131840
26854600
27193749
26760246
26952867
26879394
27011813
26676645
26762340
29203217
26339872
26730772
26803966
27007413
27122232
27558948
27204923
27457818
27047432
27024875
26874856
27508943
26908310
27430162
27474511
26767579
26834278
27252696
27074810
27367654
27482124
26910614
27153102
27594219
26922836
27526612
27336295
27010347
27484359
26788811
27293553
28814343
27153871
32171115
27135852
27463617
27905223
27710505
26854672
30048366
27009650
27654144
29637631
27704569
28407799
27340557
27231465
26947142
27630956
28519196
36487018
29926284
26954196
26735244
26790558
26794539
26714152
26930520
26654717
26222960
26924654
26999943
27814081
27486945
27237472
26961879
26890082
26796495
26903423
26997638
27793128
27982956
29103138
30708366
29884171
28910027
28072772
28037432
28456060
28318682
28372530
27642551
27767846
26884495
26882262
29029596
26683564
26680980
27833637
26883240
27021105
26799081
26857468
29313640
27260731
27343981
27744590
27505943
27429187
27541352
28697502
27057143
27257168
26744814
27272324
27231188
27203810
27335810
27058471
27871421
27440293
27414871
27260033
27409423
27413684
27349290
27394686
26928079
26817730
28908284
26886104
27041919
27387353
26436118
26803971
27201646
29674580
26843012
26718346
26803621
26865291
26977107
26880098
27266599
27364865
27376877
27363050
27721753
27651424
27997207
26703191
26808232
27714001
28251289
27170637
27446440
26913762
27435335
27650376
32878682
28189410
27215127
28485326
29338785
27692002
29118018
27450701
27052956
37160361
28920437
27843139
26737553
27142842
27240130
27104290
27226930
27428352
27016150
28608667
27193546
28215950
27191731
29317345
27083197
27226232
26558691
27371641
27747596
27951742
27626282
27577114
28059856
27168264
26767375
26628043
28682071
26614634
26814030
27023345
27051421
26881776
27334347
27072023
29382089
27296843
27418715
27013776
27101707
27383306
27420112
27426607
27033192
27143331
27225604
27283572
26742094
26960767
26700609
26813123
26814729
27063922
26868298
26948825
27536469
27229796
27376601
26839733
26908457
26187696
28891386
26715346
26850069
26501912
26832330
26895955
27195504
26718489
26733644
26347074
26725403
26636216
26785606
26347493
26766959
26887225
26703264
27015663
27194108
27338610
27243416
27321359
27270445
26658217
27999516
27919199
27581098
27899993
26768496
27914519
27631732
27501688
27905160
27868843
27949090
26828071
28093173
27700735
27919688
28222379
28498181
28468010
26969499
28183339
28101066
28993915
26997018
26784491
26774434
26643691
27696895
26430955
28711198
26608910
26855170
26645018
26746706
26869348
26988986
26890859
27304807
26957348
27714496
26936255
26922497
26899939
26802160
27074821
26958605
27380515
30062624
32522499
26941914
26907482
26952320
27027958
27012872
26792802
26790987
26844485
26959862
26862015
29098887
27077964
26833450
26813126
26985564
26891489
26928155
26871444
26533902
26901057
27727626
27146618
26466435
27134397
29347453
26998905
26245598
27304320
27085857
27063927
29177599
27098149
27257247
27020975
27285603
27031102
27173507
26935000
27017064
27181679
26900429
27045419
26849375
26904271
26936956
27052962
26798740
27509932
27013572
27003794
30868873
26906436
26913560
26713186
26719542
28507684
26691954
26329967
26721008
26705294
26787497
26720100
28917721
26829052
26733440
26740424
26748316
26887649
26738888
27027750
28691785
28835518
26470977
28810026
26661433
26776952
27091307
27016507
27101713
26700057
26956863
27026075
28058885
26780165
26845885
27001282
27383312
26657942
26622952
26840926
26762704
27070494
26584191
26711441
26776114
26543194
26645651
26672539
26561701
26147543
27349649
27627547
28309687
26636922
26726248
26609264
28842155
26316909
26675753
29021227
26709556
26735118
27054501
26875149
27266470
26762146
26902527
26920546
26872146
26887162
26986266
26976907
26935143
26975371
29028003
27009105
27043886
26955117
27251244
27207943
29081502
26897429
27060578
26906998
26961683
27179658
29209381
27110305
27344413
27784552
27120293
27022794
27269613
27245448
26305735
27468661
27344133
27436883
27540457
27341898
29865678
31867953
31472094
31851682
29110697
27602058
27393512
27112820
27388972
26841068
27129512
26996675
27455461
27438351
27673925
29011033
28161346
28346146
27713525
28241105
26858249
27511264
27105837
27102414
27288471
27176376
27415512
27117989
27310612
27282675
27193488
27034669
26793368
26765152
26762149
26767876
27184478
26829476
26723807
26999469
26514911
26699851
26658086
26872149
26782892
26881717
26626588
26694194
27370116
27362434
27384294
29499364
27634186
26565406
26765363
26707534
26739102
26757610
26137142
28679360
27404968
26764804
26852595
26576513
26801750
28971924
