21313571
21542441
21542510
21565558
25050551
21337876
21318111
21447946
21310149
23128598
21564441
22636219
21444104
22922707
23407752
21955550
22498353
21997873
24072080
24563480
23096261
21990330
23759052
22322633
23749554
21747633
23313537
21794217
21310778
22611846
24651272
22798112
22913279
23885046
24418492
23818837
30533207
35717151
22894003
24462352
23571111
24708122
24163921
22924244
25474626
26557231
27010778
29339416
23270166
23294332
25054533
23421023
23159469
21880472
21917627
22376343
21594055
21665711
21386278
22444788
21739953
22528387
21711737
22004999
22158299
22268369
27773024
21925381
22031189
21574360
21996269
21643642
21487826
22344566
23048772
23196695
22155716
21234374
22907065
22551295
23744667
23342104
21913018
22358954
22228351
22159069
21724309
21828373
22676939
21510805
22132599
22748597
22935770
22197411
24321695
23073706
21998854
21407092
21748194
21434050
21794778
22362795
21832423
23163662
21405695
21288013
21467643
21381250
20961855
22001647
21554107
21477910
21975319
21869370
21628768
21822576
25851771
22254124
21328102
21450114
21326217
21537136
21373778
21442083
22321380
23208570
21819573
21522539
21303169
21298770
21403740
23105625
21576387
21512762
21940398
23479065
21429442
21455841
21397594
26515820
21518558
21800787
23683978
22759005
21862666
21555645
28178734
21309037
21839549
22057871
21387189
21434820
21639454
23098852
21773688
24386579
29687019
22671495
22027141
21903593
22921734
23844822
22849309
22355394
21991243
21559975
21653841
25063478
21486852
21573666
21609773
21410098
21547475
21507806
24702122
21317977
23403708
21855334
22206355
22097822
22078895
22111371
22556747
21598529
21303032
21386282
21236263
21254981
21323215
22727228
21726478
21560116
23331772
21989010
21499913
22166266
22992345
22877945
22914961
21850446
21830611
21811824
21446765
22756423
22922295
22029029
21559139
21666345
21384746
21202042
21249185
21598669
21364074
21411496
21164608
21170405
21314067
22589992
26094123
22074426
21649583
21416733
21297795
22002839
22103270
22616531
21717538
21766427
21451515
21587775
21504734
23972286
22903858
24200595
22355816
21716282
22178839
21893957
22128274
22370762
22426914
22134979
21708460
21428258
21647559
21486226
21663762
23783715
22712704
22862233
21665438
24021314
24016425
23959295
24385465
23902375
23035090
22553537
22439835
21935723
21301218
22416020
23102836
21249815
21477078
21352761
25098332
21679966
21883133
21745197
21238151
21110482
21235498
21078635
21158673
21189124
22090072
22078269
21205397
21194920
21157136
21368545
21113695
24746124
21085200
21172572
21200788
22087070
21226070
21237524
21164191
23629299
21319448
21256870
21341308
21471073
21288439
21467650
21949833
21309111
21404654
21555370
21205258
21285016
21490698
21395295
21870074
21268813
21406888
20849907
21714189
21708252
21349200
21389498
21363308
21390477
21719567
21530228
21577930
21386636
23054090
22787646
21030517
21457524
21655245
21538819
21561518
21792482
21634222
21762101
21751974
21426654
21355486
21496426
21602025
21699314
21962824
21328668
21220134
21296401
21239620
21605099
21775371
21351296
21978399
21306040
21223418
21480922
21178999
22938084
21257361
22648105
21598045
21732629
21808756
22997868
21381748
21399907
21197507
21504668
21160562
21361075
21216783
21263157
21339843
21435805
27445412
21422884
22165434
21291443
21473449
21378535
21266021
21186193
25342919
21139470
21517659
21277896
22800918
21428123
21288650
21692890
21363241
21393762
21311000
21608382
21335863
21280689
21271749
22310005
22906447
21363660
21367082
21278803
21482041
21392714
21939290
21400256
21368898
21475406
22956244
21597557
21347038
21448237
23363976
21719850
21474289
21692751
21676479
21293052
21727812
22087493
23450929
21569063
23104866
21409756
21352347
21437553
21266442
21788364
21360308
21242347
21248214
21248354
21238855
21401305
23452885
21418067
21318474
21142265
21157071
21228030
21338309
21252055
21810573
21198208
21234666
21323713
21292843
21297872
21310163
21508512
21405287
21471846
21349763
21162660
21262741
21334468
21390201
22758527
21187034
21356189
21263998
21178583
21484766
22950799
21998796
21080736
21175719
21143942
21262043
21112793
21192481
21267211
21836695
21266304
21161752
21307371
21360380
21288374
21384545
21323015
21628221
21236762
21177607
21114191
21102667
21333701
21423726
21423237
21783267
21107556
20978559
21180470
21365618
21562989
21588690
22917206
21205403
22877885
21284463
21268889
21237948
21206032
23011700
21184731
21379866
21232572
21322457
21375606
21302622
21343200
21944391
21425124
21310096
21621447
21045468
21395650
21416952
21295848
22290453
21297455
21429872
21346273
21411575
21364153
21437625
21743669
21551675
21120896
21395232
21081855
21336425
21344387
22960089
22275020
21326649
21524787
21172230
21336357
21320293
21380287
24989949
21549023
21485746
21240185
21295918
21295989
21392928
21385245
22012628
21175094
21417791
21005799
21412413
21236763
21309747
22061935
21295849
21372604
21379728
21325252
21589181
21398305
21446706
21552236
21434763
21315964
21356122
21267285
21299621
21258205
21803384
21197304
21160359
21341596
21438116
21372256
21237603
21501113
22609070
21964507
21273850
21171533
21311285
21187666
21324415
22071713
21150930
21118454
21150930
21245843
21230059
21412414
21205335
26289623
21276854
21425616
21771119
21217978
21317362
21267845
22744214
21342994
22941933
21367019
21240537
21273013
21324276
21317432
21017324
21135286
21303044
21660142
22992568
21782223
21236905
21280137
22709782
21248917
21445729
21313451
21173698
21247451
21165388
21368626
21974915
21350258
21284887
21453972
21751006
21539038
23402954
21433648
21301508
21402917
21471292
21349419
21325534
21424359
21328607
21950680
21258556
21333566
21386366
21342715
21206525
21180125
22480355
21540645
21345858
22948918
22921821
21175306
21111471
22791218
21615725
21302068
21274062
21248221
21230062
21063072
21283770
21237186
21399357
21132774
20833994
21186691
21099390
21204780
21108539
21928402
21442379
21183828
21376799
21390417
21225174
21870714
21428550
21565439
21333915
21345509
21390976
21224265
21306817
21205339
21399008
22755461
21273015
22702940
21343904
21051130
21233974
22043222
21750658
21225803
20774281
21414304
21569141
21317085
23032521
23876689
21341250
21240260
21237886
21223918
21168045
21493643
21230273
22026600
21235581
21064889
21388043
21224266
21375891
21210368
21246756
21381968
21331823
21157569
21324768
21360736
21392863
22552364
26712445
21370096
21294038
20944484
21299486
21435187
21482121
23351205
21361854
21330286
21407600
21207715
21404527
21540997
21525981
27915386
21338108
23068140
21426597
21550914
21294876
21340274
21634025
21762463
21362903
21432115
21370445
21426947
21324280
21751288
21246478
21818685
21308776
21256744
21160363
21881333
21370096
21365486
25595269
21471505
21833352
22703221
21322325
21255278
21407321
21487709
21507543
21344813
21372820
21370445
21273995
21388395
21541347
21999993
21348726
21297323
21213583
21406834
21459982
21440986
21441195
21663360
21438401
21893416
21260866
20968790
21434700
21352288
21775455
21295996
21287685
21402293
21363951
21324630
21034441
21667759
21593589
21181456
21270783
21218053
21325119
21301304
21341254
23783524
21206250
21091782
22773623
21466269
21128378
21282168
21598269
22310298
21447900
21436446
21116156
21557412
21865900
21397266
21596313
22097981
21263450
21765258
20903281
21393424
21281399
21196333
21363254
21376104
21199057
21301793
21431139
21429533
21514809
20989605
22203372
21490715
21319814
22913027
21056653
21189071
21183065
21274347
21406416
21145629
21199547
21308149
20998544
21176220
21291737
21608536
20835605
21380366
23036995
21251230
21412423
21331268
22754628
22474216
21003713
21326309
21231045
21784396
21501330
21343909
21398106
22003278
21386233
21325471
21063218
21232443
21233071
21349148
25180417
22802539
21244385
20792304
20977523
21236215
21239078
21214982
23243027
21232513
21509992
21269319
21265058
21365071
21582556
23637349
21316042
22779003
21290341
21208488
21436170
21912486
21806118
21121816
21246412
21503776
21480030
21430234
21393218
21886365
21632283
21427231
21213935
21397897
21245434
21431002
21286711
21253117
21514532
21259891
21456913
21255491
21284057
21327568
21232374
22912889
21642621
21271066
21247390
21209466
20916344
21260731
21254724
21373244
21904455
21131315
21392031
28944921
20990236
23182895
21581720
21731529
21152826
21007347
21144235
21462012
21210864
21217708
23007664
21164419
21299283
21192775
21414381
22096309
21650513
21852912
21861643
21790544
21593803
21764494
21579765
21221620
21293137
21758768
23048801
21443784
21453562
21465785
21395036
21404254
21664972
21661828
21475911
21260732
21261919
21327570
21188306
21422902
21190820
21301239
21633752
22760149
21078307
21341118
21117557
21139488
22853875
21513766
21531365
21202484
21309411
21273513
21304034
21296770
21260802
21227418
21167076
22761547
22007961
21320237
21312065
21290764
21424439
21027952
21125660
21537792
22831247
21231119
21328548
21460477
21328408
21235659
20963837
21272814
