1466
1467
1467
1467
1398
1467
1467
1467
1397
1467
1467
1886
1397
1467
1397
1397
1956
1397
1397
1467
1956
1956
978
1467
1467
1397
2375
1467
1397
1397
1397
1467
1956
1397
1467
1467
1467
1886
1397
1397
1467
1397
1397
1398
1397
1467
1467
1956
1397
1397
1467
2375
1467
978
1956
1397
1467
978
1467
1467
978
1398
1466
1398
1397
1467
1467
1397
1886
1467
1397
1466
1467
1397
1397
1886
1467
1397
1397
1467
1397
1467
1467
1397
1956
1886
1467
1397
4331
1398
1887
1397
1816
1397
2375
1467
1467
1467
1467
1397
1397
1397
1886
1887
1397
1467
1467
1397
1467
1886
1467
1467
1397
1886
1467
1886
1886
1467
1397
1398
1956
978
1397
1397
1467
1467
1467
1887
1886
1467
1467
1397
1467
1397
1887
1886
1956
1886
1956
1467
1886
1467
1467
1467
1397
1956
1397
1467
1817
1397
1467
1956
1886
1467
1816
1956
1467
1886
1956
2445
1956
1397
1467
1886
6706
1397
1467
978
1467
1956
1467
1397
1886
1398
1398
1886
1956
978
1397
1397
1397
1886
1886
1467
1956
1398
1886
1467
1467
1956
1467
1816
1397
1397
1467
1467
1816
1397
1398
1886
1467
1467
1467
1886
1398
1397
1467
1467
1886
1397
1397
1956
1467
1397
978
1397
1886
2305
1397
1467
1886
1886
1956
1397
1467
1467
1467
1397
1467
1467
1467
11735
1467
1886
1398
1397
1886
1397
1467
1397
1886
978
1955
1466
1397
1467
3283
1956
1467
1467
1887
1467
1397
1397
1886
1397
1816
1467
2375
1397
1467
1467
1467
2445
1398
1397
978
1467
1397
1467
2445
2445
1397
1397
1886
1886
1397
1467
1467
1397
1467
1397
1467
1467
1467
2375
1467
978
2444
1886
1467
1467
2864
1397
1467
1398
1467
1467
1397
1397
1467
1398
1397
1398
978
1397
1397
1467
1397
1467
1467
1467
1467
1467
1467
1467
1886
1467
1397
1397
1467
908
1397
1467
1467
1397
1397
1467
1886
1956
1467
1955
1467
1467
1886
1467
1886
1886
1886
1886
1397
2376
1467
1886
1397
1467
1467
1467
978
1467
1467
1467
1467
1886
1886
1467
1467
1397
1397
1397
1467
1397
1886
1886
1397
1956
1956
978
1398
1467
908
2375
1467
1467
1886
1467
1397
1397
1886
1397
978
1397
1397
1397
978
1467
1397
2375
1397
1886
1467
1886
1886
1886
1956
1816
1886
1397
1956
1467
1467
1467
1397
1467
1397
1956
1886
1397
1467
1397
1397
1397
1397
1886
1397
1397
1467
1397
1467
1397
1467
1397
1886
1467
1467
1467
978
1467
1886
1397
1397
1397
1397
1397
1887
1397
1816
1467
1397
1956
1956
1886
1956
1467
1397
1886
1467
1467
2375
1886
1466
1397
1397
1467
1397
1397
1956
1467
978
1397
2445
1887
1956
1886
1467
1398
1397
1886
1886
1467
1886
1956
1397
1398
1467
1397
1886
1467
1886
1397
1956
1397
1467
1886
1886
1887
1398
1397
1397
1397
1886
1397
1397
1397
1467
2375
1397
1467
1956
1467
1467
1887
1886
1397
1467
1397
2375
1956
1886
908
1467
1886
1397
1886
1886
1816
1956
1956
1467
1886
1397
1467
1397
1886
1816
1397
1467
1467
908
1397
1886
1466
1886
1467
1886
1955
1397
1397
1886
1467
1886
1467
1886
1397
1398
1886
1467
1397
1397
1467
1467
1886
1467
1956
1886
1397
1886
1397
978
1397
1398
1397
1886
1886
1397
1397
1886
1886
1397
1956
1397
1467
2305
1467
1956
1397
1467
2375
1397
1397
1467
1467
1397
1467
1956
1467
1397
1956
1956
1397
1467
1397
1466
1886
1467
1397
1816
1467
1397
1397
1397
1397
978
1956
1397
1467
1467
1467
1397
1467
1397
1397
1397
1397
1467
2445
1886
1886
1397
978
1398
1467
978
1398
1397
1467
1467
1397
2375
1467
1397
1467
1397
1467
1397
1467
978
1467
1397
1397
1397
1398
1467
1397
1467
1397
1397
1467
1956
1467
1467
1398
1397
1397
1467
1467
1397
1398
1397
1398
1467
1397
978
1397
1397
1817
1467
1467
2375
1467
1397
1467
1956
1886
1467
1397
1467
1956
1467
1886
1397
1467
1467
1397
1397
1397
2375
1467
1467
978
1397
1397
1397
977
1467
1398
1886
1397
1397
1467
1397
1397
1397
1467
1886
1397
1397
1467
1397
1886
1397
1467
1467
1397
1397
1467
1467
1397
1886
1397
1886
1886
978
1398
1467
1398
1397
1397
1467
1886
1467
1397
1397
2445
1467
1467
1467
978
1816
1397
1467
978
1397
1467
1467
1397
1467
1467
1397
1397
1466
1397
1467
1397
1397
1397
1397
1467
1467
1397
1467
1398
1886
1886
1397
1397
1467
1956
1467
1467
1467
1467
1467
1886
1397
1397
1467
1397
1397
1956
1467
1467
1397
1397
1467
1467
1467
1397
1397
2375
1397
1467
1397
1467
1886
978
1886
1467
1397
1467
1397
1467
2375
1397
1397
1886
1398
1467
1397
1467
1467
978
1398
1886
1467
1467
1397
1886
1467
1397
2305
1397
1398
1467
1467
1467
1467
1467
1467
1467
1397
1467
1397
1398
1467
978
1956
1816
1397
1467
1887
1956
1956
1886
1467
1467
1467
1397
1467
1467
1467
1397
1467
1467
1398
1467
1397
1397
1467
1397
1886
1397
1467
1886
1886
1956
1397
1397
1397
1397
1397
1397
1886
1397
1467
1397
1397
1886
1397
1467
1886
1467
1467
2375
1816
1886
1397
1467
1397
1397
1397
1467
1467
1467
1467
1397
1397
908
1467
1466
1397
978
1397
1467
1467
1397
1397
1467
1886
1467
1397
1887
1467
1817
1467
1397
1956
1397
908
1467
1956
1816
1956
1886
1397
1467
1467
1886
1886
1886
2445
1397
1397
1397
1817
1397
1886
1886
1467
1467
1397
1467
1467
1397
1956
1467
978
1397
1398
2305
1397
1397
1955
1886
1467
1466
1467
1397
2375
1886
4820
1886
1398
1467
1886
1397
1467
1397
1467
2375
1817
1887
1397
1467
1886
2306
1398
1397
1467
1886
1467
1956
1467
1467
1467
1397
1467
1467
1956
1397
1397
1397
1397
1886
1467
1467
1397
1397
1397
1397
