1397
1466
1886
1816
1397
1467
1886
1956
1467
1466
1467
1397
1467
1397
1397
1466
1397
1397
1467
1955
1886
1467
1467
1886
1397
1467
1956
1397
1467
2375
1397
1467
1467
1467
1397
1397
1466
1467
1397
1467
1397
1397
1397
1397
1956
978
978
1467
1466
1397
1467
1467
1397
977
1956
1397
1886
1816
1467
1397
1467
1466
1816
1397
1467
978
1467
908
1956
1886
1886
1397
1397
1886
1886
1466
1397
1397
1397
1467
1467
1467
1397
1397
1467
2444
978
2375
1956
1886
1956
1886
1467
1397
1466
1816
1397
978
1467
1397
1397
1467
978
1397
1397
1886
1467
1956
1467
1467
1886
1886
1956
1397
1816
1467
1397
1467
1397
2375
1885
1397
1397
2375
1886
1467
1886
1397
12922
1466
1467
1466
1467
1397
1397
1467
1467
1467
1397
1397
1885
1467
1467
1886
978
1397
1397
1397
1397
1467
1467
1396
1397
1886
1397
1397
1397
1397
1467
1397
1467
1886
1956
1466
1886
1466
978
2375
1397
1467
1397
1467
1397
1397
1467
1397
1397
1397
1397
1467
1397
1886
1397
1467
1397
1397
1467
1467
1466
1467
1397
1397
1397
1467
1467
1397
1397
1397
1397
1467
1397
1397
1466
1397
1397
1397
1397
1397
1397
1397
1467
1467
1397
1467
1467
1396
1467
1397
1467
1886
1467
1467
1466
1397
1397
1397
1886
1397
1397
1955
1397
1466
1397
1467
1467
2375
1467
1467
1397
1467
1466
1956
1397
1467
1466
1466
1467
12293
1397
1467
1467
1886
1886
1467
1397
1956
1886
1466
1397
1955
1467
1397
1397
1397
1397
1467
1466
2375
1397
1467
1397
1956
1397
1397
1397
1467
1397
1886
1467
1467
1397
1466
1396
1886
1396
1466
978
1467
1885
1397
1956
1467
1397
1396
1397
1467
1956
1467
1467
1467
1816
1397
977
1397
1397
1886
1467
1397
1467
1467
1467
1467
1397
1467
1956
1397
1397
1467
1467
1816
1886
1397
1397
1397
1467
1467
1397
978
1467
1397
1397
1397
1467
1397
1467
1467
1397
1467
1886
978
1956
1956
1467
1397
1397
1397
1397
1467
1397
978
1467
1397
1397
2375
1885
1397
1397
1397
1886
1397
1467
978
1397
1397
1467
1467
1397
1886
1397
1397
1956
1397
1467
2374
1467
1886
1467
1956
1397
1397
1397
1467
1397
1397
1467
1467
1397
1467
1397
1886
978
1466
1397
1466
978
1397
1467
1467
1397
1467
1397
1397
1466
1467
1397
9150
1467
1397
977
1467
1956
1467
1467
1397
1397
1467
978
1467
1397
908
1467
1467
1886
1397
908
1397
1886
1467
978
1886
1397
1397
1397
1397
1886
1467
1397
978
1467
1397
1397
1397
1397
1467
1466
1397
1467
1397
1397
1397
1886
1397
978
1467
1466
1397
1397
1956
978
978
1467
1886
1397
1397
1467
1466
1467
1467
1955
1467
1467
1466
1467
1467
1397
1466
1956
978
1466
1885
2375
1816
1466
1397
1397
1467
1397
1466
1467
1467
1397
1397
1397
1956
1397
1397
978
1397
1955
1466
1955
1466
1397
1397
1816
1397
1886
1467
1397
2445
1956
1956
1397
1467
1467
1466
1467
1466
1886
1397
1466
1467
1397
1467
1467
1886
1397
1886
1886
1886
1467
1886
1467
1467
1467
1886
1466
1397
1467
1885
1467
1886
1956
1467
1397
1397
1397
1467
1886
1886
1397
1956
1956
1467
1467
1886
1397
1397
1397
1816
1956
1396
1886
2375
1956
1397
1467
1467
1466
1397
1886
1467
1397
1886
1886
1886
1956
1816
1886
1467
1397
1397
1886
1397
1467
1397
1956
1886
1886
1886
1955
1397
1397
978
1886
1397
1397
1466
1467
1397
21234
978
1467
1886
1397
1467
1956
1397
1816
1397
2305
1397
1956
1396
1886
978
1397
1397
1397
1467
1467
1397
1397
908
1467
1467
1956
978
978
1397
1397
1397
1886
1467
1397
1466
1467
1886
1886
1467
1397
978
1467
1397
1397
1397
1466
1467
1397
1467
1886
1397
1886
1467
1466
1467
1397
1397
1467
1466
1397
1397
1397
1467
1467
1397
1886
1397
1397
1886
1466
2235
1467
1397
1886
1397
1467
1397
1467
1467
1467
1397
1397
2375
1397
1886
1397
1397
1397
978
1397
1397
1467
1467
1467
1397
1397
1397
1467
1397
1397
1397
1467
1467
1467
1397
2445
1397
978
1886
1397
908
1397
1397
1397
1816
1397
1397
1397
1467
1467
1467
1886
977
1397
1397
978
1467
1397
1467
1397
1397
1397
1397
1397
977
1397
1955
908
1467
1397
1397
1467
1466
1467
1397
1397
1467
1956
1397
1885
1397
1397
908
1397
1397
1397
1886
1397
1397
1397
1467
1397
1467
1397
1467
1397
1397
908
1886
1886
1956
1886
1397
1397
1397
1886
1956
978
1467
1397
1467
1397
1397
1397
1886
2445
1397
978
1467
1886
1956
1467
1956
1467
1956
1397
1466
1397
1467
1467
1467
1397
1397
1397
1817
1467
1467
1397
1397
908
1886
1467
1955
1397
978
1397
1467
1467
1467
1886
1466
1467
1397
1466
978
909
2445
1467
1397
1467
1466
1467
1955
1467
1467
1396
1397
1467
1397
1467
978
1466
1397
1397
1397
1397
1467
1397
1467
1886
1886
1397
1397
1467
1467
1886
1816
1886
1956
1886
1467
1886
1397
1467
1397
1466
1467
1397
1467
1397
1886
1956
1397
1397
1467
1397
1397
1816
1397
1467
1956
1466
1467
1886
1397
1397
1467
1467
978
1466
1886
1397
1466
1467
1467
1467
1467
1467
1467
1397
1397
1886
1467
1397
1397
1467
1956
1467
1467
1886
1467
1956
1467
1886
1397
1886
1886
1467
1467
1467
1397
1467
1397
1397
1467
1327
1397
1397
1467
1886
1397
1466
1467
1467
1397
1467
1397
1467
2375
1397
1397
1397
1397
1467
978
1397
1816
1397
1467
1467
1397
1886
1466
1956
1467
1467
1397
1397
1955
1886
978
1466
2864
1397
1397
1886
1467
1396
1467
1397
1467
1397
1467
1397
1467
1467
1467
1397
2374
1397
1467
1467
1467
1467
1886
1885
1467
1467
1886
1397
1886
1467
2374
978
1467
1397
1467
1956
1397
