1816
1816
1467
1467
1397
1467
1886
1397
1886
1467
1886
1397
1397
1956
1397
978
1467
1467
1397
1467
1886
1467
1467
1397
1817
1397
1397
978
2375
1397
978
1886
1886
1397
1886
1886
1467
978
1397
1467
1886
1467
1467
1886
1467
1397
1466
1467
1466
1397
1886
1467
1956
1467
1397
1467
1397
1466
1467
1467
1467
1397
1397
1397
1467
1956
1397
1467
1467
1397
1956
1467
1397
1467
1467
1467
1466
1397
1397
1397
1467
1955
1467
1397
1956
1466
1467
1955
1467
1397
1397
1467
1467
1467
1397
1886
1397
1397
1467
1467
1956
1955
1467
1467
1467
1467
1397
1467
1397
1397
1467
1397
1886
1397
1467
1886
1397
1467
1397
1397
1397
1467
1398
2375
1467
1467
1467
1397
1397
1956
1467
1397
1467
1886
1467
1397
1397
1397
1467
1397
1397
1397
2375
1955
1397
1397
1397
1955
1886
1886
1397
1886
977
978
1397
1397
1467
1397
1886
1467
1467
1397
1397
1467
1397
908
1956
1467
1397
1466
978
1467
1466
1397
1955
1397
1467
1397
1955
1397
1467
1397
1956
1397
908
1397
1466
1467
1467
978
1467
978
1397
1397
1466
1397
1467
1467
1886
1467
1466
1466
1397
978
2375
1397
1467
1956
1467
1467
908
1397
1467
1467
1397
1467
1816
1467
1467
1397
978
1397
1467
1467
1397
1886
1467
1467
1467
908
1467
1397
1886
1467
1467
1397
1467
908
1466
3423
978
1467
1467
1398
1397
1467
1397
1397
1467
908
1467
1397
1467
1397
1467
1397
1398
1397
1398
1397
1467
1397
1467
1467
1467
1467
1397
1397
1397
1886
1397
1397
1397
1397
978
1466
1397
1397
1467
1397
1397
1397
1467
908
1397
978
1467
1467
1397
1467
1886
1397
978
1467
1398
1886
1397
1397
1467
1397
1467
1886
1467
977
1397
1397
1467
1956
1397
1816
1397
1397
1467
1467
1886
1466
1397
978
1886
1956
1886
1886
1886
1397
1397
1397
1397
1398
908
2375
1397
908
1956
1466
1886
1956
1467
1467
1397
1467
1467
1397
1467
1467
1397
1886
1956
1467
1397
2375
1956
1886
1397
1467
1886
1397
1397
1397
1467
1886
978
1886
1886
1956
1467
1956
1397
1955
1886
1467
1467
1397
1397
1397
1886
1467
1397
1467
1467
1397
1397
1467
1467
1886
1397
1886
1466
2305
1956
1816
1955
1467
1956
1467
1397
1467
1397
1467
2305
1467
1886
1467
1397
2375
1467
1467
1397
2375
1397
1397
1397
1467
1466
1398
1397
1467
1397
1397
1467
1886
1467
1397
1467
1886
1397
1956
1886
1886
1886
1956
1467
1886
1467
1467
1886
2375
2375
2444
1466
1467
1467
978
1886
1397
3353
1467
1467
1397
1467
1397
1397
1397
1397
1397
2305
1467
1466
1886
1467
978
1466
1467
1397
1466
1397
1467
1467
1397
1397
1466
1467
1467
1397
1467
1397
1397
1467
1397
908
1397
1817
1467
1886
1467
1467
978
1467
1397
1397
1886
1397
1467
1397
1397
1467
1397
1816
1397
1397
1397
1397
1397
1467
1886
1886
1467
1886
1397
1467
1397
1467
1397
1467
1956
1397
1467
1397
1467
1816
1397
1397
1467
1397
1467
1466
1397
1467
1467
908
1397
1397
1397
1886
1467
1397
1956
1397
1397
1467
1397
1956
1886
1886
1467
1397
1467
1467
1886
1467
1956
1397
1956
1467
1397
1397
1397
978
1467
1397
1397
1397
1467
1467
1886
1467
2445
978
1397
1816
1397
2445
1467
1467
1398
978
1397
1956
1397
2305
1467
1956
1397
1397
1956
1397
1467
1467
1467
1397
978
1886
1397
1467
1467
1397
1467
1467
1467
1956
1397
2375
1466
1467
1397
1956
978
978
1467
1955
1467
1397
1886
1956
1956
1467
1467
1467
1397
1397
1397
1397
1397
1886
1466
2375
1467
1397
1467
1467
1956
1467
1467
1397
978
1467
1467
1467
1397
1397
1467
978
1397
1397
1956
978
1467
1467
1886
1886
978
1467
1956
1397
1467
1467
1397
1327
1467
1467
1467
1397
1886
1397
1467
1816
1467
1466
2445
1466
1467
1886
1467
1467
1397
1466
1397
1886
1467
1886
1466
1467
1886
1956
1467
1467
1397
1467
1886
1397
1886
1886
1886
1467
1886
1886
1397
2375
1397
1886
1816
1956
1397
1467
1397
1466
1466
1397
1397
1397
1467
1956
1886
1467
1397
1397
1397
1397
1886
1956
1398
1467
1466
1886
1886
1397
1886
1397
1397
1397
1886
1397
1397
1467
1886
1955
1397
1467
1397
1467
1397
1397
1467
1397
1397
1886
1956
1886
1397
1467
1467
1467
1397
1956
1886
1467
1467
2305
1397
1467
1397
1397
1397
1886
1467
1397
1397
2375
1397
1886
1397
1397
1397
1397
1467
1467
1467
1467
1467
1886
1467
1467
1397
1886
1398
1397
1397
1466
1467
1397
1467
1397
1956
1397
1467
1956
1397
1397
1817
1397
1467
1886
1397
1397
1816
1466
16275
1397
1956
1467
1397
1956
1467
1467
1886
1467
1467
1397
1886
1467
1397
978
1466
1886
1397
1397
1397
1467
1397
1467
1397
1397
978
2305
1467
1886
1397
1886
1397
1467
1467
1397
1397
1398
1886
1397
1397
1397
1397
1397
2305
1467
1397
1466
1397
1467
1467
1397
1397
978
978
1467
1397
1397
1397
1816
1466
1816
1467
1467
1467
1886
1397
908
1398
1467
1467
1397
1467
1397
1397
1886
1466
1467
1467
1467
1467
1816
1467
1466
1397
1397
1397
2305
1886
1397
1886
1397
1467
978
1397
1397
3842
1397
978
1467
1956
1397
1397
1397
1397
1397
1397
1886
1886
1397
1397
1397
1467
1467
1467
1467
1397
1956
1956
1886
1397
1397
1397
1397
1467
1956
1397
1397
1397
1397
1816
1466
1397
1886
1397
1397
2375
1467
1397
1956
1467
1467
1467
1397
1397
1397
1816
1397
1467
1467
1397
1397
1397
1397
1398
1467
1886
1886
1467
1467
1467
1886
1467
1466
2375
1397
1397
1467
1397
1397
1467
1467
1886
1397
1886
1956
1397
1397
1467
1467
1397
1467
1397
1956
1397
1397
1467
1397
978
1397
1886
1397
1886
1397
978
