2374
1397
1397
1397
1397
1396
2304
1327
1396
1886
1466
1466
1397
1467
2375
1467
1397
1396
1466
1467
1467
1397
1397
1397
1466
1467
1467
1466
908
1397
1397
1467
1466
1397
1466
1956
1955
1467
1397
1466
1956
1397
1397
1396
1397
1466
1467
1886
2374
1467
1467
1397
1397
2445
978
1885
1467
1396
2375
1955
1397
1816
977
1467
1397
1396
2375
908
2305
1467
1816
1467
1466
1955
1466
1397
1397
1467
1467
1397
1397
1886
1956
1885
1397
2305
1397
1466
1396
1397
1466
1886
1396
1467
1397
1467
1466
1466
1397
1955
1396
1467
1397
1466
1466
1886
1955
1466
1886
1467
1467
1397
1466
1397
977
1466
1886
1467
1886
1885
1397
1816
1397
1397
1466
1467
1466
1467
978
1397
1467
1467
1467
1397
1397
1397
1956
1397
1467
1397
1467
1885
1397
1466
1467
1886
1397
1397
977
1397
1886
1396
1467
977
1397
1397
1397
1397
1467
1467
1397
1397
1955
1397
1396
1467
1397
1396
1467
1396
1467
1397
1467
1396
1466
978
1397
1466
1467
1397
1397
1886
1466
1467
1397
1467
1467
1466
1886
1397
1467
1467
1397
1397
1466
1466
978
1467
1397
1396
1816
1467
1397
1397
1886
1397
1467
1955
1886
1397
1816
908
1396
978
1397
1467
1885
1466
978
1397
1396
1396
1886
1397
1467
1397
1886
1886
1397
1466
1886
1397
1396
1886
1396
1396
1466
1467
1397
1397
1397
1467
978
1467
1397
1467
1467
1396
1955
907
1467
1955
1466
1956
1467
1886
1467
1397
1397
2375
1956
1886
1397
978
1885
1397
1396
1467
1396
4749
1397
1466
1885
1397
1396
1885
1467
1886
1397
1397
1397
1467
1397
2375
1466
1397
1397
1956
1955
1397
1467
1886
1956
977
1956
1397
908
978
1467
1397
1467
1956
1397
1467
1885
977
907
1467
1397
1397
1397
1466
978
1467
1467
1815
1397
1397
1397
1396
1467
1397
1956
978
1397
1397
2375
1466
1885
1467
1467
1397
1397
1816
1955
1466
977
1467
1885
1466
1397
1885
1397
1397
1886
1467
1885
1886
1397
1955
1467
1466
1396
1467
1466
1956
1466
1886
1396
1397
908
1816
1467
1467
1886
1397
1467
1467
1397
1467
1467
1886
1397
1397
1397
1466
1397
977
978
1467
1397
1397
1397
1397
1886
1396
1396
1467
1886
1397
1467
1397
1397
1467
1467
1467
1397
1396
1396
1467
1397
1397
1467
978
1885
1396
1467
1397
1466
1396
977
1397
1467
1886
978
1467
1816
1397
1397
1886
1886
1397
1466
1397
1397
1397
1397
1467
1397
1397
1467
1397
1467
1397
1466
1397
40927
1466
1397
1885
1396
978
1467
1886
1466
1466
1467
1467
1397
1397
1397
1397
1397
1886
1466
1397
1466
1397
1885
1466
1467
1466
1397
1397
1466
1886
1467
1885
1397
1886
1397
1466
1467
1397
1396
978
1467
1466
1397
1397
1397
1397
978
1397
1397
1397
1467
1467
1397
1467
1396
1467
1396
1467
1467
1397
1466
1467
1397
1885
1886
1467
977
1886
1467
1396
1467
1466
1467
1467
1397
1466
1467
1467
1467
1397
1466
1397
978
1467
1467
1466
1397
1467
1397
1397
1467
1466
1396
1396
1466
1467
978
1396
1397
1467
1467
1397
1467
1467
1467
1467
1397
1397
908
1886
1397
1467
1397
1466
1467
1397
1466
1886
1397
1467
977
1955
1397
1467
1467
1467
1397
1396
1467
1397
1467
1397
1397
1467
1397
1397
1466
1467
1397
1397
1396
1397
1467
1397
1397
1956
1397
1467
1886
1467
1397
1397
978
1397
1397
1397
1467
908
1396
908
1467
1466
1397
1955
1467
1955
978
1467
1397
1467
1397
1466
1466
1466
978
1467
1467
1467
1397
1466
1397
1466
1466
1467
1466
1466
978
1397
1397
1467
1467
1466
1467
1396
1396
1467
1397
1397
977
1397
1396
1397
2374
1397
1397
1397
1397
1885
1467
1467
1466
1397
1467
1467
908
1886
1396
1467
1397
1467
1396
977
1397
1466
1397
1955
1397
1885
1956
1466
1397
1466
1467
1397
1327
977
1397
1467
1466
1397
1886
1396
978
1397
1397
1397
1467
1397
1397
1886
1886
978
1467
1955
1467
1397
1466
1466
1467
1466
1466
978
1397
1397
978
1467
1396
1397
1467
1467
1467
1467
1467
1467
11594
1397
978
1467
1466
1397
978
1397
1467
1886
977
1467
1396
1467
1467
1467
1397
1467
1397
1397
1397
978
1397
1466
1397
1397
978
1397
1466
1467
1466
1467
978
1397
978
2374
1956
1467
1467
1397
977
1397
1466
1397
978
2375
1397
1397
1886
1397
1886
1886
1397
1396
1397
3772
1397
1955
1397
1467
1466
1466
1467
1397
1397
1466
1397
1467
1397
1467
1397
1397
978
1397
908
1397
978
1397
977
1466
1397
1816
1467
1886
1467
1467
1396
1396
1397
978
10476
1397
1397
1397
1397
1466
1466
978
1467
1397
1396
1397
978
1396
1397
1467
1397
1397
1467
1467
1467
1956
1397
1397
1886
1397
1467
978
1397
1466
1397
1396
1397
1397
1466
1467
1396
1466
1885
1955
908
978
1397
1467
1467
1397
908
1397
1397
1466
1467
1466
1466
977
1397
978
1396
1956
1397
1886
1467
1396
1397
1467
1467
1955
1397
1467
1467
11105
1397
1886
1397
908
978
1467
1397
1397
1397
1397
1467
1467
1397
1466
1397
978
1397
1397
1397
1397
1397
1467
1466
977
1466
1466
978
1397
1397
1885
1397
11524
1397
1397
1397
1397
1467
907
1467
1467
1466
1467
1466
1397
1397
1397
1467
1397
1397
1467
1396
1885
1397
908
1397
2305
1467
1397
1397
1467
1396
1467
1397
1396
1466
1396
1467
1396
1397
1397
1397
1467
1397
1467
1397
1467
1397
1466
1396
1397
1467
908
1467
1466
1886
978
1466
1956
1396
1886
1467
1466
1467
1467
1467
11384
1467
1466
1397
1397
1397
1396
1467
1396
1467
1397
1467
1397
978
1397
1886
1467
1467
1397
1397
1466
1397
1397
1467
1955
1397
1397
1396
1467
1396
1397
1397
1466
1885
1397
