1397
1397
1397
1397
1467
1467
1467
1886
1397
1397
1397
1467
1397
1886
1467
1397
1397
1398
1886
1397
978
1397
1397
1397
1397
1467
1886
1397
1397
1397
1467
1467
1956
1956
1467
1467
1397
1467
1397
1467
1467
1397
1467
1397
1467
1886
1467
1467
1397
1397
1467
1467
1467
1956
1397
2375
2375
1467
1467
1397
1467
1467
1397
1467
1397
1467
1956
1398
1397
1467
1467
1397
1397
1467
1887
1467
1397
1956
1466
1467
1398
1397
1397
1467
1886
1886
1397
1886
1467
1467
1397
1956
1397
1467
1467
1467
1886
978
1886
1886
1956
1467
1467
1467
1398
1397
1397
978
1397
1467
1467
1397
1886
1467
1397
1467
1886
1467
1467
1467
1397
1467
1397
1467
1398
1397
908
1397
978
2375
1467
1467
1467
978
1397
1467
4192
1397
1397
2375
1397
1398
1397
1397
1397
1467
1397
1467
1397
1467
1467
1467
1397
1467
1397
1467
978
1467
1467
1467
2375
1398
2375
1467
908
1467
977
1886
1467
1467
978
1886
1467
1467
1956
1397
1397
1467
978
1467
1467
1397
1467
1397
1397
1397
1398
1327
1397
1467
1466
1397
1466
1397
1956
1397
1398
1397
2375
1398
978
1467
1397
1397
1397
978
1467
1467
2375
1886
3353
1398
1467
1397
1397
2864
978
1467
1467
1467
1467
1467
1397
978
1955
1397
1397
1397
1397
1397
1397
1397
1398
1397
978
1467
1816
1398
1397
1397
1467
1886
1467
1467
1467
1397
1466
1467
1467
1467
978
1886
1467
978
1467
1397
1467
1467
1397
1397
1397
1467
978
1467
1398
1467
1397
909
1886
1467
1467
1397
1467
1467
1467
1397
1467
2375
1467
2375
1397
1886
1398
1467
2375
1397
1467
1467
1397
1886
1886
1397
1886
1467
2306
1397
1397
1467
1397
1817
1397
1886
1467
1467
1467
1467
1397
1397
1397
1467
1398
1397
1886
1467
1397
1467
1397
1467
1397
1467
1467
977
1397
908
1397
1397
2445
1467
1467
1467
2305
1467
1467
1397
1887
1397
977
1467
1397
1886
1887
2375
1467
1887
1467
1467
1467
1467
1397
1956
1398
1397
978
1397
1467
1397
2375
1397
1467
1397
978
1398
1397
1886
1397
1397
1467
1397
1397
1886
1467
1886
1397
1397
1956
1467
2375
908
1467
1467
1397
1397
1467
3842
1397
1467
1397
1467
1467
1467
1467
2305
978
1397
1397
1397
1397
1467
1397
1886
1467
1397
1397
14670
978
1956
1467
1397
1398
1467
1397
1397
1398
2305
908
1398
1397
1467
1956
1467
1397
1397
908
1467
1467
1956
1397
1397
1397
1467
1397
1467
1397
1467
1397
1398
1467
1886
1467
1467
1886
1398
1397
1887
978
1397
1467
1397
1467
1397
1397
1397
1467
1887
1397
1397
1397
1397
2375
1467
1467
1397
1397
1467
1397
1467
1467
1397
1467
1397
1467
1397
1467
1397
1467
4331
1886
1397
1397
1467
1467
1956
1397
1397
1397
1467
908
1397
1467
1467
1955
1397
1467
1467
1397
978
1397
1397
1467
1397
1467
1397
1397
1397
1467
1467
1467
1397
1956
1467
1397
1467
2375
1397
1467
1467
1397
1397
1397
1397
1467
978
1467
1397
1467
1467
1397
1397
1886
1397
1397
1397
1397
1398
1467
1467
1397
1467
1467
1398
1397
908
1467
1397
2375
1886
1467
1467
1397
1886
2375
1467
1467
1397
1467
1397
1467
1467
908
1397
1887
1397
1467
1467
1886
1467
9920
1467
1397
1397
978
1467
978
1397
1398
1397
1466
2375
1397
1467
1467
1397
1397
1397
1467
908
1887
1467
1467
1467
1397
1398
1467
1397
1467
2445
1397
1467
1397
1886
1886
1467
1467
1397
1886
1397
1467
1467
1467
1398
1467
1956
1398
2375
1467
1956
1886
1397
1397
1397
1467
1397
1397
1397
1397
1886
1466
1397
1397
978
1467
1467
1397
1397
1397
1886
1956
1816
1397
1466
1397
1467
1886
1397
1397
1397
1397
1467
1467
1397
1397
1467
1397
978
1397
1467
1397
1467
1397
1467
1467
1397
1397
978
1886
1467
1467
1397
1467
1467
1886
1467
1887
3353
1886
1956
978
1398
1467
1886
1886
1956
1886
1886
1956
1467
1467
1397
1956
1956
1467
1467
1817
1956
1956
1886
1467
1467
1467
1397
1816
1397
2934
978
1467
1467
1956
1467
1397
1886
1956
1397
1467
1397
1397
1886
1467
1467
1467
1397
1886
1956
1467
1467
1886
1467
1467
1467
1886
1886
1397
1467
1397
1397
1467
1397
1397
1467
1397
1397
1467
1466
1886
2444
1467
1886
6776
1956
1956
1397
1467
1956
1886
1397
1397
1886
1956
1886
1397
1886
1886
1816
2375
1956
1467
1886
1397
1397
1467
1886
1397
1467
1397
1886
1956
1886
1397
1467
1886
1398
18652
1398
1467
1397
1467
1886
1397
1397
1397
978
1467
1467
1397
1397
1467
1886
1886
1816
1886
1397
1467
909
1467
908
1956
1467
1397
1956
1886
1397
1887
1397
1467
1467
1397
1467
1397
1886
1956
1397
1886
1467
1467
1467
1886
2864
1956
1398
1467
1467
1397
978
1467
1467
1467
1467
1467
1467
1466
1467
1467
1886
1467
1397
1397
1467
1397
1397
1467
1397
1397
1397
1956
1467
1886
1397
1956
1397
1467
1397
1397
1397
1886
1398
1397
1467
1467
1397
1397
1467
908
1467
1397
1397
1397
1467
1397
2375
1467
1397
1467
1397
1397
1467
2445
1467
1397
1467
1397
1467
1397
978
1886
1467
1886
1467
978
1467
1467
1397
1397
2375
1467
1397
1467
1467
1397
1467
2375
1397
1397
1467
1397
1397
1397
1397
1467
1467
1886
1397
1397
1397
1397
1397
1397
908
1467
1397
1886
1816
1467
1467
1397
1467
1397
1467
1398
1397
1397
1397
1397
1467
978
1467
1886
1467
1467
1397
1467
1466
1397
1886
1397
1467
1886
1467
1467
1467
978
1467
1467
1397
1398
1397
1397
1397
1886
1467
1397
978
30946
1467
1397
1397
1397
1886
1886
1467
978
1467
1886
1397
1467
1467
1397
1397
2445
1466
1397
1467
1397
1467
1397
1467
1467
1397
1397
1397
1397
1397
