1467
1466
1397
1397
1467
1327
1886
1397
1886
1397
1397
1886
1467
1885
1396
1397
1397
908
1397
1466
1467
1467
1466
1467
1397
1466
908
1467
1397
978
1885
1397
1397
1467
1467
1467
2444
1955
1466
1955
1885
1886
1467
2374
1886
1885
1467
1467
2375
1886
1467
1467
1466
1886
1397
1396
1956
1397
1397
1467
1466
2444
1466
1397
1397
1466
1397
1396
1397
1397
1397
1886
1396
1816
1327
1466
978
1397
1466
1396
1396
1886
1466
1397
1956
1397
1467
1396
978
1467
1467
1397
1467
1397
1466
1466
1397
1466
1467
1397
1397
1816
1467
2374
2374
16413
1396
1397
1396
1466
1885
1956
1466
1467
1397
1397
1467
1467
1397
1467
978
1397
1397
908
1397
1397
1467
1396
1466
1466
1397
1397
978
1397
1397
1397
1467
1467
1467
1397
1397
1466
1886
1466
1466
1397
1397
1327
1467
1397
907
1467
1397
1397
1466
1956
1397
1467
1466
1467
1467
1467
1397
977
1466
1396
1397
1397
1956
1466
1885
1396
1397
1466
1396
1466
1397
1396
1397
978
1397
1397
1396
1467
1397
1397
1466
1467
1466
1396
1467
1397
1397
1467
1397
1466
1397
1467
978
1397
1397
1397
1397
1397
1467
1955
1816
1397
1397
1885
1886
1956
1955
1467
1397
1955
1816
1886
1467
1956
1396
1885
1886
1467
1467
2444
1396
1397
2375
1886
1886
2444
2374
1956
1466
1396
1466
1397
1886
1467
1467
1397
1397
1467
1397
1886
2375
3353
1466
1397
1396
1466
1886
1885
2444
1816
1885
1955
978
1397
1397
1955
1397
1397
1886
1466
1955
1886
1955
1885
1885
1397
1955
1816
1886
1886
1886
1397
1397
1397
1397
1886
1467
1886
1466
1467
1467
1886
1467
1397
1886
2374
1467
1397
1396
1955
1886
1886
1956
1397
2863
1467
1816
1885
1466
1955
1397
1955
1397
1955
1886
1397
1816
1397
1955
978
1955
1466
1955
1885
1886
1956
1886
1467
1397
1467
2374
1397
1886
1397
1467
1467
1886
1397
1886
1467
1397
1467
1955
1397
1467
1815
1467
1955
1885
1466
1467
1397
1396
1466
1955
978
1956
1886
2444
1886
1886
1397
1466
908
1466
1886
1397
1955
1397
1885
1815
1467
1396
1886
2374
1886
1886
1955
1397
1955
1886
1467
1466
1467
1467
1467
1467
1397
1397
1397
1467
977
1956
1397
1397
1467
1397
1886
1956
978
1397
1397
1886
2375
1885
1886
1885
1396
1886
1396
1467
1467
1397
1816
1397
1885
1885
1397
978
1886
1885
1467
1397
1886
1397
1466
1886
1885
1955
1466
1466
978
1886
1397
1886
1466
1886
1886
1396
2375
1467
1397
1466
1886
1886
1397
1467
1466
1397
978
1466
1396
1955
1467
977
1467
1467
1467
1397
1467
1885
1397
1467
1466
1467
1397
1886
1466
1467
1885
1467
1956
1886
1396
1397
978
1466
1397
1397
1886
1397
1467
1397
1467
1397
1467
1396
1467
1467
1397
1397
1466
1397
1466
1467
1397
1397
1886
1397
2445
1467
1467
1397
1467
1397
1886
1816
1466
1467
978
1466
1466
1886
1467
1397
1396
1397
1397
1886
1397
1397
2374
1467
1466
1396
1467
1397
1397
1816
978
1886
1397
1467
1467
1467
1886
1467
1467
1956
1397
1466
1397
1467
1467
1397
1396
1956
1886
1467
1467
1397
1467
1467
1467
1397
1955
1886
1956
1885
1396
1466
1397
1466
1955
1956
1886
1467
1467
1886
1886
1956
1467
1467
1397
1397
1955
1886
1885
1467
1886
1396
1396
1397
1397
1886
1467
1467
1397
1886
1467
1955
1467
1886
1886
1396
40438
1397
1397
2374
1466
1466
1397
1956
1467
1956
1886
1816
1466
978
1885
1885
1397
1955
1886
1397
1397
1886
1885
1467
1885
1467
1396
1886
1397
1397
2375
2445
1885
1956
1397
1886
1467
1885
1397
1397
1886
1397
1886
1885
1467
1956
1397
1397
1816
1885
1955
1467
1467
1886
1467
1467
1396
1467
1956
1467
1467
1397
1886
1467
1886
1886
1397
1466
1397
1396
1467
1397
1397
1815
1467
1955
977
1396
1885
1397
1466
1397
1467
1466
1467
1886
1466
1466
1467
1396
1467
1886
1397
978
1397
1886
1885
1397
1885
1885
1886
1467
1467
1956
1886
1397
1397
1886
1466
1397
1397
1397
1886
1886
1466
1886
1397
1397
1467
1397
1396
2444
1886
1466
1467
1467
1397
1467
1467
1466
1397
1467
1397
1397
1397
1467
1885
1396
978
1397
1397
1467
1886
1886
1397
2444
1397
1886
2445
1397
1885
1397
1466
1885
1467
1397
1886
1397
1397
1885
1397
1886
1886
1816
1886
1885
1886
1956
1955
1886
1955
1397
1467
1397
1397
1886
1397
1467
1397
1816
1886
1885
1885
1397
1396
1956
1397
1467
1466
1467
1397
1466
1885
1467
1816
1467
1467
1397
1467
1886
1467
1397
1956
1467
1397
1886
1396
1397
1466
1397
1956
1397
1886
1466
1397
1397
1397
1396
1816
1467
1397
2374
1397
1886
1955
1956
1886
1956
1956
1397
1886
1466
1397
1467
1885
1467
1886
1467
1397
1955
1886
1396
1885
1885
1886
1397
1397
1397
1467
1956
1885
1886
1816
1466
1467
1397
1816
1467
1466
1467
1886
1397
978
3282
1467
1467
1885
1816
1467
1886
1466
1467
1467
1467
1955
1467
1396
1886
1885
1396
1886
1466
1886
1396
1955
1467
1467
1466
1885
1956
1396
908
1397
1396
1956
1466
1397
1396
1956
1886
1816
1467
1396
37574
1885
1467
1955
1397
1467
2374
1467
1397
1397
1956
1816
1886
1397
1467
1816
1885
1397
1886
1397
1466
1397
1886
1396
1466
3353
1886
1816
5168
1397
1397
1397
1397
1397
1955
1467
1886
1467
1956
1956
1885
1467
1956
1467
1886
1396
1397
1397
1886
1466
1956
1467
1397
1466
1467
1397
1467
1467
1396
1956
1886
1886
1886
1396
1467
1397
1397
908
2933
1466
1886
1466
1886
1816
1955
2374
1886
1467
1886
1396
1397
1886
1955
1885
1396
1955
1397
1955
1956
1956
1397
1467
1886
1466
1886
1396
1886
1955
1467
1396
1467
1467
1467
1467
1397
1397
