1467
1397
1467
1467
1397
2305
1886
1467
1467
1397
1397
1397
1397
1467
1397
1467
1467
1467
908
1467
1886
1397
1397
1466
1397
1467
978
1467
1397
1397
1467
1398
1397
1397
978
1397
1467
1398
1885
1886
978
1397
1397
1397
1467
1397
1816
909
1467
1397
1466
1467
1886
1467
1467
1397
1397
2305
1467
1886
1467
1397
1397
1466
978
1397
1397
1467
1397
1397
1467
1397
1467
1397
978
1397
10408
1956
908
1397
978
1886
1397
1397
1467
1397
1467
1397
1467
1886
1467
1467
2375
978
1886
1886
1397
1397
1467
1397
1397
1467
1886
1397
978
1397
1397
1817
1467
1397
1467
1397
1467
1397
1467
1397
1397
1467
1397
1467
1886
1467
1397
2375
1467
1397
1467
1467
1467
1467
1397
1886
1886
1886
1467
1467
1397
1397
2445
1397
1467
1885
1397
1397
1397
1467
1467
1397
1397
1467
1467
1466
1397
1466
1467
1397
1397
1467
1397
1466
1466
1816
1467
1397
1397
1397
1467
1397
978
1397
1467
1956
1397
1397
1397
1397
1467
10338
1886
1886
1397
1397
1467
1397
1467
1467
1467
1467
1886
1886
1397
1467
1467
1397
1466
1397
1466
1466
1467
1466
1956
1397
1397
1466
1467
1397
1397
1467
1397
1467
1466
1397
1397
1467
1397
908
1466
1397
1397
1397
1397
1397
1886
1397
1817
1467
1397
10478
1397
1467
1397
1816
1467
1397
1397
1397
1467
1467
1397
1467
1467
1397
1397
1397
1886
1397
1467
1397
1466
1467
1467
1466
1886
1397
1397
1397
1956
1397
908
1397
1886
1397
1467
1956
2374
1467
1397
1467
1467
1397
978
1397
1397
1397
1397
1397
1397
1397
1467
1467
1397
1467
1467
1397
1467
1397
1467
1467
978
1397
978
1467
1397
1467
1467
1467
1467
1467
1397
1397
908
1467
1467
1467
1397
1397
1467
1817
1467
1397
978
1467
1955
1397
1397
1955
1397
1467
1397
1397
1397
1467
978
1467
1397
1328
1467
1398
978
1397
1466
1397
1467
908
1397
1466
1467
1397
978
1397
1397
1397
1956
1467
1467
1397
1397
1467
908
1467
1467
1467
978
1467
1397
1397
1467
978
1397
1467
1397
1467
1467
1397
978
1467
1886
1467
1467
1467
1956
1397
1467
1467
1397
1397
1397
1467
1467
1397
1397
1467
1467
1397
1466
1467
1397
1956
1467
1467
1397
1467
1397
1397
1467
1467
1886
1956
1397
1886
1886
1397
1397
1397
1397
1397
1466
1886
1397
1397
1467
1467
1397
1467
1467
978
1397
1398
1397
1397
1467
1467
1397
1467
1886
1397
1467
1467
1466
1467
1467
1467
1467
908
1397
1886
1397
1397
1467
1467
1397
1886
1397
1397
1467
1397
1886
1956
1397
1397
1398
1467
1467
1397
1397
1467
1397
1398
1397
1467
1886
1467
1886
1466
1886
1397
1397
1467
1397
1467
978
1467
1466
1397
1397
1467
1466
1886
1397
1397
1467
1397
1956
1886
1397
1397
1397
1397
978
978
1397
1397
1397
1467
1467
1467
1397
1467
978
1397
1467
1397
1397
1467
1467
1467
1466
1397
1397
1397
1956
1397
1397
1467
1467
1397
1467
1467
1467
1467
1886
1467
1467
978
1397
1467
1467
1467
1467
1956
1397
978
1956
1397
978
1397
1397
1467
978
1397
1466
1397
1467
1467
1397
2375
1467
1397
1886
1466
1397
1397
1955
1956
1467
1467
1467
1397
1467
1467
1956
1397
1467
1467
1467
1397
1397
1397
1397
1886
1467
1397
1397
1397
1398
1397
908
1397
1467
1466
1397
1467
1466
1398
908
1397
1397
1397
1886
1467
1467
1467
1397
1397
1467
1466
1397
1467
1886
1397
978
1397
1397
1397
1397
1466
1397
1467
1467
1886
1397
1397
1397
1467
1397
1467
908
1467
1467
1397
978
1886
1466
1397
1397
978
1467
1467
1886
1398
1466
1397
1956
1467
1467
1467
1397
1397
1467
1397
1397
1467
1956
1467
1466
1397
1397
1397
1467
1467
1397
1397
1397
1397
1886
1397
1467
1397
1397
1467
1397
977
1886
1397
1397
1467
1467
1397
1397
1467
1397
1397
1467
1467
1467
1398
1467
977
978
1397
1467
1397
1467
1397
1397
978
1397
1397
1397
1397
1467
1886
1397
1397
1886
1397
1397
1467
908
1467
1467
1397
1397
1397
1397
1467
1397
978
1467
1467
1397
1886
1467
1397
1886
1886
1467
1886
1467
1467
1467
1466
1397
978
1397
1467
1467
1398
1467
1397
1397
1956
1397
1397
1397
1397
1467
1397
1467
12223
1397
1467
978
1886
1467
1466
1397
1397
1398
1397
1397
1397
1467
978
1397
1956
1397
1397
1467
978
1397
1397
1467
908
978
1467
1467
1397
1397
1397
1886
1397
1886
1467
1397
1467
978
1467
1397
1397
1397
1466
1467
1816
1397
1886
1467
1816
1886
1397
1467
1467
1886
1956
1886
1397
1886
1397
1397
978
1467
1397
1886
1886
1886
1816
1466
1467
1886
1886
1956
1956
1886
1467
1397
1955
1467
1397
2305
1397
1886
1397
1467
1467
1886
1466
1397
1956
1467
1467
1467
1397
1467
1397
1886
908
978
1467
1467
1467
1397
1466
1886
1816
1467
1886
1397
1397
1397
1467
1397
1397
1886
1886
1397
1886
1397
1466
1397
1397
1397
978
1397
1886
1956
1467
2375
1397
1467
1397
2305
1886
1397
1397
1467
2445
1956
1467
1397
908
1397
1466
1467
1467
1397
1397
1467
1397
1886
1467
1956
978
1397
1397
1397
2375
978
1397
1886
1397
1397
1467
1886
1467
2375
1397
1397
977
1397
1397
1397
1467
1397
1467
1397
1886
1466
1397
1467
1467
1886
1466
1397
1397
1467
1467
1397
1397
1466
1397
1886
1467
1467
1886
1397
1397
1467
1467
1397
1956
1466
1397
1467
1466
1397
3283
1467
2863
1397
1397
1885
1467
1397
2374
1466
2445
1467
1467
1397
1397
1467
1327
1397
1467
1467
1397
1467
2375
1397
1467
1397
1397
1467
978
1397
1886
1397
1467
1397
978
1467
1397
1397
1886
1397
978
978
1397
1397
978
1397
1467
1467
1466
1397
1467
1467
1397
1397
1397
