1467
1397
1886
1467
1467
1397
1397
1886
1397
1397
1467
908
1467
1397
1467
1886
1397
1467
1467
1467
1467
978
1397
1467
1397
1397
977
1467
1397
1397
1466
1467
1397
1467
1397
1467
1466
1467
1397
1467
1467
1397
1397
1886
1397
1396
1397
978
1886
908
2445
1397
1467
1397
1397
1467
1467
977
1467
1467
1397
1466
1467
1467
1397
1886
908
1467
1397
1467
1397
1467
1467
1886
1817
1466
1397
1886
1467
1397
1467
1397
1397
978
1466
1397
1467
1467
1397
1397
1467
1397
1956
978
1397
1467
1397
1467
1467
1397
1886
1467
1466
1956
1397
1955
1397
1397
1467
1397
1397
1467
1467
1397
1466
1956
1397
2864
1467
1816
1397
1886
1397
1467
2305
1467
1466
1467
1397
1467
978
1467
1467
1467
1816
1467
1397
1467
1466
1886
1467
1397
1397
978
1467
1397
1956
1397
977
1397
1467
1467
1467
1467
1467
1467
1956
1956
1397
1467
1467
1467
1397
1467
1467
1397
1467
1467
1397
1467
1397
1467
1467
1397
1886
1467
1466
1467
1467
1397
1467
1467
978
1397
1467
1467
1397
1397
1397
1397
1467
1467
1397
1397
2375
1886
1467
1397
1397
1397
1467
1397
1886
1467
1467
1397
1467
1467
1397
1467
1467
1397
1956
1397
1467
1886
1466
1397
978
1397
1397
1397
1397
1397
1467
1397
1397
1397
1397
1397
1397
1956
1397
1397
1467
1397
1397
1467
1397
1397
978
1397
1397
1397
1467
1397
1886
1397
1397
1467
1467
1397
1467
1467
978
1467
1397
1397
1467
1467
1397
1397
1397
1467
1467
1397
1467
1466
1397
1397
1467
1466
1397
1467
1467
1956
1397
1467
1397
1397
1397
1467
908
1466
1955
978
1886
1886
1397
1467
1397
1817
1397
1886
1467
1466
1397
1397
1467
1886
1467
1467
2445
1397
978
1397
1466
1886
978
1397
1397
1397
1397
1397
1397
978
1956
1397
1397
1397
1397
978
1397
1467
1467
978
978
1397
1397
1397
1397
908
1397
1955
1397
1397
978
1467
1467
1466
1467
1397
1397
1397
1467
1467
1467
1397
1397
1466
1956
1397
1886
1467
1466
1466
1467
1397
1397
1397
1467
1466
1886
1467
1397
1466
1886
1397
1397
1467
1466
1886
2375
978
1886
1467
1817
1956
1466
1397
1467
1466
1397
1886
1955
1397
1886
908
1467
1397
1886
2375
1466
1467
1816
2794
1886
1466
1886
1397
1886
1886
1397
1467
1466
1886
1397
1886
1397
1467
1467
1956
1397
1886
1467
1886
1467
1467
1467
1467
1886
1397
1467
1886
1397
1467
1397
2375
1397
1886
1467
1467
1397
1886
1397
1397
1467
1466
1467
1397
1956
1886
1956
1397
1397
1886
1467
1397
2375
1397
1886
1467
1397
1467
1467
1467
1467
1886
1467
1467
1467
1886
1397
1467
1956
1397
1467
1397
978
1467
1886
1467
1397
1467
1467
1397
1886
1397
1467
1467
1467
1397
1467
1466
1466
1886
1397
1397
1886
1955
1397
1886
1886
1467
1467
1886
1397
1397
1467
1397
1466
908
1886
1467
1466
1467
1397
1467
1397
978
1397
1397
1466
1466
1467
1886
1467
1396
1467
1397
1397
908
1397
1885
1467
1467
1467
1397
1467
1397
1397
1397
1886
1467
2375
1956
1467
1886
1467
1467
1397
1397
1467
1467
1397
1397
1467
1467
1467
1886
2375
978
1886
1467
1467
1397
1467
1955
2306
1956
1397
1886
1397
1397
1466
1466
1467
1397
1886
1467
978
1467
1956
1397
1467
1396
1467
1397
1467
1467
1397
1886
1886
1397
1467
1397
1397
1467
1467
1467
1467
1886
1467
1467
1467
1816
1397
1397
1397
1956
2374
1467
1956
1467
1886
1886
1467
1816
1466
1467
1397
1467
1466
1467
1397
1467
1397
1466
1956
1467
1467
1467
1467
1397
1886
1397
1467
1397
1886
1397
1397
1956
1396
1467
1467
1956
1467
1467
1397
1397
1397
1467
2374
1886
1397
1397
1397
1466
1466
1467
1467
1397
1467
1467
1397
1886
1467
1467
1397
1397
1467
1956
1467
1397
1467
1397
1467
1397
1397
1397
1467
1467
1467
1955
1397
1397
1467
1467
1397
1397
1467
1467
1397
1397
1397
1467
1397
1886
1886
1397
1397
1466
1397
1886
2444
1886
1397
1956
1467
1397
1397
1466
2305
1397
1886
1886
1467
1886
1397
978
1397
1886
1886
1466
1397
1397
1397
1466
1397
1397
1397
1886
1397
1467
1467
978
1397
1397
1397
1467
1397
1467
1466
1886
1816
1955
1397
1397
1467
1886
1816
1397
2375
978
1397
1397
1397
1397
1885
1397
1397
1816
1467
1397
1467
1886
1397
2375
1467
1466
1397
1467
1397
1397
1397
1397
978
1397
1397
1397
1397
978
1397
1956
1467
1956
1886
1467
1467
1466
1955
1467
1955
1467
1466
1397
1467
978
1467
1397
1467
1466
1397
1886
1397
1467
1397
1467
1467
1397
1956
1885
1397
1397
1467
1397
1397
1397
1397
1397
1467
1397
1397
1397
1397
1467
1467
1397
1466
1467
1397
1467
1397
1397
1467
1397
2375
1397
1397
2375
1467
1397
1886
1397
1397
1467
1397
1467
2864
1397
1886
1397
1397
1466
1466
1886
1397
1467
1467
1397
1467
1886
1397
1397
1397
1886
1467
1466
1817
1467
1467
1467
1397
1467
1956
1397
2375
1467
2445
1886
1466
978
1397
2444
1467
1467
1397
1467
1467
1397
3353
1467
1955
1397
1397
1397
1467
1467
1467
1886
1397
1397
1467
1816
1886
1467
1955
1397
1956
1467
1886
1467
1467
1467
1467
1467
1886
1467
1467
1467
1397
1466
1885
1466
1466
1397
1467
1467
1397
1397
1467
1467
9081
2305
1886
1397
908
1466
1886
1397
1467
1467
1397
1467
1397
1397
1397
1886
1397
978
1886
1467
1467
1467
1886
1397
1467
1397
1467
1397
1956
1886
1467
978
978
1397
1466
1397
1466
1397
1886
1886
1397
1467
1467
908
1467
1885
1397
1886
1467
1466
1397
1397
1467
1467
1466
1467
1467
1397
1397
1397
1467
1397
2375
1397
1886
1466
1397
1467
1397
1397
1467
1955
1397
1397
1467
1816
1467
1467
