1886
1467
1816
1886
1397
1467
1886
1397
1397
1397
1886
1467
1956
1886
1467
1466
1887
1467
1397
1397
1397
1467
1397
1467
1886
1397
1886
1956
1956
1467
1467
1467
908
1887
1467
1467
1397
1886
1397
1397
1467
1467
1467
978
1467
1397
1397
1467
1467
1467
1886
1467
1886
1886
1397
1397
1397
1467
2445
1467
1886
1886
1467
1886
1956
1467
1467
1467
1397
1886
1816
1397
1467
1467
1397
1397
1467
1467
1397
1467
1886
1886
1397
1398
1397
1467
1467
1467
1467
1397
1467
1397
1467
1397
1467
1887
1397
1886
1467
1467
1397
1397
1397
1397
1467
1397
1467
1467
1398
1397
1398
1956
2445
1397
1397
1467
1467
908
1397
1467
1467
1397
1397
1467
1397
1397
1467
1467
1467
1397
1397
2375
1467
1397
908
1467
1886
1397
1467
1397
978
908
1886
1467
1467
1467
1467
1397
1397
1397
978
1467
1397
1467
1467
1955
1397
1467
1886
1467
2375
908
1467
1397
1467
1397
1887
1397
1397
908
978
1467
1467
1397
1398
1466
1397
1397
1398
1467
1398
1397
1397
1397
1467
1886
1886
978
1397
1886
1467
1886
1956
1397
978
1886
1397
1397
1886
1397
1397
1467
1886
1467
1397
1397
1467
1397
978
1467
1397
1467
978
1467
1467
1886
1467
978
1886
1397
1467
1467
1397
1467
1886
1886
1397
1467
1397
1397
2375
1397
1467
1397
978
1816
1886
1397
1467
1467
1467
1397
1397
1397
1467
1467
1397
1397
1397
978
1467
1467
2375
1397
1397
908
1467
1467
1886
1467
1397
978
1397
1956
1397
1397
1397
1886
1397
978
1467
1467
1467
1467
1397
1397
1397
1397
978
1467
1467
1467
1397
978
1886
2445
978
1886
1886
978
1467
1397
1886
1397
1397
1887
1397
1467
1397
1886
1467
1397
1467
1397
978
908
2934
1397
1956
1886
1397
1467
1467
978
1397
977
1397
978
1397
1397
1956
1467
1467
1886
1467
1398
1397
1397
1397
1397
1467
1467
1467
1467
978
1397
1467
1397
1397
1467
1467
1886
1467
1397
1467
1397
1466
5170
1467
1886
1398
1467
1467
1397
1886
1467
1467
1397
1467
1397
1397
1467
1397
1398
978
1886
1397
1467
1886
1467
1886
1467
1397
1397
1467
1397
1886
1397
1466
1397
2375
1467
1886
1397
1886
1467
1397
1467
1467
1886
1467
1467
2375
1467
1887
1397
1397
1467
1397
1467
1886
1397
1397
1397
1397
908
1397
1397
1467
1467
1956
1397
11526
1397
1398
1466
1467
1886
1397
1397
1397
978
1467
1467
1397
1887
1467
1467
1397
1886
1467
1467
1467
1467
1467
1398
1467
1397
1955
1467
1886
1467
1397
1397
1956
1955
1467
1467
1397
978
978
1397
1397
1886
1397
1886
1886
1467
908
1467
1956
1467
978
9500
1397
908
1397
1886
2375
1467
1467
1467
1467
1397
1886
1887
1397
1397
1467
1397
1397
1467
1467
1397
1467
1886
1467
1397
1397
1467
1397
1467
1466
1467
1956
1397
1887
1956
1886
1467
1886
1467
1816
1886
1467
1467
1398
1397
1397
1956
1467
1886
1467
1397
1467
2375
1886
1886
2375
1397
1397
1467
1397
1467
1397
1886
1467
978
1397
1397
1397
1467
1397
1397
1467
1467
1467
1397
1467
1467
1467
1397
1886
1467
1397
1817
1886
1467
1467
1397
1467
1398
1398
1397
1467
1886
1467
1956
1467
908
1886
1886
1956
1467
1397
1886
1956
1467
1467
1466
1397
1467
1397
1467
1886
1886
1816
1956
1467
1467
1886
1956
1956
1397
1816
1467
1397
1397
1397
1467
1397
1397
2376
1887
1956
2375
1956
1886
1467
1886
1467
1467
1397
1467
1397
1467
1816
1886
1397
1397
1956
1398
1398
1397
1397
1467
1397
1397
1397
1397
1397
1467
1467
1467
1467
1467
1397
1956
1397
1397
1886
1467
1397
1956
1397
1467
1398
1397
1397
1467
978
1467
1886
1467
1886
908
978
1467
1467
1886
1397
1397
1397
1397
1467
1467
908
1397
1467
1397
908
1467
1467
1886
908
1467
1467
1397
1397
1397
1956
1467
1467
1398
1886
1397
1467
1397
1956
1397
1886
1886
978
1467
1397
1886
1467
1397
1467
1397
1467
1398
977
1397
1397
1397
1397
1467
2306
978
1466
1467
1397
978
1467
1467
1397
1397
978
1886
978
1467
1398
1467
1467
1467
1467
1467
1467
1397
1397
1467
1397
1956
1467
1467
1397
1397
1397
1467
1467
1397
1397
1956
1397
1397
1467
1467
1397
1397
1467
1467
1886
908
1956
1397
1397
1397
1397
1955
1467
1397
1886
1467
1397
1886
1397
1397
1467
1397
1956
1397
1397
1467
1397
1467
1956
1886
1886
1886
1467
1467
1397
1466
1467
1886
1397
1467
1886
1397
1467
1886
1816
1886
1397
1886
1467
1956
1886
1397
1467
1397
1467
1887
1397
1467
1397
1467
1397
1467
1956
1397
1886
1467
1397
1467
1467
1397
1397
1816
1467
1397
1397
1467
1397
1467
1397
1397
2375
1397
1397
1467
908
1467
1397
1397
1886
1887
1397
1397
1817
1467
1467
1886
1467
1956
1397
1397
1467
1886
1397
1398
1397
1886
1397
1467
1956
1397
1397
1397
1467
1467
1467
1467
1886
1886
1886
1397
1887
1398
1886
1816
1397
1397
1467
1397
1886
1886
1886
1467
1467
1955
1467
1467
1956
1397
1956
1467
1467
1956
1397
2375
1816
1886
1467
1467
1886
1467
1467
1397
1397
1397
1466
1956
1397
1467
1397
1467
1467
1467
1816
1467
1467
1397
908
12714
1397
1397
1397
1886
1467
1467
1397
1397
1398
1816
1467
1397
1886
1886
1467
1397
1886
1886
1467
978
1886
1467
1397
1956
1886
1886
1956
1397
1397
1397
1467
1397
1397
978
1467
1956
2375
1397
1397
1467
1467
1397
1467
1467
1397
1467
1887
1955
1467
1467
1467
1397
1466
1467
1467
1397
1467
1397
978
1397
1467
1397
1397
1886
1467
1397
1397
1467
1467
1397
1467
1467
1397
1956
1956
1467
1467
1397
1397
1398
1467
1397
1467
1956
1467
1397
2375
1886
1467
1467
1397
1467
1467
1397
