1467
1397
1956
1886
1956
1467
1956
1397
1886
908
1397
1397
1886
1466
1467
1467
1397
1467
1467
1397
1467
1397
2445
1398
1886
1397
1397
1467
1397
1397
978
1397
1956
1956
1397
1397
978
1398
1886
15648
1467
1397
1886
1467
1467
1956
1397
1397
1467
2375
1467
1467
1886
1397
1886
1886
1397
1467
1397
1467
1397
1397
1467
1397
1397
1886
1397
1467
1467
1397
1397
1467
1467
1886
1886
1886
1467
1467
1397
1467
1397
1467
1397
1467
1397
1397
1956
1397
1397
1467
1467
1886
2445
1397
1886
1467
1398
1397
2305
977
1467
1886
1886
908
1467
1397
1467
1397
1956
1397
1397
1398
978
1467
1397
1397
1886
1467
1467
1956
1397
1398
1886
978
1467
1956
1467
1397
1467
1467
1467
1467
1467
1955
1467
1467
1467
1467
1397
1397
1467
1397
1397
1466
2864
1466
1397
2375
1956
1467
1397
1397
1397
1397
1397
2445
1467
2445
1956
1397
1956
1398
1397
1467
1886
1397
1397
1397
1467
2445
1397
1467
1886
1467
1397
1397
1397
1397
1397
1467
1467
978
1397
1397
1467
1397
1467
1467
1398
1397
1397
1397
1397
1397
1956
1466
1467
1466
1467
1887
1956
1397
2375
978
1886
1397
1467
1467
1397
1886
1398
1816
1467
2305
1886
1466
1397
1467
1886
1397
11107
1886
1467
1467
978
1398
1397
1467
1397
1467
1397
1886
1397
1467
1397
1467
908
1467
1397
1886
1886
1397
1397
1956
1398
1467
908
1397
1397
1397
1397
1397
1397
1397
1397
1397
1467
1956
1467
1816
1886
1467
1886
1886
1467
1397
1467
1886
1467
1397
1397
1886
1397
1467
1467
1956
1397
1397
1467
1397
1397
1467
1467
1397
1397
1467
978
1467
1467
1467
1886
1397
1467
1398
2445
1397
1467
1467
1397
1886
5309
1467
1467
1467
2305
1886
1956
1397
1398
1467
1467
1886
1467
978
1467
1467
1886
1886
1397
1397
1467
1397
978
1397
1397
1816
1886
1467
1398
1397
1397
1886
1467
1467
1467
1397
1397
1467
1467
1397
1397
1397
10827
1887
1956
1467
1467
1397
1397
1467
1956
1886
1397
1397
1397
1397
1397
1397
1467
1397
1467
1397
1467
1397
1886
1467
1467
1397
1397
1955
1886
1956
1398
1886
1467
1956
1956
1397
1467
2375
1397
1397
1886
1397
1467
978
1397
1397
1397
1397
1817
11945
1886
1956
1466
1397
1467
2445
1397
1467
1467
1397
1467
1467
1398
1886
1467
1467
1467
1397
1397
1398
1397
1327
1397
1956
1397
1397
1397
1397
1397
1397
1467
1467
1397
1397
1467
1886
1397
1398
977
1467
1956
1467
1397
1467
1397
1886
1886
1467
1467
1467
1467
1397
1397
1397
1886
1467
1397
1467
1956
1397
1398
1467
2305
1467
1887
1397
1467
1467
1467
1467
1397
1467
1467
1466
1397
1397
1467
1397
1397
1467
978
1467
1467
1398
1397
1397
1397
1467
1397
1887
1886
1397
1467
1397
1397
1467
978
1397
1956
1398
1467
978
978
1397
1956
1397
1397
1467
1467
1397
1397
1397
1956
1956
1397
1887
1886
1467
1886
1467
978
1467
1467
2864
1398
1886
978
978
1397
1397
1467
1397
2305
1467
1467
1467
978
978
1467
1397
1397
908
978
1956
1886
978
1467
1467
1398
1467
2445
1397
978
1397
1397
1397
1397
1467
1886
1397
1397
2795
1397
1397
978
1467
1397
1886
1886
1467
1467
1467
1397
1467
1886
1467
1467
1467
1397
1397
1397
978
4261
1467
1886
1398
1397
1397
1886
1467
1886
1467
1467
1397
1397
1467
1467
1467
1956
1397
1397
1398
1397
1397
1467
1956
1887
1397
1397
1398
1467
1397
1467
1467
2375
1467
1397
978
1886
1886
1467
1467
1467
1467
1467
1397
1397
1467
978
1397
1467
1397
1467
1397
2375
1467
1467
1467
1397
1397
1886
1467
1397
1816
1467
2375
1397
1467
1397
1467
1467
1467
1397
1397
1397
1467
1397
1397
1467
1467
1956
1467
1398
1397
1467
1397
1886
1956
1956
1886
1397
978
1467
1467
1397
1397
1956
1467
1467
1467
1397
1467
978
1397
2375
1397
1467
1886
1956
1397
1467
1467
1467
1886
1467
1397
1467
1467
1397
1397
1886
1398
1467
1397
1956
1397
1467
1467
1467
1467
1397
7615
1886
1397
1467
1886
1467
1397
1467
1467
1886
1397
1397
1467
1397
1398
1467
1397
1397
978
1467
1397
2445
1956
1467
1397
1886
978
908
1397
1816
1467
1397
1397
1397
2445
1397
1397
1467
1467
1886
1956
1887
1886
1886
1397
1397
1467
1886
1397
1328
1467
978
2375
1397
1467
978
1467
1397
1886
1467
1397
1397
1886
1467
978
1397
1397
1886
1956
1397
1886
1956
1887
1397
1467
1397
1467
1397
1467
1467
908
1397
1467
1398
1886
1467
1467
1397
1397
1467
1397
1397
1397
1397
1467
978
1467
1467
1397
1397
1397
1397
1467
1467
1397
1397
1467
1956
1817
21865
1467
1467
1886
1956
1397
1467
1397
1886
1397
1397
1467
1467
1467
1397
1886
1887
1467
1467
1467
1467
1397
11526
978
1467
1886
1397
1397
1397
1467
1397
1467
1397
1467
1886
1816
1887
1467
2305
1467
1956
1398
1956
1886
1467
1956
1467
1886
1467
1886
1397
1397
1397
1467
1397
1467
1467
1467
1467
1467
1886
1467
1397
2445
1397
1886
1886
1466
1956
1397
1886
1956
1886
1397
1467
2375
1467
1886
1467
1886
978
1467
1886
1397
1467
1886
1956
1397
1397
1397
1397
1955
978
1397
1886
1397
1886
1886
1397
1467
1398
1886
3353
1466
1886
1956
1397
1397
1397
1886
1467
1397
1467
1467
1467
1398
2375
1397
1956
1467
1467
1398
1886
978
6077
1466
1886
1397
1467
1397
1886
1886
1467
1956
1886
1397
1886
1397
1466
1467
1467
1886
978
1467
1956
1467
1467
1956
1397
1397
1397
1397
1398
1397
1467
1467
1886
1886
1956
1397
1467
1887
1956
1397
5309
978
1467
1956
1397
1467
1397
1887
2305
1467
1467
1397
1886
1397
1397
1956
1466
1467
1467
1467
1397
1397
1886
1467
