1467
908
1398
1397
1886
1886
1397
978
1397
1397
1397
2305
1397
1467
978
1956
1467
1397
1397
1397
978
1886
1467
1397
1467
1467
978
1397
1956
1956
68109
1467
1956
1467
1467
1467
1397
1398
908
1467
1467
1467
1467
1467
1467
1886
1467
1466
1886
1397
1467
1398
1397
1956
1397
1397
1886
1397
1886
978
1467
1467
1397
1467
1467
1397
1467
1467
908
1397
1467
1886
1467
1467
1397
1467
978
1398
1397
1398
1467
1467
978
1397
1398
2306
1467
1397
1397
978
1467
1397
1397
1398
1397
1467
978
1467
1397
1398
1397
1397
1398
1397
1467
1467
1397
2375
1467
1886
1466
1886
1467
1886
2375
1467
1886
1956
1397
1886
1467
1467
978
1467
1467
1397
1397
1397
1467
1467
1397
1467
1397
1397
2375
1397
1467
1467
1397
1467
1397
1467
1397
1886
1397
1397
1886
1397
1467
1467
1397
1467
1467
1397
1467
1397
1397
1397
1397
1397
908
1397
1467
1397
908
1467
1956
1467
1467
1397
1397
1398
1467
1886
1397
1467
1398
1397
1467
1397
908
1397
1467
1886
1397
1467
1956
978
1466
1467
1467
1398
1397
1467
1467
1397
1397
1467
1397
1397
1467
1397
1397
908
1397
1467
1397
978
1398
1397
1467
1467
1467
1397
1397
1397
1467
1467
1467
1397
1466
1467
1397
1397
1467
1467
1397
1397
1467
1467
1467
978
1397
1397
1397
978
1467
1886
1467
1397
1467
1397
1467
13831
1467
1467
1397
1397
1467
978
1467
978
1467
1467
1886
1466
908
1467
1397
1397
1956
1886
1467
1467
1397
1886
6706
1956
1398
908
1467
1887
978
1397
1467
1398
978
1467
1467
1397
1397
1467
1467
1467
1886
1397
1956
1397
1467
1467
978
1467
1397
1467
1327
1398
978
1886
1467
1397
1886
1397
1397
1467
1397
1467
1397
1397
1397
1467
1397
1467
1467
1886
1397
1467
1886
1956
1397
1467
1397
1467
1397
1467
1467
1467
1397
1398
1467
1397
1397
1467
2305
1467
1467
1467
1467
1887
1397
1467
1397
1397
1467
1467
1467
1467
1886
1886
1397
1886
1467
1467
1467
1886
1956
1467
1398
2375
2375
1886
908
1816
1467
1467
1467
1467
978
1397
3354
1467
978
2376
1467
1887
908
1467
1956
1467
1397
1398
1467
2375
1467
2445
1467
2375
1956
1467
3773
1467
1467
1398
1397
1397
1398
978
1467
1397
1886
1397
1886
1467
1467
1397
1886
1467
1956
1397
1397
1397
1397
1886
1397
1467
1467
1467
1467
1467
1956
1397
1467
978
1467
1398
1397
1467
977
2376
1467
2305
1886
1467
1397
908
1886
1467
1397
1467
1397
1886
1397
1466
1956
1397
1397
1467
1397
2375
1467
1398
1467
1467
1886
1398
1467
1467
1397
1886
1886
1886
1397
978
1397
2306
1467
978
1397
1397
1467
1467
1886
1397
1397
1467
1467
1397
1397
1467
978
1466
908
978
1397
1397
978
1397
1467
1397
1467
978
1467
1466
1397
1956
978
1397
1956
1397
1397
1397
1397
978
1397
1467
978
1467
1956
1467
1467
1467
1886
2375
1467
978
1397
1397
1467
1397
1956
1886
1397
1467
1467
1467
2375
1397
1397
1467
1397
1467
1398
58678
1466
1956
1466
1467
1397
1397
1397
1467
1467
1398
1397
1397
1467
1467
1398
1467
1398
1886
908
1467
2305
1397
1467
1397
1467
1886
1397
1956
1397
1397
978
1467
1397
1467
1956
1956
1397
1397
978
978
1397
1397
1467
1397
1397
1397
1467
1467
1467
6637
1397
1397
1397
1467
978
1467
1467
1886
1467
1397
1467
1397
1467
1886
1887
1397
1467
1886
1397
1397
1467
1397
3423
1467
1467
978
3912
1397
978
1398
1398
1397
1886
1886
1886
1397
1467
1397
1398
1397
1956
1467
1886
1816
1886
1467
1886
1398
1467
1397
1397
1397
978
1467
1886
1467
1467
1886
4331
1886
1467
1397
1398
1886
1467
1397
1397
2375
1397
1397
2445
1397
1467
1397
1467
1956
1886
1467
1397
1397
1397
1467
1397
978
1467
909
1886
1467
1467
1886
1467
1467
1397
1397
1398
1467
1816
1397
1397
1886
1398
1467
1397
1955
16626
1467
1467
908
1397
1956
1398
1816
1467
1467
978
1397
1467
1467
1467
1397
1467
1397
1398
1397
1467
1467
1467
1886
1397
1397
1467
978
1467
1956
1397
1886
1467
1956
1467
1397
1467
1467
1397
1467
1467
1467
1467
1467
1397
1467
2375
1467
978
1467
1397
1397
2375
1397
1467
1397
1467
1956
1397
1467
1467
1467
1467
1467
1467
1467
1886
1397
1397
1467
1467
1467
1467
1397
1467
1467
1956
1467
908
1398
1467
1956
1397
1397
1886
1397
1467
1397
1397
1397
1397
1398
1817
978
1397
1956
1956
1467
1397
1467
1467
1467
1397
1467
1467
1467
1887
1956
1886
1467
1886
1886
1397
1817
1467
1467
1886
1397
1397
1467
1467
1398
1887
978
1397
1467
1397
1397
1397
1397
1397
1397
1886
1397
1398
1467
1397
1467
1816
1467
1467
1467
1397
1467
1397
1397
1398
1467
1397
1887
978
1467
1398
1397
1467
1397
1397
1956
1397
1467
1956
1397
1397
1397
1397
1467
1956
1467
1397
1398
1397
1397
2306
1397
1956
1397
1397
978
908
978
1397
978
1397
1467
1397
978
1467
1467
1397
978
1467
1397
1467
1397
1467
1397
908
1467
1467
1397
1397
1398
1397
1886
1397
1398
5728
1398
1397
1397
1398
1398
978
1886
1397
1397
1397
1397
1467
1397
978
1467
1467
1467
978
978
1397
1397
1467
978
1467
1398
1467
1886
1467
1467
1956
1886
1466
1467
1466
1467
1397
1956
1467
1398
1886
1397
1467
1397
908
1397
1467
978
1398
1816
978
978
1467
1397
1397
1397
1397
978
978
1467
1397
1398
1467
1467
1398
978
1397
1398
1886
1397
1955
1467
1467
1956
1467
1397
978
978
1467
1397
1467
1397
1397
1397
1397
1397
1398
1467
1467
1397
1397
1397
1886
1397
1397
11875
1956
1886
1397
1397
1467
1397
1956
1397
1397
1467
1886
1397
