978
1467
1467
1467
1397
1397
1467
1397
1467
1467
1397
2445
4261
1467
1397
1397
1397
1397
1467
1886
1886
1397
1467
1397
1886
1887
1397
1886
1956
1397
1467
1397
1397
1955
1397
2375
1467
1397
1398
1397
1956
1467
1467
1466
2864
1886
1467
1397
1397
1397
1397
1397
1467
1467
1397
1467
1397
1397
1397
1467
1397
1467
1886
1398
1467
1397
1467
1467
978
1397
1397
1397
1816
1886
1886
11945
1955
1398
1467
1467
1886
1886
1886
1467
1397
1397
1467
1397
1467
1397
1956
1467
1467
1397
1467
1397
1397
1398
1956
1956
1956
1956
1397
1467
1467
1467
1886
1886
1467
1397
1886
1886
1467
1956
1886
1886
1956
1467
1467
1886
1886
1398
1467
1467
978
1887
1397
1397
1397
838
1397
1886
1467
1816
1886
1397
1886
1397
1398
2375
1956
1466
1467
1886
1397
2375
1397
1397
1886
1886
1397
1886
1467
1397
1886
1467
1886
2445
1467
2375
1886
1397
2375
1467
1467
1467
1886
1956
1467
1467
1467
1956
1886
1886
1397
1467
1397
1467
1467
1397
1397
1397
977
1397
1886
2794
1467
1397
1467
1886
1397
2445
2444
1956
2375
1467
1397
1466
1467
9989
3842
1397
1397
1397
1886
1467
1467
1397
1467
2375
1467
1397
1467
1956
1398
978
2306
1467
1397
1886
1467
1397
1886
1397
1467
1467
1956
1397
1467
1467
1886
1956
1956
1397
1397
1397
1886
1467
1467
1397
1886
1397
1398
1467
1467
1467
1467
978
1467
1886
978
1886
1397
1397
1467
1397
1397
1886
1886
1397
1397
1467
2305
1816
1467
1397
978
1397
1398
1397
1397
908
1397
1886
1397
1467
1816
1466
1467
1466
1467
1886
1397
1886
1886
1956
1956
1397
1467
1397
1397
1886
1467
1467
1886
1886
1398
1397
1397
1467
1816
1816
1956
1886
1397
1397
2375
1397
1467
1397
1467
1397
1397
1397
1467
1397
1886
1467
2375
1467
1397
1397
1467
1467
1886
1467
1397
1886
1397
1467
1397
1467
1397
1467
1397
1467
1956
1467
1467
1397
1397
1956
1467
1397
1466
1397
2376
1467
1397
2375
908
1816
1886
1467
1397
1467
1397
1467
1397
1467
1467
2445
1467
1397
1397
2375
1467
1467
2375
1956
1467
1397
1886
1886
1397
1397
1956
1397
1886
1398
1467
1886
1956
1397
1467
1398
1397
1467
1467
1886
1467
1886
1886
1397
1467
1467
1467
17114
1397
1886
1886
1956
1956
1886
1956
2375
1467
1397
1467
1397
1397
1397
1886
2375
1397
1397
1467
1956
1467
1397
1397
1397
1397
1886
1956
1886
1397
2445
1956
1397
1467
1467
978
1467
1886
1467
1467
1397
1397
1397
1467
1467
2375
1886
1398
1886
1467
1816
1467
1467
1467
1397
1467
1467
1467
1467
1397
1397
1467
1467
908
1467
1886
1886
1467
1467
1397
1886
1467
1397
1397
1467
1397
1397
1956
1397
1886
1886
1397
1397
1397
1467
1398
1398
1467
1887
978
908
1467
1467
1467
1397
1956
1397
1467
978
1398
978
1398
1886
1397
1397
1398
1467
1467
1956
1467
1467
1467
1467
1467
1886
1397
1397
1397
1397
1467
1816
1397
1397
1467
1397
1467
1397
1886
1886
1397
1886
1466
1467
1467
1467
1467
1397
1955
1397
1397
1397
1467
1467
1467
1467
1467
1397
1467
1467
1397
1467
1467
1398
1397
1397
977
1886
1397
1467
1466
1886
977
1956
1467
1397
978
1467
1467
1467
2375
1397
1397
1397
1466
1467
1467
1467
1886
1397
1467
1397
1467
1397
2445
1886
1467
1467
1397
1397
1397
1467
1467
1397
1397
1466
1886
1467
1397
1397
978
1397
1397
1467
1467
1467
1397
1467
2375
1397
977
1467
1467
1467
1397
978
1397
1467
1397
1397
24798
1467
1397
1467
1467
1398
1397
1467
978
1397
1467
1956
1956
1397
1397
1467
1467
1886
1397
978
2375
2375
1467
1397
1886
1397
1467
1816
1398
1467
1467
1886
1397
1467
1467
1956
1397
1397
1467
1955
1886
2445
1397
1467
1467
1886
1886
3353
1467
1467
1466
1816
1467
1397
1397
1886
1467
1397
1886
1886
1397
1397
1956
1886
1886
978
1467
1466
1467
1886
1397
1467
1397
1467
1397
1467
978
1397
1397
1956
1397
1397
1397
1956
1397
1398
1467
1397
1397
1467
1467
1397
2375
1397
978
1467
1956
1467
1886
1397
2445
2445
1397
1886
1467
1397
1397
1886
1397
1467
2445
1886
1397
1397
2375
1956
1397
1467
2305
1397
1397
1467
1397
1466
1467
1466
1886
1956
1886
1886
1397
977
1398
1397
1397
1886
1397
1397
2375
1397
1397
1397
1397
1467
1397
2375
1886
1956
1886
1886
1467
1467
1397
1467
1397
909
1397
1397
1397
1467
1467
978
1467
1467
1956
1397
1397
1398
1467
1886
1956
1467
1467
1398
1886
1466
1886
1467
1886
1886
1397
1397
1816
1467
1467
1397
1397
1397
1467
1467
1397
1397
1886
1397
1397
1886
1886
1467
1397
1467
1397
1886
2375
909
1467
1397
1397
1397
1887
1467
1886
1397
1397
1398
1398
1397
1467
1467
1397
1466
1397
1397
1467
1398
2445
1816
1467
1467
1397
1397
1467
1886
1467
1956
1397
1397
1886
1956
1467
978
1398
1467
1467
1886
1397
1955
1397
2305
1397
1886
2306
1397
1397
1886
1397
1397
1397
1397
1467
1397
1397
1397
1397
1467
1467
978
1886
1816
1956
1467
1397
1467
1397
1397
1886
1467
1398
1467
1397
908
1956
1467
1397
1397
1467
1886
1467
1467
1816
1397
2305
1397
1398
1886
1397
1956
1397
1886
1467
2445
1397
1398
1397
1467
1467
1397
1397
1397
1886
1886
1467
1467
1467
1397
1467
1956
1956
1398
1397
1397
1467
1467
1397
1886
1956
1467
1466
1397
1467
1467
1467
1956
1398
1397
1886
1467
1467
1467
1886
1466
1467
1397
1956
1467
1467
1397
1397
1397
1397
1956
1397
1467
1886
1467
1397
1397
1467
1397
1886
1397
1397
1467
978
1397
2375
1956
1467
1886
1467
2445
1397
1467
1397
1467
1467
1886
1467
1397
1467
1398
1467
1816
1397
1397
