1397
1397
1397
1467
1398
1397
1886
1467
1467
1397
1467
1956
1886
1397
1467
1467
1397
1467
1467
1397
1397
1816
1397
1466
1397
1466
1397
1397
1886
1816
1467
1397
1467
1467
1397
1467
1956
1398
1886
1467
1397
1467
1886
1467
1467
1886
2375
1467
1467
1397
1886
1397
1467
1467
978
978
1397
1467
1467
1467
1956
1397
1886
1886
1397
1956
1466
1397
1467
1397
1397
1397
1467
1467
1397
1886
1397
1467
1397
978
1886
1397
1467
1397
1956
1886
1397
1397
1397
1467
978
1886
1467
1886
1956
1397
1397
1467
1467
1886
1956
1886
1467
1886
1397
1397
1397
1397
1398
1467
1467
1886
978
1956
1467
1886
1467
1397
1956
1467
7126
1886
1398
1397
1467
1467
1397
1886
1467
1887
1397
1956
1467
1467
1397
1816
978
1398
1397
1467
1887
1886
1397
978
1397
1397
1397
1467
1397
1467
1956
2375
1886
1886
1467
1467
1397
1467
1467
1397
1467
1467
1467
1956
1955
1397
1397
1397
1956
1466
1816
1467
1397
1467
1887
1397
2445
1467
1397
1467
1397
1397
1398
1397
1886
1886
1397
1467
1397
1887
1886
1397
1397
1397
1397
978
1467
1467
1467
1466
1886
1467
1467
1467
1467
1397
1398
1466
1467
978
908
1397
1397
1467
1397
1467
1467
1956
1467
1397
1397
1467
1467
1397
1467
1397
1467
978
1398
1467
2445
978
1397
1467
1397
1467
978
1397
1397
1467
1467
978
1397
1467
2305
1467
1397
1397
1397
1467
1467
1467
2375
1467
1397
1956
1886
1886
1397
1397
1467
1956
2375
1397
1397
1956
1886
1467
1956
1467
1397
1467
1397
978
1886
1397
1467
1467
1467
1397
1397
1886
1467
1397
1886
1886
1397
1886
1467
3283
1956
908
1397
2375
1467
1467
1397
1397
1467
1397
978
1467
1467
1397
1467
1467
1466
1956
1467
1467
1467
1816
1467
1886
1886
1467
1397
1467
1467
1467
1397
1397
1467
1467
978
1467
1886
1467
1397
2375
1886
1887
1467
1886
1397
1467
1397
1467
1467
1397
1397
1467
1956
1397
1886
1397
1397
1886
1397
1397
1397
1397
1467
1886
1886
1397
1886
1956
1886
1397
978
1956
2305
1397
1467
1467
1467
1886
1956
1397
1467
1467
1467
1956
1886
908
1467
1397
1886
1467
1397
1397
1956
1467
1467
1398
2375
1886
1956
1397
1467
1467
1397
1397
1398
1467
1397
1398
1886
1397
1886
1886
1467
1887
1467
1886
1397
1397
1467
1467
1467
1467
1467
1467
1397
1397
1467
2375
1467
1398
1886
1397
1467
1467
1467
1467
1397
1397
1467
1397
1886
1397
1397
1467
1397
1397
1398
2306
1397
1467
1467
1397
1956
1467
1397
1886
1397
1467
2445
1397
1397
1467
2376
1467
1467
1467
1956
1467
1467
1397
1398
1397
1397
1398
1467
1397
1467
1398
1467
1467
1467
1397
1398
1398
1397
1397
1467
1397
1397
1467
1467
1397
1467
1397
1397
1467
1397
1397
1467
1467
1467
2864
1397
1397
1397
1397
1397
11038
1397
1956
1886
1467
1467
1466
1467
1397
1467
1466
1886
1467
1467
1467
1467
1467
1397
1467
1467
1397
1397
1397
1397
1467
1397
1956
1467
1467
1397
1886
1397
1467
1467
1466
1886
1467
1397
2445
1397
2445
1397
1956
1886
1397
1397
1467
1886
1397
1397
1467
1467
1397
1467
1887
1397
1886
1467
1467
1467
1397
1956
1467
1467
1886
1397
1397
1397
1467
1467
1467
1467
1467
1955
1886
1398
1397
2445
1397
1467
1397
1397
1397
1397
1397
1467
1467
1467
1398
1397
1467
1467
1467
1397
1886
978
1397
1397
1397
1467
1397
1397
1467
1467
1467
1397
1886
1397
1886
1467
1397
1397
1887
1397
1397
1886
1397
1397
1397
1398
1467
12923
1467
1467
1467
1886
978
1397
1397
1467
1956
1467
908
1886
1956
1467
1467
1397
1467
1397
1397
1467
1467
2305
908
1467
978
1397
978
1397
1397
1397
1467
1467
978
1467
1886
1467
1397
1467
1956
1467
978
1397
1397
1397
1397
1397
1397
1467
1467
1467
1397
1467
1817
1397
1467
1467
1467
1397
1467
1466
1886
1467
1467
1467
1467
1397
1467
1397
1887
1397
1397
1886
1956
1398
1397
1467
1886
1397
4750
1397
1467
1467
1467
1397
1397
1397
1397
1467
1398
1397
1397
1397
1956
1467
1467
1397
1956
1887
1467
1886
1467
1956
1467
6217
2375
1886
1467
1956
1467
1397
1467
1886
1397
1467
1467
1397
1467
1467
1467
1397
1397
1886
1467
1886
1397
1467
1397
1397
1886
1397
1467
1956
1886
1397
1467
1467
1467
1467
1397
1397
1467
978
1397
1397
1397
1467
1467
1397
1398
1467
1467
1397
1467
1397
1467
1397
1397
1397
1397
1467
1467
1886
1397
1886
1467
1466
1397
1467
1397
1397
1397
1886
1886
1467
1467
1397
1397
1467
1467
1886
1467
2375
1397
1397
1397
1466
1467
1397
1397
1397
1886
1397
1886
1956
1886
1467
1467
1397
1886
1467
1886
13971
1397
1397
1397
1467
1467
1397
1398
1397
1886
1467
1887
2375
1398
1886
1467
1467
978
1886
1467
1886
1955
1467
908
1397
1467
1397
1467
1397
978
1956
1397
1397
1397
1467
1467
2375
1886
1397
1467
1467
1398
1397
1397
1397
1466
1467
1397
1397
1467
1886
1467
1467
1466
1397
1956
1467
1397
1467
1467
1467
1886
1886
1467
1397
1816
1467
1397
1397
18022
1397
1817
1887
1397
1397
1397
1397
1467
1397
1467
1886
1467
1397
1397
1397
1397
1467
1467
1397
1467
1467
1397
978
1397
2864
1397
1956
1397
1397
1467
1956
2445
1467
1397
1397
1955
1467
1886
1467
1956
1397
2375
1467
1466
1886
1397
2375
1467
1397
1887
1467
2306
1397
1467
1398
1397
1955
3353
1467
1886
1397
1467
908
1467
1397
1397
1467
1397
1467
1397
1397
1467
1397
1397
1397
1467
1397
2375
1467
1467
1397
1397
1397
1467
1397
1886
1886
1467
1327
1886
1397
2375
1886
1397
1397
1467
1467
1397
1397
1397
1467
1397
2864
1397
1467
1467
1397
1886
1397
1397
