1466
1886
1467
978
1397
1397
1467
1397
1397
1397
1397
1467
1467
1397
1397
1467
1397
1467
1467
978
978
1886
1467
1467
1397
1886
1467
1956
1397
1886
1397
1466
1467
1467
1397
1397
1397
1398
1398
1397
1397
1886
1816
1397
1467
1467
1467
1397
1397
1397
1466
1397
1467
1397
1467
1467
1466
1466
1887
1467
1467
1467
2445
1467
978
1467
977
1466
1467
1397
1466
1397
1886
1467
1397
1887
1467
1397
1397
2375
1467
1397
1467
1467
1397
1397
1886
1397
1886
978
1467
1467
1397
978
978
1467
1956
1397
1467
1397
1397
978
978
1467
1398
1397
1466
1886
1397
1467
1955
1467
1886
1886
1886
1467
2864
1467
978
1397
1397
1397
1956
1467
1397
978
1467
1397
1397
1467
1398
1397
1398
1817
1397
1397
1467
1397
1886
1886
1397
1397
1467
1397
1467
1397
1397
1467
1467
1397
1397
1397
1397
1397
1467
1397
1467
1467
1467
1467
1397
1467
1397
1397
1467
1397
1397
1956
1886
1397
1467
1467
1398
1467
1397
1397
1956
1397
1397
1397
1956
1467
1467
1467
1467
1886
1467
1956
1886
1956
1886
1816
1956
1886
1467
1466
1397
1467
1886
1467
1397
1886
1467
1886
1816
1397
1467
1467
1397
1467
1397
1467
1886
1398
1467
1956
1467
1467
1467
2445
1397
1467
978
1886
1397
1397
1467
1886
1398
1467
1886
1398
33879
1397
1467
1397
1467
1397
1467
1397
1397
1466
1397
1398
1397
2305
1397
1467
1467
1467
1467
1397
1397
1467
1397
1397
1397
1886
1397
1886
1467
1956
1397
1397
1397
1397
1397
1397
1956
1467
1467
1397
1467
1886
1467
1467
1397
1467
1467
2864
1467
1467
1886
1467
1398
978
1397
1397
1397
1467
1397
1397
1397
1397
1397
1397
1466
1467
1467
1956
1397
1397
1467
1397
1467
1397
1467
1467
1397
1397
1467
1397
1816
1397
1467
1397
1397
1467
1397
1467
1397
1397
1398
1397
1467
1397
1397
1467
1467
1467
1886
1397
1397
1397
1466
1397
1397
1397
1467
1397
1398
908
1467
1466
1467
1467
1397
1397
1467
1398
1397
1467
1467
1467
1397
1467
1397
1467
1397
1956
978
1397
1467
978
1816
1467
1467
1467
1886
2375
1467
11246
1397
1467
1956
1397
1467
1397
1397
1467
1467
1467
1886
1397
1467
1886
1886
1467
1397
1467
1397
1467
1397
1467
1886
1467
1467
1397
978
1467
1467
1397
1397
1467
1397
1956
1466
1467
1467
1467
1467
1467
1886
1398
1397
1397
908
1467
1466
1467
1397
1397
1397
1467
1956
1467
1467
1397
1886
978
1467
1956
1467
1397
1397
1467
978
1886
1467
1397
1467
1886
1467
1397
1956
1466
1886
1467
1467
1467
1467
1467
1397
1397
1467
1467
11596
1397
1397
1467
1886
1467
1467
1886
1397
1467
1467
1397
1467
1467
978
1956
1397
1397
1397
1467
1397
1956
1397
1467
1467
1397
1397
1467
1467
1397
1397
1467
1467
1467
1466
1467
1397
1397
1466
1397
1397
1397
1886
1397
1397
1467
1397
1467
1956
1467
1467
1467
1397
1397
1397
1956
1886
1467
1466
908
1956
1397
1397
1467
1886
1956
908
1397
908
1397
1887
978
2445
1397
1467
1467
1956
1397
1397
1397
2305
1397
1467
1397
1397
1467
978
1467
1466
1397
1467
1467
1467
2375
1397
1397
1397
1467
1398
1467
978
1467
1467
1467
1886
1886
1467
1467
1467
1467
1886
1397
1886
1467
1956
1956
1467
1397
13342
1467
1467
978
1467
1467
1886
1886
1397
1467
1886
1397
1397
978
1467
1397
1467
1398
1467
1886
1398
1397
1466
1397
1467
1467
1397
1467
1955
1397
1816
1397
1956
1817
978
1467
1466
1467
1397
1397
1886
1467
1886
1467
1886
1467
1467
1397
1467
1397
1467
1397
1467
1467
2375
1467
1467
1397
1397
1886
1397
978
1467
1467
1467
1886
1467
908
1467
1397
1467
1397
1397
1467
1397
1397
1467
1397
1467
1886
1886
1816
1466
1467
1398
2375
1467
1397
1467
1398
2375
1397
1397
2445
1397
1397
1397
1467
1397
1397
1887
1467
1397
1467
1397
1397
1467
1956
1397
1397
1397
1467
1956
1816
1816
1467
1397
1397
1467
1467
1397
1467
1816
1886
1467
1467
1397
1397
1467
1397
1467
1398
1397
1467
1467
1397
1397
1467
1886
1467
2375
1467
1467
1467
1467
1397
1467
1397
1397
1467
1467
1397
1467
1397
1397
1397
1397
1397
1397
1398
1397
1467
1467
1467
1397
1467
1886
1467
1467
1467
1466
1397
978
1397
1886
908
1397
1466
1467
1397
1467
1467
1467
1956
1467
978
1467
1467
1467
1886
1886
978
1466
1467
1886
2375
1467
908
1467
1397
1467
1397
978
1397
1467
1397
1397
978
1397
1886
1397
1467
1398
1467
1397
978
1397
1467
1467
1397
1397
1397
1397
1397
1398
2375
1467
1397
1397
1817
978
1397
1397
977
1467
1467
1467
1397
1397
1467
1397
1397
1397
1397
978
1397
1956
1886
1886
1467
1467
1886
2375
1467
908
1397
1467
1397
1467
1467
1467
1886
1397
1467
1397
1467
1397
1397
1398
1467
1467
1397
1397
1397
1397
1886
1397
1398
978
2445
1397
978
1397
1467
1397
1397
1467
1956
1397
978
1467
1397
1397
1466
1397
1467
1397
1467
1467
1397
1467
1467
1816
1467
1887
1467
1397
1397
1397
1397
1816
1467
1467
1956
1467
1397
1886
1397
1886
1886
1467
1955
1397
1956
1467
1886
1956
1397
1397
1397
1467
1397
1467
1397
2375
1467
1467
1467
2375
1397
1467
1886
1397
1467
1467
1467
1397
1397
1397
1397
1397
1398
1467
908
1397
1467
1956
1467
1466
1397
1466
1398
2375
1397
1467
1397
1397
1397
2375
1397
2375
1467
1956
1467
1397
1466
1467
1886
1956
1397
1956
1467
1398
2375
2375
978
1886
1467
1397
1467
1887
1397
1397
908
2375
1956
1397
1467
1817
1397
1397
1956
1397
1886
1467
1397
1467
1397
1397
1397
1467
1886
1886
1886
1956
1886
1397
1466
1886
1397
1816
1397
1467
1466
1397
1886
