1886
1467
19980
1467
1467
1956
1956
1467
1886
1467
1467
1467
1886
1886
2305
1467
1467
1467
1397
1886
1467
2445
1397
1886
1887
1467
1886
1816
978
4750
1397
978
1397
1467
1397
1886
1886
1467
1467
1956
1956
1397
1956
1956
1467
1956
1397
1886
1397
1467
1397
1397
1467
1467
978
1467
1467
1816
1887
2445
1467
1467
1467
1816
1397
1956
1398
1467
1816
1886
1397
1886
908
1886
1397
1886
1886
1467
1886
1467
1467
1467
1467
978
1887
1397
1467
1397
1467
1887
1886
1467
1887
1887
1467
1467
1886
1887
1398
1397
1886
1397
1886
1397
1398
1956
1467
1467
1467
1467
1886
1467
1886
1397
1957
1467
1397
1467
1467
1398
1467
1816
1397
1397
1886
1397
1397
2795
1467
1956
1467
1467
1397
1397
1397
1467
1397
1397
1467
1816
1886
1467
1886
1886
1886
1397
1397
1956
1467
978
1397
1398
1397
1467
1467
1467
1467
1467
1397
1397
978
1887
1957
1397
1467
1467
1397
1467
1956
1397
1398
1956
1467
1467
1467
1397
1467
1467
1397
1467
1467
1887
1886
1467
978
1467
1467
1886
1467
1467
1467
1467
1467
1468
1397
908
1397
1397
1467
1816
1467
1397
978
1467
1467
2375
1886
1397
1467
1467
1397
1817
1467
1397
1397
1467
2445
1956
1886
1397
1397
1956
1397
1397
1397
1467
1467
1467
1468
908
1468
1467
1467
1397
1397
978
1886
1397
1397
1468
1467
1886
1467
1467
1397
1467
1467
1467
1397
1397
1397
1467
1467
1886
1397
1467
1467
1467
1397
1467
1467
1467
1467
1467
1467
1887
1886
1467
1467
1467
1467
1816
1886
1467
1956
1467
1398
1467
1956
1886
1397
1467
1956
1467
1467
1887
1398
1886
1397
1886
1397
1397
1397
978
1467
1956
1886
1397
1467
1956
1397
1467
1397
1467
1398
1467
1886
1468
1397
1467
1467
1397
1467
1467
1397
1397
1398
1467
1467
1397
1397
2376
1956
1886
1887
1397
1397
1397
1467
1956
1397
1398
1398
1467
1397
1467
1397
1956
1887
1956
1956
1467
1886
1397
1467
1397
1397
1397
1397
1886
1467
1886
1398
2375
10828
1956
1886
1467
1887
1886
1467
1467
2306
1398
1397
1397
1467
1467
1397
1467
1467
1816
1397
1398
1957
1467
1468
1467
909
1398
1467
1397
1467
1467
1886
1467
1467
1397
1397
1397
1397
1467
1467
1398
1467
1886
1467
978
1398
1467
2305
1397
1467
1398
1956
1398
1467
1397
1398
978
1397
1398
978
1467
1397
1398
1467
1467
1397
1397
978
1467
1397
1886
1886
1397
1467
1397
1398
1467
1887
1467
1467
1397
1398
2375
1398
1956
1398
1956
1397
1397
1467
1397
1886
978
1886
1467
1397
1397
1398
1397
1397
1886
1467
1467
1886
1467
1468
978
1397
1886
1397
1398
978
1467
1886
1816
1467
1397
1467
1956
1467
1397
1398
1956
1816
1397
1397
1397
1397
1886
1397
978
1398
1817
1886
16277
1467
1397
1467
1816
1397
1397
1397
1467
1467
1397
1397
1467
978
1397
1467
1467
1467
1398
1397
1397
1467
1397
13902
1397
1886
1467
1397
1397
1397
1467
1956
1886
1886
1397
2376
1397
1397
1886
1467
1397
1398
1467
1467
1467
1398
1467
1397
1467
1956
1467
1467
1398
1467
1397
1467
1397
1467
1398
1886
1397
1398
1467
1467
1886
1467
1397
1467
1886
1467
1467
1467
1467
1467
1397
1398
1467
1397
1886
1397
1397
1467
1467
1467
1467
1467
978
1397
1886
1397
978
1397
1467
1397
1467
1886
1467
1467
1467
1887
1886
1397
2375
978
1397
1397
978
1467
1467
1956
1397
978
1397
1886
1398
1467
1397
1397
1886
1886
1467
1397
1397
1886
1956
1467
1397
1397
1886
1467
1397
1467
2375
1467
1397
1397
1397
1467
1467
1467
1397
2445
1397
1467
1467
1467
1467
1467
1397
1467
1467
1397
1886
1467
1467
1467
1467
1886
1397
1816
1467
1397
1956
1467
1467
1467
1956
1467
1467
1467
1467
2445
1397
1467
1886
2375
1467
1397
1467
1467
1397
1467
1886
1467
1887
1467
1397
978
1956
978
1397
1397
1467
1397
1467
1816
1886
1467
1397
1467
1397
1467
1886
1467
1467
1467
1467
1397
1956
1467
1467
1397
1886
1467
1397
1397
1398
1397
1467
1397
1397
1397
1956
1397
1397
1398
1956
1886
1467
1467
1467
1956
1886
1467
1467
1467
1956
1467
1397
1886
1956
1397
1397
1467
978
1397
1467
1887
1397
1886
1397
1397
1467
1956
1398
1467
2306
1397
1467
1467
1397
1397
1467
1467
1467
1397
1397
978
978
1467
1467
1467
1467
1467
1467
1397
1397
979
1397
1398
1467
1887
1397
1397
1886
1467
1397
1467
1397
1886
1886
1397
1397
1397
1886
1467
1467
1398
1886
1887
1397
1397
1398
1886
1467
1467
1398
2375
1467
1397
1887
1467
1887
1467
1467
1467
1467
1467
1397
978
2375
1398
1467
2446
1816
1397
978
1467
1467
1467
908
1397
1397
1397
1467
1397
1886
1467
1397
1467
1467
1397
1397
1467
1398
1397
1467
1397
1467
1398
908
1467
1886
1886
1397
1397
1467
1467
1397
908
1397
1886
1397
978
1467
1397
1467
1397
1886
1327
1887
1397
1397
1397
1957
1397
1886
1886
1397
1397
1467
1467
1467
1957
2375
1398
1397
1397
1397
1956
1397
1397
978
1467
1886
1887
1397
1886
1468
1467
1397
1886
1397
1397
1397
1398
978
1468
1397
1467
1467
1467
1467
1887
1398
1467
1467
1397
978
1886
1467
1467
1886
978
1397
1467
1467
1397
1467
1467
1467
1467
1397
1397
1397
2375
1398
978
978
1886
1397
1397
1816
1887
1397
978
1467
1397
978
1397
1397
1397
1397
1397
909
1956
1397
1467
1886
1397
1467
1816
1397
1467
1467
1397
1467
1397
2375
978
1467
2305
1397
1887
1397
1397
1397
1397
1956
1956
1397
1467
1886
1467
1398
1397
1398
1397
1467
1468
1397
1467
1397
1398
1467
978
978
1397
978
1816
1886
1467
1886
1887
1467
1467
1468
1467
1467
1397
978
1397
1467
