1397
908
1398
1398
1467
978
1398
1397
1397
1467
1397
1467
1397
1467
1467
1397
1467
1397
1816
1886
978
1397
1397
978
1397
1467
1397
2445
978
1397
1397
1467
1467
1467
1956
1397
1397
1397
1467
1397
1397
1397
1956
1398
1956
908
1397
1467
1397
2864
1397
1467
1397
1886
1886
2445
2375
1467
1397
1956
1397
1397
1397
2375
1886
2375
1397
1467
978
1467
1397
1397
1397
1398
1956
1467
1397
1467
1397
1467
1397
1397
1467
1397
1398
1467
1398
1886
1467
1467
1398
1886
1956
1467
1467
1398
1397
1398
1398
2375
1467
1397
1467
1467
1467
1467
1467
1886
1467
1397
1886
1397
2305
1467
1467
1887
1886
1467
1397
1397
1467
1467
1398
1398
1467
1397
1467
1467
1397
1467
1397
1467
1397
1397
1397
1467
1397
1397
1467
1886
1467
1397
1397
1886
978
1467
1397
1397
1467
1467
1398
1467
1397
1397
1467
1397
1397
1467
1397
2305
1467
1467
1397
1397
1467
1397
1467
1397
1467
1397
2376
978
1467
2445
1467
1398
1467
1467
1397
1397
1397
2375
1886
1467
1467
1397
1467
1467
1397
1397
1397
1397
1397
1397
1397
1886
1956
2376
1467
1467
1397
2375
1467
1887
1397
1467
1397
1467
1467
1467
1886
1397
1398
1397
1886
1467
1467
1397
1397
1467
1886
1467
1467
1397
1816
1397
1467
1397
1467
1467
1886
1398
1467
1397
1467
1397
1467
1956
1398
1397
1467
1886
1397
1467
1397
1398
1467
1467
1397
1467
2375
2305
1397
1467
1397
1397
1397
1467
1816
1397
1467
1467
1467
1956
1467
1397
1397
1467
1467
1397
1397
1397
978
1397
1397
1467
1397
1467
1397
1467
1397
1397
1397
1467
1397
1467
908
1467
1397
1467
1467
1397
2375
1956
1887
1886
1397
1397
1397
1397
1397
1397
1467
1467
1467
1397
1886
1397
1467
1886
1397
1467
1397
2305
1397
1886
1467
1397
1397
1397
1397
1467
1467
1397
1397
1397
1467
1956
1467
1467
978
1467
1397
1886
1397
1467
1397
1397
1467
1956
1956
1467
1397
1397
1467
1397
1467
1467
1397
1397
1816
978
1955
978
1397
1397
1397
1397
1397
1397
1397
1397
1467
1397
1397
1397
1397
1397
978
1397
1397
1467
1467
1397
1467
1397
1886
1397
1397
1397
1397
1397
1397
1886
1397
1956
1467
1886
1467
1467
1397
1816
1467
1397
908
978
1397
1397
1398
1466
1397
1397
1398
1398
1397
1467
1398
1398
1467
1467
1886
1467
1467
1397
1467
1467
1886
1397
1956
1398
1467
1397
1397
1467
1467
1887
1397
1397
1467
1397
1398
1886
1397
1397
1467
1886
1886
1467
978
1467
1397
1467
1397
1397
1467
1397
1397
1397
1467
1467
1397
1467
1397
1467
1467
1397
1467
1467
1397
1956
1467
1397
1397
978
1467
1467
1467
1816
978
1398
1467
1886
1398
1467
1467
1397
1467
1467
1467
1397
1816
1397
1397
1397
1467
1397
1467
1397
1397
1467
1397
1467
1467
1397
1398
1397
1397
1467
1397
978
1467
1467
1467
1467
908
1397
1467
1397
1887
1467
1467
1467
2445
1397
1398
1467
1467
1467
1467
1467
1397
1467
1467
1886
978
1397
1397
1956
1467
1397
1467
1887
1397
1467
1397
1397
1956
1397
1467
1467
1816
1467
1397
1887
1467
1886
1397
1467
1467
978
1887
1467
1397
1467
1397
1398
1398
1886
1398
1886
909
1397
1398
1397
1467
1886
978
1397
1467
1467
1397
1397
1956
1397
1397
1886
1956
1886
1886
1886
1886
1398
1467
1886
1956
1467
1886
1886
1467
1397
1467
1397
1886
1398
1467
1467
1467
1467
1397
1397
1956
1956
1397
1467
1397
1467
1398
1467
1397
1467
908
1467
1467
1886
1397
1397
1467
1956
1467
1397
1397
1817
1397
2375
1956
978
1467
1467
1397
1467
2375
1886
1397
1887
1467
1886
1886
1467
1397
1397
1467
1467
2375
1467
1467
1397
1886
1956
1398
1397
1886
1467
1467
1886
1956
1467
1397
1467
2376
1398
1397
1467
1467
1397
1467
1397
1398
1397
1397
1397
1397
1397
1397
1467
1886
1956
3283
1467
1886
2306
1397
1397
1956
1467
1816
2375
1397
1467
1886
1397
1397
1956
978
1886
1467
1397
1397
1467
1397
1467
1886
1398
1956
1886
1397
1467
1467
1956
1467
1886
1886
1397
1397
1397
1328
1956
1886
1467
1397
1956
1397
1467
1467
1397
1886
1397
1398
1397
1886
1467
1467
1467
1467
1956
1397
978
1397
1398
1397
1467
1467
1397
1467
1397
1467
1397
1467
1397
1467
1467
1467
908
1467
1467
1956
1398
2445
1398
1467
1467
1956
1397
1467
1397
2865
1956
1397
1397
1887
1467
978
1467
1467
1886
1467
1886
1467
978
1886
1886
1886
1886
1886
1956
1956
1397
1467
1886
1467
1886
1397
1467
1886
1397
908
2375
1467
1886
1886
1887
1816
1397
1467
1467
1886
1397
1956
1886
1956
1397
1956
978
1397
1956
1467
978
978
1816
1398
1956
1467
2376
1397
1397
1397
1467
2445
1956
1467
1397
1886
1886
2375
1886
1956
2375
1886
1397
1397
1467
1397
1398
1397
1467
1956
5169
1467
1467
1886
1886
1467
1467
1467
1956
1467
1397
1467
2305
2445
1956
1397
1886
1887
1816
1398
1397
1397
1467
908
1467
1887
1817
1956
1467
1886
1886
1886
1397
1816
1887
978
1816
1398
1397
1398
1467
1397
1467
1886
1397
1886
1886
1886
1886
1886
12294
1397
1887
1886
1397
1397
1886
1956
1886
1886
2375
1886
1467
1467
2445
1397
1956
1886
1886
1397
978
1956
1956
1398
1397
1467
1397
1956
2375
1956
1886
1956
1956
1397
1956
1886
1886
1886
1397
978
1467
1467
1467
1886
1467
1886
1886
1956
2375
1816
1956
1886
1467
2376
1397
1886
1956
1397
1816
1467
908
1956
1956
1467
1956
1467
1886
1467
1397
2376
1397
1956
1467
1886
1886
1467
1397
1886
1467
1956
1467
1956
1467
1956
1397
1398
1467
1397
1886
1467
1886
1397
1397
1886
1397
1397
1956
1397
1467
1397
2445
1887
1886
1467
1467
