977
1886
1397
1467
1885
1397
1886
1396
1397
978
1397
2375
978
908
1397
1397
1467
1397
978
1397
1397
1467
977
1467
1397
1955
1397
1467
1397
1397
1467
1397
1466
1467
1397
1397
978
1396
1397
1396
978
1397
1396
1467
1467
1397
1397
1397
1467
1466
1886
1396
908
1397
1816
1467
1466
1466
1466
1397
908
1467
1397
1397
1397
978
1467
1467
1396
1467
1467
1466
1397
1466
1397
1397
1397
1467
978
1396
1396
1397
1397
978
908
907
978
1397
1396
1467
1397
1466
978
1397
1466
1467
1466
1467
1467
978
1396
977
1466
1956
1396
1466
1466
1397
1467
1955
1397
1467
908
1396
1396
1397
1466
978
1397
1467
1466
1397
1396
978
1467
1396
1397
1466
1396
1397
1466
978
1397
1467
1467
1397
1396
978
14108
1467
1397
1955
1397
1397
1396
1397
1397
1397
1397
1396
1397
1466
1397
1466
1466
1397
1397
1467
1467
1816
1886
1956
1397
908
8521
1466
1466
1466
908
1397
1397
1397
1467
1397
1466
1397
1467
978
1886
1467
1467
978
10755
1467
1397
1467
1467
977
1467
1397
1397
978
1467
1397
1886
1885
1466
1956
1397
1467
908
978
1467
1397
1885
1466
1396
1397
978
1885
1397
1397
1396
1397
1886
1886
978
1466
1397
978
1467
1467
1397
1467
1397
1397
1397
1886
1466
977
1466
1466
1396
1397
1466
1467
1396
978
1397
1467
1397
1397
1467
1467
977
1467
1397
1397
1885
1467
1397
1397
1466
1466
1816
1397
1956
1397
1467
1467
1886
978
2375
1467
1466
1397
1397
978
1955
1466
1397
1467
1467
1397
1397
1397
1467
1955
1886
1467
1466
978
1956
1466
1467
1467
1397
1397
977
1397
1396
1397
1397
1327
1467
1397
1467
1466
1397
1467
1467
1467
1397
1467
1397
978
1467
1397
1397
1466
2445
1397
1467
1816
1886
1956
1397
1467
1466
1396
1396
1466
1397
1467
1397
1885
1466
1467
1466
1467
1467
2374
1397
1397
1885
1886
1396
1466
1397
1467
1467
1466
1466
1397
977
1467
1467
978
1396
1397
1466
1396
1467
1397
1466
1397
1467
1467
978
978
1467
1467
977
908
1397
1397
978
1956
1467
1886
1467
1467
1397
1886
1886
1466
1397
1466
1397
1467
977
908
1467
1397
1885
1397
2374
1396
1397
1397
1396
1396
1886
1467
1397
76196
1397
1466
1397
1885
1886
1396
1397
1466
1466
1466
1467
1885
1396
978
2444
1397
1397
1397
1955
1397
1886
1955
1886
1886
1886
1467
1885
1397
1956
1397
1467
1397
1396
1397
1397
1467
1467
1466
1466
1466
1886
1955
1885
1467
1885
1885
1397
1886
1466
1397
1397
1467
1397
1467
1396
1466
1397
1397
1466
1397
1886
1397
1397
1467
1886
1886
1467
1956
1467
1467
1396
1467
1466
1816
1397
1467
1467
1397
2444
2375
1467
1467
2375
2445
1466
1467
1886
1956
1885
1886
1956
1397
977
1956
1467
1396
2374
1397
1397
1467
1467
1466
1397
1885
1397
1467
2374
1886
1956
1467
1886
1886
1397
1466
1397
1466
1467
1467
1466
1397
1397
1466
1956
1397
1397
1397
1467
7124
1886
1466
2444
1397
1467
1467
1397
1467
1466
1466
1467
1467
1467
1397
1397
1397
1956
1886
1396
1397
1397
2375
1467
1397
1886
1467
1467
1397
1397
1397
1396
1467
2375
1397
1397
1397
1397
1885
1885
1466
1397
1396
1467
1397
978
1397
1467
1397
1467
1397
1397
1467
1396
1397
1467
908
1396
1397
978
1397
1397
1397
1467
1396
1396
1397
1397
1466
1396
1467
1467
1886
1886
978
1815
1956
978
1467
978
1467
1467
1467
1467
1396
1466
1397
1466
1467
1396
1397
1397
11663
1466
1397
1397
1397
1467
1397
1466
1467
1467
978
1396
1397
1466
1466
1397
1397
1397
978
1466
1467
1397
1467
1397
1466
1466
1397
1397
1397
1467
1467
1467
1467
1397
1816
1396
1956
1327
1956
1397
1466
1397
1396
1396
1397
1467
1397
908
977
1466
1467
1466
1397
1397
1466
1396
1397
1466
1467
1466
1467
978
908
1396
1397
1467
1466
1467
1397
1396
1466
1397
1467
1397
1467
908
977
1396
1397
1955
1956
1467
1396
1397
1466
1397
1397
1467
1467
1397
978
1397
1467
1396
1467
1466
1466
1467
1397
1397
1397
1467
1397
978
1397
908
1397
1397
978
1467
908
1396
1467
978
1466
1956
1956
1397
1886
978
1886
1397
2305
1397
1397
978
1886
1397
1397
1397
1466
1886
1466
1467
1467
1397
1466
978
1467
1466
1397
1397
1397
1397
1397
1467
1327
1886
1397
1467
1467
1467
1816
1397
1467
1396
1396
908
1467
1886
1397
1397
1397
1396
908
1466
1397
977
1466
2375
1397
1396
1397
1886
1955
978
1397
1467
1466
1467
1397
1397
1466
1467
1467
1396
978
1397
1466
908
1397
1397
1396
1397
1466
1956
1397
1466
1816
1467
978
1955
978
1886
1816
1815
1886
1397
1397
1886
1886
1955
1956
1885
1886
1397
1466
1396
1397
1467
1396
1466
1397
1466
1886
1397
1396
1467
1397
1467
1397
977
2375
978
1466
1467
1467
907
1397
1467
1467
1886
1956
1396
978
1396
1467
1466
1466
1397
1467
1397
1466
1397
908
1466
1397
1467
1467
1467
1467
1467
1397
908
977
1397
1467
977
1397
1956
1466
978
978
1397
1467
1467
1467
977
978
1397
1466
1397
978
1885
1397
1466
1397
1397
1467
1397
1467
1467
1467
1466
1397
908
978
1397
1397
1467
1396
1885
1466
1467
1397
1886
1955
1397
1397
978
1397
1397
1397
1467
1886
1466
1397
1466
908
908
1467
1466
1396
978
978
1396
1466
1397
1397
1397
1467
1886
1956
1396
1956
1467
1886
1397
1466
1956
1396
1397
1886
2305
1886
1466
1466
1466
1467
1886
1955
1467
1397
1397
1467
1397
1467
1396
1886
1467
1886
1397
1397
1396
3352
1886
1886
1956
1885
1886
1466
1886
1886
1466
1397
1816
1396
1397
1397
1885
1397
977
1467
1466
1397
