2794
1467
1955
1397
1466
1396
2445
1467
1396
1397
1886
1956
1467
1467
1397
1886
1886
2375
1885
1885
1885
1955
1885
1886
1396
1886
1886
1955
1467
977
1396
1397
1466
1467
1397
1397
1396
1397
1397
1397
1396
1397
1467
1815
1467
978
1397
1397
2375
1397
1466
1886
1397
1467
1466
1397
1397
1886
1956
1886
1886
1397
1956
1397
1397
1886
1885
1885
1886
1886
1397
1397
1886
1886
1467
1397
1396
1816
1466
1397
1467
1397
2793
1397
1397
1886
1467
1396
1467
1886
1955
1466
1955
1467
1467
977
977
1397
977
2375
1955
1397
1886
1956
1885
1397
1885
1886
1956
1396
1466
1467
1816
1397
1467
2445
1396
2374
1397
1396
1886
1467
1466
1397
1955
1467
1466
1467
1396
1396
1396
1885
1397
1467
1466
1397
1466
1397
1397
1467
1397
1467
1466
1397
1397
1466
1955
1467
1397
1466
1467
1467
1397
1397
1467
1467
978
1397
1885
1955
1886
1397
1466
1466
1396
1467
978
1397
1467
1886
1467
1396
1467
978
1466
1397
1886
1955
1467
1955
1816
1886
1397
1885
1886
1885
1397
1397
1466
978
1466
1886
1397
1886
1467
2375
1397
1886
1886
1885
1466
1467
978
1397
1467
2374
1467
1885
1956
1396
1467
1397
1397
1466
1886
1397
1397
1467
1467
1397
1397
1886
1466
1466
1397
1467
1466
1467
1467
1397
1397
1397
1397
1397
1397
1397
1955
1886
1956
2375
1816
1955
1885
1466
1467
1886
1885
978
1956
1886
1886
1466
1467
1397
1467
1955
1397
1396
1467
1397
1886
1886
978
1955
1955
908
1886
1885
1886
1886
1396
1467
1467
1467
1397
1467
1397
1467
1885
1886
1467
1396
1467
1886
1397
1885
1886
1885
1467
1467
1397
1397
1397
1886
1886
978
1397
1466
1886
1396
1467
1885
1816
1886
1397
1955
1886
1397
1467
1467
1397
1397
1886
1886
1467
1885
1955
1955
1467
1467
1397
1885
1466
1466
1397
978
1956
1467
1816
1467
1397
1466
1886
1467
1886
1955
1885
1396
1885
1886
1466
1397
1396
1467
1397
1467
1467
1397
1397
1816
1467
1397
1397
1466
1397
1467
1467
1886
1886
1327
1886
1397
1397
1397
2375
1396
1886
1467
1466
1397
1886
1396
1467
1467
1467
1815
1467
1886
1397
1466
1466
1467
1467
1397
1886
1467
1397
1886
1467
1956
1467
1886
1466
1396
1397
1466
1397
1396
1885
1467
1886
1467
1397
1397
1886
1467
1397
1467
1397
1467
1886
1466
4400
1467
1467
1466
1466
1397
1397
1397
1397
1467
1397
1397
1956
2374
1466
1396
1397
1955
1467
1467
1396
1467
1467
1397
1396
1466
1396
1397
1467
978
1816
1956
1397
1397
1397
1466
1467
1397
1885
1466
1467
1397
1396
1397
1397
1397
1466
977
1397
1956
2375
1467
1397
1466
1397
1885
1397
1955
1886
1885
1886
1396
1397
1886
1397
1886
1816
1467
1467
978
1397
1467
1467
1397
1397
1397
978
1815
1396
1467
1467
1396
1397
1397
1397
1397
1397
1397
1397
1886
1467
1397
1466
1397
1467
1396
978
1466
1466
1467
1886
1467
1467
1397
1396
1956
1397
1396
1397
1466
908
1467
1397
1466
978
1397
1467
1467
1886
1467
908
1886
1396
2304
978
1397
977
1397
1397
1886
1467
1467
1397
1886
1886
1397
1396
1467
978
1397
977
1467
1466
1397
1466
1397
1467
1885
1397
1397
1397
1397
1467
1956
1466
1467
1397
1955
1397
1467
1466
1397
1467
1397
1466
1466
1467
1397
1467
1467
1466
1397
1467
1466
1467
1327
1467
1397
1396
1955
1396
1396
1466
1396
1467
1397
1467
1956
1467
1467
1397
1397
1467
978
1397
1466
1397
2374
1466
1955
1466
908
1466
978
978
1396
1467
1467
1396
1397
1397
1885
1396
1886
908
1467
1396
1466
1467
1466
977
1397
1396
1396
1397
1396
1397
977
1397
1396
1397
1466
1467
1396
1396
1397
1396
1467
1467
1397
1466
1886
1397
1397
1466
1467
2304
1466
908
1397
1467
1467
1397
1397
1396
1397
1466
1955
1886
1397
1397
1467
1397
1397
1467
1397
1397
1397
1397
1467
1397
1397
1466
1466
1397
1466
2375
1886
1397
1397
1467
1397
1466
1885
1397
1467
1466
1467
1467
1467
1467
1467
1466
1467
1467
1467
1467
1467
1397
1467
1397
1466
1467
978
1397
1396
1467
1467
1397
1397
1466
1466
1467
1956
1396
1397
1397
1467
1397
1466
1885
1886
1467
1467
1397
1886
1397
1397
1467
1467
1467
1467
1467
1467
1397
1467
1467
1397
1467
1467
1397
1467
1397
1397
1886
1397
1467
1467
1467
1467
1467
1467
1466
1467
1397
1397
1467
1397
1396
1397
1397
1397
1397
14737
1397
1397
1886
1466
1467
1397
1397
1397
1467
1397
1466
907
1956
1467
1397
1467
1467
1396
1397
1397
1396
1396
1467
1466
1397
1467
908
977
1397
1397
1397
1397
1467
1466
2375
1886
1466
1467
1397
1467
978
1467
1397
1885
1397
978
1467
1886
1467
1885
1467
1396
1466
1397
1467
1466
1397
1466
1397
1397
2374
1467
1956
1466
1397
2374
1397
1466
1886
1466
1466
1397
1467
1466
1467
1467
1467
1467
1467
1467
1467
1886
1397
1466
13759
1886
1396
1466
978
1467
977
1467
1886
1467
1886
1467
1467
1467
1956
978
1397
1956
1467
1397
1886
2375
1886
1396
1467
1467
1466
1397
1397
1467
1397
1397
978
1467
1397
1397
1397
1467
2863
1397
1467
1397
1396
1397
1396
1397
1467
1466
978
1886
1397
2445
1397
908
1886
1467
1466
1885
3422
11593
1466
1466
977
1397
1397
1397
1467
1467
1397
1466
1397
1397
978
1467
1466
1466
1467
1816
1466
1466
1886
1396
1466
1467
1397
1467
1397
1466
978
1397
1467
1467
1397
978
1466
977
1466
1396
1397
1397
1397
978
1955
978
1466
1467
1396
1467
1396
978
2374
2375
1397
1397
1396
1396
1956
1396
1397
1397
908
1886
1396
978
1397
1397
1397
1396
1397
1466
1885
14737
1467
1467
1467
1467
1467
1397
1397
1466
