1956
2375
1327
1467
1397
1398
1397
1886
1397
1397
1397
1397
1467
1956
1467
1397
2375
1886
978
1467
1397
1886
1467
1397
1467
1467
1467
1397
1467
1397
1398
1397
1467
1397
1886
1467
1467
1886
978
1397
1467
1397
1397
1886
1467
1467
1886
1467
1886
1467
1467
1886
1816
1467
1397
1398
1397
1397
1956
1397
1397
1397
978
1886
1467
1397
1467
1467
1467
1397
1467
978
1467
1466
1397
1467
1467
2445
1397
978
1467
1397
1467
1397
1397
1467
908
1886
1467
1467
1886
1397
1397
1397
1397
1467
1886
1467
1467
2375
1467
1397
1886
1398
1397
1398
1886
1397
1467
1886
1467
1397
4191
1397
1397
1886
1397
1397
1397
1397
1397
1467
1466
1397
1466
1397
1467
1886
1467
1466
1467
1398
1397
1467
1886
1397
1397
978
1467
1397
1397
1466
1397
1886
1397
1956
1397
1397
1467
1467
1397
1467
1467
1397
1467
1956
1397
1886
1397
1397
1397
1397
1886
1886
978
1397
1397
908
1467
1397
1886
1887
1397
1886
1886
1886
1886
1956
1956
1466
1397
1397
1467
1886
1397
1397
1467
1467
1397
2375
1817
1886
1397
1886
1397
1397
1887
1467
2445
1467
1467
1397
1397
1397
1397
1397
1467
1886
2375
1398
1956
1886
1398
1467
1397
1467
1397
1397
1467
1467
1467
1397
3213
1886
1397
1397
1397
1886
1886
1886
1956
1816
1398
1397
1397
1398
978
1397
1397
1397
1956
1397
1467
978
1467
908
1467
1397
1886
1397
1397
1397
1886
1886
1467
1397
1886
1956
1467
1397
1397
1887
1467
1397
1816
1467
2375
1397
1956
1467
1397
978
1467
1397
1397
1397
1467
1397
1886
1467
1886
1886
1467
1467
1467
1397
1467
1886
1467
1886
1397
1467
1397
1467
1956
1886
1886
1886
1886
1397
1467
1467
1467
1467
1956
1467
1467
1467
1886
1886
1956
1397
1886
1397
1887
1956
1397
1467
1397
1397
1397
978
1467
1397
2305
1467
1397
1467
1467
1467
1397
1886
1886
1467
1397
1398
1467
1397
2375
1397
2445
1467
1467
1467
1886
1397
1467
978
1467
1467
1397
1886
1397
1397
1467
1956
1467
1397
978
1467
1467
1397
1467
1467
1397
1467
1467
1397
1886
1467
1398
1887
1397
1398
1467
1397
1397
1397
1397
1467
1397
1397
1466
1467
1467
1397
1466
978
1467
1816
1397
1467
978
1886
1956
1887
1397
1397
1467
1886
1397
1397
1467
1467
1397
1467
1397
1397
1398
1397
1467
1467
1886
1956
1397
1467
1397
1956
1886
1467
1467
1397
1467
1886
1467
1397
1886
1397
1467
1397
1397
1467
1467
1397
1886
2375
1956
1467
1816
1886
1467
2375
1886
1956
978
1956
1467
1467
1467
1956
1955
1817
1886
1397
1886
1886
1886
1886
1886
1886
1467
1956
1397
1956
1467
1956
1886
1397
1886
1886
1817
1397
1397
1467
1467
1397
1467
1467
1886
1956
1397
1467
1398
1466
1467
1467
1467
1397
1397
1466
977
1397
1397
1467
1886
1397
908
1886
1817
1955
1397
1886
1467
1956
2375
1956
1397
1397
1397
1466
1397
1397
1397
1397
1886
1956
1397
1886
1956
1397
1398
1466
1467
1467
1467
1467
1467
2375
1467
1887
1886
1397
1397
1467
1467
1956
1397
1467
1467
1467
1397
1886
2445
2375
1397
1397
1397
1886
1398
1467
1397
1397
1467
1467
1467
1467
1467
1886
1886
1467
1467
1397
1397
1467
1467
1397
1397
1467
1397
1397
1398
1886
1467
1467
1467
1467
1397
1886
1467
1397
1467
1397
1467
1397
1397
1397
1467
1397
1956
1956
977
1956
1467
1467
1397
1397
1397
909
1467
1397
1397
1397
1467
978
1886
1467
1467
1467
1467
1397
1397
1397
12364
1467
1886
1397
1467
978
1467
1398
1956
1397
978
1397
1467
1467
2375
1467
1397
1466
1467
1397
1467
1467
1397
1397
1467
1887
1467
1397
1467
1397
1956
1466
1327
1467
1397
1956
1397
1886
1467
1398
1886
1397
1397
1397
1397
1397
1816
1467
1397
1397
1397
1397
1398
1467
1467
1956
1467
1397
908
1397
1397
1467
1397
1955
1397
1467
1467
1467
1467
1467
1467
1467
1397
1467
1956
1397
1886
1886
1397
1397
1467
1467
1467
1955
1397
1397
1467
1397
1467
1467
1397
1886
1397
1397
1886
1887
1397
1467
1397
1467
1398
1397
1397
1467
978
1956
1397
1397
1397
978
1397
1956
1467
1466
978
1886
2375
1397
1467
978
1886
1886
1397
1886
1886
1397
1397
1467
1397
1397
1886
977
1886
2864
1467
1467
1397
1467
1956
1886
1886
1397
1397
1467
978
1467
1397
1397
978
1466
1886
1467
1467
1467
1466
1467
1467
1397
1397
1397
1397
1467
978
1467
1467
1466
1467
2305
1886
1397
1397
1467
1886
1467
978
1397
1397
1467
2375
1467
1397
1956
1467
2375
1886
1467
1397
1467
1397
908
1467
1397
1467
1467
1817
978
1467
1397
1467
1467
1397
1886
1467
1467
1397
1397
1886
1466
1955
1397
1467
1886
1886
1886
1956
1886
1397
1467
1467
1956
1467
1397
1467
1397
1467
1397
1886
1467
1466
1886
1397
1467
1397
1886
1956
1467
2375
1956
1956
1467
1886
1397
1467
1886
1467
1397
1886
1886
1886
1397
1886
1467
1467
1467
1886
1886
2864
1886
1397
1886
1397
1467
1467
1397
1886
1467
1397
2375
1397
1467
1467
1467
1467
1886
18162
1397
1467
1886
1467
1397
1886
1467
1397
1816
1397
1467
1397
1397
1397
2375
1467
1467
1466
1397
1397
1467
1398
1467
1397
1397
2375
908
1886
1466
978
1886
1467
1956
1397
1397
1886
1397
2375
1467
1467
1886
1467
1397
1397
1467
909
1467
1466
1397
1397
1467
1397
1397
1466
1467
1467
1466
1467
1397
1467
1467
1397
1886
1956
1397
19000
1397
1397
1467
1817
1886
1397
1886
1397
1466
1397
1467
1397
1467
1397
1397
1467
1397
1467
1467
1467
1467
1398
1467
1467
1816
1467
1467
1467
1467
1398
2375
1397
1467
1397
1467
1397
1467
978
1397
1886
978
1467
1397
1467
1397
1466
1956
