1396
1886
1886
1886
11873
1466
1886
1397
1955
1397
1397
1396
1397
1397
1885
1396
3352
13479
1397
1955
1397
1467
1397
2305
1886
1955
1397
1466
1467
1956
1885
1886
1467
1956
1397
1397
1466
1467
1466
1397
1886
1397
1955
1397
1466
1397
1396
1397
1886
1466
2375
1466
1467
1955
1466
1467
1886
1886
1466
1886
1467
1467
1466
1467
1466
1466
1885
1397
1955
1955
1397
1467
1397
2444
1467
1885
1466
1886
1885
1466
1397
1956
1467
1956
1467
1956
1885
1956
1397
1396
1467
1397
1397
1467
1397
1466
1886
1466
1467
1466
1886
1466
1955
1955
1956
1397
1396
1466
1397
1956
1885
1466
1886
1466
1467
1886
908
1397
1396
1467
1956
1886
1397
1466
2375
1467
1397
1886
1396
1466
1397
1467
2444
1467
1397
1396
1467
1397
1397
1396
13898
1467
1397
1956
1397
1467
1466
1467
1467
1467
1885
1466
1886
908
1397
1467
978
1886
1397
1467
1397
1466
2794
1467
1956
1396
1955
1466
908
1397
1466
1397
1397
1467
978
1466
1397
2374
1467
1467
1467
1397
1956
1467
1397
1466
978
1816
1956
1397
1886
1885
1466
1397
1467
1397
1397
1467
1467
1396
1467
1467
1886
1397
1396
978
1467
1886
1397
1466
1816
1885
977
1396
1396
1467
1886
1467
908
1397
1886
1397
1466
1397
1956
1467
1397
1397
1466
12432
908
1397
1955
1397
1397
1396
1397
1955
11803
2374
1467
1397
1397
1467
1885
1396
1467
1397
1397
1816
1467
1397
1397
1397
1466
1467
1397
1886
1467
1956
1466
1397
1467
1467
978
1466
1886
977
1467
1397
1466
2375
1466
1467
1397
1466
1466
1397
1397
1397
1397
1956
1466
1397
908
1397
2305
1397
1397
1397
1397
1397
1397
978
908
1397
1467
1467
1467
1397
1397
1886
1955
1396
1396
1397
1885
1956
1886
1886
1886
1397
978
1886
1467
1886
1955
1467
1467
1466
1397
1397
1467
1467
1397
1397
1467
1467
1466
1397
1956
1467
2374
1397
1397
1467
1467
1956
1397
1397
1467
1886
978
1467
908
1956
1466
1955
1886
1397
1466
1886
1886
1467
1956
1886
1467
1885
1467
1956
1886
1466
1467
1885
1397
1886
1885
1396
1396
1466
1886
1467
1467
2374
1466
1397
1467
1466
1397
908
1886
1397
1397
1397
1466
1467
1956
1467
1466
1467
1397
1397
1397
1885
1397
1397
1466
1467
1816
1886
1885
1397
1467
978
1396
1396
1397
1397
1327
1467
1397
1467
1467
1397
1397
1466
1397
1467
1467
1397
1467
978
1467
1396
1397
1467
1396
1886
1397
1886
1397
977
1467
1397
1397
1397
1396
1397
1467
1956
1816
1886
1396
1955
978
1397
1396
2445
1466
1397
1397
1886
977
1467
1397
1467
1397
1397
1467
1396
978
1397
1396
1396
1467
978
1467
978
1467
1397
908
1466
1397
1397
1397
1467
1397
1397
1467
1397
1466
1397
1396
907
1397
1466
1467
1886
978
1466
1397
1397
1397
1466
978
1467
1467
1397
1397
978
1467
1397
908
1397
907
1397
1467
1466
1397
1396
1397
1397
1397
1397
1396
1397
1467
1397
1397
1396
977
1467
1397
1396
1467
977
1466
1467
1397
1397
1397
1467
1396
1396
1397
978
1397
1467
978
1396
1467
1467
977
1397
1396
1467
1955
1467
1397
1397
1467
978
1886
1397
1467
977
908
1466
1467
1397
1955
1467
2444
1397
8171
1956
1467
1466
978
1397
1467
1397
978
1327
2305
1955
1396
1397
1397
2863
977
1886
1397
1397
1397
1956
1886
1467
1467
1956
907
977
978
1397
1885
1396
1467
1397
1466
1397
1955
1467
1397
1397
1396
1396
978
1397
1396
1397
2375
1467
1397
1467
1397
1467
1885
1397
1466
1467
1396
1397
1397
1397
978
908
1885
1467
1955
1396
1467
1397
1467
1396
1397
1816
1886
2374
1397
1955
1886
1886
1397
1397
1397
1955
1397
1397
1467
1396
2374
1397
1466
978
1467
1397
1956
1467
1397
1397
1397
1396
1397
1955
1396
1885
1396
1885
1397
977
2304
978
1397
1885
1886
908
1396
1466
1397
978
1397
977
1397
1467
1816
908
1396
1467
1956
1397
1955
1886
978
1467
1956
1815
1885
1886
1816
1397
1467
1397
1886
1466
1885
1467
1886
1396
1467
1886
1397
1467
1467
977
1466
1396
1467
1886
1466
1397
1397
1397
1466
1467
1397
1397
1397
1397
1397
1397
1467
1397
1955
1467
1955
1886
1397
1397
1466
1397
1397
1467
1397
1397
1467
1397
1467
1397
1397
1396
1397
1467
1467
978
1397
1397
1467
1397
1397
1397
1467
1397
1397
1397
1467
1397
978
1956
1397
978
1955
1467
978
978
1467
1466
1397
1397
1396
978
1886
1466
978
1466
1397
1397
1396
1467
1467
1397
1397
1886
1397
1397
1397
977
1397
1467
1816
1397
1467
1396
977
1466
1467
1467
1466
977
1397
1467
1397
1886
1467
1466
1397
1466
1886
1396
1467
1466
1886
1467
908
1886
1397
1397
1467
1886
1397
1397
1396
2375
978
1396
1955
1467
1467
1466
1397
978
1956
1467
1467
1885
1397
1397
1397
1396
1397
978
1397
1396
1397
1466
1397
1885
1397
977
1467
1397
1466
1816
1467
1467
1466
1816
1397
1397
1397
1397
1397
1397
1467
1397
1955
1467
1467
1397
1885
1397
1397
1466
978
1397
1467
1466
1397
1397
1886
1397
1467
1397
1467
1467
1397
978
1466
1467
1467
1397
978
1467
1397
1466
1396
1467
1467
978
1886
1466
1467
1397
908
1466
1467
1886
1886
1397
1397
977
1397
1467
1956
1886
978
1397
1396
1886
1397
1466
1466
1955
1466
1397
978
1397
1397
1467
1467
1397
1397
1886
1397
1397
1467
1886
1396
978
1397
1816
1467
908
1467
1397
1467
1397
1396
1467
1466
1956
1397
1397
978
1396
1466
1467
1886
1466
1397
1467
1397
1467
1397
1397
1467
1397
1467
1397
1397
1397
977
1467
1467
1397
1397
1397
1397
1955
1466
1397
1467
1466
1397
1466
1397
1466
1466
1397
1397
1397
