1886
1397
1397
1397
1467
1467
1397
1397
1397
978
1467
1397
1397
978
2375
1397
1467
1397
1397
1467
1467
1467
1397
1467
1467
1397
1467
1397
978
1397
1886
2305
1886
1956
1886
1467
1467
1397
978
1467
1397
1397
1397
1397
1467
1397
1397
1467
1467
1467
1886
1397
1956
1467
1467
1397
1397
1467
1397
1466
1467
1397
1467
1956
1467
1397
1886
1397
1956
1467
1397
1397
1886
1397
1467
1467
978
1467
1467
1467
1397
1467
1397
1886
1397
1397
978
1397
1397
1467
1886
1956
1397
1467
1397
1886
1398
1956
1467
908
1397
1467
1397
1397
1397
1397
1467
1886
1467
1397
1467
2375
1397
1397
1397
1467
1886
1397
1956
1886
1886
1397
1397
1467
1397
1467
1467
1467
1467
1397
1467
1467
1956
1467
1397
978
1397
1886
1398
1397
1397
1467
1397
1397
1467
1467
1467
1397
2305
1886
1467
978
1397
1467
1397
1886
1956
978
1397
1886
1467
1466
1397
1397
1467
1467
1467
1397
1467
1397
1467
1397
1397
1467
1886
1397
1467
1397
1467
1397
1397
1886
1466
1467
1397
1956
1467
1397
1397
1397
1397
1397
1467
1816
1467
1397
1397
1467
1397
1466
1397
1397
1467
1467
1397
978
1397
1467
1397
1397
1397
1467
1467
1467
1397
1817
1886
1956
1397
1397
1397
1397
1467
1398
1956
1467
1467
1467
1397
1467
1467
1886
1956
1467
1467
1467
1398
1467
1397
1467
1886
2306
1467
1397
977
1467
1816
1397
1467
1397
1397
978
1397
1887
1397
1467
1467
2445
1467
1397
1397
1397
1467
1397
1397
1467
1956
1886
1886
1956
1397
1467
1886
1955
1397
1956
1397
1467
1397
1886
1467
1467
1467
1886
1397
1816
1886
1956
1467
1886
1397
1886
1886
1397
1467
1886
1467
1398
1956
1397
1397
1397
1886
1397
1817
1397
1397
1397
1397
1467
1886
1467
1886
1467
1466
1467
1398
1886
1397
1467
1467
1467
1397
1956
1886
1467
1467
1956
1397
1467
1467
1397
1467
1397
1397
1886
1397
1467
1466
1467
1397
1467
1466
1397
1956
1886
1467
1397
1886
1397
1397
1397
1956
1397
1467
2305
1886
3423
1467
1956
1467
1397
1467
1886
1397
1886
1398
1467
1956
1467
1956
1397
1956
1397
1467
2375
1397
1886
1886
1467
1467
1467
1467
1397
1467
1886
1467
1397
1886
1467
1467
1467
1886
1327
2375
1397
1886
1467
1397
1397
1397
1886
1397
1886
1886
1886
1467
1397
1397
1467
1467
1397
1467
1886
1886
1467
1397
1886
1467
1467
1467
1397
1467
1466
1397
1397
1467
1397
908
1467
1467
1886
1956
978
1397
1397
1397
1397
1467
1397
1397
1956
1467
1467
1467
1397
1397
1466
1397
1467
1397
1397
1397
1956
1397
1397
978
1397
1467
1397
2375
1397
1467
1397
1397
1467
1397
1886
1886
1397
1467
1397
1467
1466
1397
1467
1397
1467
1466
1397
1397
1397
1466
2375
1467
1397
1467
1467
1467
978
1397
1467
1397
1467
1886
1467
1956
1886
1397
1397
1467
1397
1886
1397
1397
1397
978
1466
978
1467
1467
1467
1397
1397
1397
2375
1397
1467
1397
1467
1397
1466
1886
1467
1397
1956
1467
908
1467
1397
1467
1397
1397
1886
1397
1467
1467
1886
1886
1397
1397
1467
1955
1886
1397
1956
1397
1397
1467
1397
1397
978
1397
1467
1467
908
1467
1397
1467
1467
1467
1398
1467
1397
1467
1397
1397
1467
1886
1887
1886
1397
1398
1397
1956
1467
1956
1397
1397
1467
1397
1397
1397
1397
1398
1397
1886
1397
1467
1397
978
1467
1397
1397
1397
1467
1886
1397
1467
978
1467
1467
1467
1397
1397
1466
1467
1327
1397
1397
1886
978
1467
1397
1397
1397
1397
1397
1397
1397
1467
1397
1467
1467
1466
1397
1467
1886
1956
1467
1956
1467
1467
1397
1397
1397
1397
1886
1397
1467
2375
1467
2375
978
1398
2305
1886
1397
1886
1886
1956
1397
1397
1467
1467
1886
1397
1397
1397
1467
1886
977
1467
1467
1467
1397
1397
1397
1886
1886
1466
1886
1397
1467
1467
1956
2306
1886
1956
1886
1886
2445
1886
2375
1886
1956
1886
978
1467
1397
1955
1886
1886
1467
1956
1816
1886
1467
1956
1466
1467
1467
1466
1397
1886
1467
1397
1886
1467
1467
1397
2794
1397
1956
1956
1397
1467
978
1956
1467
1397
1397
1397
1886
1467
1397
1467
1886
1397
1886
1397
1956
1467
1397
1886
1397
1397
1467
1467
1886
1397
1397
1397
1886
1467
1886
1467
1886
1467
1397
1397
1397
1467
1397
1956
1467
1467
1467
1467
1397
1397
1816
1467
1816
1886
1467
1398
978
1397
1886
1467
1397
1397
1467
1956
1886
1886
1956
1397
1467
1397
1467
2444
1467
2444
1397
1467
1397
1467
1467
1467
1397
1816
1467
978
1397
1467
1467
1397
1467
1816
1886
1467
1467
1467
1467
1467
1397
1327
1467
1956
1467
1397
1397
978
1956
1956
1886
2375
1886
1467
1397
1467
1467
1467
1467
1467
1467
1817
1816
1886
1466
1397
1397
1467
1397
1886
1467
1397
1397
1467
1886
908
1886
1397
1397
2445
1397
2444
1397
1397
1956
1397
1397
978
1397
1467
1397
1886
1397
1886
1397
1956
1398
1956
1467
1467
1397
1397
1397
1397
2375
1397
1467
1467
1467
1397
1397
1467
1816
1397
1467
1956
1467
1397
1467
1397
1467
1467
1466
1397
1397
1956
1397
1467
1397
1397
1466
2445
1467
1467
1886
1397
1397
978
1467
1397
1886
1467
1398
1397
1467
1886
1886
1467
1886
1887
1886
1467
1397
1398
1467
1467
1397
1397
1467
1397
1956
1467
1467
1467
1467
1467
1467
1397
1956
1467
1467
1397
1397
1816
1397
1397
1397
1467
1397
1467
1467
1467
1467
1886
1397
1467
1467
1397
1886
1397
1397
1956
908
1397
1467
1397
1467
1467
1467
1467
1397
1467
1467
978
1467
1467
978
1886
1467
1397
1956
1397
1886
1467
1397
1467
1956
1467
1397
1466
1467
1397
1397
1467
1467
1397
1397
1397
1467
1397
1467
1397
978
