1816
1397
4749
1467
1397
1397
1466
1885
1886
1397
1467
1397
1956
1397
3911
1815
1955
1885
1467
978
1467
1467
1467
1467
1396
1466
1886
1466
1467
1397
1885
978
977
1397
1397
1467
1467
1396
1467
1886
1885
1467
1397
1886
1956
1886
978
1885
1397
1466
1955
978
1397
1886
1466
1886
1467
1955
977
1466
1886
1956
2374
1885
1886
1816
1955
1397
1885
1467
1955
1397
1467
1956
1396
1886
1467
1886
1397
1397
1397
2374
1397
1396
1886
1956
1886
1397
1467
1816
1466
1466
1886
1886
1397
1886
1467
1467
1397
1466
1466
1955
1886
1396
1886
1886
1955
1956
1466
1955
1397
1467
1397
1467
1467
1396
1397
1397
1816
1397
1885
1467
1397
1467
1397
1397
1397
1397
1396
1397
1396
1466
1467
1397
1886
1955
1886
1886
1467
1467
1397
1397
1397
1466
1955
1467
1466
1397
1467
1467
1467
1397
1466
2375
1886
1467
1466
1886
1955
1397
1397
1467
1397
1466
1467
1467
2305
1955
1466
1467
1397
1885
1397
1466
1396
1885
1397
1397
1955
1886
1467
1467
1886
1397
1955
1466
1466
1397
1466
1467
1467
1467
1397
1466
1397
1955
1466
1466
1467
1396
1466
1397
1467
1467
1397
1466
1397
1397
1397
1885
1467
1397
977
1396
1397
978
1396
1397
1397
1397
1466
1467
978
978
1467
1466
1397
1397
1466
1397
908
1467
1886
1397
1397
1397
1886
1397
1466
1397
1397
1397
1396
1396
1397
1397
1397
1466
1467
1467
978
1397
1467
1397
1886
1396
1396
1467
1466
1397
1885
1466
1397
2375
1467
2375
1397
1397
1466
1397
1467
1397
1396
1397
1466
1466
1886
1397
1397
1396
1885
1467
1396
1397
1397
1397
1467
1467
1956
1467
1886
1467
1397
1397
1396
1397
978
1886
1397
1397
1467
1466
2375
1467
1886
1466
1397
1955
2374
1466
1467
1467
2933
1955
1467
1467
1397
1397
1397
1397
3352
1397
1467
1466
1886
1396
978
1467
1467
1396
1466
1397
908
1397
1467
1886
1955
1466
1397
1397
1396
1467
1466
1396
1467
1397
1397
1466
1397
1397
1397
1396
978
1396
1397
1396
908
1397
1397
1466
1397
1396
1956
1886
1466
1466
1467
1467
1397
1467
978
1397
1955
1886
978
1467
2375
1466
1886
2374
1467
1956
1467
2305
1467
1396
1396
1467
1397
1467
1467
1466
1466
1396
1467
1467
1397
1397
1397
1397
1467
1397
1397
1467
1467
1467
1467
1397
1397
1397
1466
1467
1397
1397
978
1956
1886
1885
1397
1467
1467
1885
1885
1397
1396
1397
1397
1397
1397
1397
1467
1397
1467
1816
1397
2444
1956
1467
1397
1467
1467
1397
1885
1397
1466
1397
1397
1397
1466
1397
1467
1467
1467
1396
1397
1467
1467
1467
1467
1466
1467
1467
1396
1396
1467
1467
1467
1467
1397
1466
1466
1466
1885
1397
1397
1397
1397
1467
1466
1397
1467
1886
2305
1467
1397
1467
1397
1397
1396
1397
1397
1397
1397
1467
1396
1327
1397
1466
1467
1467
1467
1467
1466
1467
1396
978
2305
2375
1466
1956
27867
1467
1397
1397
1956
1886
1397
1816
1396
1397
1467
1397
1886
1397
1467
1467
1397
1397
1397
1397
1397
1466
1397
1397
1396
1467
1397
1816
1397
1467
1886
1396
1886
1886
1467
1886
1397
1466
1466
1467
1466
1396
1396
1397
1466
1886
1397
1956
1397
1397
1397
1396
1466
1467
1397
1956
1397
1397
1886
2375
1466
1466
1397
1466
1467
1397
2445
1467
1397
1397
1886
1397
1886
1397
1467
1467
1467
1466
1397
1886
978
1397
1467
978
1397
1397
1886
1397
1466
1467
1466
1816
1397
1397
2444
1396
1467
1397
1956
1466
1397
1886
1886
1955
1467
1466
1466
978
1886
1466
1466
1397
1397
1466
1956
1466
1397
1397
1396
1466
1466
1886
1466
1816
1816
1466
1816
1467
1816
2304
1886
908
1886
1886
1885
908
1467
978
1397
1397
1396
1467
1467
1467
1397
1816
1467
1466
1397
1467
1466
908
1886
1397
1886
1467
1467
978
1466
1397
1396
1397
2375
1467
1466
1955
1886
1397
1396
1397
1467
1396
978
1466
1466
1886
1396
978
1467
1397
1467
1467
978
1396
1955
1397
978
1467
1466
1467
1397
1397
1466
1466
1397
1467
1397
978
11873
1467
1397
1467
1397
1467
1467
1467
1467
1467
1885
908
1397
1466
1397
1467
1397
1467
1956
1886
978
1466
1467
1397
1467
1397
2374
1397
1397
1886
1397
1885
1396
1467
1466
1885
11454
1397
1466
1397
1397
1397
1397
1466
1956
1885
1396
1467
1466
978
1467
1397
908
978
1886
1397
1467
1397
1397
1885
1467
1397
1397
1467
1467
1467
1396
1397
1956
1397
1397
1956
1397
1467
1397
1467
1886
1397
1396
1955
1886
1886
1396
1397
1397
1467
1397
1397
1466
1886
1886
1956
1466
1397
1466
1397
1467
1397
1467
1397
1466
1467
1886
1467
1955
1397
1397
1397
1955
1467
1467
1467
1396
1467
2375
1467
1396
1466
1467
1397
1467
1396
1397
1397
1397
1467
1397
1885
1397
1397
1885
1396
1397
1397
1886
1397
1466
1397
1397
1397
1886
1396
1397
1466
1397
2863
2375
1397
1886
1466
1816
1886
1466
1467
1397
1886
2444
1467
1467
1396
2444
1956
1466
1467
1886
1397
1466
1886
1397
1467
1397
1466
1467
1467
1467
1956
1886
1886
1396
1397
1396
1467
1397
1397
1397
1467
1396
1397
1956
1467
1886
1955
1886
1397
1956
1397
1885
1397
1397
2374
1397
1955
1467
1397
1466
1467
1397
1466
1886
1397
11384
2374
1466
1886
1466
1397
1397
1466
1885
1467
1886
1466
1467
1397
1956
1886
1397
1886
1467
1397
1397
1397
1956
1467
1467
1397
977
1886
1955
1467
1956
1397
1397
1396
1956
1467
1885
908
1397
1397
1467
1466
1467
1397
1467
1467
1397
1396
1467
1397
1397
1397
1467
1467
1467
1467
1396
1397
1885
1886
1397
1885
1397
1885
1397
1885
1397
1397
1397
1467
1955
1467
1885
1466
1397
1397
2375
1397
1467
1886
1816
1467
