2375
1886
1397
1397
1886
1467
1467
5798
1397
1397
1467
1887
1956
1467
1817
1886
1397
1467
1956
1467
1397
1397
1397
1816
1397
1397
1467
1397
1886
1886
1886
1816
978
1397
1467
1397
1467
1467
1397
1886
1467
1886
1397
1816
1466
2376
1397
1467
1886
1397
1467
2305
1398
1467
1397
1398
1467
1397
1886
978
1466
1467
1886
1467
1886
1467
1467
1467
1397
1467
1397
1467
1397
1397
1467
1397
1397
1467
1886
1397
1397
1886
1467
1886
1397
1397
1397
1467
1467
1397
1466
1397
1397
1467
1397
1467
1886
1397
978
1467
1886
1467
1397
1397
1467
1467
1467
1397
7684
1886
1467
1467
1397
1887
1467
1397
1397
2375
1397
1397
1397
1467
1886
1397
1397
1397
1397
1467
1397
1467
1397
1887
1467
1467
1397
1467
1956
1397
1397
1467
1467
1397
1886
1467
1467
1397
1397
1397
1397
1886
1467
1397
908
1467
2305
1397
1886
1397
1397
1956
1467
1956
1397
1467
1467
977
1397
1397
1956
1467
1956
1467
1467
1467
1956
2444
1467
1467
1397
1467
1398
1467
1397
1397
1467
1397
1397
978
1397
1397
1397
1467
1397
1397
1397
1467
1467
1397
1886
1466
1397
1466
1397
1956
1467
1467
1397
12993
1467
1467
1397
1886
1816
1397
1467
2305
1467
1886
1398
1398
1397
1467
1397
1886
1397
1886
1397
2306
1467
1397
1467
1467
1467
1886
1397
1397
1397
1467
1467
1886
1817
1467
1397
1397
1467
1397
1397
1956
1397
1467
1467
1467
1956
1467
1886
1398
1956
1467
1397
1817
1887
1397
1887
1397
1886
1397
1467
1397
1467
1955
1397
1467
1886
1397
1887
1886
1886
1467
1955
1467
1467
1397
1398
1467
2445
1886
1886
1467
1397
1397
1467
1397
1816
1467
1398
1956
1886
1886
1816
1397
1397
1886
1886
1886
1397
1397
978
1886
1886
1398
1467
1467
1398
1886
1886
1397
1886
1886
1467
1467
1886
1397
2305
1397
1397
1467
1886
1467
1467
1397
1887
1956
1886
1816
1886
1467
1956
2376
1956
2305
1816
1397
1397
1397
839
1467
1467
1397
1397
1397
1397
1886
1886
1887
1956
1467
1397
1397
1467
1467
1886
1467
1397
1467
1397
1467
1886
1467
1887
1886
1956
1886
1467
1467
1467
1886
1467
1398
1467
1886
1467
1886
1397
1467
1887
1956
1467
1467
1397
1467
1467
1398
1397
1467
1886
1956
1956
1956
1886
1886
1398
1397
1397
1467
1956
1397
1397
1467
1397
1467
1467
1397
3353
1467
1398
1398
1467
1886
1816
1886
1467
1467
1467
1467
1467
1397
1886
1955
1886
1886
1467
1467
1397
1956
1886
1397
1956
2445
1397
1466
1887
1956
1886
1886
1886
1397
1467
1397
1466
1886
1956
1886
1956
1886
1886
1467
1467
909
1886
1397
2375
1397
1467
1887
1397
1956
1467
1467
2375
1397
1397
1956
1397
1397
1466
1397
1467
978
1467
1466
1397
1397
1397
1397
1466
2375
1467
1467
1467
1397
978
1886
1397
1886
1397
1816
1886
1467
1397
1956
1956
909
1886
1886
1886
1956
1467
1956
1397
1397
1397
1886
1397
1886
2375
977
978
1886
1397
1397
1467
1886
1397
1397
1467
1398
1397
1467
1397
1886
2375
1956
1397
1467
1467
2445
2375
1397
1397
1398
1467
978
1467
2375
1467
1886
1397
1397
1398
1397
1397
1398
1467
1467
1397
1466
1397
978
1467
1397
1397
1397
1467
1398
1467
1816
1397
1467
1886
1397
1467
1467
1886
1467
1467
1467
1397
1466
1467
1467
909
978
1467
1398
978
1397
1397
1397
978
1467
1397
1397
1397
1397
1397
1397
1467
1397
1397
1397
1397
1398
1397
1466
1397
1397
1467
2375
1886
1886
1467
1397
1398
1467
1397
1398
1956
1397
1467
1467
1886
1467
1397
1467
1467
1886
1467
1397
1397
1467
1466
1397
1467
978
1467
1956
1397
1398
1467
1467
1397
1397
1467
1467
1467
1956
1397
1397
1467
1467
1467
1397
1397
1467
1397
1467
1467
1886
1886
1467
1397
1397
1467
1886
1467
1886
1467
1886
2375
1397
1397
1467
1397
1886
1397
1397
1397
1397
1398
1467
1467
1467
1467
1467
1467
1467
1397
1886
2795
1467
1397
1397
1397
1397
1467
1467
1467
1467
1397
1397
1397
1886
1467
1467
1467
1397
1467
1397
1397
1467
1466
2375
1397
1467
1467
1397
1397
1397
1397
1467
1397
978
1816
1397
1886
1467
1467
1467
1397
1397
1956
1886
1467
1467
1397
1397
1955
1467
1467
1886
1467
1467
1397
1398
1397
1886
1397
1887
1397
1397
1886
1397
1956
1467
1466
1397
1467
1467
1397
1467
978
1887
1816
1886
978
1397
978
1887
1886
1398
1467
1397
1467
1886
1398
1467
1397
1956
1886
1467
1467
1886
1397
1397
1397
978
1467
1467
1886
1397
1956
1397
1956
1956
1397
2305
1886
1467
1397
1467
2375
1467
1467
1467
1467
1467
1397
1886
1886
1886
1887
1816
1467
1886
1467
1886
1886
1397
1397
1467
1397
1397
1397
1887
1886
1956
1467
1467
1397
1397
978
1398
1467
1886
1397
1467
1467
1956
1956
1397
1886
2375
1886
1397
1886
1956
1467
10968
1398
1397
1467
1397
1886
1886
1467
978
1467
1467
1467
1467
1467
1397
1956
1467
908
2795
1467
1467
978
2306
1397
1397
1956
1397
978
1467
1467
1467
1956
1467
1467
1397
1397
978
1467
1397
1397
1467
1467
1467
1467
2375
978
1397
1467
1398
1467
1467
1886
1956
1397
1397
1817
1467
1467
1397
1956
1467
1467
1467
1397
2375
1467
1467
1467
1467
1397
1956
1397
1886
1467
1467
1956
1397
1467
1466
1886
1886
1467
1397
2375
1886
1887
1467
1467
1467
1467
1397
1467
1397
1466
1886
1955
1467
1397
1467
1467
2375
1467
1467
1397
1397
1467
1886
1956
1397
1397
1397
1956
978
1956
1397
978
1467
1397
1397
978
1467
1467
1398
1397
1397
1467
978
1467
1467
1397
1397
2375
1467
1398
1397
1956
1467
1397
1397
1397
1467
1467
1397
1956
1397
1397
1397
1886
1956
1397
1397
1397
978
