1397
1956
1397
1466
1467
1886
1466
1467
1955
1397
1956
1397
1956
1467
1956
1467
1466
2375
1397
1956
1467
1467
1467
978
1467
1397
1467
1397
1467
1467
1466
1467
1397
1467
1886
1397
1396
978
1397
1886
1467
1467
978
1397
1397
1397
1397
1397
1397
1397
1397
1397
1467
1467
1397
1397
1466
1467
1397
1397
1397
1466
1397
1467
1397
1397
1467
1397
1467
1467
1397
1886
1397
1397
1816
1397
978
1467
1397
1467
1467
1467
1466
1397
1467
1396
908
1397
978
1467
1467
1467
1397
1467
1467
2375
1467
1467
1397
1467
1467
1467
978
1467
1886
1467
1397
1467
1467
1467
1467
1886
1466
1467
1467
1397
1466
1467
1397
1397
1466
1886
1886
1397
1467
1397
1886
1886
1886
978
1886
1467
1467
1397
1466
1467
1397
1467
978
1397
1397
1397
1467
1467
1467
1397
1467
1886
1397
908
1397
1467
1397
1466
1467
1397
1466
1397
1467
1397
1956
2305
1956
1466
1397
1467
1467
1467
1397
1397
1397
977
1467
1397
1466
1467
1467
1397
1466
1397
1397
1397
1467
2375
1397
2305
1466
1467
1397
1467
1397
1467
1467
1397
1397
1886
978
1467
1467
1467
1396
978
2375
1467
1397
1956
1467
1397
1956
1467
1396
1467
1397
1467
1886
1467
1467
1467
1466
1886
1397
1397
978
1467
1397
1397
1397
1886
1467
1397
1397
1467
1467
1397
1397
1397
1467
1397
1397
1397
978
1467
1397
1467
10058
1467
1467
1467
1466
1886
1467
1397
1397
1396
1886
1467
1397
1467
1397
1467
977
1397
1816
977
1886
1397
1467
2305
1467
1467
1397
908
1397
1467
1397
1956
1397
1886
978
978
1467
1397
1397
1397
1397
1467
1397
1467
1397
1397
1397
1397
1397
1397
1397
1397
1886
1467
1397
1467
978
1467
1397
1467
2794
1467
978
1886
1956
1397
1397
1397
1886
1397
1467
1466
2375
1397
978
1467
1397
1397
1467
1467
1397
1467
1467
1397
1467
1886
1397
1956
1397
1397
1956
1467
1467
1467
1886
1886
1397
1886
1397
1397
1885
1886
1467
1466
1466
1886
1955
2444
1397
1467
1816
1467
1397
1467
1397
2374
1397
1397
1467
1397
1397
1467
978
2374
1397
1467
1467
1956
978
1467
1397
1397
1466
1397
908
1467
1397
1397
1886
1467
1466
1816
1397
1467
978
1397
1466
1885
1467
1397
1397
1467
1397
1467
1467
978
1397
1397
1467
1397
1886
1467
1886
1467
1886
1467
1467
1467
1467
1886
1467
1397
978
1467
978
1397
1466
978
1467
1467
1886
1467
1466
1886
1467
1397
1467
1467
1956
1956
1466
1397
1466
1467
1466
1397
1397
1467
1397
2375
1397
1397
1397
1397
1397
1397
1467
1467
1467
1467
1467
1467
1397
1467
1467
1397
1466
1397
1886
1955
1397
1886
2375
1397
1397
1886
1467
2305
1397
1467
1467
1816
1397
1466
1397
1397
2375
1397
1397
1956
1467
1397
1467
1956
1886
1397
1467
1467
1397
1467
1397
1467
1397
1397
1886
1467
1397
1397
1467
1467
1397
1466
1467
1467
1467
1467
1397
1397
1397
978
1397
1397
1956
1955
1397
1397
1397
1397
1467
1397
2374
1397
1397
1397
1467
1467
1397
908
1397
1397
1467
1467
1397
1397
1466
1466
1397
1467
908
1886
1886
1956
1886
1397
1466
1466
1816
1467
1956
1397
1467
1466
1467
1816
1397
1956
1466
1467
1886
978
1397
1397
1397
1397
1956
1467
1397
1467
1397
1467
1816
1397
1397
978
1397
978
1886
1467
1886
1467
1397
1467
1467
1955
1466
978
1397
1397
1397
1397
1467
1467
1467
1397
978
1397
1956
1467
1467
1466
1397
1816
2375
1466
1397
1397
1397
1397
1466
1467
1956
1467
1886
1466
1397
1467
1397
1816
1397
1397
977
1467
1466
1467
1956
2374
1397
1397
978
1397
1467
1886
1397
1886
1397
1397
1467
1467
1467
1397
1397
1397
1467
1885
977
1466
1886
1397
1397
1886
1885
1956
1397
1397
1467
1467
1397
1467
1467
1397
1886
1397
1956
1467
1467
1886
1467
1397
1466
1885
1397
1886
1886
1397
1397
1467
1467
1397
1397
2375
1886
1886
1886
2305
1397
1397
1467
1886
1467
1397
1397
1886
1467
1328
1397
1886
1886
1816
1467
1886
1397
1397
1467
1467
1397
1956
1397
1397
1397
1397
1397
1467
1956
1886
1885
1886
1467
978
1956
1467
1397
1816
1466
1397
1397
1467
1397
1467
1886
1886
1467
1466
1397
978
1397
1886
1467
1397
1886
1956
1467
1955
1885
1397
1397
1466
1397
1467
1397
1397
1886
1467
1816
1397
1397
1467
1956
1956
1467
1885
1397
1816
1467
1397
1467
1467
978
1467
1467
1397
1397
1397
1397
1886
1466
1467
1467
1397
1467
1397
1397
1397
1467
1397
1886
1467
1467
1467
1467
1886
1397
1397
1397
1467
1467
1467
2934
978
1886
1886
1397
1467
1886
1397
1956
1467
1467
1885
1397
1397
1397
1467
1886
1467
1397
978
1956
978
978
1467
1466
1886
1466
1397
908
1397
1397
1886
1467
1467
1397
1397
1467
1397
1397
1397
1886
1886
1467
1467
1467
1397
1467
1467
1467
1956
1397
1397
1466
1466
1466
1397
1397
1397
1397
1397
1816
1886
1397
1466
1397
1886
1467
1397
1397
1466
1467
1467
1467
1467
1397
1467
1467
1467
1397
1396
1466
1397
1466
1886
1397
1397
1816
1467
1467
908
1397
1467
1397
1397
1397
908
1467
1467
1467
2305
1886
2375
1467
1397
1467
1397
1886
1467
1886
1467
1397
978
1466
1397
1467
1886
1397
1466
1886
1467
1466
1886
1397
1467
1466
1467
1397
1467
1466
1956
1466
1397
1467
1467
978
1327
1397
1467
1956
1467
1467
1397
2305
2445
1397
1956
1467
1397
978
1956
1467
1466
1467
2375
1397
1467
1467
1467
1467
1467
1467
1886
1816
1397
1886
1467
1886
1397
1467
1467
1886
1955
1467
1466
2375
1466
1466
1467
1397
1397
1467
1467
1397
1397
1886
1397
1467
1467
1466
1467
978
1467
1466
1886
1886
1956
1886
1886
4750
1397
