1886
1956
1467
1467
1886
1956
1467
1956
1467
1467
1886
1397
1397
1467
1397
978
1817
1467
1397
1467
1397
1397
1397
1467
1397
1886
1467
2375
1467
1467
1886
1956
1956
1886
1397
1467
1397
1397
1956
1467
1816
1397
1467
978
1397
1397
1397
1397
1467
1397
1956
1467
1887
2305
1467
1397
1886
1956
1467
1886
1467
1886
1467
1467
1956
1467
1816
1886
1886
1886
1467
1886
1397
1956
1397
1886
1886
1467
1887
2305
1397
1397
1886
1467
1886
2794
1397
1397
1467
2795
1956
1886
1397
1467
1467
1956
1817
1467
2375
1887
1467
1397
1397
1467
1397
1817
3353
1467
1397
1956
1397
1956
1397
1467
1397
1467
1956
1398
1397
1397
1886
1956
1397
1397
1397
1467
1397
1397
1397
1397
1467
1397
1467
1886
1467
1887
1956
1886
1397
1397
1886
1956
1886
1467
1398
1397
1397
1886
1886
1886
1956
1886
978
1397
1467
978
1886
1886
1886
1886
1467
1886
1467
1886
1887
1467
1397
1886
1886
1886
1467
1397
1467
1956
1956
1886
1886
1397
1467
1397
1467
1397
1886
1397
1467
1397
1397
1467
1397
1886
1397
1397
1467
1397
1397
1398
1467
1467
1467
1327
1397
1887
1397
1956
1956
1397
1467
1467
1886
1398
1886
1817
1397
1887
1397
1886
1397
1397
1467
1397
1397
1467
1397
1467
1397
978
1467
1397
1467
1397
1467
1467
2375
1887
1467
1467
1887
1467
978
1398
1467
1956
1397
1397
1886
1467
1886
1467
1398
1397
1397
1467
1467
1886
1397
1817
1397
1956
1467
1467
1398
1397
978
1886
1467
1467
1887
1467
1886
1397
1398
1397
978
1886
1467
1956
1467
1397
1397
1397
1467
1397
1397
1467
1397
1467
1956
1956
1397
1956
1467
1467
1467
1467
1397
1886
1397
1886
1397
1398
1887
1816
1397
1956
1467
1397
1956
1886
1886
17743
1397
1886
1397
1886
1956
1467
1397
1397
1467
1467
1397
1467
1467
1886
1397
1886
1467
1467
1397
1467
1886
13482
1886
1887
1886
1467
978
1398
1467
1397
1467
1886
1887
1886
1397
1886
2445
1956
1886
1467
1956
1467
1467
1467
1886
1816
1398
1886
1467
1886
1467
1397
1397
1956
1398
1467
1817
1397
1956
1467
1467
1886
1886
2375
1467
1886
1956
1956
1956
1467
1397
1397
1467
1397
1886
1467
1467
1397
1397
1398
1467
1467
1467
1397
1397
1467
1886
1467
1397
1397
1467
1886
1467
1397
1886
1886
978
1886
1956
1467
1467
1887
1816
1886
1467
1397
1886
908
1397
1467
1397
1886
1397
1886
1887
1956
1467
1397
1397
1887
1397
1886
908
1397
1397
1397
1397
1397
1467
1397
1956
2375
1397
1886
1397
1397
1397
1397
1397
1467
1956
1467
1467
1817
978
1467
1397
1397
1397
1397
1467
1397
1397
1397
1816
1467
1956
2445
1467
1397
1467
1956
1397
1467
1397
1467
1397
1397
1467
978
1467
1467
1397
1467
1467
908
1467
1397
1397
1397
1397
1397
1467
978
978
978
1467
1467
1467
1956
1467
1956
1397
1956
1886
2375
1467
1398
1467
1397
1467
1398
1397
1467
1397
1397
1467
1397
1467
1467
1467
978
1467
1886
1467
1886
1397
1467
1467
1886
1397
1397
1467
1397
1956
1467
1467
1397
1467
1397
1467
1467
1956
1886
978
1886
978
1397
1467
1397
1467
1397
1397
1467
1398
1397
1397
2376
1397
1886
1467
1397
1398
1467
1397
1467
1956
1887
1886
1397
1886
1886
1467
1467
1397
1886
978
1397
1467
1397
1467
1397
1397
1467
2376
1467
1956
1467
1956
1397
1887
1467
1956
1887
1956
1397
1886
1398
1886
1397
1956
1397
1397
908
1397
978
1397
1397
1397
1956
1397
909
1467
1467
1397
1467
1956
1887
1886
1397
1886
1886
1397
1886
1467
1397
1467
1467
1886
1398
1397
1886
1398
1467
1886
1467
1467
1397
1886
1467
978
1886
1467
1467
978
1397
1467
1397
1467
1467
1467
1397
1467
978
1467
1467
1467
1398
1886
978
1397
1397
1467
1397
1397
1467
1397
1467
1467
1397
1886
1397
1886
1886
1467
1467
1956
1886
1397
1886
1467
1397
1397
908
1956
1956
2445
1887
1467
1397
1467
1886
1467
1887
1397
2375
1956
1467
1886
1397
1397
1397
1397
1886
978
1816
1467
1398
1886
1397
1467
1397
1886
1467
1886
1467
1467
1467
1886
1886
1886
1397
1467
1397
1397
978
1467
1397
1886
1886
978
1397
1886
1397
1467
1886
1956
1886
1467
1816
1956
1397
1956
1886
1887
1956
1467
1467
1887
1398
1956
1467
1397
1397
1467
1886
1886
1886
1886
1956
1467
908
1467
1397
1467
1887
1886
1886
1467
1397
1467
1886
1397
1467
1886
1397
3842
1467
1467
1956
1886
1956
978
1467
1467
1397
1398
1956
2376
1467
1398
1397
1467
1886
1886
1397
1886
1956
1886
1467
978
1397
1467
1956
1467
1467
1467
1397
1886
1397
1397
1397
1956
1886
2376
1467
1886
1397
1467
1886
2375
1467
1467
1467
1886
1467
2375
1886
978
1397
1397
1817
1397
978
1887
1886
978
1956
1467
1467
2375
1886
1467
1397
978
1397
1467
1397
1397
1467
1956
1397
1956
1398
1467
1467
1397
978
1467
1397
1397
1398
1956
1397
1467
1397
1397
1397
1467
1467
1956
1397
1956
2375
1467
1886
1397
1397
1397
1397
1467
1467
1467
1886
1397
1397
1397
1398
978
1956
978
1467
1956
1397
1886
1397
1397
909
1956
1398
2305
1397
1397
1397
1467
1467
978
1467
1956
1467
1886
1887
1886
1956
1467
1886
1467
1397
978
1397
1397
1887
1397
1467
1886
1886
1886
1956
1397
1467
1886
1398
1467
1397
1467
1467
1886
1397
1956
1467
1886
1397
1886
1467
1886
1467
1467
1467
1397
1817
1886
1397
1956
1467
1397
1467
1397
1397
1886
1397
978
1398
1467
1467
1467
1467
978
1467
1467
1467
1467
1397
1886
1397
1397
1397
1397
1467
978
1886
1398
1886
1467
1467
1886
1397
1398
978
1397
1397
1397
908
1467
1467
1467
1397
978
1397
1956
1886
