2306
1956
1467
1397
978
1397
1466
1955
1467
1397
1397
1397
1397
1956
1397
1397
1397
1467
1467
1397
1397
1397
1467
1397
1467
1397
1886
1466
1467
1397
1467
1397
1467
1397
1397
1467
1886
1467
978
1397
1467
1397
1397
1886
978
1467
1467
1467
1467
1467
1397
1397
1466
1397
1397
1397
1397
1816
1397
1467
908
1886
1886
1397
1397
1467
1886
1467
978
1467
978
1397
1397
1397
1397
1397
1397
1467
908
1886
1467
1467
1397
1467
1956
2864
1466
1397
1467
1467
1397
1886
1467
1467
1886
1467
1397
1467
1467
2375
1467
1397
1467
1397
1397
1397
1886
1397
1397
27591
1466
1467
2375
1467
2375
2375
1467
1397
1467
1956
1397
1397
1466
1397
1397
1886
1466
2305
1956
1397
1397
1955
2375
1397
2375
1886
1466
1886
1956
1955
1397
2375
1886
1956
1397
1466
1467
1956
1955
1956
1466
978
1886
1886
1955
1886
1467
1397
1467
1467
1397
1397
1467
1397
1466
1467
1467
1397
1466
1397
1956
1397
1397
978
1397
1467
1956
1467
1397
1467
978
1397
1467
1467
1397
1955
1397
1397
1886
1886
1467
1398
1886
1886
1467
1467
1467
1886
1397
1467
1397
1397
1397
1467
1397
1397
1397
1397
1397
1397
1397
1956
1467
1397
1467
1397
1467
1397
1397
1397
1467
1397
1397
1397
1397
1397
1467
1397
1886
1467
1397
1467
1397
1397
2375
1467
1467
1397
1397
1397
1397
1397
1397
1466
1397
1397
1397
1467
1467
1397
1886
1467
1467
1467
978
1467
1467
1397
1467
1467
1397
1467
1467
1397
1467
1397
2375
1467
1467
1397
1467
1467
1467
1886
1467
1397
1397
1397
1467
1397
1466
1397
1397
1397
1397
1397
1397
1467
1467
1466
1397
1955
1397
1327
1467
1467
1397
1397
1466
1467
1886
1467
1467
1467
1886
1467
2375
1397
1397
1397
1397
1467
1467
1397
1397
1398
2933
1397
1956
1467
1467
1397
1466
1466
1397
1397
1467
1397
1397
978
1886
1467
1467
1397
1397
1466
1397
1467
1397
1397
1397
978
1397
1886
1467
1467
1467
1397
1397
978
1956
1956
1467
1397
1397
1397
1886
1467
1467
1467
1886
1467
1467
1816
1397
1397
1397
1467
1397
1397
1397
1886
1397
1397
1466
1397
1467
1397
1886
1467
1886
1467
1397
1397
1467
1397
2375
1397
1467
1886
978
1467
1397
1886
1397
1397
2375
2374
1467
1467
1466
1397
1467
1467
1397
1467
1397
2863
978
1467
1397
1466
1467
1397
1467
1467
1397
1397
2375
1397
1467
1397
1817
1467
1397
2863
1397
1467
1467
1397
1886
1397
1397
2305
1886
1956
1467
1467
978
1956
1886
1886
1886
1886
2444
1397
1466
1886
1467
1886
1467
1397
1467
1466
1886
1397
15227
1886
2305
1397
1467
1817
1467
1467
1397
1816
1886
1397
1397
1886
1886
1467
1816
1466
1467
2374
1397
1467
1398
1467
1956
1397
1467
1466
1397
1466
1467
1467
1886
1467
1467
1397
1397
1467
1467
1397
1397
1467
1397
1397
1397
1467
978
1886
1398
1397
1956
1397
1467
1397
1467
1467
1397
1467
1467
1886
1397
1397
1467
1397
1397
1397
1467
1397
1467
1467
1397
1397
1467
1467
1467
1467
1467
1397
1467
1467
1466
978
1467
1397
1467
1467
2445
1467
1397
1397
2444
1467
1955
1397
1886
1467
1397
1467
1956
1467
1397
1886
1886
1397
1467
1397
1886
1397
1397
1816
1467
1467
1397
1467
1397
1397
1397
1466
1467
1397
1886
1397
2375
1886
1467
1397
1397
1397
1467
1397
1397
1397
1467
1466
1397
1467
1886
1397
1397
1816
1467
1397
1397
1467
1397
1956
1397
1397
1466
1467
1397
1467
1466
1397
1467
1467
2375
1956
1397
1467
1397
1397
1467
1397
1397
1397
1397
1397
1886
1467
1397
1467
1397
1467
1397
2375
1467
1397
1466
1397
1397
1467
1467
1397
1955
1467
1397
1397
1397
1467
1467
1397
1467
1467
1467
1467
1886
1467
1816
1467
1466
1467
1467
1466
1467
1886
1467
1467
1467
1397
1467
1397
1397
1466
1467
1328
1397
1467
2305
1397
1466
1467
1467
1397
1397
1886
1467
1397
1466
1467
1397
1467
1397
1397
1467
1397
1397
1467
1397
1397
1886
1397
1886
1397
1467
1397
1956
1956
1397
1467
1467
1467
1467
1467
1467
1397
1467
1886
1397
1397
1397
1886
1397
1956
1397
1397
1467
1467
1397
2794
1397
1467
1397
1397
1397
1397
1397
1467
1467
1397
1467
2864
1886
1397
1397
1397
1467
1886
1467
1467
1397
1397
1467
1956
1467
1397
1467
1397
1886
1467
1466
1467
2374
1467
1956
1397
1886
1397
1467
1467
1397
1397
1397
1467
1397
1397
1467
1886
1466
1467
1956
1398
1886
1397
1886
1397
2445
1397
1886
1397
1397
1467
2445
1397
1397
1467
1956
1886
1398
978
1397
1467
1467
1397
1397
1956
1397
1397
1397
1397
1886
1467
1397
1886
1886
1886
1467
1397
1397
1397
1467
1886
1397
1466
1397
1467
1397
1466
1886
1397
1816
1955
1327
1397
1467
1467
1467
1467
1956
1467
1397
1397
1397
2375
1886
1886
1397
1397
1467
1886
11875
1397
1467
2445
1956
2444
1467
1956
1467
1397
1397
1397
1397
1397
1397
1467
1397
1467
1397
1467
1397
2445
1397
1467
1886
1397
1467
1466
1467
1467
1397
1956
1467
1397
1467
1397
1467
1397
1397
1397
1466
908
1397
1467
1886
1467
1467
1397
1466
1397
1467
1466
1397
1397
1397
1467
1467
1397
1467
1467
1397
1467
1397
1397
1397
1467
1467
1956
1886
1467
1397
1467
2445
1397
1397
1467
1956
1467
1956
1397
1467
1397
1467
2445
1886
1466
1397
1397
1886
1467
1397
1886
1467
2375
1467
1467
1397
1467
1467
1397
1886
1467
1467
1467
1816
1886
1886
1886
1886
1397
978
1397
1397
1397
1886
1467
1467
1467
1816
1467
1397
1397
1467
1467
1397
1397
1467
1886
1466
1397
1467
1886
1397
1397
1955
1467
2375
1956
1467
1886
1397
1466
1467
1886
1886
1467
1397
1397
1467
1467
1397
1397
1466
1467
