1956
1886
1397
908
1397
1398
1467
1397
1397
1956
1397
1467
1397
1467
1467
1886
1467
1466
1955
1397
1467
1397
1467
1397
1816
1467
1467
1397
1466
1467
1397
1956
1886
1397
1467
1397
1397
1397
1397
1397
1886
1467
1467
1397
1397
1467
1467
1886
1397
1397
1397
978
1467
1816
1467
1886
1397
1467
1467
1816
1467
1398
1467
1956
1397
1956
1467
1467
1886
1397
1397
1886
1886
1397
1397
1956
1397
1397
1467
1467
1397
1397
1397
1886
1397
1467
1397
1467
1398
1467
1397
1397
1467
1397
1397
1397
1467
1466
1397
1467
1467
1398
1467
1467
1397
1467
1467
1467
1328
1467
1467
2794
1397
1397
978
1397
2794
1397
978
1397
1397
1397
1397
1467
1397
1467
1467
2375
1467
1397
1397
1466
1397
1397
1397
1397
1467
1397
1467
1956
1466
1467
1466
1397
1397
1467
1467
1886
977
1397
1467
1397
1397
1467
1466
1397
978
1467
1886
1955
1467
1397
1467
1467
1886
1397
1397
1397
1886
1467
1397
1886
1886
1397
1466
1467
1467
1397
1397
1886
1397
1397
1467
1467
1397
1467
1397
1467
1397
1397
1886
1397
2375
1467
1467
1397
1397
1397
1397
1398
1397
2445
1467
1955
1397
1467
1397
1886
978
1956
1886
1397
1467
978
1397
1397
977
978
1397
1397
1397
1467
1467
1397
1886
1397
1397
1397
1397
1467
1467
1467
1886
1467
1467
1467
1397
1467
1397
1467
1467
978
1956
1467
977
1397
1886
1397
1467
1467
1397
1397
1467
2375
1466
1397
1467
1397
1397
1397
1397
1397
1397
1397
1397
1467
1397
1467
1816
1467
1467
1886
1886
1397
1397
1397
1956
1397
1467
978
1886
1397
1397
1467
1466
1886
1397
908
1467
1467
1397
1397
1397
1397
1397
1467
1467
1467
1397
1397
1467
1397
1467
1397
1467
1886
978
1467
1467
1397
1397
1397
1467
1397
1467
1397
1397
1886
1327
1397
1467
1467
1467
1467
1466
1467
1467
1886
1397
1397
1467
1466
908
1397
1467
1466
1397
1467
1397
1397
1467
1397
1886
1467
1397
1467
1397
1467
1467
1397
978
1467
1397
1467
1397
1467
1886
1886
1397
1467
1467
1886
978
1397
1956
1467
1467
1397
978
978
1467
1466
1467
1467
1467
1397
1467
1397
1397
1397
1886
1397
1467
1467
1397
1467
1467
1397
1398
1397
1956
1397
1397
1397
978
978
1397
1397
1467
1886
908
1467
1397
1467
1397
978
1397
1467
978
1397
1467
1467
1886
2445
1397
1467
1397
1886
1886
1886
1816
1397
1397
1467
1467
1886
1886
1886
1956
2375
1467
1886
2375
1467
1886
1467
1886
1467
1467
1886
1886
1886
1397
2864
1886
1886
1467
1397
1397
1467
1467
1886
1886
1467
1886
1886
1956
1467
1467
1397
1886
1956
1885
1467
1467
1886
1467
1467
1397
2375
1886
1956
1886
1886
1886
1467
1397
1886
1886
1467
1397
1397
1467
1886
1467
1397
1397
1467
1886
1886
1398
1397
1466
1467
1467
1397
1956
1467
1886
1397
1397
1956
1397
1956
1886
1467
1956
1397
1885
2375
1886
1467
1467
1886
1886
1886
1886
1467
2444
1397
1886
1466
1467
1886
1397
908
1467
1397
1397
1467
1397
1397
1886
1886
1467
1886
1467
1466
1886
1886
1397
1467
2375
1467
1397
1886
1397
1467
1397
1467
1467
1397
1397
1467
2375
1886
1397
1886
1398
1467
1886
1397
1467
1885
1886
1467
1467
978
1397
1467
1397
1397
1397
1467
2375
1397
1467
1886
1467
978
1466
1397
1886
1956
1467
1397
1467
1467
1467
978
11944
1467
1467
978
1467
1467
1956
1397
1397
1886
1397
1886
1397
1467
2375
1397
1397
1397
1467
1467
1886
1886
978
1397
1397
1816
1467
1397
1467
1467
1397
1397
1467
1467
1467
1467
908
1397
1467
1467
1956
1397
1886
1467
1886
1397
1467
1397
1467
1397
1397
1397
1467
1886
1956
1467
1467
978
1397
1397
1467
1467
1467
1397
1467
1397
1397
1956
1397
1467
1397
1397
1397
1467
1397
1886
1397
1467
1467
1467
1467
1397
1466
1886
1467
978
1397
1467
1467
1397
1397
1397
1397
1397
1466
1397
1467
1397
1397
1886
1397
1397
1467
1886
1397
1397
1467
1397
1397
1955
1467
1886
1397
978
1467
1397
1397
1397
1397
1467
1467
1397
1467
1397
1397
1397
1397
1397
1397
978
1398
1397
1397
1467
1397
1956
1467
1467
1467
1397
908
1955
1397
1397
1467
1467
1886
1467
1397
1397
1956
1397
1467
1467
1467
1397
1397
1467
1397
978
1466
1397
1397
1397
977
1397
1397
1467
1397
13970
1467
1956
1467
1467
1397
1467
1397
1397
1467
1467
1466
1467
1397
1467
1466
1397
1467
1397
1397
1397
1467
1397
1885
1397
1397
1467
1466
1886
1467
1886
1467
1397
1397
1397
1466
1397
1397
1886
1397
1397
978
1397
1467
1397
1397
1397
1397
1886
1397
1466
1886
1956
1467
1956
1467
1467
1467
1467
978
1467
1397
1886
1467
1397
1397
1397
1397
1467
1467
1467
1467
1397
1466
1817
1467
1397
1397
1397
1467
1397
1397
1886
1886
1397
1956
1397
1886
1397
1467
1467
1466
1467
1467
1397
1397
1886
1397
1467
1466
1397
1467
1467
1467
1886
1397
1886
2375
1397
1467
1397
1886
1467
1467
1397
1886
1397
1397
1397
1397
1467
1886
1467
2305
1397
1466
1467
1397
1956
1397
1397
1397
1397
1397
1467
1467
1397
1467
1397
1397
1467
1886
1956
1467
1886
1397
2374
1397
1397
1397
1467
1397
1397
1397
1397
1397
1397
1886
1467
1397
1886
1955
1397
1397
1397
1397
1397
1466
1956
1467
1397
1397
1886
1467
1467
1397
1397
1467
1886
1466
1466
1467
7753
1467
2375
1466
1467
1467
1397
1467
1397
1467
1467
1886
1467
1397
1886
2934
1467
1467
1467
1397
1467
2375
1886
1467
1467
1886
1397
1397
1397
1397
1467
1886
1466
1956
1955
1886
1467
1397
1397
1467
11875
1886
1397
1397
978
1886
1467
1467
1956
2375
1956
1467
1397
1956
1397
1467
977
1397
1397
