1397
1467
1467
1467
1397
1397
1466
1467
1886
1467
1467
2374
1397
1817
1466
1397
1467
1886
1397
1397
1467
1467
1467
1467
1467
1397
1467
1817
1886
1467
1886
1467
1397
1397
1397
1886
1467
1397
1466
1467
1467
1466
978
1467
1467
1467
1467
1467
978
1397
1467
1397
1397
14669
1397
1467
1886
1397
1886
1467
1397
1886
1397
1886
1467
1397
1886
1886
1467
1397
1397
1397
1397
1956
1397
1886
1397
1816
1466
1467
1467
1397
1886
1886
1467
1397
1467
1397
1328
1886
1467
1397
1886
1467
977
1397
1886
1886
1886
1467
1817
1467
1886
1397
1397
1397
1886
1467
1956
1467
1467
1467
1467
1397
1886
1886
1886
1397
2445
1467
1467
1397
1397
1467
1467
1886
1397
1467
1886
1467
1397
1397
1397
1397
1467
1397
1467
1467
908
1467
1397
1467
1397
1886
1397
1467
1467
1397
1467
1397
1467
1816
1397
1467
1397
1467
1467
1467
1397
1467
1397
1956
1886
1467
1397
11525
1397
1397
1886
1467
1956
1397
1397
1397
2375
1466
1397
1886
1397
1466
1467
1467
1397
1466
1397
1397
1397
1956
1467
1397
1467
1397
978
1467
1467
1397
1397
1886
1467
1397
1397
1397
1886
1467
1467
1955
1886
2305
1397
1397
1467
1467
1397
1467
2445
1466
1467
1397
1467
1886
1467
1397
1466
1397
1466
1397
1467
1397
1397
1956
1397
1886
1467
1956
1467
1886
1467
1397
1816
1467
1397
1397
1467
978
1398
1467
1816
1466
1467
1397
2445
1467
1397
11595
1467
1397
1816
1397
2375
1467
1397
1467
1397
1397
1467
1467
1397
1886
1886
1397
1397
1467
1397
1886
2375
908
1886
1886
1466
1467
1397
2375
1467
1397
978
1467
1886
1466
1467
1956
1467
1397
1397
1467
1467
1397
1466
1886
977
1886
1467
1397
1886
1397
1467
1467
1467
1467
1397
1397
1397
1397
2375
1397
1397
1956
1467
1397
1466
2375
1397
1467
1886
1397
1467
1397
1467
1466
2375
1397
1467
1467
1397
1397
1397
1886
1397
2375
1397
1397
1467
1397
1467
1886
1397
1467
1466
1956
1397
1467
1397
1466
1467
1397
1397
1467
1467
1467
1466
1466
1397
1397
1467
1397
978
1397
1467
1467
1397
1397
1397
1397
1397
1397
1397
1467
1886
1397
1466
1467
978
978
1956
1397
1467
1397
1397
1466
1467
1467
1466
1467
1397
1397
1956
978
1466
1886
1467
1956
1397
1466
1327
1886
1397
1397
1397
1397
1886
1397
978
1886
1956
1397
2374
1397
1886
1886
1886
1886
1886
1956
1467
1886
1397
1886
1467
978
1467
1397
1397
1956
978
1467
1466
1397
1467
1397
2375
2375
1816
1955
1886
1886
1467
1397
1955
1397
1467
1467
1886
1467
1956
1467
1467
1956
1397
1886
1467
1886
1397
1886
1886
1397
2445
1397
1467
1467
1886
1955
1467
1397
2375
2305
1956
978
1467
1467
1467
978
2375
1886
1467
1397
1397
1398
1397
1467
1397
1466
1956
1467
2374
1397
1397
1816
1397
1886
1886
1886
1397
1467
2375
1397
1397
978
1467
1467
1467
1467
1467
1467
1397
1467
1397
1886
1397
1466
1397
1397
1397
1467
1397
1467
1467
1397
1816
1397
1397
1886
1467
1466
1397
1466
1467
1467
1397
1397
1886
1955
1397
1466
1397
2375
2375
1397
1467
1886
1397
1467
1467
1397
1467
1467
2444
1816
1397
1956
1467
1397
1467
2444
1886
1886
1467
1397
1467
1397
1467
1467
1397
1397
1467
1397
1467
1956
1467
1467
1397
1397
1467
1467
1397
1397
1467
1467
1886
1886
1886
1397
1467
1467
978
1397
1467
1467
1467
1397
1397
1467
1467
1466
1886
1467
978
1397
1397
1397
1397
1397
1466
1467
1397
1467
1397
1397
1467
1816
1397
1397
1886
1397
1886
1467
2375
1467
1467
1397
1397
978
1397
1467
1397
1397
1886
1397
1467
978
1886
1467
1886
1467
2375
1956
1467
1956
1955
1397
1397
1397
1397
1397
1467
1397
1466
1467
1886
1467
1397
1467
1467
1467
1397
1397
1467
1397
1397
1397
1466
1886
1467
1466
1467
1397
1466
1956
1466
2305
1467
2375
1397
1397
1886
1886
1397
2375
1397
1397
1397
9639
1467
1886
1885
978
1467
1397
1467
1467
1397
1467
1397
1397
908
1397
1467
978
1397
1397
1397
1466
1397
1397
1816
1467
1397
1397
1467
1467
1885
1397
1467
1466
1397
1397
1397
1397
1467
1466
1397
1467
1467
2375
1398
1397
1956
1467
1955
1956
1467
1397
1397
1397
1886
1397
1886
1886
2375
1397
1397
1397
1467
1886
1467
1397
1467
1397
1467
1467
1397
1467
1467
1397
1397
1467
1397
1397
1467
1467
1467
1397
1466
1397
1397
908
2375
1398
1467
1467
1886
1397
1397
1397
1397
1397
1397
1467
1397
1397
1397
1467
1886
1397
1397
1466
1397
1397
1397
1467
2375
1397
1397
977
1467
1397
1397
1397
1467
2375
1397
1816
1397
1467
1467
1886
1467
1397
1397
1397
1397
1467
1466
1397
1467
1466
1886
1956
1397
1817
1467
1397
1816
1397
1397
1956
1466
1886
1397
1956
1467
1467
1467
1397
1397
1397
1467
1397
1397
1467
1466
1467
1467
1467
1467
1397
1397
1467
1467
1956
1467
1397
1467
1466
1467
1467
1397
1397
1397
1467
1886
1397
1397
1397
81725
1397
1467
1886
1397
1467
1397
1886
1466
978
1466
1467
1956
2445
2375
1467
1467
978
1397
1397
1467
1467
1956
1397
1886
1886
1397
1467
1397
1397
1467
1466
1397
1397
1885
977
1397
1397
2375
2445
1467
1956
1397
1397
1467
1397
1467
1467
1397
1467
1397
2375
1467
1467
1397
1467
978
1886
1886
1886
978
1397
1466
1467
1467
1397
1467
1467
1397
2375
1467
1397
1397
1886
1956
1466
1467
1397
1397
1467
1886
978
1467
908
1397
1397
1467
1397
1397
1397
1955
1397
1467
978
1397
1397
1397
1397
1886
1397
978
1466
1397
1467
1397
1397
1397
1397
1467
1397
1397
1397
1397
908
1467
1467
1467
1467
1397
1467
1397
1397
1397
1397
1397
1466
1397
978
