2444
1956
1466
1885
1467
1467
1885
1467
2375
1397
1955
1467
1397
1466
1467
1466
1397
1467
1467
1397
1397
1397
1467
1886
1955
1956
1397
1886
1397
1467
1397
1886
1886
1886
1886
1885
1886
1886
1886
1396
1396
1466
1397
1886
1467
1886
1397
1886
1886
1886
1956
1886
1956
1885
1396
2374
1955
1886
1956
2374
1885
1466
1955
1397
1956
1467
1467
1955
1397
1397
1396
908
1956
1397
1397
1886
1955
1396
1885
2374
1956
1466
1467
1466
1397
1397
1956
1397
1955
1467
1467
1397
1397
1397
1466
2375
1397
1886
1397
1467
1397
1886
1467
1397
1397
1467
1397
1467
1397
1467
1397
2374
1886
1466
1885
1466
1467
978
1886
4679
1467
1466
1467
1467
1397
1397
1467
1885
1397
1397
1467
1467
1397
1466
2374
1467
1397
1467
1397
1467
1397
1397
1397
2374
1466
1467
1467
977
1397
1397
1885
1956
908
1466
1397
1397
1467
1467
1886
1886
1397
1816
1467
1886
1466
1467
1466
1886
1955
1467
1466
1885
1397
1955
1397
1467
1885
1886
1397
1467
1886
1885
1885
1886
1397
1886
1886
1467
5308
1885
1886
1467
1397
1396
1886
1467
1886
1956
1397
1397
1397
2444
1467
1955
1397
1467
1397
1467
1397
1466
11105
1396
1397
1397
1467
1466
1467
1467
1466
1397
1397
978
1467
1467
1467
1397
1467
1397
1397
1397
1467
1467
1397
1467
1466
1467
1885
908
1466
1397
1397
1397
1396
1397
1467
1466
1397
978
1467
2305
1396
1397
1397
1397
1466
1955
1886
1397
1397
1397
1397
1467
1397
1327
1397
1397
1396
1397
1397
1397
1397
1397
1466
1397
1397
1466
1466
1956
1467
1397
1396
1397
1467
1397
1397
1467
1466
1886
1886
1886
1467
1466
1396
1397
1886
2374
978
1467
1397
1467
1396
1467
1396
1396
1397
1396
1467
1466
1885
908
1467
1886
1396
1886
1467
1466
1467
1466
977
1397
2375
1467
1466
1397
977
1466
977
978
1955
1885
978
1466
1397
1886
1886
1396
1467
1467
1397
1955
978
1886
1396
977
1397
1886
1885
2445
1956
1467
1886
1467
1397
1886
1466
1397
1397
1467
1397
1397
1397
1885
1396
1397
1467
1397
10476
977
1396
1397
1397
1397
1467
977
1397
1397
1397
1397
1956
1396
1467
1886
1956
1886
1397
1886
1397
1956
1886
2375
1886
1886
1886
1885
1886
1466
1396
1466
1467
1397
1467
1396
1466
1397
1397
1397
1886
1886
1886
1467
1886
1397
1956
1956
1886
1397
1397
1885
1467
1397
1885
1467
1467
1467
1396
1467
1397
1466
1955
1816
1886
1467
1467
1466
1397
1397
1397
1466
1397
1467
1885
1397
1466
1397
1466
1467
1397
1397
1466
1397
1467
1397
1397
1397
1467
1397
1466
1466
1397
1466
1396
1955
1397
1397
1397
1467
1397
1956
1466
1397
1467
1467
978
1397
1467
1885
1466
1886
1956
1955
1397
1956
1955
1885
1885
1397
1886
1886
1397
1885
1886
1955
1886
1955
1397
1467
1466
1886
1396
1397
1396
1956
1397
1396
1397
1467
1466
1396
2374
2374
1886
1397
1955
1885
1885
1467
1885
1956
1885
1886
1885
1467
1955
2375
1885
1467
2375
1397
1397
1885
1397
1886
1956
3911
1467
1467
1467
1467
1886
1885
1886
1467
1886
1467
1397
1397
1467
1886
2375
1467
1956
1397
1886
1466
1397
1885
1955
12781
1466
3702
1466
1886
1467
1886
1467
1886
1885
1886
1886
1956
1886
2305
1886
1397
1466
1397
1885
1886
1886
1886
1466
1955
1956
2375
1396
2304
1886
1397
1886
1885
1886
1886
1886
1955
1956
1466
1467
1397
1397
1397
1466
1886
1886
1886
1886
1886
2793
908
1467
1886
2374
1886
2374
1397
1885
1397
1397
1467
1467
1397
1397
1467
1397
1886
1886
1886
1886
1397
1397
1397
1956
1397
1467
908
1467
1397
1466
1397
1955
1467
1467
1955
1467
1397
1396
1466
1886
1397
1397
1886
1956
1886
1397
1467
1886
2375
1466
1955
1466
1397
1396
2374
2375
1467
1886
1956
1886
1886
1956
1467
1956
1955
1886
1466
1466
1396
2305
1886
1886
1396
1466
1816
1396
1886
1886
1886
1886
1467
1955
1467
1396
1466
1466
1467
2793
1467
1466
1816
1886
1467
1467
1885
978
1397
977
1955
1885
978
1467
1467
1467
1815
1466
1397
1397
1955
1885
1955
1885
1397
1397
1467
1886
1397
2375
1467
1396
2374
978
1956
1466
1467
2375
1397
1467
1886
908
1956
1956
1466
1886
1886
1397
1397
2305
1955
3282
1397
1397
977
1886
1467
1886
2374
1467
1956
1815
1467
2375
1397
1885
1885
1955
1956
1886
1885
1467
1467
978
2374
1886
1886
1955
1956
1467
1397
1816
1886
1955
1467
1467
978
1466
977
1397
1397
1886
1397
1397
2374
1956
2933
1396
1467
1466
1397
1886
1886
1886
1397
1885
1397
978
1886
1467
1955
1816
1886
1397
1466
1467
1466
1466
1396
1886
2304
978
1886
1397
1466
1467
1396
1466
1466
1886
1466
1467
1466
1396
1956
1467
1955
1956
1885
1466
1885
1467
1886
1397
1956
1397
1886
1396
1397
1467
1467
1467
1397
1467
1467
1397
1886
1886
1955
1956
2375
1885
1886
1886
1467
1886
1397
1396
1955
1397
1467
1467
1397
1467
1396
1886
1466
2374
1466
1886
1467
1885
1816
1885
1816
1466
1956
1955
1467
1397
1956
1885
1956
1886
1397
1955
1886
1467
1397
2375
1466
1466
1886
1886
1955
1885
1886
1956
1816
2374
1886
1816
1466
1467
1397
1466
1886
1466
1396
1955
1397
1397
1886
1886
1467
1467
1885
1397
2374
978
1886
2374
1467
1467
1886
1956
1466
1467
1467
1467
1397
1886
1397
1397
1467
1397
1397
1886
1397
1885
1467
1956
1886
1467
1467
1396
1885
1467
1397
1467
1956
1467
1467
1466
2374
1955
1397
1467
1467
1956
1397
1466
1467
1466
1885
1956
1886
1467
1397
1886
1886
1466
1886
1886
1886
1397
1955
1886
1886
1466
1397
978
1886
1886
2375
1466
1397
1886
1467
1885
1397
1886
1886
1886
2445
