1466
1397
1467
1467
1886
978
978
978
1886
1397
1397
1467
978
1466
1467
978
1466
1467
1396
978
1397
1467
1397
1397
1397
1397
1467
1397
1397
1397
1397
1397
908
1397
1466
1467
1397
1467
978
1396
1397
1467
1397
1397
1397
908
1397
1397
1467
1467
1397
1397
1397
978
11314
1397
1467
1397
1467
1397
908
1467
1466
1397
908
1466
1466
1396
1397
1467
978
1467
1396
1397
1467
1397
1397
1466
1397
1397
1397
1467
1397
1467
908
1397
1467
1955
1467
2864
1396
1396
10965
1396
1397
977
1397
1397
1397
978
1397
1397
977
1397
1397
2305
1397
1397
1467
908
1397
1396
1467
1397
1466
1467
1397
1467
908
1397
1397
1396
1397
1466
1467
1467
1955
1467
1466
1886
1467
1397
1467
1466
1397
1467
1467
1466
908
1466
1466
9848
978
908
1397
1467
977
1397
1466
1466
1467
1396
1397
1397
1397
978
1467
1467
1467
1467
1396
1396
978
1955
1396
1397
1397
1467
978
1466
1397
908
1467
1397
977
1466
1467
1397
1466
1397
978
1397
1397
1466
1467
1397
1397
1467
908
1955
1397
1956
1467
1467
1886
1467
1955
1396
978
1886
1885
1397
1467
1396
1466
908
978
908
1466
1466
978
1466
1396
1397
1397
1397
1397
1397
1397
978
1397
1886
1397
978
1467
1466
1467
1397
1885
977
1466
1397
1397
1467
1467
977
1467
1397
1397
1397
1397
1397
1396
1397
1466
1956
1467
1396
1466
978
9079
1467
1886
1467
1397
1885
1816
1467
1467
1397
1885
1467
1956
978
1467
1397
1956
1466
1467
1466
1466
1816
1467
1467
1397
2374
1397
1397
1886
908
1466
1397
1397
1397
1396
1397
1397
1466
1396
908
1467
2374
2375
1397
1956
1396
1466
1467
1956
1467
978
1886
1886
978
908
1397
1396
1397
1467
1397
1467
978
977
1397
1396
1397
1397
978
1397
1466
1467
1397
1467
1886
1467
1397
1466
1886
1397
1467
1397
1467
1397
1397
978
1466
1397
1466
1397
1397
1397
1397
2374
1955
1956
1466
1886
1886
1885
1397
1397
977
1886
1467
1397
1397
1466
1467
1396
1466
1467
1466
1466
1397
1467
2374
1467
1816
1397
1467
908
1396
1467
1467
1955
1885
908
1467
1955
908
1885
1467
1397
2374
2374
1956
1397
1397
1466
1397
1467
978
1397
1466
977
978
1467
1467
1397
1397
1955
1397
1396
1397
1397
1396
1467
1396
1467
1886
1397
1396
1397
1396
1467
977
1467
1466
1467
1397
1467
1397
1397
2375
978
1886
1886
1467
1467
1397
1397
1397
1397
1397
1397
1397
1397
1466
1396
1466
977
1466
1397
1397
1466
1396
1466
978
1397
1397
1886
1396
1397
1955
1397
1397
1885
1396
1397
1886
1956
1886
1397
1467
1397
1397
1886
1885
1466
1397
977
1467
1397
1396
1466
1397
1397
1397
1396
1397
1467
1397
1397
1467
1816
1397
978
1397
1467
1396
1396
1396
1397
1467
1467
1396
978
1397
1397
1467
1467
978
1397
1397
1397
1397
978
1397
1467
1396
1397
1466
1467
1886
1956
1397
978
1467
1466
1467
1397
1397
1466
1397
1397
978
908
1886
1397
1956
1397
1397
1397
1886
1396
1956
1466
1466
1466
1397
1397
1397
1886
1886
1467
1397
1397
1956
1396
1467
1956
1466
1397
1956
978
1396
1467
1955
978
1397
1886
1397
1397
1466
1467
1396
1397
1467
1467
1396
1397
1397
1466
1466
1467
1397
1467
1467
1956
1397
1466
1397
1397
1467
978
977
1955
1467
978
1396
978
1467
1397
1397
1397
978
1466
1466
978
1397
1467
1467
1396
1397
1466
1467
1467
977
1397
1466
1815
1467
1397
1397
1956
1397
1467
1467
1467
1397
1397
1467
1397
1397
1467
1397
1467
977
1397
1397
1467
1397
1396
908
1467
1885
1397
977
1397
1467
1467
978
1467
1466
1467
15644
1467
1397
978
1397
1396
1466
1466
1467
978
1397
1816
1397
977
1397
1397
1397
1956
1397
1397
1397
1397
1467
2374
1397
1397
1466
978
1397
1467
1396
1885
1467
1397
1466
1397
1466
1396
1397
1397
1467
1397
1397
1397
1466
1397
1467
1397
9708
1397
1397
1397
1397
1397
1397
1397
1467
1397
1397
1397
1467
1397
978
1886
908
1397
1956
1396
1467
1467
977
1467
1396
1467
1397
1466
1397
1397
1467
1956
1397
1466
1467
1886
1467
908
1467
1886
1885
1885
1397
1467
978
1886
1397
1397
1467
1885
1396
1886
908
1396
1467
1466
1466
1466
1467
1397
1397
977
1397
908
1397
1397
1467
1886
1466
1397
1397
1467
1397
1397
1466
1397
1397
977
1397
1467
1396
977
1397
1397
1397
1397
1886
1467
1466
1886
1397
1467
1396
1396
1467
1467
908
977
1397
1397
1397
1397
908
908
1397
978
1467
1397
1396
977
977
978
1467
1466
1885
1396
1886
1466
1397
1467
1886
1397
1397
1467
1397
1886
1885
1397
978
1467
1397
1886
1466
977
1467
1397
1466
1955
1396
1467
1467
1396
1466
1396
1397
1886
978
1956
1467
1466
1886
1466
1956
1467
6355
1466
1397
1397
1467
1396
977
2374
1397
1397
1467
1397
1397
1467
1466
1466
1467
1396
1397
1885
1466
978
1397
1397
1397
1397
1397
1467
1397
1397
1397
1397
1397
2374
1466
1467
1397
1886
1467
978
1466
1396
1955
1956
1467
1467
1886
1467
1467
1397
1886
1467
978
2375
1396
1467
1397
1397
1396
1397
1467
1397
1397
1816
978
1397
977
2305
1955
1466
1467
1397
908
1467
1467
908
1467
1397
1397
1467
1397
1397
1885
1467
1467
1396
1467
1397
1467
1397
1397
1396
1467
1886
1397
1466
1397
1396
1466
1467
1466
1397
1467
2374
1467
1466
1886
977
1397
1885
1397
1397
1467
1397
1467
2933
1467
1396
1467
1467
1466
1467
1397
1467
1886
1467
1467
2375
1956
1397
1467
1467
1466
1396
1466
1886
1396
1467
1396
1467
1816
1466
1467
1397
1397
1467
1956
1397
978
1885
1886
1467
1467
