1885
1397
1397
1886
1397
1466
1467
1886
1466
1396
1397
1955
1396
1397
1956
1397
1397
1467
1886
2375
1886
1466
1466
1467
1397
1466
1467
1467
1886
1397
1397
1466
1397
1397
1467
1396
1816
1397
908
1397
1467
1396
1955
1956
1886
1466
1886
1397
2375
1467
2444
1397
1397
1467
2794
1467
1466
1397
1467
2374
1956
1467
2445
1467
2375
1466
1886
2375
2375
1886
1956
1397
1886
1467
1467
1397
1467
2375
2444
1466
1397
1816
1397
1955
978
1467
1467
1397
1886
1397
1955
1467
1397
1397
1397
1466
1466
1885
1397
1397
1467
978
1397
1397
1885
1467
1467
1467
1886
1466
1466
1397
1955
1466
1397
1397
1467
1467
1467
1815
1397
1396
1467
2374
1886
1397
1955
1396
1396
1397
1397
1466
1467
977
1467
1396
1886
1467
978
1886
2445
1466
1397
1467
1467
1956
1397
1467
1397
1466
1466
1467
1397
1886
1466
1397
1466
1956
1956
1397
1467
1397
1467
2374
978
1467
1397
1466
1467
1886
1397
1467
2375
1397
1397
1955
1956
1467
1466
977
1466
1467
1396
1397
1955
1467
1466
1467
1397
1467
1885
1466
1466
1466
1955
1397
1886
1467
1956
1466
1885
1397
1397
1466
1397
1466
2375
2445
1397
1466
1397
1466
1956
2374
1396
1886
1397
1885
2794
1886
1467
1397
1467
1886
1466
1467
1466
1397
1886
1886
1397
1397
1397
1467
1886
1466
1397
1885
1397
1466
1396
1466
1397
1466
1396
1397
1397
1397
1466
1467
1467
1467
1466
1956
1467
1466
1397
1397
908
1467
1397
1467
1397
1467
1397
1397
1397
1397
1397
1467
1886
1886
908
1466
2374
1397
1466
1397
2305
1886
1886
1467
1397
1397
1886
1397
1396
1397
1397
978
1396
1467
1397
1886
1397
1397
1466
2374
1397
1466
1467
1955
1467
1885
1397
1397
1956
1956
1397
1886
1396
1467
1396
1397
1467
1467
1816
1885
1397
1397
1885
1467
1466
2304
1467
1466
1397
1467
1396
1956
1397
1886
10965
1467
1397
2375
1956
1397
1466
977
1397
1397
2375
1397
2375
1956
978
1955
1816
1955
1327
1955
1467
1397
1397
1466
1397
1397
978
1397
1467
1397
978
1397
1397
1466
1397
1467
978
1397
1397
1467
1397
1467
977
1396
1466
1467
1396
1466
1397
1396
1467
1397
1466
1467
1397
1397
1396
1467
1397
1396
1396
1886
1397
1397
1956
1397
1397
1466
1397
9707
1397
1467
1466
1397
11035
1397
977
1397
1467
1466
1397
1467
1397
1397
1397
1466
1816
977
1396
1885
1467
1467
1397
1466
1397
1397
1396
1397
1466
1466
1466
1397
1397
1467
1466
1397
1467
978
1397
1467
908
1397
1466
1396
1886
1397
1397
1397
1397
1816
1466
1467
1397
1397
1466
1397
1955
908
1397
1466
1397
1397
2375
1397
1396
1397
1467
1885
1397
1467
1466
1396
1885
1466
1397
1397
1886
1397
1467
1397
1397
2304
1467
1397
1466
1886
2374
1885
1885
978
1397
1397
977
1466
1397
1466
1955
1956
1396
1466
1467
1466
1397
1397
978
2375
1397
1467
2374
1467
1816
1886
1397
1467
1397
1397
1467
1467
1397
978
1886
1956
1955
1397
1396
1886
1467
1956
1397
1956
1467
1397
1397
1885
1886
978
1397
1397
1886
2374
978
2444
1466
1397
1886
1467
1467
1466
1397
1397
1396
1397
1397
1397
1466
1885
1397
1466
1466
908
1466
1397
1467
1397
1466
1397
1466
1956
1397
1397
1467
1886
1397
1397
1397
978
1397
1397
1397
1397
1397
1467
1397
978
1397
978
1467
978
1397
1397
1397
1397
1397
1397
1397
1396
1396
1397
1397
1467
1816
1397
1397
1466
1396
1466
1466
1397
1397
1956
1397
1397
1397
1466
1466
1467
1467
1397
1467
1467
1467
1397
978
1466
1466
1467
1886
1397
1397
1396
1955
908
2374
1467
1397
1885
1397
1466
1397
1466
1326
1466
1396
1397
1397
978
1466
1467
1397
1397
1467
1885
1466
1397
1397
1397
1955
1956
1467
1467
1397
1397
978
1397
1467
1397
908
1397
1397
1467
1467
978
1885
1885
1467
1397
1397
1397
1466
1467
1396
1466
1397
1467
1397
1466
1396
907
978
1397
1467
1397
1397
1396
1466
1466
1467
1397
1467
1397
1467
1466
1397
1397
977
908
1467
2305
1397
1466
1466
1467
978
1467
1397
1467
1397
1467
1466
1397
1397
1955
1886
1467
1396
1397
1397
1886
1397
1397
1466
1886
1396
1467
1397
1396
1467
1396
1886
1467
1885
1467
1467
977
1327
1467
1955
1956
1466
1396
1467
1466
1396
1397
1397
1397
1397
1467
1466
1885
1466
1466
1397
1396
1397
1467
1467
1396
908
1956
1467
1467
1956
1467
1467
1397
1397
1466
1467
1467
978
1397
1397
1396
1397
1467
1467
1466
1467
1397
1467
1467
1397
1397
1467
1467
1467
1397
1816
1397
1467
1397
1467
1397
1466
1397
1467
1466
1397
1467
1886
1886
1397
1397
2444
1466
1397
1397
1467
1396
1467
1397
1467
1396
1816
1397
1397
1397
1467
1397
1397
1467
1397
1397
1467
1397
1397
1397
1396
1955
1467
1956
1396
1397
1466
1397
1397
1886
1466
1466
1397
1467
1396
1886
1467
1397
1467
1886
1466
1467
1956
1396
1396
1397
1886
1396
1467
1467
1397
1886
1816
1886
1397
1397
1397
2445
1467
1466
1816
1397
1397
1885
1886
1467
1467
1397
2375
1467
1466
1466
977
978
1397
1467
1397
1396
1397
1397
1466
1397
1397
1886
1397
1396
1466
1397
1397
1956
1956
1466
1467
1396
1885
1397
1397
1397
1467
1467
1816
1467
1397
1885
2445
1397
978
1467
1467
1467
1466
1397
1397
1397
1467
1466
1397
1816
1397
1397
1397
1397
908
1467
1396
1397
1466
1467
1466
1467
1397
1466
1956
1397
1396
1397
1886
1466
1397
1466
1466
1467
1467
1397
1467
1396
977
1467
1397
1466
1956
1885
1466
1397
1466
1816
1467
1886
2305
1396
1397
1397
978
1466
1467
1467
1397
1467
1467
2374
1467
1467
1397
1397
1467
1955
1467
1397
1397
1955
