1467
1397
1467
1467
1467
1886
1397
1467
1467
1397
1467
1397
1397
1467
1467
1397
1886
1397
1467
1397
1397
1466
1467
1397
1397
1397
1467
1397
1397
1397
1397
1467
1397
1397
2864
1397
1467
1467
2445
1397
1467
1397
1397
1397
1467
1467
1397
1397
1467
1397
1397
1397
1466
1398
1467
1397
1397
1397
1467
1398
1886
2375
1467
2375
1467
1467
1397
1397
1955
1467
1467
1467
1397
1467
1397
1397
1467
1467
1398
1397
1467
1886
978
2305
1397
1467
1398
1956
1956
1397
1467
1886
1886
1886
1397
1467
1397
1467
1886
1886
1397
1955
1467
1886
1397
1886
1467
1886
1397
1956
1397
1467
1397
1956
1467
1467
1886
1397
1397
1956
1397
1886
1397
1467
1955
1467
1397
1397
1397
1467
1467
1467
1397
1466
1397
978
1886
1467
1397
2445
1397
1397
1397
1467
1397
1816
1817
1956
1886
1397
1397
1398
1886
1467
1467
1397
1397
1886
1467
1467
1467
1467
1467
1467
1397
1955
1467
1397
1397
1467
1467
1956
1467
2794
1886
1467
1397
1467
978
1397
2375
1467
1467
1397
8522
1397
1886
1397
1467
1467
1398
1397
1398
1956
1467
1397
1397
1466
1955
1466
1467
2444
1467
1816
1467
908
1397
1397
978
1467
1467
1398
1397
1467
1886
1397
1467
1397
1467
1397
1467
1886
1886
2375
1397
1467
1397
1886
1467
1466
1886
1397
1886
1467
2305
2375
1886
1956
1467
1398
978
1397
1397
1397
1886
1467
1467
1467
1397
1467
1397
1467
908
1397
1467
1467
1397
1467
1397
1397
1397
1397
1397
1397
1397
1397
1397
1397
1397
1397
1467
1397
1467
1397
1467
1397
1467
1467
1397
1467
1397
1467
1397
1397
1956
1467
1397
1397
1397
2375
1886
1397
1466
1467
1397
1397
1467
1397
1397
1397
2375
1467
1397
1467
1467
1397
1397
1397
1397
1886
1467
1467
978
1467
1467
1397
1397
1467
1816
1397
1956
1956
1467
1956
1467
1467
1956
1397
1886
1397
1397
1956
1467
978
1397
1467
1886
1467
1467
1466
1956
1397
1467
1467
1397
1467
1467
1467
1397
1397
1397
1467
908
1397
1467
908
1467
1886
1886
1397
1397
1886
1397
1816
2445
978
1467
1397
1397
1467
1397
1397
1886
1886
1467
1397
1397
1397
1886
1397
1397
1467
1956
1397
1397
978
1467
1397
1397
1467
1467
1467
1466
1467
1467
978
1397
1397
1467
978
1467
1886
1466
1397
1467
1397
1467
1467
1886
1397
1467
1397
1397
1467
1397
1467
1397
1467
1397
1466
1397
1466
1467
1397
1886
1397
1886
1397
1886
1467
1467
1886
908
1397
1886
1886
1467
1467
1397
1397
1397
1397
1397
1397
1397
1886
1398
1467
1467
1397
2375
1397
1397
1397
1467
1467
1467
1397
1397
1397
1397
1467
1956
1397
1467
1397
1398
978
1397
1397
1397
1466
1467
1886
1397
1886
1397
1397
1467
1397
1397
1886
1467
1886
1467
1397
1467
1886
1397
1886
1397
1955
1467
1397
1886
1467
1397
1467
1397
1397
1467
1886
1397
1467
1886
1886
1397
1467
908
2445
1466
1956
1467
1467
1397
1466
1397
2305
1467
1886
1467
1886
1397
1398
2794
1467
1397
1467
1956
1467
1397
978
1886
2445
1816
2375
1467
1956
1955
1397
1398
1467
1397
1397
1397
1397
1956
1886
1816
1397
1397
1886
1466
1467
1397
1397
1467
1886
1397
1397
1466
1467
1467
1956
1397
1467
1397
1886
978
1397
1397
1397
1467
1956
1467
1956
2795
1956
1467
1467
2375
1467
1397
1467
1467
1886
1397
1467
1467
1467
1886
1397
1397
1397
2375
1956
1467
1397
1397
1398
1397
1397
1467
1886
1397
1397
1467
1397
1816
1397
1467
1467
1397
1467
1467
1397
2375
1886
1467
1397
1467
1956
1467
1397
1467
1467
1467
1467
1397
1397
1467
1397
1466
1956
1956
1467
1397
1467
1397
1467
2305
1467
1397
1467
1397
1886
1397
1397
1397
1397
1886
1466
1886
1467
1397
1466
1397
1397
1397
1467
2305
1886
1467
1886
1397
1397
1467
1397
1467
1956
978
1397
1397
1467
1467
1886
1397
1467
1397
1467
1467
1397
1397
1466
1467
1466
978
1397
1467
1397
1467
1886
1397
1886
1467
1886
1956
1397
1397
2375
1397
1467
1886
1397
1397
1467
1886
1397
1886
1467
1397
1397
1955
1467
1886
1467
1397
1467
1397
1467
1397
1956
1398
1816
1397
1467
1467
1956
1397
1397
1467
1397
1886
1956
1956
1886
1397
1467
1467
1397
1467
1397
1467
1886
1467
1467
1397
1467
1397
1956
1397
1397
1397
1467
1467
1397
1467
1397
1397
1397
1956
1956
1397
1397
1397
1467
1397
1397
1467
1397
1886
1467
1467
1397
1467
1467
1397
1956
1886
1466
1398
1467
1397
1397
1467
1886
1956
1397
1886
1397
1397
1955
1397
1886
1397
1886
1467
1886
1397
1467
14319
1467
1956
1886
1467
1397
1397
1397
1956
1466
1466
1886
1886
1466
908
1397
1467
1886
1467
1397
1467
1886
1467
1397
1397
1467
1467
1467
1467
1467
1397
1467
1467
1397
1467
1397
1397
1467
1397
1956
978
1466
1397
1467
1467
1467
1467
1397
1397
1467
1466
1467
1956
1397
1397
1397
1397
1398
1397
1397
1397
1467
1886
1397
1397
1397
1467
1397
1467
1467
1467
1467
1397
1397
1886
1467
1467
1467
1466
1397
978
1467
1467
1397
1397
1397
1398
1886
1467
1886
1956
1397
1467
1397
1886
1816
1397
2375
1397
1397
978
1397
1467
1467
1397
1467
1467
1397
1397
1397
2375
1956
1397
1397
1397
1467
1397
1397
1956
1886
1467
1466
1397
1397
1467
1397
1397
1467
1467
1397
978
1467
1397
1467
1886
1467
1397
1397
1467
1397
1397
1467
1397
1397
1397
1467
1397
1467
908
1397
1956
2375
978
1886
1397
1467
1397
1398
1397
1397
1397
1397
1397
1397
1397
1397
1397
1956
1466
1467
1397
1397
978
1467
1467
1397
1467
1466
1467
1467
1397
1467
978
1397
1467
1467
1397
1467
978
1467
1397
1397
1466
1467
1467
1886
1466
978
1397
1886
