1397
1466
9011
1397
1466
1467
1397
1467
978
1886
1467
1397
2305
977
978
978
1397
1397
1467
1467
1397
1466
2305
1397
1397
1397
1397
978
1397
1467
1886
1397
1397
1397
1886
1397
1397
1397
1397
1886
3772
1397
1886
1397
1467
1467
1467
1956
1467
1467
1397
1397
1397
1467
1397
1885
1397
1467
1397
1397
1467
1467
909
1467
1467
1397
1397
1397
1467
1397
1397
1397
1956
1956
1956
1397
1397
1467
1397
1467
1397
1397
1397
978
1467
1397
977
1467
1397
1397
1396
1397
1397
1397
1397
1397
1886
1467
1467
1466
1397
1397
978
1886
1397
1467
1397
1956
1397
1956
1397
1397
1397
1397
978
1467
1397
1397
1467
1467
1397
9500
1397
1397
1467
1397
1886
1397
1886
1886
1397
1397
1956
1397
1397
1467
1886
1397
1467
1467
1466
1467
1466
1467
1397
1397
1467
1397
908
908
1466
1466
1397
1467
1397
1397
1397
1397
1397
1397
1397
1397
978
1467
978
1397
1397
1467
1956
1397
1397
1467
1397
1397
1467
1886
1467
1397
978
978
1397
978
978
1886
1397
1397
1397
1886
1467
978
1397
1397
1397
1467
1886
1397
1886
1397
2305
1467
978
977
1467
1467
1397
1467
1397
1467
1886
978
1467
1467
1397
1397
1397
978
1397
978
1467
1397
1397
908
1397
1397
1397
1397
1956
1467
1886
1397
1466
1466
1467
1397
1397
1397
1467
1397
1397
1397
1397
1467
1397
1397
1397
2445
1397
2305
1397
1467
1467
1397
1466
1397
977
1886
1397
1467
1397
978
978
1397
978
1466
1397
978
1467
908
1397
1467
1397
1397
1397
1397
978
1397
1397
978
1886
1467
1956
1886
1397
1886
1397
1397
1397
1467
1397
1397
1397
1467
2305
1467
1397
1467
1467
1467
1397
1467
1397
1397
1397
1397
1397
1467
978
978
1397
1467
1397
1397
1397
3283
1467
1886
978
1397
1397
1467
1816
1466
1397
1467
1397
1397
1467
1397
1397
978
1397
1397
978
1886
1467
908
1886
1397
978
1397
1397
978
1467
978
1467
1956
1397
1397
1886
1955
1467
1956
1466
1466
1397
1466
1956
1397
1467
1467
1467
1397
978
1816
1467
1467
1397
1397
1397
1467
1397
1397
1886
1885
1956
1886
1467
1397
1396
1886
1886
1886
1397
1397
1397
1956
1467
1886
1955
1397
1397
1886
1467
1397
1956
1956
1397
1956
1396
1467
1397
1397
1467
1397
1397
1886
1467
1956
1466
1397
1467
1397
1956
1397
1956
1397
1467
1886
1467
1397
1466
1397
1397
1467
1886
978
1397
1886
1397
978
1886
1467
1466
1466
1467
1397
1466
1397
1397
1886
1956
1397
1397
978
1886
17812
1467
1885
1467
1397
1397
1467
1467
1467
1467
1886
1467
1467
1816
1886
1467
1466
1397
1327
1467
1467
1397
1467
1467
1397
1886
1397
2375
1397
1397
1397
1467
1397
1886
28150
1467
1397
1886
1397
1956
1467
1467
1467
1467
1467
1466
1397
1396
1467
1467
1397
1467
1397
1886
1397
1467
1397
1397
1466
1397
1467
1397
1467
1397
1467
1467
1397
1397
1467
1397
1397
1467
1466
1467
2934
1466
1467
1397
1397
1397
977
1397
1816
1467
1397
1397
978
1467
1397
908
1397
1467
1886
1397
1397
1466
1397
908
1467
1467
1397
1397
1467
1397
1397
1397
1467
1397
1467
1467
1467
1467
2794
1886
2305
1956
1886
978
1397
1467
908
1397
1467
1397
1467
1397
1397
1397
1397
1397
1886
1466
1466
1397
1397
1467
1955
1467
1397
1397
1397
1886
1397
1467
1467
1467
1397
1397
1886
1466
1467
1397
1886
978
1397
1886
2375
1466
1397
1886
1467
2375
908
1396
1397
1397
1886
1955
1397
1886
1397
2375
1467
1466
1397
1467
1956
1467
1467
1467
1467
978
1467
1397
1397
1467
1397
977
1467
1467
1467
1397
1467
1396
1397
1467
978
1397
1466
1467
1466
1397
1467
1397
1467
1886
1886
1397
1886
1467
1886
1886
1397
1397
1886
1397
1397
1467
1397
1397
1467
978
1397
1886
1397
1466
1397
1467
1956
1956
1397
1397
1467
1467
1397
1397
1397
1466
978
1397
1397
1467
1397
1886
1397
1886
1466
1886
1397
1397
1467
1397
1467
1886
1397
908
1956
1467
1466
1466
1467
1397
1397
1886
1397
1467
1467
1397
1886
1467
1466
1397
1956
1466
1886
1467
2375
1397
1886
1467
1467
1397
1467
1397
1955
1467
1397
1397
1397
1397
1467
1886
1467
1397
1886
1397
1397
1397
1397
1467
1886
1397
1467
1466
978
1467
1397
1955
1397
1467
1467
2375
978
1886
1397
1467
978
1397
1467
1467
1467
1397
2375
1886
1397
1467
1396
1397
1397
1955
1886
978
1397
20955
1397
1397
1467
1466
1467
1397
2375
2375
1397
978
1956
1397
1397
1397
1467
1397
1467
1397
1397
1467
1467
1886
1886
1467
1397
1397
1886
1956
1467
1397
1397
1397
1397
1397
1397
1467
1397
1397
1467
1466
1467
1467
1467
1467
1397
1886
1466
978
1816
1397
1467
978
1397
1467
1467
1397
1956
1467
2375
1467
1467
1467
1397
1817
1956
908
1397
1397
1467
1467
1886
1397
1397
1467
1397
1467
1397
1467
1886
1397
1467
1467
1466
1397
1467
1397
1397
1466
1397
1397
1397
978
1397
1885
1466
1816
1886
1886
978
1397
1816
1956
1467
1886
1396
1467
1886
1467
1956
1397
14109
1397
1886
1886
1397
1397
2305
10617
1886
1397
1397
978
1467
977
1397
1397
18719
1397
1397
1397
1467
1397
1397
1466
978
1467
1816
2375
1397
1467
1467
1397
1467
1397
1397
1467
1397
1886
1397
1397
1397
1466
1397
1397
2445
1466
1397
1397
1467
2375
1397
1397
1467
2864
978
1466
1397
1397
1886
978
1886
978
978
1886
1467
1397
978
1397
1956
1397
1397
1397
1467
1467
1467
978
1467
1397
1886
1397
2444
1467
1956
1467
2445
1397
1467
1397
1397
1397
978
1467
1397
1886
1397
1885
1886
1397
1397
1397
1397
1397
1467
1397
1467
1397
1466
1467
1886
1397
1886
