1397
1397
1397
1467
1467
1886
1886
1466
1816
1467
1467
1397
1397
978
1467
1467
1467
1397
1397
1467
1886
1466
1466
1467
1397
1467
1397
1466
1467
1397
1886
1466
1467
1467
1397
2306
1467
1467
1397
1467
1467
1467
1467
1886
1467
1397
1397
1467
1467
1886
1397
1397
1397
1397
978
1397
1466
1467
1467
1886
1466
1886
1467
1466
1886
1397
2934
1467
1466
1467
1886
1886
1956
978
1397
1397
1397
1467
1397
1397
1467
1467
1467
1397
1467
1466
1397
1397
1886
908
1467
1397
1467
2374
1466
1397
1467
1956
1886
1467
1886
1397
1467
1397
1467
1467
1397
1467
1397
1886
1886
1397
1397
1397
1397
1886
1397
1467
1397
1397
1886
1467
1397
1397
1397
978
1467
1466
1467
1466
1397
2375
1467
1397
1397
1886
1328
1886
1397
1397
1397
1467
1397
1397
2375
1466
1467
1467
1467
1397
1397
1467
1398
1886
1886
1397
1467
1397
1397
1467
2375
1886
978
1467
1397
1397
1397
2445
1886
1467
1397
1397
1467
1466
1397
1467
1886
1886
1397
1397
1886
1886
1397
1397
2375
1467
1397
1467
1466
1886
1467
2444
2445
1397
1816
1956
1397
1956
1397
1467
1397
2375
1467
1397
1467
2375
1886
1886
1886
1886
1467
1956
1397
2445
1956
1397
1886
1817
1886
1956
1467
1397
1397
1397
2375
909
1956
1397
1467
1467
1467
1397
1466
1397
1398
1398
1467
1467
978
1397
1397
1397
1886
1886
1467
1467
1397
1467
1467
1886
1397
1397
1886
1397
1886
1467
1467
1886
1397
1397
1816
1467
1397
1397
1956
1956
1467
1467
1397
1466
1467
1397
1956
1467
1467
1397
1397
1467
1467
1397
1467
1955
1467
1467
1397
1956
1956
1397
1397
1886
1397
1467
1467
1397
2306
2445
1467
1467
1397
1886
1397
1397
1397
1886
1397
1467
1467
1886
1886
1397
1467
978
1397
1467
1397
978
1467
1397
1397
1886
1467
1397
1397
978
1467
1397
1886
1467
1397
1397
2864
1467
1956
1467
1886
1397
1886
1397
1467
1397
1397
1397
1467
1467
978
1397
1397
1886
1467
1397
1397
1467
1886
1467
1816
1467
1397
1397
1467
1397
1467
1397
1397
1467
1886
1466
2934
1886
1467
1397
1886
1955
1955
1467
1467
1886
1956
1467
1467
1467
1397
1397
1467
1467
1467
1816
1886
1467
2374
1886
1397
1886
1397
1397
1886
1467
908
1397
1467
1397
1956
1956
1817
1816
1397
1956
1467
1886
978
1467
1467
1397
1816
1467
1467
1397
1397
1397
1955
1398
1886
1397
1467
1956
1886
1886
1397
1956
2305
1397
1467
2375
2375
1886
1467
1397
1397
1397
1467
1397
1467
1397
1886
1886
1397
1397
1467
1886
1467
1466
1956
1467
1886
1886
1816
1397
1886
1398
1467
1956
1397
1886
1467
1467
1397
1397
1397
1467
1397
1397
1397
1467
1886
1467
1816
1397
1397
1397
1397
1397
1467
1397
1397
1886
2375
1467
1467
1467
1397
1397
1817
1397
1886
1397
1397
1397
1467
1467
1397
1397
1397
2375
1816
1956
1467
1467
1397
1467
1397
1397
1397
2375
1466
2375
1467
2375
1956
1397
1886
1886
1397
1467
2375
1397
1956
1397
1397
1467
1397
1397
1956
1467
908
978
1466
1466
1397
1467
1397
1467
1397
1886
1886
1397
1397
1886
1397
1397
1886
1467
1467
1466
1886
1467
1397
1397
978
1816
1397
1397
1397
1467
978
1467
1397
1886
1886
1397
1467
1397
1467
1397
1886
1466
1397
1466
1397
1956
1397
1467
1397
908
1397
1467
1397
1467
1397
1466
1956
1467
1397
1466
1397
1886
1467
1397
1467
978
1886
1397
1467
1886
1886
1397
1397
1397
1397
1398
1467
1397
1397
1397
1397
1467
1467
1467
1956
1956
1467
1955
1956
1397
1397
1466
1467
1397
1397
1886
1886
1467
1886
1397
978
1397
1467
1397
1886
1956
1397
1397
1467
1886
1397
1397
1397
1397
1886
1397
1956
1397
1397
1397
1397
1955
978
1397
1886
1466
1397
1467
977
1467
1466
978
1467
1466
908
1467
1467
1467
1467
1467
1397
1397
1466
1397
1397
1816
1397
1467
1467
1397
1956
1397
1467
1467
1467
978
1397
1397
1397
1397
1397
1467
1397
978
1466
1397
1467
1886
1886
1397
978
1397
1467
978
1397
1397
1467
1467
1467
1467
1397
978
1397
1467
1397
1467
1467
1397
978
1467
1397
1886
1397
1397
1397
1886
2444
1955
1466
1467
1397
1816
1467
1467
1397
1886
1467
1886
1886
1397
1467
1397
1467
1397
2375
1467
1886
1466
1397
1467
1467
1397
978
1397
1397
1956
1956
1886
1467
1467
1467
1467
1397
2375
1886
1886
1397
1886
1466
1886
1467
1467
1397
1398
1886
1397
1467
1955
1886
1397
1886
2305
1467
1397
1397
1467
1467
1397
1816
2305
1397
2305
1467
1397
1397
1467
1886
1467
1467
1886
1886
1467
1467
1397
978
2864
1467
1397
977
978
1327
1886
1397
1956
1956
1956
1956
1398
1467
1397
1397
1397
1397
1397
1397
1397
1467
1467
1816
1886
1397
1397
1397
1886
1466
977
1467
1397
1886
1467
1397
1397
1467
1467
978
1397
1397
1397
1467
1466
1467
2375
1397
1467
978
1467
1466
1467
1467
2375
1467
1467
1397
1467
1467
2375
1397
1397
978
1397
1397
1398
1467
1397
1886
1397
1467
1467
1397
2375
1467
1397
1397
1397
1397
1467
1397
1467
1466
1397
1467
2305
1398
1467
1886
1397
1397
1467
2375
1467
1466
1397
978
1397
1467
1397
1467
1397
1397
1397
1816
1467
1467
1397
978
1886
1467
1467
1467
1467
1467
1467
1467
2375
1886
1397
1467
1397
1467
1397
1956
1397
1467
1886
1467
1397
2375
1467
1467
1397
1467
978
1956
1397
1886
1397
1816
1397
1397
1397
1956
1886
1467
1467
1397
1467
1397
1397
1397
1398
1467
1886
1397
1397
1397
1467
2375
1397
978
1397
1467
1467
1397
1397
1467
1397
1397
1467
1397
1467
1467
1327
1466
1397
1467
1886
1397
1466
1397
1467
1467
1467
2375
1397
1955
1816
1397
1397
