1397
1466
1466
978
1816
1397
1467
1886
1886
1397
1467
978
1466
1467
1397
1956
1466
1397
1817
1467
1466
1467
1886
1397
1397
1886
1397
1467
1397
1955
1956
1467
978
1397
1467
1397
1397
1397
1467
1956
1397
1467
1886
1397
1467
1467
1397
1467
1886
1397
1956
1397
1467
1467
1397
1467
1886
1885
1397
1467
1467
1397
1397
1397
1955
1886
1397
1956
1886
1467
1467
2375
1886
1467
1956
1816
1467
1397
1397
1467
1397
1467
1397
1397
1956
1397
908
1467
1397
1467
1886
1467
1467
1467
978
1886
1397
978
1397
1397
1467
2305
1397
1397
1397
1955
1886
1466
1397
1467
1467
1397
978
1397
1397
1467
1397
1886
1467
1397
908
1467
1886
1397
1467
1467
1397
1816
1397
1467
1467
1397
1397
1467
1397
1467
1397
1467
2444
1397
1466
1467
1397
1397
1397
12783
1956
1886
1467
1397
1467
1467
1397
1467
1397
1397
1397
1397
1956
1467
1397
1467
1467
1397
978
1397
1397
1397
1467
1397
1467
1816
978
1467
1467
1467
1397
1467
1397
1397
2375
1397
1397
1397
1886
1467
1886
1467
1467
1466
1467
1467
1955
1397
1397
1397
908
978
8941
1397
1467
978
1397
1397
1886
1397
908
1397
1467
1467
978
1397
1397
1467
1397
1467
2445
1397
1397
1397
1397
1467
1467
1886
1466
1397
908
1467
1467
1397
1397
1467
978
908
1467
1397
909
1467
1467
1397
1467
1397
1466
1397
1467
1467
1467
1397
1397
1397
978
978
978
1397
1397
1397
1886
1466
1466
1467
1397
1467
1886
1397
1467
1397
1397
1467
1397
1397
1467
1397
1397
978
1467
1956
978
1467
1467
1467
1466
1397
1397
1397
1467
1467
1397
1467
1886
1397
1886
1467
1397
1397
1397
1467
1397
978
1467
1466
1467
978
1467
1467
1466
1397
1467
1467
1886
1886
1397
1467
1886
1955
1886
1956
1886
1467
1397
1397
1397
1886
1397
1816
1886
1816
1467
1467
1397
1397
1467
1397
1885
1467
1886
1885
1466
1467
1467
1467
1467
1467
1397
1397
1467
1467
1886
1397
1886
1397
1397
1816
1397
1956
1467
1886
2375
1467
1467
1467
1467
1467
1816
1397
1397
1956
1886
1397
1466
1467
1466
1466
1466
1886
1467
1397
1397
8452
2375
1397
2864
1956
1467
1886
1886
2375
1467
1886
1886
1886
1467
1397
1467
1466
1397
1467
1886
1886
1397
1467
1466
1397
1397
1466
1467
1886
1467
1467
1397
1467
1397
1467
1886
1467
978
978
978
1397
1886
1397
1466
1467
1397
1956
1397
1956
1467
1467
9918
908
1397
1467
1397
978
1467
1397
1397
1397
1397
1467
1467
1466
1467
1398
978
1397
1467
1397
1467
1467
1467
1397
1955
1397
1397
1397
1467
1467
1467
1397
1397
978
1467
2375
1467
1467
1886
1397
1397
1467
1397
1397
1467
1467
1397
1467
1397
1467
1467
1467
1397
1467
1467
2794
1397
1467
1467
1397
1467
1397
1397
1467
1466
1467
1467
1397
1467
1467
1466
1397
2445
1886
1816
9918
1467
1397
1397
1467
1467
978
1886
1467
1397
1397
1956
1397
2375
1397
978
1467
1467
1397
1397
1397
1397
1467
1397
1397
1467
1397
1467
1956
978
1397
1956
1467
1397
1467
978
1397
1397
1467
1397
1956
1956
2375
1886
1886
1397
1397
1397
1397
1397
1886
1397
1467
1467
1466
1467
1467
978
978
1397
1397
1956
1467
1397
1467
1886
1397
1885
978
1467
1467
1467
1467
1816
1397
1467
1397
1397
1467
1886
1397
1397
1886
977
1467
1397
1466
1397
1397
1467
1886
1397
1397
1466
1467
2375
1886
1397
1397
1466
1397
1467
1467
1397
2305
1956
1467
1397
1467
1397
1466
1397
1397
1397
908
1467
1397
1397
1397
1467
978
1467
1467
1397
1467
978
1467
1467
1397
1886
1397
978
1467
1397
1397
1397
1467
1467
1397
1467
1467
1397
1397
1467
1886
2375
1956
1956
1886
1886
1397
1467
1816
1886
1886
1886
1397
1397
1886
1467
1886
1397
1467
1397
1816
1397
1397
1467
1886
1467
1397
1467
1886
1397
1467
1467
1397
1467
1886
1467
1467
1397
1397
1467
978
1466
1886
1467
1886
2375
1886
1956
1397
1397
1956
2305
1397
1956
1886
1956
1467
2864
1467
1397
1466
1467
2375
1467
1397
14738
1886
1886
1397
1397
1467
1467
1956
1467
1397
1467
1466
1467
1397
1397
1467
1467
1397
1956
1397
1397
1397
1467
1397
1886
1397
1467
1397
1467
1467
1397
1467
1397
1467
1466
1467
1397
1466
1467
1397
1397
1397
1397
1886
1397
1397
1886
1886
1886
1397
1886
1816
1397
1397
1886
1397
1467
978
1397
1397
1397
1397
1397
1397
1467
1397
1956
1467
1467
978
1397
1467
1467
1397
1886
1467
1397
1397
1467
1467
1467
1397
1467
1886
1886
1886
1467
1467
1397
1467
1886
1886
1467
1956
1816
1467
1467
1467
1956
1397
1397
1467
1397
1397
1397
1467
1397
1467
1467
2375
1467
1397
1467
1467
1467
1886
1467
1397
1397
1467
1467
1397
1816
1886
1397
1886
1467
1466
1397
1886
1397
1886
1397
1467
1397
1397
1467
1397
1397
1397
1467
1467
1886
1397
1397
1397
1467
1397
1397
1467
1397
2445
1467
1886
1397
1466
1956
1467
1467
2794
1397
1467
1397
1955
1467
1397
1397
1467
1397
1397
1886
1467
1467
1397
1397
1397
1467
1397
1397
1397
1397
1466
1467
1397
1397
1467
1397
1466
1467
1466
1467
1397
1886
1467
1397
1956
1467
1886
1466
1467
1467
1816
1886
1397
1397
1956
1467
1467
1467
978
1886
1467
1397
1397
1956
1397
1397
1467
1886
1467
1467
1467
1886
1397
1397
1466
2375
1397
1886
1467
1397
1397
1467
1886
1467
1886
1398
1466
1397
1886
1816
1397
1886
1885
1467
1467
1885
1467
1467
1397
1466
1397
1467
1886
978
1397
1886
1397
1467
1397
1955
1817
1467
1886
1885
1467
1397
1467
1397
1886
1816
1886
1886
1397
1467
10478
1397
1816
1467
1467
1397
1467
1397
1467
1467
1886
1886
1467
