1466
1467
1467
1397
1467
1885
1396
1467
1467
1397
1467
1467
1397
1397
1397
1397
978
1466
1466
1886
1467
1397
1397
978
1467
1396
1467
1467
1466
907
1397
1397
1397
1397
1467
1397
1467
1467
1467
1397
1466
1397
1397
1886
1467
1466
1466
1397
1397
1396
2375
1466
1955
1955
1397
1466
1397
1466
1397
1886
1397
2374
1955
1886
2304
1816
1466
1396
1886
1397
1886
1397
1467
1466
1467
1466
978
1467
1886
1397
1397
1886
1397
1885
978
3352
1397
1467
978
1396
1396
1396
978
1467
1467
1467
1396
1397
1467
1886
1397
1466
908
1466
1466
1397
1396
1397
978
1397
1396
1956
1466
1467
1397
1466
1466
1466
1397
1396
1466
1396
1397
1397
1886
1396
1467
1327
1467
1397
1467
1467
1397
1886
1815
1397
1397
1467
1467
1467
1466
1397
978
1466
1396
1397
1397
1397
1327
1397
1397
1397
1396
1886
1956
1397
1397
1467
1397
978
1397
1467
1467
1397
1466
1956
1886
1466
1397
1396
1956
1467
1466
1467
1397
1886
1886
1886
1397
1397
1397
1467
1397
1397
1397
1397
2375
1396
1396
1466
1396
1467
1397
1886
2375
908
1397
1396
1397
1467
1467
1396
978
1466
1396
1467
1397
1397
1467
977
1467
1467
1397
1467
1467
1397
1397
1397
1467
1397
1885
1397
1467
1397
1397
1467
1396
1397
1467
1956
1467
1467
1397
1397
1396
1397
2863
1466
1397
1397
1467
1886
978
908
1886
1397
1397
1396
1467
1397
1466
1397
1886
1467
978
1396
1467
1467
1467
1397
1886
1397
1397
1467
1467
1885
977
1466
1397
1955
1955
1397
1397
1397
1467
1397
1397
1467
1397
1397
1396
978
978
1397
12990
1397
1466
1397
1467
1467
1467
1466
1396
1397
1397
1396
1467
1397
1397
1397
1397
1397
1396
1466
1397
1467
1467
1466
1466
1467
1466
1467
1466
1467
1397
977
1397
1397
1397
978
1397
1467
1886
1466
1396
1397
1466
1466
1397
1397
1466
1466
1397
1397
1397
2375
1467
978
1467
1467
1397
1885
1397
1467
1467
2864
1397
1886
1397
1397
1397
1467
1397
1397
1397
908
1816
2374
1397
1397
2375
1396
1886
1466
1956
1397
978
1467
1397
1885
1397
1466
1467
1396
1467
1397
1397
1467
1886
1467
1397
908
1397
1466
1466
2794
1467
1467
1466
1397
1396
1397
1397
1397
1467
1397
1467
1467
1466
1397
1397
1467
1466
1885
1467
1396
1397
1467
1467
1467
1397
1466
1396
1467
1396
1885
1466
1396
977
1466
1396
1397
1467
1816
1886
1397
1885
1467
1397
1396
1466
1397
1396
1885
1956
1397
1397
1467
1397
2374
1467
1466
1397
1467
1466
1956
1467
1397
1955
1397
1397
1397
1397
1467
1397
1397
1397
1885
1467
1467
1466
1466
1397
1397
1396
1397
1467
1396
1397
1466
1886
1397
1466
1466
1467
1396
1397
1466
1396
1466
1466
1397
1466
1397
2305
1466
908
978
1397
1396
1466
1886
1397
1956
1886
1467
1466
1397
1397
1397
1397
1886
1466
1467
1467
1467
1467
1467
1816
1467
1885
1467
1467
977
1467
1467
1397
1466
1396
1466
1467
1467
1466
1397
1467
1466
1397
1956
1467
1396
1467
1396
1467
13339
1396
1397
1397
1396
1397
1466
1397
1466
1467
1397
1466
1466
1467
1466
1886
1466
1466
1397
1467
1397
1397
1397
1396
1397
1466
1467
1886
1467
1467
978
1467
1466
1397
1397
1886
1467
1397
1396
1886
1397
1886
1396
1396
1467
1396
1397
1397
1467
1466
1397
978
1886
1467
1466
1467
978
1467
1467
1467
1397
1397
1397
1396
1397
1956
1397
1467
1397
1467
1467
1467
1397
2375
1466
1467
1396
1467
1397
1396
1466
1466
1466
1397
1397
1397
1467
2304
1466
1397
1397
1397
1466
1467
1397
1467
1886
1467
978
1886
1396
1397
1397
1467
1467
1467
1466
1955
1815
2375
2375
1397
1397
1397
1397
1397
1397
1397
1397
1396
1467
1396
1396
1466
1396
1955
1466
1886
1396
1397
1397
1467
1396
2375
1467
1466
1816
1466
1467
1466
1467
1467
1467
1397
978
1886
1397
1397
1397
1397
1467
1397
1397
978
1467
1397
1466
1396
1397
1397
1397
1467
1467
1467
1397
1396
1886
1397
978
1466
1886
1397
1956
1467
978
1467
1467
1397
1397
1466
1397
1397
1467
1397
1466
1467
1397
1397
1397
1397
1467
1886
1397
1397
978
1466
1466
1956
1397
2375
1467
1397
1886
1466
977
1397
1397
1467
1466
1466
1397
1397
1466
977
1466
1467
1466
1396
1396
1885
1397
1467
1467
1466
1397
1466
1467
1397
1467
1397
1467
1467
1466
1397
1467
1397
1397
1396
1397
1467
18578
1396
2375
1397
1396
1397
1466
1397
1885
1397
1467
1816
1885
1886
1467
1467
908
1467
1397
1397
1466
1467
907
1397
1467
1397
1885
1886
1397
978
1467
1397
1396
1886
1397
1397
1886
1397
1956
1396
1467
1397
1886
1467
1397
1886
1466
1396
1397
1466
1886
1467
1955
1886
1397
1886
1467
1886
1466
1886
1396
1397
1467
1467
1467
1397
1467
1396
1886
1397
1467
1397
1397
978
1467
978
1467
1467
2304
1397
908
1397
1397
1467
1397
1397
1466
1466
1397
1397
1956
1466
1397
1397
1467
1397
1955
1467
1816
978
1467
908
1397
978
1397
1397
1397
1886
1397
1396
1466
1467
1466
1467
1397
1397
1956
1397
1466
1397
978
1397
1397
1397
1467
1397
1467
1466
1396
1467
978
1397
1397
1397
1396
1955
1467
1396
1467
1467
978
907
1467
1396
1467
1467
1886
1886
1466
1886
1467
1396
1466
1467
1396
1467
1466
1397
1466
1396
1467
1397
1956
1467
1467
1397
1397
1397
1397
1466
1397
1397
1467
1886
1466
1397
1466
1466
1396
1467
1397
1397
1467
1467
1466
1466
1397
2375
1396
1397
978
1396
1466
1467
1466
1397
1397
1397
1397
1467
1467
1397
978
1466
1885
1466
1397
1396
1466
2375
1467
1467
1397
1397
1467
908
1397
1397
1886
1467
1397
908
1397
1396
1816
1885
1467
