1886
1885
1467
1397
1956
1397
1467
1956
1467
1397
1467
1466
978
1466
1956
1467
2934
1467
1956
1886
1467
1467
1467
1466
1397
1886
1397
1466
1467
1467
1466
1397
1886
1397
1397
1467
978
1397
1467
1467
1397
1467
1397
1466
1397
1397
1956
1397
1467
1466
1397
1467
1397
1467
1467
1397
1467
1886
1956
1466
1467
1467
1467
1467
1467
1397
1397
1397
1885
1397
1467
1397
1466
1467
1467
1467
1397
1397
1467
1397
1397
1467
2934
1397
1397
978
1397
1886
2375
1397
1467
1467
1397
1397
1467
1466
1956
1397
1467
978
1397
1397
1956
1466
1397
1467
1397
1397
1397
1467
2445
978
1397
1955
1397
1467
978
1397
1397
1397
1467
1397
978
1467
1397
1467
1397
1466
1397
1397
1397
1886
1886
1467
1467
908
1466
1397
1467
908
1467
1397
1886
1466
1467
1467
1397
1467
1397
978
1886
1886
978
1397
1397
1467
1955
1397
1467
1397
1467
1886
1467
1397
1397
2375
1466
1467
1397
2445
1467
1817
1956
1397
1956
1467
1467
1467
1466
1397
1467
1397
1886
1397
2305
1467
1397
1886
1397
1886
1886
1467
1885
1886
1955
1397
1467
1816
1956
1956
1886
1467
1397
1397
1467
2933
1467
1397
1467
1467
1397
1397
1886
1466
1397
1397
1886
1956
1397
1467
1397
1467
2305
1886
1886
1956
1397
1397
978
1466
1466
1467
1466
1956
1886
1886
1467
1886
1397
1397
1467
1397
1886
1886
1467
1886
1886
1397
1886
1397
1956
1467
1397
1886
1397
1397
1397
1956
1886
1886
1467
1397
908
1956
1467
1886
1886
1886
1466
1886
1397
1955
1886
1467
1397
1467
1396
2305
1397
1397
1467
2794
1467
1397
1467
1467
1467
1467
1397
1466
1816
1397
2444
1885
1397
1397
1467
1397
1467
1397
978
1467
1467
1397
1397
1467
1956
1397
1467
1467
1467
1396
1816
1466
1397
1466
1467
1397
1397
1886
1886
1397
1467
1466
909
978
1467
1397
1467
1467
978
1467
1467
1397
1467
1466
1397
1397
1467
1467
1467
1467
1956
1466
1397
1467
1467
2445
1886
1397
1886
1467
1467
1397
2375
1467
1397
1467
1397
1397
1397
1397
1467
1467
1467
1397
2375
1397
1397
1467
1397
1885
1397
1886
1397
1886
1466
1886
1397
1467
1397
1397
1886
1956
1467
1397
1467
1467
1886
1397
1467
1886
978
1397
1467
1397
1397
1466
1397
1397
1397
1397
1467
1397
1397
1467
1397
1467
1467
1467
1467
1397
1886
1397
1397
1397
1467
1397
978
1397
1466
978
1397
1397
1467
1886
1467
1397
1397
1956
1397
1397
1397
1467
1467
1467
1467
1397
1467
1467
1397
1467
1886
1467
1467
1397
1397
1397
1467
1467
1397
1467
1397
1396
1467
1397
1466
978
1397
1466
1467
1397
1467
1886
1467
1397
1397
978
1955
1886
1467
1467
1466
1397
1467
1397
1886
1397
1467
1397
1397
1397
1397
1467
1467
1467
1467
1467
1467
978
1397
1397
1816
1886
1397
1955
2375
1886
1397
1397
1467
1467
1467
10477
1397
2444
1467
1886
1956
1467
1397
1397
1886
1466
1467
1397
1467
1467
1466
1397
1886
1467
2375
1466
1886
1886
1817
1886
1467
1467
1956
1816
2375
978
1956
1397
1467
1467
1467
1397
1886
1397
1886
1886
1467
1886
1467
1467
1397
1886
1816
1397
2375
1397
1467
1467
1397
1397
1886
1816
1467
1467
1397
1466
1397
1397
1886
1397
1466
1467
1397
1467
1397
1397
1397
1397
1397
1397
1886
1467
2375
1397
1397
1397
1397
1886
1956
1886
1397
1886
1397
1397
1397
1467
1956
1397
1397
1467
1397
1886
908
1397
1886
1466
978
1886
1467
1397
1886
1467
1397
1397
1886
1466
1955
1467
1886
1397
1816
1397
1397
1886
1956
1816
1886
1397
1397
1467
1397
1467
1397
1467
1886
1467
1467
1467
1466
1397
1397
1397
1397
1467
1467
1397
1397
1467
2305
1467
1467
1886
1397
1886
1397
1467
1397
1886
1397
1886
1466
1956
2445
1397
1467
2374
1466
1397
19697
1886
1467
1397
1466
1466
1467
1956
1397
1397
1886
1466
1467
1397
1397
1397
1467
1467
1397
1886
1397
1467
2375
1886
1397
1467
1886
1886
1816
1397
1467
1397
1956
1886
1397
1467
1397
1886
1886
1397
1466
1397
1816
1886
1397
1467
1397
1955
1886
1397
1396
1886
1397
1467
1467
1886
1467
1397
1467
1886
1467
1886
1466
1397
1397
1467
1397
2445
2375
1397
1397
1467
1886
1467
1397
1956
1956
1397
978
1886
1467
1467
1467
1397
2445
1397
1956
1397
2864
1397
1467
1397
1956
1467
1886
1467
1397
1397
978
1397
1467
1467
1467
2305
1886
1397
1397
1816
1467
1467
1467
1467
1397
1397
1397
1397
1467
1466
1397
1397
1397
1466
1886
1886
1467
1467
1956
1397
1467
1397
1397
1466
1397
1467
1816
1956
1886
1816
1397
1397
1467
1955
1467
1397
1467
1886
1397
1467
1467
1397
1886
1886
1397
1397
1886
1467
1886
1467
1397
1467
1397
1956
1466
1886
1467
1955
1955
1397
1397
1467
1397
1467
1397
1397
1397
1467
1955
1467
1467
1397
1467
908
1886
1397
1397
1886
2375
1467
1467
1397
1397
1467
1397
1397
1955
1886
1397
1467
1397
2794
1397
1397
1397
1397
1397
1467
1467
1467
1886
1397
1467
1397
1466
1467
1467
1816
1466
1467
1397
1467
1397
1467
1886
1956
1397
1397
1466
1397
1397
978
1466
1397
1397
1397
1397
1816
1467
1397
1397
1467
1467
1886
17253
1956
1886
1886
1467
1886
1886
1467
1467
1467
1397
1397
1956
1397
1397
1397
2375
2375
1886
1397
1467
1886
1885
1886
1397
1467
1467
1397
1397
1467
1467
1885
1397
1467
1397
1397
1397
1466
1397
1956
1467
1467
1467
1397
1886
1397
1397
1397
2445
1466
978
1467
1397
1397
1467
1397
1467
1467
1397
908
1467
1467
908
1397
1397
1467
1397
1397
1397
1397
1467
1397
1886
1397
1397
1467
2375
1397
1467
1467
1397
1467
1397
1397
1956
2375
1397
1397
1397
1467
978
1467
