1397
1397
2445
1397
1397
1397
1467
1467
1467
1397
1397
978
1956
1886
1397
1467
1397
1397
1467
1467
1397
1466
1467
1886
1886
1467
1397
1397
1397
1397
1467
1467
1467
1467
1467
1467
1397
1397
977
1467
1397
1466
1397
1397
1956
1397
1397
1397
1397
1467
2445
1886
1397
1467
1467
1397
1467
1397
1467
1397
978
1467
1885
1397
30036
1886
1397
1467
1397
1886
1467
1886
978
1397
1467
1466
1467
1397
1397
1466
1397
1466
1466
1397
1467
1467
1467
1397
1467
1397
1466
1886
978
1467
1467
1467
1397
1397
1397
1886
1397
1467
1397
1886
1467
2445
1466
1467
1397
1467
1397
1886
1397
1398
1467
1467
1466
1397
978
1466
1886
1397
1886
1956
1467
3283
1397
1956
1397
1467
2445
1467
1397
1467
1397
1397
1467
1397
1956
1956
1397
1397
1397
1397
1397
1397
1955
1397
1397
1467
1467
1467
1467
1467
1467
1467
1886
1467
1397
1467
1886
1397
1397
1397
1886
1956
1886
1397
1467
1397
1467
1397
1397
2305
1886
1467
1956
1467
1397
908
1397
1886
1397
1467
1397
1816
1886
1817
1467
1467
1397
1886
1467
1466
4680
1466
1467
1886
1466
1467
1397
1467
1397
978
1466
1397
1467
1467
1467
1886
1956
1397
1397
1467
1397
1466
1886
1397
1397
1397
10548
1397
1467
1955
1397
1467
1467
1467
1397
1886
1397
1467
1467
1397
1467
1467
1467
1397
1397
1467
1397
1397
1397
1397
1467
1397
1467
1397
1397
1956
1397
1467
1397
1955
1467
1467
1956
1397
2864
1467
1397
1397
1397
1886
1467
1467
1397
1467
1467
1467
1397
1397
1397
1467
1397
1397
1397
1397
1467
1467
1467
1956
1397
1467
1467
1955
1466
1397
978
1397
1397
1397
1397
1397
1467
1397
1397
1397
1397
1886
1397
1467
1467
1397
1886
1397
1467
1467
1467
1397
1467
2375
2445
1397
1466
1467
1466
1886
1467
1397
1886
1467
1466
1467
1397
1467
1466
1467
2375
1467
3702
1886
1397
1886
1397
1467
1397
1397
1816
1956
1467
1467
1886
977
1467
1397
1397
978
977
1397
1397
977
1886
1397
1956
1467
1397
1397
1397
2375
1886
1885
1397
1397
1467
1397
1397
1956
1956
1467
1466
1397
1467
1467
978
1397
1886
1467
1886
1467
1956
1397
1467
1397
1397
1397
1467
1397
1466
1397
1467
1397
1467
1467
978
1397
1956
1397
1886
1467
1467
1886
1467
1397
1467
1397
1397
2375
1397
1397
1397
2445
1397
1467
1886
978
1397
1886
1886
1467
2305
1467
1467
1466
1466
1467
1467
908
1467
1466
1397
1397
1397
978
1956
1397
1397
1467
1397
1397
1467
1467
1466
1467
1467
1886
1467
1467
1397
1955
1467
1397
1886
1467
1397
1466
1397
1886
12853
1397
1467
1467
1466
1467
1397
1467
1467
1886
1955
1466
1886
1886
1397
1467
1466
1398
1397
1467
1397
1467
1467
1397
1397
1467
1397
1397
1397
1467
1397
1956
1397
1886
1466
1397
1397
1397
1397
1886
1397
1467
2375
1467
1397
1467
1397
1397
1467
1886
1467
1397
1397
1397
1886
1467
1397
1467
1467
1467
908
1397
1397
1397
1956
1467
1467
1467
1397
1397
1397
1886
1816
1467
1467
1467
908
1397
1397
1397
1397
1397
1956
1467
1467
1467
2445
1467
1397
1467
1397
1397
1397
1467
1467
1886
2445
1397
1886
1397
1397
1467
1397
1467
1397
1397
1397
2375
2305
1466
1956
1467
908
1886
1467
1467
1467
1397
1467
1886
1397
1397
978
1397
1886
2375
1397
1467
1467
1467
1397
1886
1397
1397
1397
1397
977
1397
1466
1397
1397
1397
1466
2375
1467
1467
1467
978
1397
1816
1397
1467
1467
2375
1397
1397
1397
1467
1467
1467
1467
1397
1397
1397
1397
1466
1955
1397
1467
1467
1397
1467
1467
1397
1397
1397
1467
1397
1397
1397
1397
1467
1467
1397
1886
1397
1467
1397
1886
1467
978
1467
1467
1397
1397
1397
1467
977
1467
1397
1397
1466
978
1397
1397
978
1397
1886
2375
978
1397
1397
1467
1886
1467
1467
1397
1397
1886
1886
1397
1955
1397
1467
1397
2375
1397
1397
1397
1955
1467
1397
1397
1397
1397
1397
1397
1467
1467
1466
1816
1397
1467
1397
1397
978
1467
1397
1397
1467
1397
1397
1467
1397
1397
1397
1397
1397
1467
1397
1467
1467
978
1467
1397
1467
1467
1467
1397
1397
1467
1466
1397
1397
1467
1397
1467
1467
1467
1397
1467
1466
1397
1397
1467
908
1397
1397
1397
1886
1886
1397
1397
1397
1397
1467
1397
1886
1467
1467
1467
1886
978
1467
1397
1397
978
1886
1886
1467
1397
1397
1886
978
2375
1467
1397
1467
1397
1467
1397
1467
1955
1397
1397
1467
1397
1397
1467
1397
1397
1886
1956
1955
1397
1466
2445
1467
1467
2305
1886
1886
1955
1397
1397
1886
1467
1397
1467
1885
1886
1397
1467
1886
1467
1397
1397
1397
1886
1886
1397
1397
1397
1467
1886
1467
1467
1886
1467
1886
1397
1956
1886
1467
1467
1397
1397
1467
1956
1467
978
1397
1397
1397
1956
1886
1467
1467
1397
1397
1467
1467
1467
1467
1397
1956
1467
1397
1467
1467
1466
1397
1397
1886
1397
2305
1397
2375
1956
1397
1886
1817
2305
1397
1397
1397
1397
1956
1467
1466
2375
1397
1467
1467
1397
1467
1467
1467
1886
1397
1397
1397
1397
1886
1956
1467
1467
1467
1467
1816
1398
1467
1397
1467
1955
1397
1466
1397
1397
978
1886
1467
1467
2375
1397
1467
1886
1886
1397
1467
1397
1397
1467
1467
1397
1956
1397
1397
1886
1467
1466
1886
1397
1467
1886
1397
1397
1467
1467
1397
1397
1397
2375
1886
1397
1886
1467
1467
1466
1397
2305
1397
1397
1467
1467
1397
1467
1397
1886
1956
1467
1467
1886
1467
1397
1397
1397
1956
1397
1467
1955
978
1397
1467
1397
1397
1886
2445
1397
1397
1467
1467
2305
1467
978
1467
1955
1956
1467
1397
1466
1467
1467
1397
1467
1397
1397
1886
1467
1467
1397
1467
