1886
1886
1466
1397
1396
1467
1886
1327
1397
1466
1397
1466
1956
1397
1397
2304
978
1467
1397
1397
1396
1466
1467
1467
1397
1466
1397
1467
1397
1397
1396
1397
4190
1397
1885
1396
1886
1467
1467
2375
1396
1467
1397
1467
1467
1397
1396
1397
1467
1397
1886
1397
1397
1467
1397
1466
1885
1467
1397
1466
1397
1397
2375
1466
1397
1466
1397
1467
977
1466
1396
1467
1467
1466
1396
1467
1467
1397
1466
1886
1956
1466
1397
1467
1885
1955
1397
1467
1467
1885
1397
1397
1466
1467
1397
1467
1397
1886
1467
1396
1397
978
1397
1885
1886
1467
1396
1397
1886
1397
1396
1467
1397
1396
1956
1397
1467
1466
1397
2445
2445
1396
2305
978
1886
1397
1886
1467
1397
1466
1467
1467
1466
1466
1397
1397
1885
1467
1467
1467
1467
1956
1466
1466
1467
1397
1466
1956
1466
1467
1467
1885
1466
1467
1956
1816
1467
1396
1397
1956
1397
1885
1955
1885
1396
1467
1467
1956
1467
1397
1467
1397
1467
1396
1397
1397
977
1397
1467
978
1886
1397
1886
1816
1467
1466
1886
1886
1467
1397
1396
1397
1397
1397
1397
1397
1886
1466
1816
1396
1886
977
1397
1396
1397
1397
1467
1397
1816
1397
1397
1886
1467
1397
1397
1397
1466
1466
1397
1467
1886
1397
1955
1397
1885
1956
1467
1397
1885
1396
1467
1397
1397
1396
1956
1397
1466
1397
1886
1397
1466
1397
1885
1467
1886
1956
1466
1885
1467
1397
1886
1397
1397
1396
1466
1956
1467
1885
1466
1466
1956
1886
1885
1397
1816
1885
1467
1396
1397
1467
1397
1816
1956
1467
1467
1397
2305
1466
1467
978
1397
1466
1397
1397
1396
1327
1466
1467
1397
977
1397
1397
1397
1397
1396
1397
1396
1955
1397
1397
978
978
1397
978
1886
1885
1956
2445
1397
977
978
1397
1397
1397
1397
978
1467
1467
978
1467
1886
1886
1466
978
978
1467
1397
1467
1466
1955
1886
1396
1466
1397
1467
1886
1397
1397
1955
1397
1397
1397
1886
1397
1956
1397
1467
1467
908
1396
978
1467
1467
1956
1396
978
1397
1397
1397
1397
1397
1467
1397
1816
1467
1397
1467
1397
16622
978
1467
1397
1885
11035
1816
1467
1397
1467
978
1886
1397
1467
1956
1467
1886
1397
1467
1397
1467
1467
1466
1396
908
1466
1467
978
1467
1397
1397
978
1955
1467
1467
1467
1467
1816
1467
908
1397
978
1397
1466
1956
1397
1956
12362
1397
1397
1396
1397
1467
1955
1956
1467
2374
1397
1466
1886
1467
1467
1397
1397
1466
1956
908
1397
1467
1466
1467
2304
1466
978
1466
1397
1397
1397
1466
1397
1397
1467
1397
2304
1886
1955
1956
1466
1397
1467
1466
1397
1397
1956
1886
1467
1397
1886
1397
1816
1397
1467
1397
1467
1885
1886
1886
1397
1886
1397
1467
1467
1886
1397
1467
1467
1397
1397
1397
1466
1467
1466
1467
1397
1467
1466
1397
1955
1466
1467
1886
1466
1397
1467
1466
1467
1467
1467
1467
1397
1466
1467
1466
2305
1396
1397
1397
2374
977
17600
1397
1397
1397
1467
1467
1397
1397
1467
1885
1956
1955
1886
1956
1467
1467
1467
1467
1467
1397
1397
1466
1397
1466
18298
1467
1467
1397
1466
1396
1466
1397
1467
1816
1467
1467
1397
1397
1955
1466
1886
1396
1396
1885
1886
1886
1467
1467
1886
1397
1467
1885
1467
1467
1467
1886
1397
1816
1397
1886
1397
1466
1397
1886
1466
1467
1467
1397
1886
1467
1397
1397
1885
1466
978
1467
1466
1397
1397
1397
1397
1467
1815
1397
1397
1466
1397
1467
1397
1886
978
1466
1397
1956
1397
1466
1397
2375
1397
1467
1886
1396
1397
1466
1466
1467
1886
1466
1396
1397
1397
1815
1886
1467
978
1467
1467
1885
1397
1886
2305
1397
1467
1397
1467
3911
2375
1396
1397
1397
1466
1396
1397
1816
1397
1467
1397
1397
1397
1397
1397
1396
1397
1397
1467
19974
1467
1397
1466
1886
1396
1467
1397
1466
1466
1467
1816
1885
1956
1397
1467
1397
1397
1396
1886
1886
1956
1396
1467
1467
1397
1466
1467
1397
1467
2374
1397
1397
1467
1467
908
1396
1397
1467
1466
1886
1397
1467
1466
1885
1886
1955
1886
1466
1467
1397
1886
2375
1397
1467
1467
1397
978
1467
1466
1466
1467
1397
1467
1396
1397
1397
1397
1885
2374
1467
1397
1467
1467
1467
1886
1885
1956
1467
1467
1467
1886
1886
1397
1467
1956
1886
2794
1886
1466
1397
1886
1396
1397
1885
1397
1886
1397
1397
1397
1397
1467
1467
1466
1397
1467
1396
1397
1466
1467
6774
1397
1397
1467
1397
1397
1886
1397
1397
1397
1886
1467
1467
1467
1467
2375
1397
1397
1396
1467
1396
1397
1397
1397
1955
1886
1397
1397
1466
1466
1397
1885
1886
1467
1467
1467
978
1467
1397
1467
1397
1397
3352
1397
1886
20464
1466
10336
1467
1886
1467
1397
1396
1466
1397
1397
1467
1397
1466
2444
1886
1467
1397
1397
1397
1397
1467
1466
1466
1467
1397
1816
1467
1886
1816
1467
1467
1467
1955
1886
1467
1816
1467
1886
1886
1466
1467
1396
1467
1396
1467
1466
1816
1397
1397
1397
1397
1396
1396
1397
1886
1467
1396
1396
1397
2445
1397
1397
1397
1467
1467
1397
1397
978
1397
2374
1396
1886
1467
1396
1466
1397
1466
1467
1467
1467
1466
1397
1467
1467
1397
1397
1886
1467
1397
1466
1397
1955
1886
1467
1886
1467
2375
978
1467
1886
1467
1397
978
1886
1396
2375
1397
1396
1397
1466
2375
1397
1956
1886
1466
1816
1886
1467
1397
1397
1397
1397
1397
978
1397
908
1886
1466
1396
978
2374
2374
2445
1397
1396
1397
1396
1467
1397
1885
1467
1397
1396
1467
978
1466
1397
1467
1467
1885
1466
1466
1397
1467
1397
1467
1466
1396
1397
1397
1397
978
1397
1467
1397
1397
1467
1397
1466
1886
977
1467
1467
978
1467
1467
2374
977
1886
1397
2305
978
