1467
1467
1397
1397
1397
1397
1467
1398
5308
1467
1467
1467
1467
1397
2305
1397
978
1467
1397
1886
1467
2376
1398
978
978
1816
1397
1397
1467
1887
1397
1397
1467
1397
1397
1467
1397
978
1467
1397
1397
1397
1467
1467
1467
1886
1467
1397
1397
1467
1956
1397
1397
1886
1397
908
1467
978
1467
1467
1397
1397
1467
1467
1467
1955
1467
1467
1397
1886
1467
978
1397
1397
1397
1886
1397
1886
1397
1467
1467
1467
1467
1467
1467
1467
978
1467
1397
1956
1467
1397
1467
1886
1467
1397
908
1397
1887
1886
1397
1467
1956
1467
1398
1397
1397
1467
1397
1467
1397
1397
1397
1467
1397
1397
1397
1956
1467
1397
1817
1466
1398
1467
1397
1397
978
1886
1886
1886
1397
1956
1467
1397
1467
1397
1397
1398
1397
1467
2306
1467
1467
1467
1886
1467
1467
1397
1886
1467
1956
1886
1467
978
1467
1886
1886
1397
1886
1397
978
1886
1956
1397
1397
1467
1467
1467
1467
1467
1397
1397
1397
1397
1956
1886
1956
1956
1467
1467
1467
1467
1467
1467
1397
1397
1397
1467
1467
1956
1467
1887
1467
1886
1327
1467
1467
1467
1397
2445
1467
1398
1397
1956
1397
1397
1467
1397
1886
1467
1397
1397
1398
1467
1467
1397
1397
1397
1467
1886
1886
1397
1397
1467
1397
1397
1886
1398
1397
1817
1956
1467
908
1956
1397
1467
1397
1467
1467
1397
1467
1397
1397
978
1397
1397
1397
1886
1467
1956
1886
1398
1467
1886
1397
1397
1397
1397
1397
1467
1467
1397
1397
1397
1398
1956
1467
2306
1467
1467
1397
1887
1397
1397
1956
1886
1397
1467
1467
1467
1467
1467
1397
1397
1467
1397
1397
1397
1467
1886
1467
1886
1397
1397
1397
1397
1397
1467
2375
1397
1397
1467
1397
1467
1467
1398
1397
1467
1467
1956
978
1467
1397
1886
1886
1467
1397
1397
1467
1467
1397
2375
1467
1397
1467
1398
1467
1467
1886
1467
1887
1467
1397
1397
1467
978
1397
1467
1467
1398
1467
1467
1467
978
1886
1467
1886
1467
1467
1956
1397
978
1397
1397
978
1467
1467
1467
1397
1397
1397
2375
1467
1467
1397
1466
1466
1956
1397
1398
978
1467
1467
1886
1398
1886
1467
1397
1886
1397
908
1397
1398
1397
1467
1467
1397
1467
1467
1467
1467
1398
1467
1816
1397
1467
1467
1467
1467
1886
1467
1467
1397
1467
1397
978
1467
1397
1397
1886
1397
1398
1397
1886
1467
1467
3702
1886
1467
1397
1467
1467
1397
1467
1397
1886
1397
978
1397
1467
978
1397
978
1467
1397
1398
1467
978
1397
1397
1397
1956
1397
1956
1886
1397
1467
1956
1397
1397
1397
1397
1397
1886
1467
1397
1397
1397
1956
1467
1956
1397
908
1397
1397
5658
1397
1886
1816
978
1886
1886
1467
1886
1467
1467
1886
1886
1397
2305
1397
1467
1467
1467
1886
1886
1956
1467
1397
1397
1886
1886
1886
1467
1397
1886
1886
1467
1397
1886
1886
1816
1886
1956
2445
2864
1886
1886
1467
1397
1886
1397
1956
1887
1956
1886
1467
1956
1886
2375
1956
2306
1886
1397
1397
1886
1886
1886
2375
1817
1397
1397
1467
1886
1397
1467
1467
1397
1397
1397
1886
1956
1397
1816
1467
1398
1467
1886
1956
1397
1467
1397
1467
1397
1467
1397
1467
1886
1467
1397
1467
1397
1397
1467
1397
1397
1467
1886
2305
978
1397
1397
1956
1886
1467
1886
1467
1397
1467
1397
1467
1816
1467
1886
1886
1886
1397
2375
1397
1886
1886
978
1397
1816
1467
1955
1467
1466
1886
1467
1956
1467
1467
1467
1467
1886
1956
1467
1955
1886
1397
1397
978
1467
1886
1886
1467
1397
1397
1886
1466
1886
1397
1467
1397
1397
1467
1466
1397
1397
1886
1397
1467
1467
1397
1397
1397
1398
1467
1397
1467
1886
1467
1467
1398
1467
1397
1467
2305
1467
1397
1956
1467
1397
1467
1467
1886
1467
1467
1467
1467
1467
1398
1816
1467
1397
1397
1466
1467
2445
1886
1397
1397
978
1397
1397
1398
1397
1467
978
1467
1398
2375
1397
1886
1397
978
1467
1397
1956
1397
1397
1467
1467
1397
1467
1397
1397
1398
978
1467
1467
1467
1397
1397
1466
1397
1467
1467
1956
2375
1467
1886
1397
908
1397
1397
1397
1397
1398
1397
1467
1467
1467
1467
1397
978
1816
1886
1397
1397
977
1466
1467
1467
1467
1397
1397
1956
1467
1467
1467
1397
1398
1397
978
1397
1466
1467
1886
1817
1886
1397
1397
1397
1397
1397
1467
1467
908
1398
1467
1397
1397
1467
1956
1887
1397
1467
1467
1467
1467
978
1467
1886
1397
1467
1397
2305
1397
1886
1397
1467
1467
1467
1397
908
1397
1467
1466
1886
1467
1397
1467
1886
1467
1467
1816
1955
1467
2306
1397
1467
1467
1397
1886
1886
1886
1467
1467
1467
1466
1467
1467
1467
1397
1467
1467
1397
1886
1886
1397
1397
1467
1397
1467
1397
1956
1398
1467
1467
978
1956
1886
1467
1956
1886
1397
1467
1397
1397
1956
1467
978
1467
1397
1467
1467
1467
1467
978
1467
1397
1956
1467
2375
1397
1467
1397
1397
1397
1886
1397
1886
1886
1956
1397
17254
1467
1397
1397
1956
1956
1956
1398
1398
978
1886
1467
1886
1886
1467
1956
1397
1467
1467
1397
2375
1886
1956
908
5379
1816
1816
1397
1466
1886
1397
1886
1397
1467
1886
1886
1397
1956
1467
1397
2375
1886
1466
1886
1467
1397
1397
1956
1886
978
2376
1467
1467
2445
1467
1467
1467
1886
1886
1956
1886
1886
1816
1956
1886
1397
1398
1397
978
1956
1886
1467
1886
1467
1886
1397
1886
1467
1467
5239
1397
1467
1397
1467
2375
1467
1886
2375
1886
1956
1397
978
1816
1886
2305
978
1467
1467
978
1467
1467
1817
1956
2375
1467
1467
1886
1467
1467
1886
1956
1886
1956
1467
1398
1467
1887
1956
1956
1467
1886
1397
1467
1467
1887
1886
1886
1467
1467
1816
1886
1467
1886
