1397
1397
1397
1467
1467
1886
1467
1397
1397
1467
1467
1397
1397
1886
1816
1467
2864
13970
1467
1398
1886
1467
1956
1467
1886
1397
1397
1397
1397
1466
1467
1397
1467
1397
2445
1467
1467
1467
1397
1397
1397
1397
1886
1817
1397
1467
1467
1397
1467
1816
1956
1397
1467
1467
1467
1467
1956
1397
2445
1397
1397
1467
1397
1467
1397
1467
1397
1886
1956
1397
1467
1886
1398
1467
1397
1397
1817
1886
1467
1467
1467
1467
1397
1956
1397
2375
1467
1397
1467
1466
1816
1397
1397
1397
1467
1397
1397
2375
1467
1886
1467
1398
1467
1467
1467
1467
1467
1467
1886
1467
1397
1955
2375
1886
1397
1886
1398
1467
1467
1397
1886
1397
1467
1397
1467
1467
1397
1398
1397
1467
1467
1886
1467
1886
1397
1467
1467
1467
1467
1397
1956
1467
1467
1467
1467
908
1397
2375
1886
1397
1397
2375
1397
1467
1397
1886
1397
1397
1467
1886
1467
1397
1886
1397
1467
1886
1397
1398
1467
1397
1816
1467
2305
1397
2305
1886
1397
1397
1886
1467
1397
2305
1886
1397
1466
1886
1397
1886
1397
1467
1467
1886
1397
1397
1397
1467
1816
1886
1397
1956
1397
1887
1397
1955
1467
1466
1467
1467
1397
1467
1397
1886
1466
1397
1397
1397
1397
1467
1466
1397
1397
1397
1886
1886
1467
1397
1397
1397
1467
1816
1397
1886
908
2375
2375
1397
1398
1467
1886
1956
1816
2375
1886
1956
1886
1886
1467
1467
1956
1467
1467
1397
1467
1467
1886
1467
1467
1397
1886
1467
1397
978
1467
1397
1886
1467
1397
1467
1397
1886
1397
1467
1467
1397
1956
1467
1467
1467
1397
1467
1956
1397
1397
1397
1886
1397
1397
1397
1886
1466
1397
1397
1397
1397
1397
1397
1467
1467
1397
1397
1467
1467
1397
1886
1886
1397
1956
1467
1467
1397
1397
1467
1397
1467
1397
1397
1467
1467
1397
1816
1467
1956
1467
2375
1397
1886
4261
1467
1397
1397
1398
1397
1397
1397
1467
1956
1397
1397
1467
1397
1397
2375
1397
1397
1467
1397
1886
1886
1397
1397
1467
1955
1398
1397
1397
1467
1397
1467
1467
1397
1467
1467
1467
1397
1886
1397
1397
1397
1397
1397
1397
1467
1397
978
1397
1467
1398
1467
1467
1467
1956
2445
1467
1397
1886
1956
978
1886
1397
1397
1467
1467
2375
1397
1467
1397
1467
1397
1397
1467
1397
1397
1467
1397
1816
1886
1886
978
1467
1397
1398
1467
1397
1956
1887
1467
1397
1397
1467
1397
1467
1467
1886
978
1886
1886
1887
1467
1886
1956
1886
1397
1955
978
1886
1397
1467
1467
1956
1467
1467
1467
1466
1956
1886
1397
1467
1886
1397
1466
1467
2445
1467
1467
1397
1467
1466
1467
1397
1467
1397
1467
1397
1397
2795
1397
978
1467
1466
1397
1397
1397
1956
1886
1467
1397
1397
1397
1397
1397
1467
1467
978
1467
978
1397
2445
1397
1467
1467
1886
1886
1886
1397
1466
1467
1397
1886
1467
978
1397
1397
1886
1467
1397
1397
1466
978
1397
1886
1397
1397
1397
1398
1467
1397
1956
1397
1467
1397
1397
1397
1886
1397
1397
1886
1467
1467
1467
1467
1397
1886
1397
1397
1467
1397
1467
1467
1467
1886
1886
908
1467
1467
1467
1397
1397
1467
1397
1397
1467
1467
1397
1467
1397
1467
1467
1955
1467
1397
1397
1466
1397
1397
1397
1467
1398
1886
1397
1467
1397
2375
1397
1397
2375
1467
1955
1397
1466
1397
1397
1467
1467
1398
908
1397
1467
1886
1397
1887
1467
1467
1886
1397
1397
1397
1397
1397
1886
1397
1886
1397
1397
1397
1886
1467
1397
1467
1886
1467
1467
1956
1397
1467
1467
1397
1467
1397
1397
1397
1397
978
1467
1397
978
1467
1467
1886
1397
1467
1397
1397
1467
1467
1397
1467
1466
1467
1466
1467
1466
978
1467
1397
908
2305
1886
1397
1467
1397
1467
1467
1397
1397
1397
1397
978
1467
1886
1467
1467
978
1397
1467
908
908
978
1398
1467
1398
1886
1467
1397
1397
1397
1398
978
1467
1467
1397
1397
1956
1397
1397
1886
1886
908
1467
1397
1397
1397
1397
1886
1467
1956
1398
1467
1397
1467
1467
908
1467
1397
1397
1397
1467
1467
1956
1467
1397
1467
978
1886
1397
1467
1467
978
1886
1467
1397
1467
1467
1886
1467
1398
1886
1397
1886
1397
978
1397
1397
1397
1467
1467
2445
1467
1397
1467
1397
1467
1397
1467
1467
978
1397
1397
1467
1397
1956
1467
1467
1467
1467
1398
1397
1397
1397
1467
1955
1397
1886
1467
1397
1397
1886
1467
2375
1467
1467
1467
1397
1467
1467
1397
1397
1397
1467
1397
1467
1467
1397
1397
1397
1397
1886
1397
1397
1467
1886
2305
1955
1397
1398
1467
1397
1466
1397
1886
1397
1397
1467
1466
1397
1467
1467
1467
1397
1467
1397
1886
1467
1816
1397
1397
1397
1886
1397
1397
1467
1397
1397
1397
2375
1886
2375
1397
1467
1467
977
1466
1397
1397
1397
1956
1886
1397
1467
1467
1397
1397
1467
2445
1467
1397
1886
1397
1397
1397
1956
1467
1397
1886
1955
1397
1467
1886
1397
1467
1397
1467
1397
1467
1397
1397
1466
1956
1467
1397
1397
2375
978
2375
1397
1397
1467
1467
1397
978
1398
1397
1467
1467
1397
1397
1886
1886
1397
1397
1397
1886
1467
1397
1397
1397
1467
1467
1467
1397
1397
1467
1398
1397
1467
1467
1397
1466
2444
1466
1886
1467
1886
1397
1466
1467
1467
1467
1397
1397
978
1886
1397
1397
2375
978
1467
1397
1397
1397
1397
1467
1467
1467
1467
1467
1397
1397
1397
1397
1397
1467
1467
1467
1397
1467
1886
1398
3213
1397
1467
1467
1467
1467
1466
1886
1467
1397
908
1397
1955
1397
1467
1397
1397
1397
1397
1397
1467
1467
2375
1397
1467
1466
1397
1886
1956
1397
1467
1397
1397
1816
1467
1467
1397
1467
1397
1397
1886
1886
1467
1397
1886
1467
1397
1467
1467
1467
1397
1467
908
