1467
2374
1467
1467
1467
1466
1467
1397
1397
1467
1397
1397
1467
1397
1397
1397
1886
1467
1397
1397
1467
1467
1397
1466
1467
1397
1467
1397
908
1397
1886
1397
1397
1397
1467
1467
1467
1467
1397
1467
1467
1397
1397
2934
1397
1398
908
1886
1397
1397
1886
1397
1467
1467
1397
1816
1466
1397
2375
1467
1886
1467
1398
1467
1397
1886
978
1956
1397
1467
1886
1397
1397
1467
1397
1397
1397
1467
1886
1956
1397
1467
1397
1397
1467
1397
1397
1467
1467
1397
1467
1397
978
1397
1397
1397
1467
1886
1397
1397
1467
1397
1467
1467
1886
1397
1397
1467
1467
1467
1955
1467
1467
1397
1956
1467
1886
1397
1467
1886
1467
1397
1397
1397
1467
1397
1467
1467
1956
1467
1397
1397
1467
1886
1397
1467
1397
1467
1467
1467
1397
1956
1886
1397
1886
1467
1397
1467
1467
1467
1397
1886
1397
1397
1397
1886
1817
1397
1886
1467
1467
1397
1397
1467
1886
1397
1466
1397
1467
1956
1886
1397
1886
1397
1397
1398
1397
1886
1397
1467
978
1467
1886
2375
1467
1467
1467
1397
1397
1397
1397
1397
1956
1467
1956
1467
16135
1467
1466
1397
1467
1467
1886
1397
1397
2375
1467
1467
1886
1397
1886
1467
1467
1397
1467
2444
1886
1397
1467
1397
2375
1467
1467
1886
1397
1397
1397
2306
1467
1467
1467
1467
1886
1397
1397
1886
1886
1886
1467
1397
1886
1397
1467
1886
1467
1467
1886
2375
978
1397
1817
1397
1397
1466
1886
1397
1467
1397
1397
1397
1467
2375
908
1467
1397
1397
1467
1397
1467
1397
1467
1397
1397
1467
1397
1397
1467
1467
1397
1816
1886
1467
1397
1467
1467
1397
1467
1466
1397
1956
1886
1397
1397
1467
1397
1397
1397
1467
1397
1467
1397
1397
1886
1397
1397
977
1397
1467
1886
1467
1397
1397
1467
1397
1397
978
1467
1397
2375
1397
1398
977
1467
1886
1467
1397
1397
1397
1885
1467
1397
1397
1467
1397
1398
1398
1397
1467
1886
2375
1467
1467
1467
1397
1397
1397
1886
1397
1467
1466
1467
1467
1816
1467
1467
1467
1467
1886
1397
1397
1467
1397
1397
1956
1886
1467
1467
1397
1886
1397
1956
1398
1397
1466
1397
1956
1466
1467
1467
1467
1955
1397
1467
1397
1397
1886
1397
1467
1397
978
1886
1956
1886
1886
978
1397
1956
1956
1886
1886
1397
1467
1467
1397
1397
1397
1956
1397
1397
1397
1397
1397
1397
1397
1467
1467
1467
1467
1467
1397
1397
1886
1886
1886
1467
1467
1467
1956
1397
1467
1466
1467
1956
1467
1397
1467
1816
1955
1397
978
1886
1397
1467
1467
1956
1397
1397
1467
1467
1467
1956
1397
1467
1467
1886
1886
1467
1956
1467
1467
1467
1467
1397
1397
1397
1397
1467
1397
1467
1467
1467
1397
1886
1397
1397
1886
1886
1397
1397
1956
978
1467
1886
1886
1467
1467
1467
1397
1397
2306
2375
1886
1397
1467
1467
1467
1397
1886
1397
1886
1467
1467
1467
2375
2445
1467
1467
1397
1467
978
1467
1397
978
1886
1467
1467
1956
1886
1397
1467
1397
1398
1397
1397
1467
2374
1467
1467
1397
18231
1397
1397
1467
1467
1956
1397
1397
1467
1886
1397
1397
1466
1467
1467
1467
1397
1466
1467
1397
1886
1467
1397
1886
1397
1397
1397
1397
1398
1397
1467
1397
1467
1467
1956
1467
2374
1886
1466
1397
1467
1397
1886
1467
1467
1886
1956
1467
1397
1466
1467
1467
1397
1397
1397
1886
1467
1467
1886
1397
1397
1397
1397
1397
1397
1467
1397
2375
1467
1467
1397
1467
1467
1467
1397
1397
1397
1397
1397
1886
1467
1467
1397
1467
1956
1467
1397
1397
1397
1397
1886
1397
1467
1467
1816
1397
1397
1467
1397
1467
1467
1467
1467
978
1397
1467
1816
1467
1397
1397
1467
1886
1467
1397
1397
1397
1467
1397
2305
1886
1886
1467
1886
1467
1397
1467
1467
1467
978
1397
1467
1397
1467
1397
1886
1397
1467
1397
1956
1397
1886
978
1467
1956
1397
2306
1886
1467
1397
1956
1397
1886
978
1467
1397
1466
1467
1886
1816
1886
1397
1397
1397
1397
1397
1397
2305
1467
1886
1467
1397
1466
1397
1397
1397
1397
1467
1466
977
1467
1886
1397
1397
1886
1466
1397
1886
1397
1466
1467
1466
2375
1467
1397
9639
1467
1886
1467
1397
978
1397
1397
1397
1467
1817
1467
1467
1467
1956
1467
2375
1466
1397
1886
1398
1467
1886
1466
1886
1397
978
1397
1956
1886
1397
1886
1397
2445
1467
1397
1886
1467
978
1467
1467
1397
1397
1467
1397
1397
2305
1397
1397
1397
1467
1397
1467
1397
1397
1467
1397
1467
1397
1397
1397
1886
1886
1397
1466
1467
1467
1956
1886
1397
1467
1467
1467
1467
1467
1397
1467
1397
1397
1886
2445
1397
1467
1886
1886
1397
1467
1397
1397
1397
1397
1886
1467
1397
908
1397
1886
1956
1398
1397
1467
1466
1467
1467
1397
1467
1397
1467
1397
2375
1886
1886
1467
1397
1467
1886
1397
1397
1397
2445
1467
1397
1467
1467
1397
1466
1955
1886
1467
1397
1467
1397
1397
1397
1467
1397
1397
1466
1466
1397
1467
1397
1885
1467
1397
1397
1397
1886
1397
1467
1467
1467
1397
1467
1886
1397
1397
1397
1886
2445
1886
1955
1466
1397
1886
1956
1397
1397
1956
1467
1397
1886
1467
1467
978
1397
1956
1397
1886
1467
1397
1397
1397
1397
1397
1397
1397
1397
1397
978
1466
1466
1397
1397
1467
2375
2374
1397
1467
1397
978
1397
1397
1397
2305
1397
1467
1397
1956
1397
1467
1397
1397
1886
978
1467
1467
1467
1397
978
1467
1886
1467
1467
1467
1397
2375
1397
2375
1397
1467
1467
1397
1397
1467
1467
977
1467
1467
978
1398
1397
1397
1397
1467
1886
1397
1467
1397
1397
1467
1397
1467
1466
978
1467
2444
1886
2445
1467
1467
1467
1956
1467
1467
1397
978
1886
1397
1467
1397
1397
1397
1886
1397
908
1467
