1397
1886
1467
1397
1397
1467
1397
1467
1397
1886
1398
1886
1397
978
1397
1467
1397
1397
1467
1467
1466
1956
1467
1956
1886
1467
1397
1397
1467
1467
1467
1397
1467
1397
1397
1397
1467
2794
1397
1397
1467
1397
1397
1467
1397
1467
1886
1397
1467
2375
1467
1397
1956
1467
1886
1397
1397
1467
1397
1467
1397
1467
1467
1956
1467
1467
1467
1467
1467
1467
1397
1397
1817
1467
1467
1467
1397
1397
1467
1467
1467
1467
1397
1467
1397
1955
1397
1397
1467
1467
1397
978
1467
1467
1467
1467
1397
1467
1467
1397
1398
1886
1397
1467
1397
1886
1956
1397
908
1397
1816
1886
1886
1397
1397
1886
2375
908
1397
1956
1956
1467
1397
1467
1886
1467
1397
1886
1886
1397
1397
1467
1467
1467
1886
1467
1467
1467
1467
1397
1886
1956
1467
1467
1397
1397
1886
1467
1467
1467
1397
1467
1886
1397
1956
1397
1886
1886
1816
1886
1467
1467
1816
1397
1956
1397
1467
1467
1467
1397
1467
1397
1956
1466
1886
1886
1397
1886
1467
978
1397
1467
1956
1397
1886
1816
1467
1397
1397
1467
1397
1467
1397
1398
1467
1467
1397
1467
1397
1467
1467
1467
1397
1397
1397
1467
1886
1397
1467
1397
1398
1467
1467
1397
1467
1467
978
1397
1397
1397
1397
1397
978
1886
1467
1467
1467
1467
1398
1467
1467
1467
1397
1397
1397
1466
1467
1397
1467
1467
1397
1466
1397
1466
1397
1467
1467
1397
2306
1397
1467
1398
1467
1956
1397
1467
1466
1397
1467
1955
1467
1886
1397
1467
2375
1467
1886
1467
1886
1397
1467
1398
978
1397
1886
1397
1467
1397
1467
1467
978
1397
1467
1397
1467
1956
1397
1467
1886
1397
1467
1397
1397
1397
1467
1467
1397
1467
1397
1467
1466
1467
1397
1467
1467
1397
1398
1467
1817
1467
1956
1956
1467
1956
1467
1397
1397
1467
1886
1397
1956
1886
1467
1397
1467
1466
1467
1397
1397
1467
1467
1397
978
1956
2375
1397
1397
1397
1397
1467
1397
1397
1466
1397
1467
1467
1467
1397
1397
1397
1397
1467
1467
1397
1467
1466
1467
1397
1397
1398
1956
1397
1467
1397
1397
1467
1467
1397
1466
1397
1956
1397
1467
1397
1397
1467
1397
1467
1467
1397
1467
1397
1467
1398
978
1467
1467
1467
1397
2375
2305
1466
1397
1955
1817
1467
1467
1467
2445
1467
1467
1397
1397
1467
1467
1397
1467
1397
1397
908
1397
1467
1397
1467
978
1467
1467
1397
1467
1467
1467
1956
1397
1956
1816
1886
1397
1397
978
1397
1397
978
1886
1886
1467
1467
1397
1397
1397
1397
1886
1956
1397
1466
1467
1956
1397
1467
1397
1887
1886
1467
1467
1397
1816
1467
1397
1467
1397
1397
1886
1397
1956
1397
1467
1397
1467
1467
1397
1467
1886
1886
2375
1467
1467
1397
1397
1397
1466
1467
1466
1467
2375
1467
1886
1397
1397
1467
1467
1397
1956
1467
1397
1397
1397
1397
1397
1397
1397
1397
1397
1397
1397
1467
1887
1467
2375
1886
1397
1816
1886
1398
1397
1467
1397
1397
1397
1886
1397
1467
1397
1397
1467
1397
1397
2445
1397
1886
1956
1467
1467
1467
1397
1467
1397
1467
1397
1467
1467
908
1397
1397
1467
1397
1397
1886
1397
1886
1397
1467
1886
1397
1467
1467
1467
1956
1397
1956
1397
1466
1467
1397
1955
1956
1956
2305
1398
1886
1886
1886
1467
1956
1467
1398
1397
1886
1886
1956
1467
1467
1956
1467
1956
1886
1397
1467
1397
1886
1467
1956
1397
1467
1467
1886
1397
1467
1886
1397
1467
22632
1886
1467
1398
1886
1467
1467
1886
1886
1397
1467
1467
1467
1466
1467
1467
1467
1397
1397
1467
1467
1467
978
1956
1886
2305
1467
1397
1467
1397
1467
1397
1467
1467
1467
1886
1886
1397
1467
1467
1467
1886
1397
1397
1886
1886
1397
1886
1397
1398
1467
1467
1397
1397
1397
1955
1397
1956
1467
1467
1886
1397
1467
1886
1397
1467
1397
1397
1956
1956
1886
1886
1956
1467
1467
1397
1397
1886
1397
1886
1467
1398
1886
1397
1466
1397
1397
1397
1467
1466
1467
2864
1886
1816
1467
1397
1397
1397
1398
2375
1467
1467
1886
1398
1467
1886
1397
1467
1467
1397
1397
1886
1397
1467
1397
1397
1397
2375
1466
1397
1886
1397
1956
1956
1467
1886
1467
1467
1397
1467
1467
1397
1467
978
1467
1816
1467
1467
1397
1467
1397
1816
1956
1398
1467
1397
1886
1467
1886
1886
1397
1397
1886
1467
1467
1467
1467
1467
1397
1397
1466
1397
1467
1397
1467
1467
1886
1467
1397
1467
1397
1816
1467
1397
1467
1467
1467
1397
1397
1397
1327
1467
1886
2445
1397
978
1467
1397
1467
1397
1467
1397
1397
1397
1397
1397
1467
1956
1467
2375
1467
1397
1467
1467
1467
1467
1467
1467
978
1397
1467
1886
1467
2375
1397
1467
1397
1886
1397
1886
1467
10129
1397
1397
1397
1466
1467
1956
1397
1887
1398
1397
12853
1397
1467
1467
1398
1467
1397
1467
1397
1886
1467
1397
1397
1397
1397
1467
1467
1886
1955
1397
1467
1397
1397
1886
1398
1467
1467
1397
1956
1886
1956
2445
978
1397
1397
1397
1467
1327
1466
1467
1467
1886
1397
1886
1397
1397
1397
2305
1467
1956
1467
1467
1397
1886
1467
1467
1886
1397
1397
1466
1467
1467
1397
1397
1467
1398
1886
1397
1467
1886
1467
1466
1397
1397
1467
1886
1956
1397
1397
1467
1398
1467
1467
1467
1956
1467
1467
1398
2375
1397
977
1886
1467
1397
1398
1886
978
1467
1467
1956
1467
1467
1397
1397
1467
1397
1467
1466
1886
1467
1397
1397
1397
1397
1467
1467
1398
1956
1956
1397
1397
1397
1467
1467
1397
1397
1397
1397
1467
1467
1956
1467
1467
1955
978
1886
1466
1467
1467
1397
1467
1467
978
1467
1466
1886
1886
1398
1397
2375
1886
1886
978
1467
1816
1467
1956
1397
1397
1467
1467
1467
1467
1397
1467
1886
1467
1466
2445
