1467
1816
1467
1956
1327
1397
1397
1886
1397
1956
1397
1397
1886
1886
1466
1886
1398
1397
1956
1397
1397
1886
1398
1397
1397
1956
1467
1956
1467
1467
1467
1886
1467
1467
1397
1467
1397
1467
1397
1397
1397
1467
1886
1467
1467
1397
1467
1956
1397
1397
1467
1397
1956
1467
1467
1886
1886
1467
1467
1397
1886
1467
1886
1467
1397
1397
1397
1467
978
1397
908
1467
1467
1467
1467
1467
1398
1397
1397
1397
1467
1398
1397
1467
1466
1956
1467
1398
1886
1397
1467
1398
1816
1467
1397
1887
1956
1397
1467
1397
1466
1467
1397
1886
1467
1467
1467
978
2305
1467
1467
1397
1467
1397
1397
1397
1466
1467
1467
1956
1397
1397
1467
1397
1467
1467
1467
1467
1397
1397
1467
1816
1397
1467
1397
1397
1467
1467
1467
1397
1398
1956
1467
1397
1467
1397
1467
1398
1467
1397
1956
1886
1467
1467
1397
1467
1467
978
1397
1397
1467
1956
1467
1886
2445
1397
1886
1467
1397
1397
1397
1467
1467
1467
1886
1397
1397
1397
1397
1956
1886
1467
1886
1467
978
1886
1886
1817
1887
1956
1467
1397
1467
1467
978
1397
1397
1466
1397
1467
1397
1886
1887
1397
1886
1956
1467
1397
1467
1397
1467
1886
1886
1398
1886
1397
1397
1886
1886
1397
1886
978
1467
1397
1467
1956
1467
1467
1886
1886
1397
1397
1956
1886
1397
1397
1886
1467
1397
1397
2375
1397
1397
1467
1467
1467
978
1397
1397
1467
1397
1816
1886
1397
1397
908
978
1816
1886
1397
1397
1886
1397
1397
1886
908
1397
1467
1397
1467
1467
1886
1886
1397
1467
1397
1467
1467
978
1398
1397
1397
1467
1397
1397
1886
978
1398
978
1397
1397
1467
1467
1467
908
1467
1397
1467
1397
1397
1467
908
1467
1467
1397
978
1397
1467
1467
1467
1466
1397
978
1467
1467
1886
1397
2375
2375
1397
11107
978
1467
1397
1397
1397
1467
2375
1956
1397
1467
1467
1467
1467
1467
1467
1397
1397
1397
1467
1397
1397
1467
1467
1397
1397
909
1467
1398
1467
1467
1397
1397
1467
1397
1467
1467
1397
1467
1467
1886
1467
978
1397
1467
1956
1397
1467
2444
1397
1886
908
1397
1398
1886
1467
978
1397
1397
1467
1467
1467
1467
1397
1397
1397
1467
1398
1397
1467
1398
1397
1397
1397
1398
1398
1397
1467
1467
1886
1467
1397
1397
1467
1397
1398
1397
1467
1397
1397
1467
1467
1887
1397
1397
1397
1397
1397
978
1397
1467
1467
1467
1397
1397
1397
1467
978
1467
1467
1467
1467
2375
1467
1467
1397
1467
1886
1467
1467
1466
978
2375
1397
1816
1397
1956
1397
1467
1397
1467
1467
1467
1886
978
1397
1886
1397
1467
1397
1956
1467
1955
1817
1467
1397
1397
1886
1397
2375
1956
1397
1397
1397
978
1397
1467
1467
1397
1467
2375
2376
11387
978
1397
1467
1467
1467
1886
1467
1886
1397
1397
1467
1467
1467
1397
1397
1398
1886
1397
1956
1398
1467
2375
1397
1467
1397
1467
1397
1467
1467
1398
1956
1886
1397
1467
1467
1397
978
1397
1817
1397
1397
1397
1397
1467
1397
1467
2306
1467
1467
1397
1467
1467
1397
1467
1467
1397
1397
978
1467
1467
1956
1397
1886
1397
1397
978
1397
1467
1397
1397
1397
1397
1398
1398
1397
978
1397
1467
1467
1397
1397
1956
978
1397
978
1397
1397
1397
1397
1886
1467
1397
1397
1397
1887
1467
1956
1467
1467
1467
1397
1467
978
1467
1397
1397
1886
1467
1397
1397
1397
1467
1397
1466
2375
1467
1397
1398
1467
1397
1467
1467
1956
1397
1467
1467
1886
1956
13273
1467
1397
1956
1397
1398
2305
1467
1398
1397
1886
1467
1886
1467
1397
1397
1886
1467
1886
1397
1398
1397
1467
1467
1467
2375
1467
1467
1397
1397
978
1467
1467
1467
1397
1467
1397
1467
1467
1956
1467
1467
1397
1467
1397
1467
1467
1397
1397
1886
1397
1397
908
1398
1467
1467
1467
1956
1397
1467
1398
1467
1397
1397
1467
1467
1467
1398
1397
1467
1467
1397
1467
1397
978
1886
1467
1467
1887
1956
1886
1397
1397
1886
1467
1886
1397
1467
1886
1467
1397
1467
1397
1467
1397
1397
1397
1397
1886
1397
1397
1397
2375
1887
1397
1398
1467
1956
1886
2306
1886
1397
1467
1886
1467
1956
1467
1467
1956
1956
1956
1397
1886
1886
13203
1955
1956
1467
1397
1398
2375
1398
1397
1397
1467
1397
2306
1467
1467
1956
1397
1886
1467
1467
1886
1887
978
909
1397
1397
1397
1956
1397
1886
1467
2305
1467
1397
1397
1397
1397
1397
1467
978
1816
1397
1398
2375
1397
1397
1467
1467
1467
978
1397
1398
1397
1467
1467
978
1397
1397
1467
1397
2864
1467
1397
1956
1886
978
1397
1398
1397
1397
1397
1397
1397
1467
1397
1397
1886
1397
3772
1886
978
1956
1886
1397
1467
1397
1397
1397
1397
1467
1467
1397
1397
1397
1397
1467
1397
1886
1467
1467
1467
1467
1397
1467
1886
1466
1467
1956
1467
1397
2375
1397
978
1887
1467
1467
1886
1397
1397
1398
1397
1397
1397
1397
1397
1397
978
1467
1467
1397
1397
1467
1398
1467
1397
1467
1886
1886
1397
1397
1397
1467
1397
1398
1886
1397
1467
1397
1397
1397
1467
1817
1886
1397
1467
1467
1467
1467
1886
1467
1467
1467
1467
1397
1398
1397
1467
1467
1397
1397
1398
1397
1397
1397
1467
1467
1397
908
1467
1397
1467
1397
1397
1467
1467
1398
1397
1466
1886
1886
1466
1398
1467
1397
1956
1397
1467
1397
1467
1886
1467
1886
1886
1467
978
1397
1397
1956
2375
1397
1467
1397
978
1467
1397
1397
1397
1397
1397
1398
1467
1397
1467
1467
1467
1397
1467
1886
1397
1397
1816
1466
1956
1397
908
1397
1467
2375
2375
978
1467
1397
1467
1467
1397
1397
2375
1397
978
1398
1886
1467
1397
1397
1397
1467
1467
1467
1397
1467
978
1467
1398
978
1467
