1466
1467
1397
1397
1396
1816
1467
1397
1397
1397
1467
1397
1886
1397
1397
1467
1397
1886
978
1467
977
1886
1467
1397
1397
1886
1466
1886
1397
1397
1397
978
1886
1467
1467
1467
978
1397
2445
1956
1397
1467
1397
1467
1467
1397
1467
1467
1397
1467
1397
1397
1397
1397
1886
1467
1467
1467
1397
1467
1467
1397
1886
1397
1397
1816
1467
1467
1467
1467
1467
1886
1397
1397
1397
1467
1397
1397
1886
1467
1467
1397
1467
1397
1467
1397
1396
1397
1397
1466
1886
1397
1886
1467
1467
1397
2375
1956
1956
1467
1467
1467
1467
1397
1397
1397
1397
1467
1467
1397
1467
1816
1397
1466
1397
1397
1467
1397
1397
1467
1467
1467
1467
1467
1397
1397
1397
1467
1467
1467
1466
1467
1886
1886
1886
1467
1397
978
978
1397
908
1397
1397
1467
1397
1816
1886
1397
1397
1397
1397
1397
1397
1397
1397
1886
1955
1467
1467
1397
1467
1886
1397
1956
1397
1466
1397
1467
978
1956
1466
1397
1886
978
1396
1397
11944
1466
1397
1467
1467
1397
1816
1886
1397
1467
1397
1816
1397
2375
1467
1467
1467
1467
1467
12433
978
1467
1397
1467
978
1397
1955
1397
1467
1467
978
1397
1397
1886
977
1955
1467
1397
1467
1467
1467
1397
1397
1467
1397
1467
1466
1397
1467
1397
1397
1397
1397
1467
1397
1397
1467
1467
1397
1466
1466
1467
1467
1397
1467
1397
1816
978
1397
1467
1467
1466
978
978
2375
1467
1397
1886
978
1397
1397
978
1886
1466
1467
1467
1397
1955
978
1397
1397
1467
1467
1467
1397
1397
1466
1397
1467
1397
1466
1397
1397
10477
1956
1397
1397
1397
1397
1397
1467
1467
1467
1467
1467
1886
1397
1467
1467
1467
1397
1397
1467
1397
1397
1467
1397
1467
1396
1886
1956
1885
1467
1397
1397
1466
1467
1397
1396
1467
1467
1397
1466
1397
1397
1397
1397
1466
908
1467
1397
1467
1397
1397
1886
1467
1397
1397
1467
1816
1397
1886
1397
1467
1397
1467
1886
1466
1397
978
978
1397
1886
1397
1886
1467
1956
1886
1467
1956
1397
1886
1467
1397
1886
1467
1816
1886
978
1886
1466
1467
1397
1397
1466
908
1886
1816
1397
1816
1467
1397
1467
1467
1467
1466
1397
1886
1467
1397
1397
1886
1397
1467
1467
1397
1956
1397
1397
1397
1886
1467
1466
1467
1467
1467
1397
1467
1397
1886
1955
1467
1466
1467
978
1467
1397
1467
1397
1397
1467
1397
1886
1956
1397
1397
1397
1467
1397
1467
1467
1956
1397
1397
1397
1397
1397
1466
1956
1886
1397
1397
978
1397
1397
1886
1467
1467
1467
1467
1467
1886
1466
1956
1397
1397
1467
1397
1397
1467
908
1886
1886
1467
1467
978
1397
1397
1467
1886
977
1467
978
1467
1886
1885
1397
1397
1397
1397
1397
1467
978
1467
1467
1466
1886
1397
1397
1886
1397
1886
2445
1886
1467
1397
1467
1397
1397
1397
1956
1397
978
1397
1467
1886
1397
1467
1467
1956
1397
1467
1956
1397
2374
1397
1885
1467
1956
1956
1397
1467
1397
1397
978
1397
1467
1467
1397
1467
1886
1397
1397
1397
1397
1397
978
1467
978
1467
1467
2375
1397
1397
1467
1467
1467
1466
1467
1467
1886
1397
2375
1467
1467
1466
1467
1397
1886
1466
908
1397
1467
1397
1467
1956
1467
978
1886
1397
1466
1467
1467
1396
1467
1397
1467
1397
1397
1397
1397
1886
1467
1397
1955
1397
1467
1467
1467
1397
1467
1397
1467
1467
1467
1397
1467
1397
1467
908
1397
1397
1397
1397
1397
1467
1397
1397
1467
1397
1956
1397
1467
1397
1397
1467
978
1467
1397
1467
2375
977
1467
1397
1397
2375
1467
1467
1466
1328
1466
1467
1467
1467
1466
1467
1467
1467
1397
1886
1956
1397
1886
1816
2375
1467
1886
1956
1397
1397
1397
1467
1397
2375
1397
1467
1397
1886
1956
1467
1467
1956
1467
2374
1886
1467
1397
1396
1397
1956
1397
2374
1467
1397
1467
908
1956
1397
1467
1397
1397
1955
1466
1397
977
1467
1956
1886
1467
1467
1397
1397
1885
1886
1466
1397
1397
1886
1466
1886
1467
1886
1467
1397
1397
1397
1397
1397
1467
1467
1886
1397
2374
1467
1466
1467
1886
1397
1467
1956
1467
1467
1397
1397
1397
1397
1466
1466
1467
1467
2445
2305
1886
1467
1956
1397
1467
1886
1467
1397
1397
1397
1467
1467
1397
1466
1466
1397
1467
1466
1467
978
1397
1397
1886
1397
1397
1467
1467
1397
1886
1467
1397
1466
1886
1397
1397
1467
1956
1397
1956
1467
1397
1397
1397
1397
1467
1467
1397
1467
1466
1467
1467
1397
1467
1467
1397
1816
1467
1467
1466
1397
1397
1467
1467
1886
1397
1397
1467
1467
1886
1886
1397
1956
1397
977
1397
1397
1467
978
1467
1397
1467
1397
1886
1467
2375
1886
2375
1955
1397
1397
1886
1397
1397
1885
1397
1467
1467
1467
1956
1397
1397
1396
1397
1397
1467
1467
15995
1397
1397
1467
1397
1397
1886
1397
2445
1397
908
1397
1397
1397
978
1397
978
1467
1886
19907
2374
1467
1397
1397
1397
1397
1467
1466
1466
1467
1397
1467
2375
1467
1396
1816
1397
1397
1397
1886
1397
1467
1886
1467
1466
1397
1466
977
1467
1397
1886
978
1886
1397
1467
1886
1397
9429
1397
1467
1397
1397
1397
1397
1886
977
1397
1956
1397
1397
1886
1466
1956
1955
978
1397
1397
1466
2375
1397
1956
1397
1467
1886
1467
1397
1467
908
1397
1886
1397
1956
1466
1397
978
1397
1397
1397
1397
1467
1886
1886
1467
1955
1397
1467
1397
1397
1397
1397
1397
1467
1397
1467
978
1397
1467
1466
1466
1397
1886
1467
1397
1397
1397
1397
1397
1397
1467
1467
1816
1467
1397
1397
1397
1397
1397
1397
1397
1397
1467
1467
1397
1467
1397
2445
1397
1397
1397
1466
1467
1467
1397
1397
1397
1886
1886
1397
1467
978
1955
1956
1397
1467
1397
1467
