1466
1467
1397
978
1466
1466
1885
978
1956
1467
1397
1397
1467
1396
1397
1396
1397
1397
1467
1397
1955
2375
1467
1886
1467
1886
1397
908
1397
978
1397
978
1397
1397
1396
1955
1467
1467
1467
1955
1397
1466
977
1956
1397
1467
1956
1467
1886
1397
1955
1397
1956
978
1885
1885
1466
1886
1467
1955
1467
1955
1466
1885
1397
1955
1397
978
1467
1396
1467
1467
1467
1467
1955
1466
1466
1397
978
1467
1467
1467
1397
1397
1467
1397
2374
1397
1467
1397
1397
1397
1397
978
1467
1466
1397
1397
1467
1467
1396
1397
1397
1467
1397
1466
1886
1955
1397
1466
1397
1397
1396
1396
1396
1467
978
1397
1885
908
1467
1467
1396
1956
1467
978
1396
1396
1397
978
1397
1467
1396
1467
1886
1397
1467
1886
1397
1816
1467
1955
1397
1397
1467
1467
1467
1466
978
1397
1467
1466
1397
978
1397
1397
1467
1467
1886
1396
2374
1396
1886
1816
1885
1466
1467
1397
1397
1397
1397
1467
1397
978
1467
1397
1467
1885
2444
1397
1397
1467
1466
1397
1396
1397
1396
1467
1466
1467
1467
1466
1396
1396
1467
1397
1467
1467
1397
1467
1885
1466
1396
1467
1466
1396
1467
1467
1396
1397
1885
1467
1397
1397
1466
1466
1397
1467
1466
1396
1396
907
1396
1397
1397
1397
1467
1466
1397
1885
1397
1397
1886
1397
1397
1956
1397
978
1397
1885
1397
1467
2444
1397
1956
1397
1397
1396
1886
1396
1396
2374
1467
1466
1397
1886
977
1397
1396
1466
1885
1397
1397
1396
1397
1397
977
1885
1397
1397
1397
1466
1397
1467
2305
1397
1956
1467
1466
1397
2305
1467
1885
1397
1886
977
1397
1467
1466
1397
1397
1397
1956
1397
978
1397
1467
1466
1955
1397
1956
1466
978
1467
1397
1397
1467
908
1956
1397
1956
1467
1886
1397
1397
1396
2374
1466
1886
1397
1466
1956
1396
1816
977
1956
1397
1956
978
1397
1467
1397
1397
1397
1397
1467
977
1956
1397
1886
1467
11314
1397
1955
1397
1467
1886
1396
1467
908
1467
1466
1466
1397
1467
1397
977
1397
1397
1466
1467
1397
1467
1397
1816
1467
1467
1467
1467
1396
1397
1956
1886
1396
978
1397
1397
1397
978
977
1397
1467
1397
1397
1955
908
1397
1397
1466
1397
1396
1397
978
1396
1396
1396
1397
1467
1885
1467
1397
1955
1466
1467
1466
1466
1466
1467
1397
1397
1955
977
1397
1396
1467
1467
1397
1397
1886
1397
1467
1397
1885
978
1397
1466
1467
1397
1396
1466
1397
1886
977
1396
1467
1397
1886
1886
1397
1886
1397
1467
1955
1467
1397
1467
1466
1397
1397
977
978
978
978
1467
1466
1396
1397
1816
1886
1397
1466
1397
978
1396
2374
1466
1397
1397
1467
1886
1397
1955
1467
1886
1397
2374
1397
1467
1397
1397
1467
978
1955
1397
1886
1466
1956
1397
1956
1467
1886
1397
1956
1397
1397
1467
1397
2374
1397
1886
1467
1886
1466
1886
978
2445
1397
1466
1396
1955
1466
1397
1397
908
1956
1466
978
1397
1397
1466
1467
1956
1466
1396
1466
1886
1466
1467
1467
1467
1466
1466
1397
1397
1955
1397
907
978
1466
1467
1467
1397
908
1467
1397
978
1397
1396
1467
1466
1466
1467
1397
1466
1467
1397
1467
1397
1397
1396
1397
1397
1396
1467
1397
1466
1467
1397
1467
1397
1397
1396
1466
908
2375
1397
1397
1466
908
1467
1397
1467
1396
1467
1397
1466
1396
1397
1466
1396
977
1397
1397
1397
978
908
1397
1466
1397
1467
1467
1397
977
1886
978
1397
1397
1467
2444
1397
1466
1397
1956
2375
978
1886
1466
1955
1467
1397
1397
1815
1885
1956
1886
1886
1397
1397
1885
1466
1467
1955
1886
2375
2375
1816
2305
1467
1397
978
1397
1886
1397
1397
1956
1885
1397
1467
1466
1816
1467
1956
1886
978
1397
1466
1885
1956
1467
1886
1956
1397
1956
1467
1397
977
1466
1466
1885
1886
1397
2444
1886
1886
1397
978
1956
1886
1467
908
1886
1886
1956
1397
1397
2444
1466
1397
1467
1397
1886
978
1467
1396
1886
1886
1886
1956
1397
1397
1397
1885
1886
1885
2305
1955
1467
2374
977
1467
1956
2305
978
1885
1886
1466
1396
1397
1885
1956
2375
1467
1467
1467
1956
1467
1956
1955
1397
1956
1886
1885
1466
1397
1467
1466
1466
1396
1886
1886
1956
1956
1886
1955
1956
1467
1885
1397
1397
1467
1886
908
1955
1886
1955
1397
977
1466
1886
1396
1467
1467
1397
1886
1397
1885
1397
1396
1397
978
1397
1467
908
1467
1397
1397
1816
1886
1956
1397
1885
1886
1466
1956
1955
908
1956
1467
978
1466
1956
1396
1467
1955
2444
1397
1396
1885
1397
1397
1886
1816
1467
1955
1397
1956
1466
1397
1397
1396
1885
1886
978
1467
908
1397
1467
1397
1397
977
1885
1466
1397
1467
1955
1886
1397
1886
1397
1816
1467
1397
1886
1466
978
1886
1397
1397
1397
978
1955
1396
978
1397
1955
1397
1467
1466
1467
1815
1466
1467
1397
1466
908
1397
1955
1816
1397
1397
1397
1816
1816
1467
2863
1886
1886
1886
1467
2374
978
1886
1886
1885
1886
1397
1885
1467
1467
1816
2375
1885
1396
1885
1397
1886
1885
1886
1466
1885
1886
1956
1886
1467
1396
1397
1467
1816
1956
2375
1956
2444
1956
1955
1467
1886
1886
1816
1816
1397
977
1397
1467
1955
1396
1467
2305
1466
1956
1397
1956
1467
1886
1397
1886
1467
908
1886
2375
1886
1956
1397
1956
1466
1886
1956
2375
2374
1396
1886
978
1396
1886
2444
1955
1885
1397
1955
1397
2375
1397
1396
1397
1886
1397
1467
1886
1886
1955
1886
2444
1955
1397
1467
1397
1956
1886
1467
1396
1397
1397
2305
1886
1956
1955
1885
1955
1886
1955
1886
1886
1467
908
978
1397
1956
978
1886
1886
978
1467
977
1467
1467
908
1397
1396
12292
1397
1885
