1467
1397
2375
1886
1397
1467
1467
1397
1467
1397
1397
1467
1886
1467
1467
1397
1467
1397
1467
1397
1397
1397
1886
1397
1466
1816
1397
1886
1397
1467
1397
1397
1397
1886
1467
1397
1397
1886
1397
1467
1467
1397
1397
1467
1397
1397
1467
1397
1397
1467
1397
1467
1397
1467
1886
1467
1397
2375
1886
1467
1886
1397
1886
978
1397
1467
1467
1467
1816
1886
1397
1397
1816
1466
1397
1467
1397
1397
1397
1886
1467
1467
978
1397
1397
1467
1467
1397
1956
1886
1467
1956
1467
1467
1397
978
1467
1887
1467
1467
1467
1397
1467
1467
1467
1467
1467
1397
1467
1886
1886
1467
1886
1956
1886
1886
1886
1886
1397
1467
1467
1397
1467
1956
2445
1816
1886
1397
908
1886
1398
1467
1397
2375
1467
1397
1887
1956
1466
2375
1816
1397
1397
1397
1397
1397
1397
1467
1466
1397
1397
1397
1397
2305
1956
1467
1467
1467
1467
1467
1397
1397
1467
1467
1397
1397
1397
1397
1886
1397
1397
1886
1886
1467
1886
1467
1397
1887
1886
1467
1398
1467
1397
1467
1397
1956
1467
978
1397
1886
1817
1467
1397
2375
1816
1467
1397
1397
1397
1397
1467
1467
1397
1956
1397
1886
1397
1467
1467
1466
1956
978
1397
1467
9570
1816
1467
1886
1467
1398
1397
1467
1886
1467
908
1397
978
1397
2375
1886
1467
1816
1955
1467
1467
2375
1467
978
1886
1397
978
1467
1398
1397
1467
1467
1397
1956
1467
1397
1886
1467
1397
2305
908
1886
1397
1398
1467
1886
1467
1397
1397
1397
1397
1397
1467
1397
1397
908
978
1397
1467
1467
1467
1956
978
1397
1886
1397
1397
1397
1956
1397
1397
1467
1467
978
1397
1397
1397
1467
1467
1956
1467
1467
1956
1397
1466
1467
1397
1397
1816
1397
1886
1397
1467
1397
1467
1467
1467
1397
1467
4331
1467
1397
1467
1397
1397
1467
1467
2375
1397
1886
1886
1886
1397
1467
1886
1397
1397
1398
1467
1467
1467
1397
1467
1467
1956
1467
1397
1467
1397
1467
1886
1397
1397
1397
1467
1397
1397
1397
1467
2305
1467
2375
1887
1467
1886
1397
1467
1886
1397
1397
1397
1397
1467
1397
2375
1397
1467
1467
1398
1398
1397
1397
1397
1886
1886
1397
1397
1467
1467
1397
1466
1397
1397
1397
1956
1886
1886
2375
1467
1956
1467
1886
1886
1886
1467
1886
1397
1397
1467
1397
1886
1467
978
1467
1397
1886
1397
1397
1886
2375
1397
1956
1886
1956
1817
1886
1397
1397
1397
1397
1397
1467
1467
1467
1886
1467
1397
1467
1397
1467
1397
1886
1397
1397
1467
1397
1886
1397
1467
1397
1397
1397
1397
1397
1467
1467
1398
1397
2375
1397
1467
2375
1467
1467
1397
1467
1397
1886
1467
1398
1466
1397
1467
1467
1467
1467
1397
1397
1397
1467
1397
1398
1886
1397
1467
978
2444
1397
1397
1467
1397
978
1467
1467
1886
978
1397
1467
2375
1886
1467
1467
1397
1467
1397
1467
1467
1886
908
1397
1397
1956
1956
1886
2375
1397
1956
1397
1397
1397
1397
978
1397
1466
1467
1467
1886
1397
1886
1467
1467
1397
1816
978
1397
1467
1467
1467
1467
1397
978
1467
1397
1397
1886
1397
1397
1397
978
1467
1397
1466
1397
1467
1886
1397
1956
1886
1886
2375
1397
2445
1886
1397
978
1886
1397
1397
1467
1467
1397
1397
1397
1397
1397
1397
1397
1886
1397
1466
1466
1467
1467
1397
1956
1886
1467
1397
1467
1886
1467
1886
1467
1397
978
1397
1886
1467
1467
1467
1886
1397
1466
1467
1397
1886
1397
1467
1397
1956
1956
1467
1397
1397
1397
1397
1397
1397
1397
1467
1397
1467
1467
1886
1467
1467
1467
1467
1397
1397
1467
1467
1467
1467
1397
1467
1956
1886
1466
1397
1397
1467
1467
1466
1886
1467
1467
978
1467
1397
1467
1397
1467
1397
1956
1397
1467
1467
1397
978
1467
1397
1467
1467
1397
1397
1397
1886
1397
1467
1956
908
1467
1397
978
978
1467
1397
1886
1398
1886
1397
1397
978
1467
1956
1956
1467
1397
1466
1397
1886
1397
1955
1467
1467
1397
1956
1397
1956
1467
1956
1397
1886
1467
1886
1886
1467
1467
1956
1886
1467
1886
1467
1956
1397
15368
1467
1467
1886
1956
1467
1466
1886
1397
1397
1467
1397
1397
1397
978
1398
1467
1397
1467
1397
1397
1467
1397
1397
1467
1817
1467
1886
1956
1397
2375
1467
1956
1466
1467
1398
1467
1397
1398
1466
1397
1397
1467
1467
1467
1467
1467
1467
1397
1467
1467
1467
1816
1397
1397
1397
1467
1397
1886
1467
1886
1466
2445
1886
1467
1397
1955
1886
1467
1467
1466
1397
1397
2375
1467
1467
1397
1467
1816
1817
1467
1467
1467
1467
1467
1467
1397
1467
1467
1397
1886
1467
1467
1886
978
1467
1467
1467
1397
1397
1397
1397
1886
2375
1467
1886
1397
1467
1467
2375
1886
1398
1467
1886
1886
978
1467
1886
1956
1397
1397
2375
1467
1397
1956
1397
1467
1397
1397
1397
1467
1397
1467
1397
1956
1886
1397
1397
1467
1886
1467
1397
1886
1397
1467
1816
1886
1467
1397
1467
1467
1466
1467
1467
1467
1397
1955
1397
1467
1956
1397
1467
1467
1467
978
1886
1467
1886
1397
978
1397
1466
1397
1397
1397
977
1956
1467
1397
1397
1467
1886
2864
1397
2305
1397
1467
1467
2375
1886
1467
1397
1467
1397
1398
978
1956
1467
1397
1467
1886
1398
1467
1397
1397
1886
1397
1467
1397
1466
1397
1467
1956
1956
1397
1956
1397
1466
1467
1397
1397
1397
1886
1467
1886
1467
1886
1467
1467
1467
1397
978
1466
1467
1956
1467
1886
1467
1467
1397
1886
1467
1397
1467
1397
1467
1397
1956
1956
1397
1467
1467
1397
1397
1397
1397
1886
1467
1397
1816
1397
1956
1467
978
1467
1397
1397
1467
1467
1397
1467
1886
1467
1397
1467
1467
1397
1397
1397
1956
1397
1397
2306
1397
1467
1397
1467
1467
1397
1397
