1467
1886
1956
1467
1397
1886
1397
1467
2375
1397
1467
1467
1397
1886
1886
1397
1467
1886
1397
1397
1397
1467
1467
1397
1397
1955
1886
1467
1467
1955
1397
1397
1397
1467
1886
1397
1467
1466
1886
1467
1467
1816
1467
1397
1467
1397
1467
1467
1397
1467
1397
1467
1397
1467
1886
1466
1467
1467
1886
1397
1397
1816
1467
1397
1467
1467
1886
1397
1397
1467
1886
1816
1886
1956
1886
1397
1397
1467
1467
1467
1886
1397
1397
1397
1816
1886
1467
1397
1886
1397
1886
1397
1397
1467
1397
1397
1816
1816
1397
1956
1467
1398
1467
1886
1397
1886
1956
1467
1466
1467
1467
1467
978
1397
1886
1397
2305
1886
1886
1467
1397
1467
1397
1466
1397
1467
1467
1397
1816
1397
1397
1397
1467
1467
1398
1397
1886
978
1886
1397
1886
2444
1886
1397
1397
1467
1467
978
1397
1467
1886
1466
1397
1886
1397
1956
1467
2444
1467
1886
1467
1467
1397
1467
1467
1467
1956
1467
1397
1397
1397
1467
1397
1397
1397
1397
1886
1886
1467
1397
1397
1467
1397
1467
1886
1397
1397
1397
1397
1467
1467
1397
1467
1397
1886
1467
1467
1397
1397
1467
1397
1397
1467
1397
1816
1397
1467
1397
1886
1397
1397
1397
1397
1467
1397
1397
1956
1467
1467
1466
1466
1467
1397
1467
1467
1956
1467
1467
1397
1397
1397
1397
1467
1467
1467
1397
1467
1467
1397
1466
1467
1467
1397
1467
1397
1467
1397
1466
1466
978
1467
2374
1397
2375
1956
1397
2445
1956
1956
1467
1397
1397
1467
1816
1397
1467
1467
1467
978
1397
1397
1397
1467
1466
1397
1467
1397
1467
1467
1397
1467
1397
1397
1397
1467
1467
1397
1467
1467
1397
1467
1886
1467
1397
978
1397
1397
1467
1397
1467
1397
1397
1467
1397
1466
1397
1397
3842
1467
1398
1467
1467
1956
1886
1397
1886
1397
1397
1466
1397
1397
1466
1467
1956
1816
1467
2864
1467
1397
1886
1397
1397
1397
1397
1397
1397
1467
1467
1467
1886
1467
2375
1397
1467
1397
1886
1467
1397
1956
1397
1956
1955
1467
1956
1467
1397
1397
1886
1397
1397
1467
1397
1956
1467
1397
1466
1467
1467
1397
1397
1467
1467
1467
1467
1397
1467
1397
1467
1467
978
1397
1467
1397
1397
1397
1467
1886
1397
1467
1886
1397
1397
1467
1397
1398
1397
1397
1467
1467
1397
2305
1886
1467
1397
1397
1397
1397
1467
1397
1397
1467
1397
1467
1886
1956
1886
1467
1397
1467
1397
1397
1397
1467
1397
1467
1397
978
908
1397
1397
1467
2445
1816
1397
1467
1467
978
1397
1886
1467
1467
1956
1886
1397
1886
1397
1397
1467
1397
1397
1467
1886
1467
1397
1467
978
1397
1397
1397
1397
1467
1467
1467
1886
1397
1397
1397
1467
1397
1467
1397
1467
1397
1397
1467
1955
1956
1397
2445
1397
1467
1397
1886
1397
1466
1397
2375
978
1397
1467
1397
1398
1467
1397
1467
1397
1467
1886
1886
1397
1397
1467
1397
1956
1397
1467
1886
1397
1886
1397
1467
1467
978
1397
1886
1397
1886
1886
1397
1397
1398
1467
1467
1397
1956
1397
1397
1397
1467
1397
1397
1397
1397
1467
978
1397
1397
1397
1397
1817
978
1956
1397
1467
1397
1397
1397
1886
978
1397
978
1466
1886
1467
1397
1467
1467
1397
1956
1397
1397
1467
1467
1956
1467
1886
1467
1397
2375
1397
1467
1397
1397
1397
1467
1397
1467
1397
1886
1467
1466
1397
1466
1956
2375
1397
1397
1397
1467
1467
1397
2444
1397
1467
1467
1397
1466
1886
1886
1397
1956
1886
1467
1397
1397
1466
1397
1956
1397
1397
1397
1467
1397
1397
1397
1467
1397
1467
1397
1467
1397
1467
1467
1397
1397
1467
1467
1467
1397
1397
1397
1397
1886
1467
1397
1467
978
1466
1397
1467
1397
1467
2444
1886
1467
1886
1467
1397
1397
1467
1467
1467
1467
1956
1397
1467
1467
1467
1397
1397
1467
1467
1467
1956
1397
1886
1467
1397
978
1467
1397
1397
1467
1467
1397
1467
1397
1397
1397
1467
1397
1467
2305
1956
1397
1467
1467
1467
1956
1467
1467
1397
1886
1466
1397
1467
1466
1467
1956
1886
908
1816
1466
1467
1467
1397
1397
1466
1397
1816
1467
1397
1397
978
1397
1467
1466
1886
1886
1886
1466
1886
1467
1397
1397
1397
1886
1467
1466
1467
1467
1397
1467
2305
1886
1956
1467
1886
1886
1397
1886
1467
1886
1467
2445
1956
1397
1397
1397
1956
1397
1886
1886
1956
1886
1886
1956
1956
1397
1467
1466
1955
1886
1397
1956
1816
1956
1886
1467
1886
1397
1886
1397
1955
908
1397
1886
1397
1467
1467
1397
1886
2375
1397
1397
1397
1886
1467
1467
1955
1467
1956
1886
1956
1467
1886
1467
1467
1886
1467
1467
1467
1397
1397
1397
1467
1467
1467
1467
1467
1467
1397
1398
1467
1397
1467
1956
1886
1467
2375
1467
1397
1886
1467
1397
1467
1467
1397
1956
1467
1397
1467
978
1467
1816
2375
978
1397
1397
1397
1397
1397
1397
1397
1956
1467
1397
1886
1397
1467
1467
1466
1397
1956
1467
1467
1886
1467
1886
1467
1467
1467
1466
1397
1397
1956
1397
1397
1467
1886
1467
1467
1466
1397
1467
12433
978
1886
1886
1397
1467
908
1397
1397
1397
1397
978
1397
1397
1886
1467
1816
1398
1397
1397
1397
1467
1397
1467
978
1397
1956
1467
1467
1397
1886
1397
1398
1397
1397
1397
2375
1956
1397
1467
1467
1397
1956
1397
1397
1397
1467
1397
1467
1886
1956
1397
908
978
1397
1886
1397
1467
1467
1467
1956
1467
1467
1397
1956
1816
1467
1397
1397
1956
1397
1397
1466
1467
2375
1886
1397
1467
978
978
1467
1397
1397
1467
1397
1956
1467
1397
1467
1397
978
1397
1397
1397
978
1467
1467
1956
1397
1397
1397
1397
1397
978
1397
978
1467
1397
1397
1816
1467
1467
977
978
2375
1397
1886
1467
1397
1467
1397
1467
978
1398
1397
