1467
1397
978
1397
1886
1397
1397
1466
1397
1397
1397
1397
1467
1467
1467
1467
1467
1886
1886
1467
1467
1397
1955
1466
1397
1397
1467
2375
1467
1956
1397
1886
1467
1397
1467
1467
1467
1886
1397
1397
2375
1467
1956
1397
1885
1467
1397
1466
1886
1397
1397
1396
1467
978
1467
1467
2374
1397
1397
1396
1466
1397
1396
1956
1467
1886
1817
1467
1467
1886
1397
1467
977
1466
1956
1467
1397
1886
1467
1886
1397
978
1397
1397
1397
1396
1397
978
1886
1466
1397
978
1816
1467
1467
1466
1467
978
1467
1397
1397
1396
1467
1396
1467
977
1467
1397
1397
1467
1467
978
1397
1397
1397
908
1397
1466
1397
1397
1397
1467
1467
1397
1467
1467
1467
1396
1467
1397
1467
1397
1467
978
1467
1397
978
1397
1397
1466
1397
1466
978
978
977
1466
1397
1466
1397
1467
1397
1397
1467
1397
1886
1397
1956
1467
2375
1397
1467
978
1467
1467
1397
978
2375
1397
1397
1467
1466
1467
1397
1397
1397
1397
977
1467
1397
1397
1397
978
1397
1466
1397
1397
978
978
1397
1467
1956
2375
1467
1467
1467
2305
1397
1467
1956
1466
1467
1886
1397
1886
1467
1467
1397
1397
1396
1886
978
1886
1397
1397
1397
1466
1397
1397
1397
1956
1886
1886
1956
1397
1467
1397
1397
1466
1397
1397
1397
1397
1466
1467
1886
1467
1397
1467
1467
1886
1397
1467
1397
1467
2375
1397
1397
1467
1886
1467
1467
1397
1397
1467
1467
1956
1466
1397
1397
1956
1467
1467
1397
1397
1397
1397
1397
1397
1467
1397
1397
1397
1467
1886
1397
1467
908
2305
2375
1467
10407
908
2375
978
908
1397
1397
1467
1397
1397
1397
1467
1397
1467
1397
1466
1397
977
1397
1397
1467
1467
1397
1397
978
1397
1397
1467
1467
978
1397
1397
1397
1467
978
1467
908
1466
1397
1397
1397
1467
1397
1467
1397
908
1397
1397
1397
1397
1397
1397
1466
1467
1397
1466
1467
1467
1396
1467
1467
978
1397
1467
1397
1397
1397
1466
1817
1397
1397
978
978
1397
978
1397
1397
1397
1467
1397
1466
1466
1396
1397
1467
1397
1397
908
1397
1397
1397
1397
1397
1397
1397
978
1467
1467
1397
1397
1467
1955
1397
1886
1397
908
1397
1397
1397
1886
978
1397
1886
1397
1397
1466
1466
1467
908
1396
1397
1397
1397
1397
1397
1467
2934
1397
1397
1397
1467
1397
1956
1467
1467
1397
1397
1467
1397
1397
978
978
978
1397
1397
1467
1886
1397
1397
1397
1467
908
1397
1467
1467
978
1886
1397
1397
1467
1466
1397
1397
1397
1397
1467
1397
1396
1397
1886
1397
978
1467
1397
1467
1955
1466
1467
1397
1397
1397
978
1956
978
2305
1467
978
978
1397
1467
1397
1397
1397
1467
1467
1466
1467
1397
1397
1397
1466
1886
1397
1397
1467
1466
1467
1886
1885
1886
1467
1467
1467
1397
1397
1467
1397
1466
1397
1467
1467
1466
1396
1466
1397
1397
1397
1397
978
1397
1467
1467
1397
30034
1397
1397
1397
1397
1955
1467
1397
1397
1886
1397
1886
1956
1397
1467
2445
1955
1886
1397
1467
1467
1397
1886
1467
1397
1886
1397
1397
1466
1467
1397
908
1466
1397
1467
1467
1466
1466
1397
1397
1397
1397
1886
1397
1397
1956
1886
1397
1956
1467
978
978
1397
1397
1886
1397
1397
1397
1467
1467
1397
1397
1467
1886
1397
908
1467
1886
1397
1467
1467
1397
1886
1466
1467
1397
1397
1397
1397
1466
1467
1467
978
1397
2375
1397
978
1886
1397
1467
1397
1886
1397
1886
1397
1467
1397
1397
1467
1467
1956
977
1397
1467
1467
1956
978
1397
1397
2305
977
1467
1466
1397
1467
1397
1397
1397
1467
1886
1466
1467
1467
978
1467
1467
908
2305
1397
1397
1467
978
1396
1956
1466
1397
978
1397
1955
1467
1397
977
1886
1467
1467
1467
1397
1397
2375
1886
1397
1466
1956
1397
1397
1467
1467
1886
2305
1467
1397
1397
1886
1886
1397
1397
1467
1397
1886
977
2305
1397
1397
1397
1886
1397
2374
1397
1397
1467
1397
1397
1397
1467
1397
1467
1467
1397
1397
1467
978
1397
1397
1467
1397
978
1467
1397
1467
1886
1397
1397
1397
1467
1467
1397
1397
1397
1397
1886
1467
1467
978
1397
1956
1467
978
1955
1397
1467
1397
1886
1466
1467
1397
978
1396
978
1886
1397
1467
1466
1467
1956
2375
1467
1467
1467
978
1466
1886
1397
1466
1886
15925
1467
1397
1397
978
1397
1397
1397
1397
1397
978
1397
1886
1467
2375
1397
1886
1397
1886
1397
1467
1397
1467
1467
1886
1467
2445
1467
1467
1466
1466
1467
2445
1467
1397
1955
1467
1397
1886
1816
1397
1397
1467
1397
1466
1397
1397
1467
2375
1467
1467
1956
1886
1886
1397
1397
978
1956
1396
978
1467
2375
1467
2375
1397
1816
2305
1397
1396
1956
1956
1955
1397
1956
1397
1467
1397
1467
1397
1955
1397
1467
978
1467
1467
1397
1397
21374
1397
1886
1396
1467
1397
1467
1397
1397
1885
1467
1397
2375
978
1886
1397
1397
1397
1396
1397
1397
1467
1886
1886
1397
1467
1886
1467
1467
978
1397
978
1397
1467
978
1467
1397
1397
1396
978
1397
1397
1467
1397
1397
1467
2445
1467
1467
1886
1397
1467
1886
1467
1397
1886
1396
1397
1886
1397
1397
1397
1466
1397
1467
978
1467
1466
1467
1397
1397
1397
1467
1397
1886
1397
1467
1397
978
1886
1467
1397
1397
1397
1956
978
978
1397
1397
977
1886
1397
1467
1467
1397
1397
1397
1397
1886
1467
1467
1397
1467
908
1467
1397
1397
978
1466
1397
1396
1397
1466
1466
2375
1467
1467
977
1467
1397
1397
1397
1467
1397
1397
1397
1955
1397
1467
1886
1467
1955
1467
1467
1397
1467
1467
1467
1397
1467
1397
1466
3283
1466
1397
978
1397
1397
1397
1397
978
1467
1397
2305
1397
1397
