908
908
1397
1467
1396
1396
1467
1396
2374
1885
1396
1467
1956
1466
1467
1886
1397
1466
1397
978
1397
1397
1396
1466
1466
11104
1396
1397
1467
1466
1397
1397
1467
1397
1467
1397
977
1466
977
1396
1397
1885
1956
1396
1397
1397
1466
1466
1466
978
1397
1956
1467
1885
1466
1955
1397
1396
1397
1467
1886
2374
1467
1886
1886
1955
1885
1885
1466
1467
1397
1886
978
1397
1397
1886
1397
1466
2375
1886
1886
1955
1886
1467
2374
1467
1955
1885
1885
1886
1956
1466
1885
1467
1467
2374
1397
1466
1397
2375
1397
2445
1885
1397
2444
1466
1397
1467
1397
1467
1466
1467
1955
1886
1955
1467
1466
1886
1886
1955
1885
1466
1885
1885
1467
1467
1956
1397
1467
1956
1886
1467
1397
1955
1397
1886
1466
1466
1397
1467
1467
1467
1467
1467
1467
1397
1467
1397
1467
1397
1397
1466
1397
1467
978
1467
1466
2305
1396
1397
1396
1467
1396
1397
1466
1466
1397
1816
1467
1396
1397
1467
1467
5587
1466
1466
1467
1397
1467
978
1397
1397
2375
1466
978
1396
2374
1396
1396
1467
978
1396
1397
1397
1955
1397
1467
1466
1396
1397
1396
1956
1886
1955
1886
1397
1467
1885
1466
1886
1397
1397
1467
1886
1396
1956
1466
978
1466
1397
977
1886
1397
1397
1466
1466
977
978
1886
1397
1466
1397
1397
1466
1466
1467
1885
978
1466
978
977
2375
1886
1397
1397
1397
1466
1467
1397
1467
1886
1397
1396
1396
1467
1467
1397
1886
1955
1956
1885
1397
1397
1397
1467
1397
1467
1466
1467
1397
1956
1396
1466
1886
1886
1886
1397
1466
1956
1885
1955
1467
1467
1956
1396
1466
1886
1467
1467
1466
1397
1467
1886
1886
1466
1397
1467
1467
1396
1396
1397
1467
1397
1467
1467
1467
1466
1886
1886
1397
1816
1397
2864
1955
1956
1466
1397
1467
1467
1467
1955
1396
908
1466
1397
1397
1886
1956
1397
1467
908
1397
1886
1396
1886
1397
1885
1886
1397
1397
1467
908
1955
1467
1397
1466
1466
1466
1397
1467
1397
1397
1885
1397
1466
1956
1397
1396
1397
1466
2235
1467
1466
1886
1467
1397
1397
1467
1956
1885
1467
1466
1397
1397
1885
1816
1885
1396
1397
1886
1467
1397
1885
1955
908
1955
1467
978
1886
1466
1397
1397
1397
1396
1397
1397
1467
1467
1397
1397
1467
1816
1396
1886
1467
1397
2374
1886
1397
1955
1397
1956
1397
1466
1466
1886
1955
1886
1397
1956
1397
1397
1885
1467
1886
1885
1397
2305
1466
1886
1397
1956
1396
978
1396
1396
1466
908
1466
1467
1816
1466
1955
1397
1955
1397
1397
1396
1886
1467
1885
1467
1886
1955
1466
1956
1467
1956
1396
1955
1467
1467
1397
1886
1396
1397
1955
1397
1815
1396
1397
1397
908
2374
978
1886
1467
1396
1397
1397
1467
14247
1467
1397
1467
1396
1956
1886
1467
1466
1467
1397
1467
1466
1466
1466
1467
2375
1396
978
977
1397
1397
1396
978
1955
1396
1397
1467
1886
1396
1466
1397
1467
1467
1466
1816
1397
1396
1397
1397
1886
978
1467
1466
1397
1466
1467
1396
1397
977
978
1396
1397
978
1466
977
1397
1466
1396
2304
1397
1467
1467
1467
1397
2375
1466
1955
1466
978
1396
1467
1466
1397
1397
1467
1466
1466
1397
1466
1466
1886
1396
1396
1466
978
1467
1397
978
1466
1467
1397
1397
1466
1466
1397
1467
1397
977
1466
1396
1467
1397
1397
1396
978
1466
1466
1397
1467
1466
1397
1397
1397
1397
1467
1397
1467
1397
1397
1466
1397
978
1466
1466
1466
1396
1396
1467
1396
1397
1396
1397
1397
1466
1467
1466
1467
977
1397
1466
1397
1397
1466
1396
1397
1466
1396
1397
1397
908
1396
1397
1397
1397
1397
1397
1397
1396
1466
1466
1397
1396
1467
1397
977
1397
1467
1397
1467
1467
1397
1397
1955
1466
1467
1397
1467
1956
1397
1467
1397
1397
1397
1467
1467
1467
1466
1397
978
978
978
1396
1397
1397
1397
1397
978
1397
978
1886
1396
1397
1886
1397
1396
1397
978
1397
1397
1397
1397
1467
1397
1467
1466
1466
1467
1467
1397
978
1466
1467
1955
1467
1396
1467
1467
1397
1467
1397
978
1397
1886
1396
1886
1885
1886
1397
1467
1886
1956
1815
1886
1397
1885
1886
1467
1467
1467
1467
1397
1397
1397
1396
1467
1886
1885
1955
1467
1467
1397
1956
1466
1467
1886
1467
1397
1397
1467
1467
1397
1886
1886
1397
1885
1466
1396
1886
1397
1467
2375
1396
1885
1955
2375
1397
1467
1885
1886
1955
1886
1397
1955
1466
1956
1886
1466
1467
1467
1397
1397
1885
908
1886
1886
1885
1466
1396
1396
1885
1466
2444
1466
1397
1397
1467
1885
1467
1397
1396
1397
1397
1886
978
1467
1886
1397
1886
1885
1886
1467
1885
1885
1397
1467
1467
978
1466
2933
1885
1885
1886
1955
1886
1467
1397
1467
1886
1466
1467
1886
1815
1955
1886
1955
1466
1396
1466
1467
1466
1885
1466
1956
1397
2374
1885
1885
1397
1467
1397
1397
1466
1886
1397
978
1397
1885
1397
2374
1397
1467
1886
1466
1466
1466
1885
1885
1397
2374
1396
1886
1397
1466
1397
1467
1955
1397
1396
1397
1397
1397
1955
2305
2375
1816
1885
1885
1956
1397
1397
1396
1467
1886
1885
1956
1885
1886
1467
1396
1467
1466
1397
1397
1467
1397
1956
1816
1467
1466
908
1397
908
1467
1466
1467
1397
1397
1397
1955
1396
1886
1886
1885
1885
1886
1815
1467
1466
1397
1396
1396
1886
1397
1397
1467
1467
1397
1467
1885
1466
1397
978
1466
1467
1396
1467
978
1397
1397
977
1467
978
1886
977
1397
1396
1397
1886
1396
1466
908
1467
1397
1397
1466
1397
1467
1886
1396
1956
1397
1397
1466
1397
1397
977
1467
1397
1885
977
1397
1397
1467
1397
1397
1397
1466
1467
1467
1467
1396
1396
1397
1397
1397
1397
2794
1397
