1886
1467
1397
1467
1466
1467
1396
1466
1397
978
1467
1466
1466
1816
1467
1397
908
1397
1397
1397
1397
1397
2444
1885
1886
908
1397
1396
1397
1467
1397
1466
1397
978
1397
1467
1327
1956
1397
1467
1466
1397
1397
1886
1886
1397
1397
1816
1466
1466
1886
1956
1467
1956
1397
1816
1396
1397
1467
1397
2375
1466
2374
1466
1467
1467
1886
1397
1397
1467
1396
1956
1466
1886
1886
1886
1397
1466
1397
1467
1397
1397
1467
1467
1956
1397
1467
1396
1467
1886
1397
1467
1397
1955
1397
1955
1886
1396
1467
1466
2375
1397
1467
1397
1397
1397
1467
1397
1467
1467
1467
1467
1397
1397
1397
1467
1467
1397
1397
1467
1397
1886
1955
1397
1467
1396
1397
1466
1467
1397
1397
1466
1466
1397
1467
1466
908
1466
1397
1467
1397
1397
1397
1397
978
1397
1397
1397
1885
1466
1885
1956
1397
908
1467
1886
978
1397
2375
1467
1467
1955
1466
1396
1467
1396
1466
1466
1397
1397
1467
1397
1885
1397
1467
1466
1397
2374
1396
908
2304
2374
1396
1467
1397
1397
1955
1396
1396
1397
1397
2375
1397
1885
1397
1466
1397
1397
1397
1397
1466
1396
1397
1466
1397
1467
978
1467
1397
1886
1815
1466
1396
1467
978
1467
1397
1396
1886
1397
1886
1396
1467
1467
1397
1886
1397
2374
1397
1397
1396
1886
1885
1467
1955
1466
1955
1397
1885
1397
978
1397
1397
1396
1467
1397
1886
1467
1466
1467
1467
1396
1397
1955
1467
1467
1397
1466
1886
2374
1466
1886
1397
1466
1397
1466
1397
1467
1466
1816
1467
1885
1397
1955
1885
1956
1886
1467
1885
1397
1397
1397
1885
1466
1467
1397
1397
1466
1955
1886
1467
1397
1397
978
1885
1886
1397
1466
1466
1397
1886
1467
1397
1466
1466
1816
1396
1467
1886
1396
1467
2374
1955
1886
2374
1467
1396
1397
1397
1397
1397
1956
1397
1466
1397
1816
2375
1397
1397
1467
1955
1885
978
1467
1467
1466
5308
1886
1467
1466
1397
1467
1886
1397
1886
1467
1955
1397
1955
1956
1815
1955
1467
1397
1466
1885
1467
1886
2375
1397
1956
1886
1467
1955
1466
1396
1466
2304
1467
1397
1397
1467
1885
1466
1467
2445
1397
1886
1955
1885
1467
1396
1397
1466
1396
1955
1397
1397
1467
1396
1467
1467
1466
1397
1467
1467
1467
1956
1885
1397
1467
1467
1886
1397
2374
1397
1885
1886
1467
1886
1885
1467
1397
1956
1955
1397
1397
2304
1467
1466
1467
1396
1816
1397
1815
1886
1396
1467
1467
1397
1466
1397
1886
1955
1467
1397
1466
1397
1467
2375
1467
1397
1816
1886
1397
1396
1956
2374
1467
1466
1397
1396
1397
1955
1466
1466
1885
1397
1886
1397
1467
1467
1467
1885
1396
2374
1886
13200
1397
1467
1886
1467
1397
1467
1467
1397
1885
1886
1885
1886
1466
1397
1397
1467
1885
1397
1886
1396
1886
1885
1886
1396
1886
1885
1466
1396
1467
1466
1956
1397
1397
1397
1397
1397
1397
1886
1397
1466
1467
1886
1467
2375
1397
2374
1816
1955
1956
1886
1885
1396
1956
1397
1397
1466
1467
1467
1886
1955
1467
1467
1466
1396
1396
1467
1396
1397
1466
1466
1816
1467
1467
2374
1885
1956
1467
1396
1467
1467
1466
1886
1886
1397
1467
1467
1467
1397
2374
1397
1467
1955
1397
1816
1886
1886
1397
1466
1397
1885
5238
1885
1885
1466
1467
1886
1886
1886
2374
1397
1886
1886
1467
1466
1397
1466
24235
1397
1886
1467
1397
1886
1886
1467
1816
2374
2304
1397
1886
1466
1397
1956
1396
1886
1466
1396
1396
1886
1396
1467
1396
1467
1466
1885
1397
1466
1467
1886
1397
1885
1816
1467
1396
1397
1397
1397
1397
1467
1467
977
1466
1466
1466
1956
1886
1956
1467
1397
1397
1466
1467
1467
908
1396
1467
1397
1886
1397
1885
1397
1816
1885
1396
1467
1466
1396
1885
1397
1885
1397
1397
1466
1467
1397
1397
1467
1886
1886
2445
978
1885
1397
1397
1397
1885
1467
1467
1466
1466
2375
1397
1886
1886
1886
1886
1397
1467
1466
1466
1955
1467
1466
1955
2375
1467
1397
1956
1956
1956
1886
1886
1466
1955
2374
1396
1467
2374
1396
1466
1466
1816
1397
1467
1467
1397
977
1886
1956
1397
1886
1467
1816
1956
1397
1816
1397
1466
1397
1397
1397
908
978
1466
1467
1396
1466
1886
978
1467
1886
1955
1397
2374
1886
1396
1886
1816
13409
1886
2444
1886
1467
1467
1397
1886
1467
1397
1956
1466
1955
1397
1397
1956
38552
1467
1467
1467
1885
1466
1467
1397
1955
1466
1885
1397
1397
1885
1467
1467
1466
1956
1396
1816
1956
1885
1816
1467
1885
1467
1955
1396
1955
908
1886
1886
1397
2445
1397
1396
1397
1467
1467
1467
1886
1396
1466
1886
1885
1467
1955
1397
1886
1885
1467
1467
1886
1467
1467
1886
908
1955
1955
1397
1397
1466
1467
2375
1466
1397
1886
1397
1466
1396
1467
1397
1467
1467
1466
1467
1397
1956
1397
1815
907
1467
1467
1885
1396
1886
1466
1396
1467
1467
2305
1816
1886
1885
1955
1886
1886
1886
1467
1397
1466
1467
1956
1466
1956
1397
1466
1467
1467
1467
1397
1467
1396
1466
1886
1396
1467
1467
1955
1886
1397
1466
1886
1467
1466
1885
1885
2304
1886
1956
2375
1886
1397
1396
1885
1956
1397
1886
1816
908
1886
1397
1397
1466
1397
1397
2374
2375
1886
1885
1467
977
1397
1397
1397
1466
1467
1467
1466
1396
908
1956
1467
1885
1956
1955
1886
1956
1816
1397
1466
1397
1466
1886
1466
1466
1885
1955
1467
1886
1956
1886
1886
1467
1956
1816
1467
1397
1467
1397
1397
1886
1467
1956
1955
1956
1396
1466
1466
1397
1955
1886
1885
1467
1397
1467
1467
1467
1396
1397
1467
1885
1886
1397
1397
2305
1397
1956
1885
2305
977
1886
1467
1397
1886
908
1885
1397
1885
1885
1955
1955
1886
1886
1396
1467
1467
1466
2374
