1886
2376
1956
1397
1886
1816
1886
1397
1955
1886
1397
1397
1397
978
1397
1467
1397
1467
1467
1397
1397
1397
2375
1467
1467
1397
1956
1397
1886
1956
1467
1886
1886
1886
1956
1816
1467
1467
1467
908
1397
1467
1398
1397
1467
2864
1886
1956
2794
1467
1397
1397
1467
1397
1886
1467
1467
1397
1397
1886
1397
1886
1467
1886
1956
1397
1397
1398
1467
1467
1467
1886
1397
1467
1467
1886
1467
1467
1886
978
2375
1886
1397
2445
1467
1467
1467
1397
1886
1886
1467
1467
1886
1956
1886
1886
1467
1467
1886
1467
1467
978
1956
2375
1886
908
1956
1467
1886
1956
1956
1887
1886
2375
1886
1887
1397
1886
1397
1886
1887
908
1467
1956
1886
1467
1956
1956
1467
1397
1398
1886
1467
1886
1886
1397
1467
1886
1397
1887
1817
1956
1397
1467
1887
1886
1886
1398
1397
1886
1887
1955
1956
1397
1956
1886
1467
1956
1886
1397
1467
1397
1397
1886
1886
1467
1886
1817
1886
1886
2445
1956
1886
1887
1956
978
1467
1397
1467
1398
1886
1397
1467
1467
1886
1467
1816
1467
1467
1398
1956
1816
1886
1886
1886
1397
1956
1397
1467
1886
1886
1956
1397
1956
1467
1886
1467
1956
1886
1816
1956
1397
908
1467
1466
1397
1886
1467
1886
1816
1397
1467
1467
1956
1956
1886
1467
1956
1398
1397
1397
1467
1467
1398
1467
1397
1397
908
1886
1467
1467
1467
1956
1886
1886
1467
1397
1956
1467
978
1886
1886
1467
1397
1467
1467
1886
1467
1886
1816
1956
2375
1397
1397
1886
2375
1467
1397
1886
1467
1467
1467
1397
1956
1956
1887
1397
1956
2375
1397
1956
1886
1397
1467
1886
1397
1886
1467
1956
1886
1886
1397
1886
1886
1397
1886
1886
2305
1398
1467
1467
1886
1467
1467
1467
1397
1956
1467
1467
1467
1956
1397
1467
1397
1467
1467
1467
1397
1956
1886
1397
1397
1956
1467
1397
1956
1397
1887
1397
1886
1956
1886
978
1467
1886
1886
1886
1886
1467
1397
1467
1467
1467
1397
1397
1956
1887
1886
1955
1886
1397
1467
1816
1886
978
1466
1886
1397
1886
2305
1397
1397
1956
1887
1466
1397
1397
1467
1956
1397
1397
1397
908
1886
1886
1398
1466
1467
1956
1467
1397
1886
978
2375
1886
1955
1467
1397
1886
1397
1397
1398
2794
1467
1956
1956
1816
1397
1397
1956
1467
1397
2375
1397
1956
1886
1886
1886
1397
1397
1886
1886
1467
1955
1467
1397
1886
1467
1886
1397
1398
1467
1398
1956
1397
1886
2864
1466
1397
1956
1467
1467
1398
1956
1886
1887
1886
1887
1467
1397
1397
1467
1467
18652
1467
1398
978
1397
1956
1886
1887
1467
1397
1817
908
1816
1467
1887
1467
1397
1397
1398
1817
1886
1467
1886
1467
1467
978
1466
1398
1886
2375
1467
1397
1467
1886
1816
1886
1956
1886
1467
1887
1467
1956
1467
1467
1886
1397
2864
1467
1397
1887
1816
1886
1956
2305
1397
978
1467
1886
1886
1467
1467
1886
1467
1886
978
1886
1956
1397
1467
1467
2445
1886
1887
1886
1397
908
1886
1397
1956
1467
1397
1467
1886
1816
1887
1956
1467
1467
1467
1397
1467
1886
1886
1956
1886
1886
1816
1886
1398
1397
1467
1467
1467
1816
1467
1397
1886
1886
1886
1467
1886
1886
1397
1886
1886
1398
1467
1397
1886
1397
1467
1886
1467
1886
1816
1886
1886
1467
1397
1886
1467
1886
1886
1886
2445
1467
1397
1397
1956
1886
1886
1467
1886
1886
1398
1467
1887
1886
1886
1886
1886
1956
1397
1397
1467
1467
1397
2376
1467
1956
1467
1886
1467
1397
1956
1397
1886
1397
1467
1886
1886
1956
1467
1467
978
1397
1956
1397
1397
1397
1467
1886
1956
1956
1887
1397
1467
1886
1886
1886
1397
1886
1816
1397
1397
1887
1467
1467
3283
1467
1886
1397
1886
1956
1886
978
2445
1886
1956
1956
1956
1886
1397
1956
1886
2305
1467
1397
1886
2375
1887
1887
1887
1956
1886
1956
1886
1956
1956
1816
1886
1886
1397
1397
1956
1886
1397
1886
1886
1397
1886
2375
1886
2306
1467
1956
1956
1886
1886
1886
1886
1886
1956
2375
1956
978
978
1886
1886
1397
2376
1887
1467
2375
1397
1886
1467
1467
1886
1886
1956
1887
1956
2305
1956
2375
1886
2445
1467
1886
1886
1886
1956
1956
2445
978
1886
1886
1956
1467
1886
1467
1886
1467
2305
1886
1956
1886
1886
2375
2375
1956
1956
1397
1886
1956
978
2375
1887
1886
1956
1956
2375
1886
1956
1886
1886
1956
2934
1397
1886
2376
1886
1886
1956
1886
1886
1467
1467
1886
1467
1467
978
1956
1886
1886
1886
1467
1467
1956
1886
1956
1397
1816
1467
908
978
1886
1397
1467
1397
1886
1886
1397
1886
978
1956
1886
1467
1467
1467
1887
1397
1887
978
1886
1886
1467
978
1956
1397
1397
1467
1397
1886
1467
1398
1397
1467
2305
1956
2376
2375
1816
1397
1956
1956
1886
1397
1886
1398
1886
1886
1886
1467
1956
1397
1887
1397
1397
1467
1886
1397
1398
1397
1397
1467
1467
1886
1397
1467
1397
1956
1956
1886
978
1956
1886
17394
1956
1397
1956
1887
1397
908
1886
1467
1397
1397
2375
1397
1397
2376
978
1397
1886
1397
1886
1467
1467
978
1816
1886
2375
1886
1397
1956
1467
1886
1886
1467
1397
1397
1397
1398
909
1467
908
1886
978
1397
978
1886
1886
1467
1956
1397
1398
1467
1886
1467
1467
1466
1886
1467
1467
1886
1397
1397
2445
1467
3772
1886
1397
1956
1886
1956
1397
1467
1887
1886
978
1816
978
1467
1886
1467
1956
1886
978
1467
1467
1886
1397
1467
1886
1397
1397
1397
1397
1816
1886
2375
1886
1397
1956
1886
1956
1467
1467
1398
1816
1886
978
908
908
1886
1886
1397
2306
1467
1467
1397
1467
1956
1886
2375
1397
1467
1467
1886
1397
1397
1956
1466
908
1886
1886
1955
1397
1886
1886
1467
1816
1467
1397
1956
