1886
1397
1886
1467
1886
1397
1398
2305
1956
1956
1397
1467
1955
1467
1467
2375
1886
1398
978
1467
1467
1467
1397
1397
1467
1886
1397
1467
1397
1397
1467
1956
2305
1467
1397
1397
1397
1467
1467
1397
978
1467
1467
1397
1467
2445
1397
1467
1467
1886
1397
1397
1397
1397
908
1467
1886
1398
1467
1886
1467
5169
1886
1887
1397
1397
1467
1956
1397
1886
1397
1467
1886
1398
2445
1886
1467
1467
1397
1467
1886
1886
1956
1467
978
1397
1397
1397
2375
1397
1467
1886
1467
1397
1397
1886
1398
1467
1397
1817
1467
1467
1956
1466
1467
1886
1398
1398
1397
1397
1886
1467
1467
978
1886
1467
1467
1467
1397
1956
978
1397
1467
1886
1467
1467
1397
1397
1397
1397
1886
1467
1886
1467
1397
1467
1467
1397
1397
1467
908
1467
1886
978
1467
1886
1886
1397
1397
1397
1886
1397
1397
1467
1397
1467
1467
1467
1886
1886
1886
1467
1397
1956
2444
1467
2305
1397
1886
1397
1886
1397
1397
1467
1886
1466
1397
1467
1466
1467
1467
978
1886
1886
1886
1397
2305
1467
1886
1816
1886
1886
1397
1397
1397
1817
1956
1397
1467
2375
978
1467
1467
1956
1397
1467
1397
1397
2375
1886
1886
1398
1397
1467
1467
1398
1467
1397
1467
1886
1467
1886
1397
1397
1816
1467
1397
1397
1467
1397
1398
1397
1467
1467
1397
1397
1397
1886
1397
1397
1467
1397
1467
1467
1467
1397
1397
1466
1467
1467
1467
1397
1397
1397
1467
1397
1397
1467
11806
1397
1467
1467
1467
1467
1397
1397
1398
1397
1467
978
1817
1397
1397
1398
1397
1397
1398
978
1886
1886
1886
1956
1467
1467
978
1886
1467
1886
1886
1398
1397
1397
1886
1397
1956
1466
1397
1397
1397
1397
1467
1467
1467
1467
1886
1397
1466
1955
978
1397
1467
1886
1886
1397
2375
1467
1397
1467
1955
2375
1397
1467
1397
1397
1397
1467
1397
1398
1466
1886
1397
1467
1397
978
2375
1467
1397
1467
1397
1467
978
1467
1467
978
1397
1466
1886
1467
1886
978
1467
1397
978
1397
1397
1398
1467
1397
1955
978
1467
978
1467
1397
1397
1467
1397
1397
1886
1467
1397
1886
1397
1887
2375
1397
1397
1467
978
1397
1467
1467
1467
1886
1397
1397
1398
1397
1467
1886
1397
1955
2445
1956
1886
1467
1467
1397
1466
1397
1467
1886
1956
1467
1467
1398
1467
978
1467
1397
1467
1397
1397
1886
1886
1397
1467
1467
1398
1397
1466
1467
1467
1467
1398
1467
1467
1467
2375
1397
1886
1397
1397
1397
1467
1397
1397
1467
1397
1466
1467
1886
1467
1467
1397
1397
1467
1467
1467
1467
2375
1397
1397
1886
1467
1887
1467
1397
1397
1397
1397
1956
1467
1467
1956
1397
1467
1397
1467
1886
1467
1956
1886
978
1467
1467
1467
1467
978
1956
2864
1467
1467
1467
1956
1397
1397
2375
1397
1886
1397
1397
1397
1398
1467
978
1467
1467
1397
1956
1467
1397
1467
977
2375
1956
2375
1467
1467
1397
1466
1816
1886
1956
1467
1397
1397
1397
1467
1398
1467
1467
1467
1397
1397
1397
978
1467
1467
1397
1398
1886
1886
1397
1397
1397
1886
1956
2445
1467
1467
1886
1397
1397
1467
1397
1397
1467
978
1886
1956
978
1397
909
1397
1398
1467
978
1398
1467
1397
2375
1467
1467
7265
1397
1467
1886
1467
1397
2375
1467
1397
1467
1397
1397
1467
1886
1886
1467
1467
1467
1467
1956
1886
1397
1398
1397
1467
1398
1397
1467
1397
1886
1956
1397
1886
1397
1467
1467
1397
1467
1467
1397
1956
1397
1397
1886
1816
1467
1467
1397
1467
1397
1397
1397
1956
1886
1886
1467
1397
1886
1397
1397
1397
1397
1467
1467
1467
1397
1397
1397
1467
1886
1397
1397
1397
1398
1467
1467
1955
1467
1955
1467
1467
1467
1467
1467
1467
1467
1467
1398
1467
1467
1397
1886
2375
1397
1397
1397
1397
1397
909
1397
1398
1467
978
1886
1467
1397
1466
1397
1467
1397
1467
1886
1397
1397
1397
1397
1467
1397
1397
1398
1467
1886
1956
1397
1467
1467
1397
1467
1467
1397
1397
1467
1467
1886
16346
1467
1397
1955
1467
2934
1397
1397
1467
1886
1886
1397
1397
1467
1397
1467
1467
1886
1467
1397
2375
1397
1397
1816
2375
1397
1397
1397
1397
1467
1397
1467
1397
908
1397
1467
1397
1467
1397
1397
1467
1886
978
1467
1397
1397
1467
1467
1467
1397
1397
1467
1467
1467
1466
1467
1886
1467
1886
1886
1397
1886
1886
1467
1467
1397
1467
1398
978
1467
1886
1467
1467
1397
1397
1398
1956
1398
1397
1467
1467
1397
978
1467
1397
1466
1397
1467
1467
1467
1467
1397
1956
1466
1886
1467
1397
1467
908
1467
1397
1467
1397
1397
1816
1397
1467
1397
1955
1467
1397
1467
978
1397
1397
1467
1397
1467
1397
1467
1397
1397
1397
1467
1397
1466
1397
1467
1886
1467
1886
978
1397
908
1397
4680
1397
1466
1467
1397
1397
1467
1397
1397
1397
1397
1467
1467
1467
978
1397
1397
1467
1467
1467
1467
1886
978
908
1886
908
1397
1397
2305
1956
1397
1467
1467
1397
1467
1467
1466
1467
1397
1397
1886
978
1397
1467
1397
1467
978
1467
1397
1467
1397
1467
1467
1397
978
1397
1397
1467
1397
1467
1467
1397
1467
1956
1467
1397
1397
978
1886
1397
1397
1467
1956
1467
1397
1397
1397
1816
1886
1397
1467
1956
1467
978
1887
1467
1397
978
1886
1956
1397
1466
978
1467
1467
1467
1397
978
908
1467
1956
1397
1467
1397
1886
1467
1467
1397
1956
1467
1886
1467
908
1956
1467
978
1467
1467
1467
978
2375
1397
1397
1397
1467
1397
978
1397
1398
1397
908
1397
1956
1886
1397
1397
1397
1467
1397
1816
1398
1398
1397
1397
1467
1467
1397
1397
1398
2375
1397
1397
1467
1467
1467
1397
1956
978
1397
1467
978
978
1467
1467
978
1467
1467
