1886
1397
1466
1397
1886
1397
1397
1886
1467
1955
1467
1886
1467
1467
1467
1397
1467
1886
1397
1467
1467
978
1467
2305
1397
1397
1467
1397
1886
1397
1956
1467
1397
1466
1467
1397
1397
1467
1467
1397
1397
1397
1467
1467
1467
1397
1886
1327
1956
1467
2374
1397
1816
1397
1467
1397
1467
2374
1397
1467
1467
1397
1397
1467
1467
1467
1467
1467
1467
2445
2444
1956
2375
1467
1397
1466
1397
1467
1397
1467
1467
2305
1467
1466
1397
1467
1466
1886
1886
1467
2306
1397
1956
1397
1397
1467
1397
1886
1397
1467
1886
1467
1397
1397
1397
1397
1467
1397
1467
1467
1467
1467
1397
1886
1467
1955
1886
978
1397
1467
1886
1397
1397
1886
1956
1397
2375
1886
1397
1397
1886
1955
1467
1467
1955
1467
1397
1886
1467
1956
1467
1467
1886
1397
1467
1397
1467
1956
1467
2444
1886
1467
1397
1467
1955
1397
1886
1886
1956
1886
1956
1886
1397
1397
1467
1886
1397
2863
2375
1397
1466
1397
1397
1467
1467
1467
1466
1397
1955
1886
1956
1467
1956
1467
1886
1886
1397
1397
1956
1467
1886
1886
1397
1886
1397
1466
1397
1467
1397
1955
978
1886
1886
1397
1467
1397
1467
1816
1397
1397
1397
1397
1816
1466
1886
1467
1467
1397
2375
978
1397
1397
1397
1467
1886
1397
1886
1467
1467
1397
1397
1397
1397
978
1886
1886
1467
1466
1397
1956
1397
908
1467
1397
1467
1467
1397
1467
1886
1397
1467
1467
1467
1397
1397
1467
1466
1467
1397
1466
1397
1467
1397
1397
1467
1467
1397
1466
1397
1467
1397
1397
1397
1886
1467
2375
1467
1467
1956
1886
1397
1886
1467
1467
1397
1816
1397
1956
1397
1397
2445
1956
1886
1886
1467
1467
1466
977
1886
1466
1397
1397
1886
1467
1467
1467
1816
1397
1886
1397
1397
1816
1467
1467
1397
1397
1467
1397
1467
978
1467
1467
1397
1397
1467
1467
1467
1397
1397
1397
1397
1397
1397
1467
1467
1397
1467
1886
1397
1467
1397
978
1467
1397
1886
1886
1467
1467
1397
1956
1467
1397
1467
1397
1466
1397
1467
1467
1397
1397
1467
1467
1467
1886
1397
1467
1397
1397
978
1956
1467
1886
1956
1397
1397
1397
1397
1397
1397
1467
2375
1467
978
1467
1397
1466
1466
1467
1467
1816
1467
1397
2375
1467
1397
1466
977
1397
1397
1397
1397
1466
1467
1467
1467
1397
1467
1397
1397
1466
1397
1956
1467
1397
1467
1397
1397
1467
908
1886
1397
1397
1467
2444
1886
1397
978
1467
1467
1467
1467
1397
1466
1956
1886
1956
1466
1886
1397
1886
1467
1816
1466
1466
1397
1467
2305
1466
1467
1467
1467
1397
1397
1466
1467
1467
1466
1397
2305
1397
1397
1397
1467
2375
1956
1886
2864
1886
1397
1886
1886
1467
1816
1956
2374
1397
1467
1886
1397
1467
1397
1397
1886
1956
1816
1956
1886
12992
1886
1886
1886
1397
1886
1955
1397
1467
1955
1885
1816
1467
1886
1886
1955
1886
1466
2375
1886
1466
1397
1397
1397
1397
1886
1397
1467
1886
1467
1397
1397
1397
1397
1397
1397
1397
1397
1467
1955
1467
1956
1467
908
1467
1467
1397
1397
1397
1467
1466
1467
1397
1397
1397
1397
1886
1397
1397
1886
1886
1886
1467
1467
1397
1467
1467
1467
1397
2374
1397
1467
1397
2445
1467
1956
1886
1886
1397
1816
1886
1467
908
1817
1956
1886
1956
908
1886
1397
1467
1886
1397
1466
1397
1397
1467
1467
1955
1466
1397
1397
1397
1467
1466
1956
1467
1886
1467
1397
1467
978
1886
1397
1467
1397
1956
1397
1466
1816
1397
1886
1397
1886
1397
1467
1397
1397
1886
1955
1397
1466
1886
1467
1397
1397
1956
1397
1467
1397
1397
1467
1467
1467
1397
1397
1467
1467
1397
1466
1397
1397
1397
1466
1397
1467
1467
1467
1397
1956
1397
1397
1397
1397
1397
1397
1886
1397
1466
1397
1397
1467
1466
1397
1956
1467
1397
1397
1397
1886
1397
1817
1397
1397
1397
1886
1886
1467
1397
1397
1397
1397
977
1397
1397
1397
1397
1886
1466
1397
1397
1397
1467
1466
1467
1956
1956
1397
1956
1397
1397
1467
1467
1397
1467
1397
1886
1467
1397
1397
1886
1467
1956
1466
1397
1816
1467
1397
2864
1467
1467
1397
1467
1397
1467
1467
1467
1467
1397
1467
1467
1397
1467
1467
1466
1886
1467
1397
1886
1397
1397
1467
1397
1397
1467
1397
1467
1886
1467
1397
1467
1397
1397
1397
1467
1397
2375
1466
1886
1397
1397
1397
1397
1397
1397
1397
1956
1397
1467
1467
1397
978
978
1467
1467
1467
1467
1886
1397
1467
1397
1466
1397
1397
1955
1467
1397
1397
1397
1397
978
1397
1467
1467
1467
1886
1397
1397
1467
1397
1397
1397
1397
1467
1397
1397
1886
1467
1467
1397
1467
1397
2375
1886
1466
1886
1397
1467
1467
1397
1467
1467
1397
1397
1397
1397
1397
1397
1886
1886
1885
1397
1397
1397
1397
1467
1466
1397
1397
1397
1397
1397
1397
1467
1467
2794
1467
1397
1467
1956
1467
1886
1397
1466
1397
1467
1397
1467
1397
1397
1397
2794
1397
1397
1397
1467
908
1467
1397
1467
1467
1397
1397
1467
1397
1467
1886
1397
1886
1397
1467
2305
1397
1467
1397
1467
1956
1397
1467
1886
1397
1467
1467
1397
1397
1885
1397
1467
1467
1467
1467
1886
1885
1467
1886
1397
1397
1466
1467
1886
1397
1327
1397
978
1467
1467
1397
1467
1467
1397
1397
1397
1886
1467
1397
1397
1817
1956
1467
1397
1467
1467
1397
1397
1467
1397
1467
1397
978
1397
978
1397
1397
1467
1886
1397
1466
1467
1886
1466
1467
1467
1397
1467
1397
1467
1397
1397
1467
1397
2444
1397
1467
978
1397
1467
1397
1397
1466
1467
1397
1467
1397
1397
1467
1467
1467
978
1467
1467
1397
1397
1397
1467
978
978
1397
1466
1397
1397
1397
1397
908
1467
1397
909
1467
1397
1467
1397
978
1397
1397
