1956
2375
1397
1397
1467
1816
1467
1887
1397
1886
1886
1467
1467
1467
1397
1886
1886
1397
1467
1816
1956
1397
1956
1816
1886
1886
1397
1887
1956
1886
1956
1886
1886
1886
1956
1887
1886
1467
1397
1397
1467
1887
1467
1398
1397
1956
1398
2375
1397
1467
1467
1397
1467
1956
1816
1956
1956
1886
1956
1956
1397
1397
1467
1467
1397
1397
1467
1467
1886
1467
1956
1467
1887
1397
1467
1397
1398
1397
1467
908
1397
1398
1467
1467
1886
1886
1816
1817
1467
1467
1397
1467
1397
1467
1397
1397
1467
1886
1467
1397
1467
1956
1956
1886
1467
1467
1467
1397
11317
1397
1956
1467
1467
978
1397
1467
1397
1467
1397
1887
1467
1467
1397
1956
1886
1397
1397
1467
978
1467
1467
1467
1467
1467
1467
1467
1397
1467
1467
1467
1397
1467
1397
1467
1467
1397
1467
1397
1467
1467
1397
1397
2375
1956
1397
1467
1467
1956
1467
2375
1816
1886
1397
1397
1397
1887
1886
1467
1397
1467
2445
1397
978
1467
1467
1886
1886
1467
1467
1956
1397
1467
1467
1467
2375
1397
1397
1397
1956
1397
1397
1816
2375
1817
1397
1398
1397
2375
1467
1467
1467
1397
1397
1397
1397
1397
1467
1397
1397
2445
1467
1397
1397
1956
908
2376
1816
1886
1397
978
1467
1956
1397
1397
1886
1467
1397
1467
1886
1397
1886
1397
1397
1397
1467
1467
1886
978
978
1886
1886
1398
1398
1397
1886
1886
1956
1467
1397
1467
1397
2375
1886
1467
2375
1467
1397
1886
1886
1956
978
1397
1397
1398
1886
1467
1397
1467
1467
1886
1397
1467
6707
3353
1467
1397
1397
1467
1397
1397
1397
1467
2375
1397
1467
1397
1886
1397
1397
1886
1397
1956
1397
1397
1397
1886
1467
1887
1467
1956
1467
1886
1467
1956
1397
1467
1467
1467
1397
1816
1956
1397
1886
1397
1467
2445
1467
1398
1397
1397
1397
1467
1397
1398
1467
1398
1467
1956
1467
1467
1886
1886
1397
1886
978
978
1397
1467
1397
1397
1397
1398
1886
978
1467
1397
1467
1397
1467
1886
1397
1398
1397
1397
1397
1397
1886
1467
1886
1397
1397
1467
1467
1398
1397
1397
978
1467
1467
1956
978
1467
1467
1886
1467
1397
1397
1397
1886
1467
1397
2445
1397
1466
1467
1816
1467
1397
1467
1397
1397
1886
978
1397
1397
1397
1397
1466
978
1467
1467
1956
2306
1886
1397
1397
1467
1956
1886
2375
1467
1886
1397
1886
1886
1956
1886
1397
1886
978
2445
1467
1397
1467
1467
1397
1886
1956
1956
1467
1467
1886
1887
2375
2445
1816
1886
1467
1886
1886
1816
978
1886
1886
1817
1467
1397
1817
2376
908
1886
1398
1956
2794
1467
1886
1886
1887
1956
1886
1887
1956
1956
1816
1467
1886
1816
1886
978
1887
1886
1886
1397
1397
1467
1886
1886
1397
1397
1886
1956
1398
1397
1956
1397
1397
1886
2794
1887
1397
1467
1467
1397
1886
1467
15159
1467
1956
1886
1956
1886
1956
1886
1956
1467
6148
2375
1467
1956
1398
1397
1886
1398
1886
1886
1397
1956
1956
1397
1886
2306
1887
1467
1956
978
1956
1956
1397
1887
1467
1886
2305
1886
1467
1886
1886
1397
1956
1886
1886
1886
1467
1467
1956
2375
2305
1397
1886
1886
1887
1886
1886
1956
1467
1886
1886
1956
1886
1956
1397
1467
1467
1467
1817
1816
1886
1886
1467
1397
1467
1467
1467
1398
1886
1467
1886
1886
1816
1956
1397
1467
2376
1397
1956
1467
1886
1886
1397
1816
1886
1956
1467
1397
1467
1956
1397
1467
1886
1886
1397
978
1467
1956
1397
2375
1397
1398
1886
1397
1398
1467
1467
1467
1467
1886
1956
1467
1467
978
1467
1397
1467
1397
1466
1397
1886
1397
1467
1956
1467
1397
1467
1467
1956
1397
1467
1886
1397
1397
1467
1397
1397
1886
1467
1886
1956
1886
1397
1886
1886
1886
1398
1397
1956
1397
1467
1886
1467
1816
1397
1467
1397
1398
1956
1887
1467
1467
1467
1467
1398
1956
1886
1467
1886
1467
1886
1398
1467
1466
1397
1397
1467
1467
1467
1397
1467
1467
61823
1956
1886
1956
1467
1397
1467
1886
1397
1467
1466
1397
1467
1886
1956
1467
978
1467
1467
1467
1467
1817
1467
1467
1956
1886
1467
1467
1467
1817
1397
1886
1886
1467
1467
1956
1467
1956
1956
1956
1956
1397
1956
2375
2375
1886
1886
1887
1467
1886
1816
1887
1886
1886
1398
1887
1886
1886
1886
1886
1886
1467
1397
1956
1886
978
1956
1886
1467
978
1467
1886
1467
1467
1816
1956
1886
1956
1467
1886
1467
1956
1886
1956
1956
2306
1956
1887
1816
1886
978
1956
1886
1816
2375
908
1887
1886
1886
1467
1887
1467
1956
1467
1467
1397
1397
978
1886
1887
1886
978
1956
978
1467
1956
1886
1467
1886
1467
1956
1397
1397
1956
978
1886
1956
1886
2445
1886
1956
1397
1816
1956
1467
1397
1467
1886
1467
2375
1956
1956
1886
1886
1886
1397
1467
1467
1817
1956
978
1397
1397
1397
2445
1956
1467
1886
1886
1467
1956
1467
1467
1397
1467
1886
1467
1397
2375
1886
2376
1466
1886
1397
2794
1886
1397
1397
1467
1886
1398
1397
1467
1467
8243
2305
1398
1397
1886
1397
1886
1398
1467
1886
1467
1467
1467
1467
1467
1886
1467
1886
1467
1887
1467
1467
1397
1886
1956
1397
1956
1886
1816
1467
1467
1887
1886
1886
1467
1467
1397
1886
1956
1397
1397
1886
1886
1467
1398
1467
1397
2445
1397
1467
1467
1467
1956
1467
1467
1467
1467
1817
1886
1397
978
1397
1886
1886
1886
1956
1887
1467
1397
1956
1956
2864
1397
1886
1886
1398
1397
1467
1467
1886
1956
1887
1956
1397
1397
1397
1467
1397
1467
2375
978
1397
1467
1887
1956
1467
1397
1886
1956
1956
1467
1467
1955
1956
1816
1467
1886
1397
1467
1816
1397
1467
978
1397
1467
1886
1397
1397
1397
1887
1397
1886
978
1397
1886
1467
1467
1467
1956
