1397
1467
1398
1467
1397
1467
1467
1467
1397
1397
1886
1886
1816
1467
1886
1398
1467
908
1886
1397
1886
978
1956
1467
2445
1887
1397
1956
1886
1956
1467
1886
1467
1467
1886
1397
1886
1467
1886
1398
1467
1467
1397
1467
1886
1887
1397
1467
1816
1398
1467
1467
908
1397
1467
1887
1956
1956
1886
1397
1467
1956
1886
1467
1886
1397
1397
1397
1397
1397
1956
1467
1467
1467
1886
1467
1886
1886
1467
1886
978
1467
1886
1886
1397
1816
1467
1886
1467
1467
1467
1887
1467
1886
1397
1956
1886
1886
1467
1467
1467
1397
1886
1956
1467
1816
1956
1467
978
1887
1467
1397
1397
1397
1886
1886
1956
1397
1886
1397
1398
1467
1886
1467
1467
1886
1887
1397
1886
1886
1466
1467
1467
1397
8174
1397
1956
1956
1397
1397
1467
1467
1467
1467
1886
1397
978
908
1886
1397
1397
12784
1467
1886
1886
1397
1956
1886
1886
1886
1467
1956
2864
1397
1886
1397
1467
1397
1397
1887
1956
1467
1467
1467
1886
1886
1956
1886
1886
1397
1886
1467
1467
1467
1467
1467
2375
1886
1886
1467
1397
1397
2445
1956
1886
1886
1397
1886
1886
1886
1886
1886
1397
1817
1816
1397
1887
1956
1467
1397
1397
1886
1467
1397
978
1886
1956
1467
1467
1886
1467
1887
1397
1887
978
1887
1467
2305
1886
1887
978
1467
1886
1886
1955
1956
1467
1397
1886
1886
1467
1397
1886
1956
1887
2375
1956
1467
1467
1397
1886
1397
1886
1397
1397
1397
1397
1467
1956
1467
1397
1467
1467
2306
1886
1886
1886
1467
1467
1886
1467
1467
1886
1467
1467
1467
1886
1467
1397
1467
1397
1886
1956
2375
1887
1467
1467
1398
1886
1467
1956
1397
1397
1956
1816
1467
1956
1886
1467
1956
1886
1397
1956
1886
1397
2375
1397
1886
1886
1398
1397
1398
1886
1886
1886
1467
1886
1886
1886
2445
1886
1467
2305
1397
1886
1886
2375
1886
1397
1397
1816
2375
1886
1397
1886
1467
1886
1467
1886
1467
1886
1956
1886
1886
1398
1956
1956
1467
1467
1397
1817
1397
1886
1467
1397
1467
1397
1956
1397
1397
1398
1467
1397
1886
1886
1466
2375
1886
1907352
1397
1467
1467
1467
1467
1397
1467
1956
1467
1886
1886
1886
1886
1467
1467
24380
1886
1398
1397
1886
1467
1397
1467
1397
1397
1816
1398
1467
1397
1397
1397
1886
1886
1467
1467
1467
1956
1956
1467
1956
1397
1397
1886
1397
1397
1467
1397
1467
1886
1956
1887
1467
1467
1467
1467
1467
1397
1397
1397
1887
1466
2445
1956
1956
1886
1886
1397
1467
2305
1397
1397
1467
1397
1886
1467
2306
1887
1397
1887
1467
1467
1467
1467
1467
1467
1467
1397
1398
1467
1886
1886
978
1397
2375
1397
1467
1466
1467
1955
1397
1467
1956
1467
1398
1816
1397
1397
1398
1397
1886
1887
1397
1886
1467
1467
1886
978
1816
1467
1397
1886
978
1467
2376
1397
1397
1886
1467
1817
1397
2794
1397
1397
1467
1467
1886
1886
18652
1397
1886
1467
1467
1467
1886
1886
1956
1886
1467
1886
1467
1956
1956
1467
1467
1956
1467
1956
978
1467
1886
1816
1956
1397
1397
1467
1886
1956
1397
1886
1467
1467
1397
1886
978
1956
1886
1956
1956
1467
1816
1467
1467
1956
1816
2376
1467
1887
1886
1816
1956
1467
1886
1397
1397
1956
1886
1467
1467
1467
1467
1467
1397
2864
1467
1467
1397
1467
1467
1398
1886
1886
1886
1397
1816
1816
1956
1886
1886
1886
1886
1467
2375
1956
1886
2375
1467
1397
1956
1397
1467
1886
2375
2306
1467
2375
1397
1398
1467
1886
1956
1467
1467
1397
1397
1886
1467
1956
1397
1887
1956
1467
1397
1467
1816
1397
1816
1398
978
1397
1397
1467
1467
2375
1467
1467
1467
1887
1887
1397
1956
1398
2375
1397
2375
1398
1886
1467
908
1467
1397
1467
1956
1397
1397
1467
1397
1397
1467
1886
1397
1886
1467
1956
1886
1467
978
1886
1956
1886
1816
1887
1398
1466
1886
1467
1956
1467
1397
1887
1397
1886
1886
1886
1397
1956
1397
1467
908
978
1886
1887
1467
2305
1398
1397
1886
1397
1887
1398
1467
1886
1886
1956
1467
1886
1956
1467
1467
1467
1467
1328
1397
1397
1467
23541
1467
1956
1466
1886
1466
1956
1886
1886
1397
1397
1397
1886
1956
1886
1467
2375
1397
1956
1467
1397
1467
1886
1467
1466
1956
1886
1467
1398
1398
1467
1397
1398
1887
1397
1397
1886
1886
1886
1397
1887
1467
1467
1397
1886
1398
1956
1397
1397
1467
1886
1397
1398
1397
1397
1397
1886
1397
1886
1397
1467
2375
1397
1467
1886
1886
1467
1467
1467
1887
2376
1397
1397
1467
1886
1397
1467
1397
1467
1397
1467
1397
1886
1886
1467
1397
1397
1397
1886
1956
1467
1886
1467
1398
1397
1956
1886
1886
1397
1886
1886
1467
1887
1397
1956
1467
2375
1397
1467
2305
1467
1398
1956
1887
1397
1956
1467
1956
1397
1956
1467
1397
1467
1467
1397
1397
1397
1398
1886
1886
1886
1397
1397
1397
1397
1886
1886
1397
1397
1886
20607
1956
1886
1398
1956
1467
1467
1397
1397
1467
1398
1467
1397
1886
1886
1886
1956
1467
1886
1467
1467
1397
1886
1467
1397
1816
1467
1956
1956
1467
2794
1887
1398
1397
1956
1887
1467
1467
1467
1467
1397
1886
1956
1956
1886
1397
1886
1956
1886
978
1886
1467
1886
1886
1467
1397
1956
1467
1467
1956
1397
1467
1816
1397
1467
1886
1956
1397
2305
1886
1886
2375
1887
1886
1467
2306
1886
1397
1467
1886
1467
1956
1467
1397
1886
1956
1467
1886
6287
1886
1467
908
1397
1956
978
1886
1467
1886
1397
1467
1886
1956
2375
1886
1467
1397
1886
1397
978
1397
1886
1816
1467
1886
1397
1467
1397
1955
1886
1956
1467
908
1886
1467
1956
1467
1467
1467
1397
978
1467
1467
1956
1467
1467
1956
1956
1956
1886
1397
1887
1886
1816
1467
2305
1467
1467
