1397
1397
1467
1467
1467
1886
1397
1467
1467
1956
1466
1397
908
1397
1467
1467
1397
1466
978
1467
1886
1467
1397
1467
1466
1466
1397
1397
1397
908
1397
1397
1397
1397
1886
1397
1886
2445
1956
1397
1816
1467
1467
1467
1467
978
1397
1467
1467
1397
1397
1467
1467
1397
1886
2375
1397
1397
1397
1467
978
1397
908
2375
1397
1956
1397
1467
1467
1467
978
1397
978
1467
1466
1397
1466
1467
1466
1956
1467
1467
1467
1397
1397
1397
1397
1886
1956
1397
1467
1398
1397
1397
1397
1397
1397
1467
1466
1467
1397
1886
977
978
1397
1956
1956
1466
1397
1397
1397
1467
1467
1467
1467
1397
1397
1467
1397
1467
1397
1467
1467
1956
1397
1467
1397
1397
1466
1467
1397
1397
1467
1397
1397
977
1467
2375
1397
1466
1467
1886
1397
1956
1467
1397
908
978
1397
1886
978
1467
1397
1397
1397
1397
2375
1886
1397
908
1466
1397
1886
1397
1467
1467
1397
1467
1397
1397
1467
1397
1886
1397
1467
1467
1397
1467
978
1467
1467
978
1397
1397
1466
1397
909
1397
1397
1397
1397
1467
1467
9360
1886
1397
1397
1397
1467
1397
1467
1466
978
978
1397
1467
978
1397
978
1467
978
1467
1397
1467
1397
1397
1466
1467
1955
1956
1886
1397
1397
1885
1467
1397
1886
1397
1397
908
1467
1956
978
1397
1397
1956
1885
1397
1397
1397
909
1397
1397
1467
1397
977
1816
1397
1397
1467
1955
978
978
1397
1467
1398
1397
1397
1397
1397
1886
1467
1397
1886
1397
1467
1397
1466
1467
1397
1397
1397
1397
1397
1397
1467
1397
1397
1467
1467
1467
1397
1397
1397
1955
1956
1397
1886
978
1397
1467
1397
1886
1467
1397
1397
1467
1956
1467
1397
1466
1397
1397
1816
1397
1397
1467
1467
1397
1467
1467
1467
1397
1467
1467
1397
1467
1397
1397
1467
1467
1397
1955
1397
1397
1397
1397
1466
1397
1466
1467
978
978
1467
1397
1467
978
1397
1467
1886
1466
1467
1397
1397
1397
1397
1397
1397
1397
3422
1397
978
1467
1397
1467
1466
1397
1467
1467
1397
1467
1397
1467
1956
1397
1467
1466
1466
1467
1397
1466
1467
1397
1467
1397
1397
1397
1397
1467
1397
1397
12922
1886
1397
1886
1467
1956
1816
1886
1955
1397
1467
1956
1886
1886
1886
1467
1467
1397
1467
1886
1397
1466
1397
1467
1467
1397
1885
1956
1886
1467
1397
1467
1467
1397
1397
1397
1886
1886
1467
1467
1397
1397
978
1397
1886
1397
1886
1397
1467
1397
1886
1397
1397
1886
1467
2374
1956
1397
1467
1467
1467
1397
1467
1956
1397
1397
1467
1397
1467
1397
1397
1886
2375
1466
1466
1397
1397
1467
1467
1467
1467
1467
1886
1397
1467
1397
1397
1467
1466
1397
978
1467
1397
1397
1397
1397
1397
1467
1397
1397
2375
1467
1397
1397
1397
1467
1466
1398
978
1397
1397
1397
1397
1467
1466
1397
1397
1397
1397
1397
1467
1397
1467
908
1467
1397
908
1467
1397
978
1467
908
1886
1466
1397
1397
1467
1956
1466
978
1886
1397
1956
1397
1466
1467
1816
1397
1467
908
1467
1397
1886
1467
1397
1467
1397
1467
1397
1397
1397
2445
1397
1467
1956
1467
978
1397
1397
1397
1397
1466
2445
1466
1397
1467
1466
1397
1886
1397
1397
1467
1397
1467
1467
1956
1397
1397
1397
1397
1886
1467
1397
1397
1466
1467
1467
1886
1467
1397
1397
1397
1467
1467
1397
1397
1467
1467
1886
1397
1397
1886
1397
1397
1467
908
1467
1886
1397
978
1886
1467
1397
1397
1397
1886
1467
1397
1467
1467
1397
1467
978
1467
1397
1886
1467
1397
1397
1467
978
978
1886
1397
1397
1467
1886
978
1397
1466
1397
1467
1467
1467
1397
1467
1467
1467
1467
1467
1397
1397
1397
1467
1397
978
1397
1467
1397
1467
1397
1467
1886
1397
1397
1467
1397
2375
1397
1397
1467
1397
1397
978
1956
1467
1397
1467
1467
1397
1467
1467
1397
1466
1467
1886
978
1467
977
1467
1397
1397
1467
1886
1397
1397
1467
1886
1397
1397
1886
1467
1467
1397
1886
1467
1466
1467
1816
1886
1956
1467
1467
1467
1467
1397
1956
1467
1467
1397
1467
1467
1397
1397
1467
1397
1397
1467
1886
1886
1886
1956
1467
1397
2375
1467
1466
1397
2794
1816
1886
1467
1397
1467
1467
1397
1956
1467
2794
1397
1467
2375
978
1956
1886
1397
1397
1397
1397
2375
1886
1397
1886
1466
1397
1397
978
1956
1816
1397
1467
2375
1397
1397
1466
1467
1886
1467
1467
1397
1397
1467
1467
1467
1397
1467
1466
1817
1955
1466
1397
1397
1467
1397
1886
1467
1397
1886
1467
1467
1467
1467
1467
1467
1397
1397
1397
1397
1816
1467
1397
1397
1397
1397
1467
1467
1466
1397
1397
1956
1397
1886
1467
1467
1467
1467
1397
1467
1886
1467
1467
1397
1467
1397
1467
1886
1467
1886
1467
1467
1467
1397
1397
1466
1397
1886
1467
1397
1467
1467
1397
1467
1397
1467
1397
1397
1467
1886
1397
978
978
1397
1397
1397
1397
1467
1467
1397
1467
1397
1467
2305
1397
1397
1397
1397
1956
1467
1397
1886
1467
1397
1467
1397
1397
16135
1397
1886
1886
1466
1467
1886
1886
1397
2375
2305
1467
1956
1467
1467
1467
1397
1397
1467
1397
1467
1467
1956
1397
1886
1467
1467
1467
1467
1397
1467
1816
978
1397
1956
1397
1397
1886
1886
1886
1466
1397
1467
1467
1466
1397
1885
1397
1467
1466
1886
1467
978
1397
1816
1467
1397
1397
1397
1397
2375
1397
1886
1886
1467
1397
1467
1467
1397
1467
1467
1467
1467
1467
1466
1397
2445
1467
1467
1397
1397
1397
1397
908
1467
1397
1397
1886
1397
1956
1467
1956
1886
1466
1886
1467
1467
1886
1956
1956
1397
1397
1397
978
1397
1466
1397
1397
1397
1397
1886
1886
2375
1956
977
20396
1397
1397
1467
1397
1397
1397
1467
1467
