1397
1887
1397
1397
1886
1467
1467
1397
1397
1397
1397
1397
1956
1956
1467
1398
978
1956
978
1397
1467
1467
1467
1467
1886
1397
1397
1886
1886
1397
1816
1467
1397
1467
1467
1397
1467
1397
1467
1467
1467
1467
1398
1467
1397
1398
1397
1467
1397
1467
1397
1467
1467
1467
1886
1467
1467
1467
1398
1397
1886
1467
1886
1467
1467
1887
1467
1817
1887
1397
1467
1397
1467
1397
1397
1467
1467
1467
1397
1467
1886
1886
1467
1398
1886
1467
1397
1467
1467
1467
1398
1467
1397
1467
1886
1956
1398
1886
1397
1397
1886
1467
1817
1467
5100
1397
978
1887
1397
1397
1397
1886
1397
1886
978
1397
1467
1887
1397
1467
1397
1397
1886
1886
1467
1467
1397
1467
1397
1956
978
1467
1397
1468
1397
1398
1397
1886
1956
1886
1468
1467
1397
978
1397
1956
1397
1467
1398
5658
1397
1397
1467
1398
1397
1397
1467
1397
2376
1397
1816
1886
1398
1467
1397
1887
1467
1467
1816
2375
1467
1397
1886
1397
1467
1397
1397
1467
1467
1467
1397
908
1397
1397
1467
1467
1397
1397
1467
978
1397
1956
1397
1397
1886
1467
1467
1467
1397
978
1886
2375
1397
1886
1887
1397
1397
1467
1397
1397
1397
1886
1467
1397
1886
1397
1886
1468
1467
1467
1397
1816
1467
1956
1956
1467
1886
1886
1397
1397
1397
1956
1397
1397
1467
1886
1397
1398
1397
1467
1397
1956
1398
1397
1397
1467
1886
1397
1398
1397
1886
1467
1956
1397
1886
1467
1956
1467
2306
1887
1397
1956
1397
1956
1397
1397
1467
1467
1467
1397
1467
1886
909
1467
908
1397
1397
1886
1467
1397
1398
1398
1468
1397
1397
1887
1467
1398
1467
1956
1398
1887
1397
1397
1887
1397
1468
1886
978
1467
1467
1397
1886
1957
1467
1397
1467
1956
1397
1887
1886
1816
1886
1887
1467
1956
1957
1886
1886
1467
1467
1467
2445
1397
1467
1467
1467
1467
1467
1956
1886
1467
1398
1886
1467
1886
1467
1397
1467
1886
1468
1467
1397
1398
1886
1397
1886
2376
1467
1956
1887
1886
1887
1956
1397
1397
1886
1467
1956
1956
1467
1467
1886
1887
1397
1467
1397
1467
1397
1467
1467
2375
1468
1398
1467
1398
1956
2375
1467
1467
1397
1886
978
1467
1467
1397
1397
1887
1467
1886
1886
1397
1956
1397
1887
1467
1397
1397
1467
1467
1467
1467
1467
1467
1886
1398
1467
1816
1397
908
1467
1398
1397
1467
11807
1956
1397
1467
1886
2795
1467
1886
1886
1398
1398
1886
1467
1467
1397
1467
1886
1398
1467
1398
1397
1467
1467
1467
1397
1467
1886
1397
1956
1397
1956
1886
1397
1397
1397
1467
909
1397
1398
1467
1397
1467
1956
1887
1886
1467
1397
1886
1886
1467
1397
1467
1956
1886
1467
1467
1956
1398
1397
1467
1467
1887
1467
1467
1467
1467
1887
1397
1397
1886
1956
1956
1467
1468
1397
1397
1887
1397
1467
1397
1886
1397
1886
1398
1398
1397
1397
1397
1397
1886
1397
1397
1467
1397
1467
2375
1397
1397
1467
1467
1397
1467
1467
1397
1467
1397
1467
1397
1886
1397
1397
1467
1397
1467
1886
1327
1886
1467
1467
1467
1467
1397
978
1397
1957
1468
1397
1467
1467
1886
1956
1397
1886
978
1467
1397
1467
1467
1397
1397
1467
1467
1956
1398
1397
1956
1398
1886
1817
1397
1398
1886
1886
1397
1886
1886
1886
1467
1467
1956
1467
1886
1397
1397
1887
1467
1397
1467
1956
1397
1397
1467
1816
1467
1397
1467
1887
1397
1398
1467
1397
1467
1886
1397
1886
1886
1956
1397
1397
1397
1398
1467
1956
1467
1467
1886
1467
1467
1956
1397
1397
1467
1886
1397
1467
1956
1397
1467
1467
1467
1397
1886
1397
1467
1467
1397
1467
1397
1397
1468
1467
1956
1397
2375
1467
1397
1956
1467
1467
1467
1467
1467
1398
1467
1467
1397
1886
978
1398
1956
1397
1398
1886
1397
1467
1397
1397
1886
1886
1398
2375
1467
1467
1467
978
1397
1467
1886
1886
1397
1886
1397
1467
1956
1886
1398
1398
1467
1886
1397
978
1886
1816
1397
1887
1397
1397
1467
1397
1467
1886
1467
1467
1467
1397
1397
1467
1886
1467
1397
1956
1467
2375
1467
1467
1886
1886
1397
1886
1397
1397
1397
1467
1956
1467
1886
1398
1467
1886
11527
1467
1467
1467
1467
1397
1397
2375
1467
1467
4820
1467
1887
1398
1886
1467
1887
1467
1467
1886
1467
1397
1467
1467
1886
2376
1397
1467
1467
1468
1886
1467
1397
1397
1467
1397
1398
1467
1886
1398
1397
1956
1956
978
1886
1467
2375
1397
1467
1397
1467
1886
1467
1817
1467
1467
1397
1467
1886
1467
1886
1956
1886
1886
1467
1886
1397
1467
1468
1467
1886
1886
1887
1397
1467
1467
1467
1886
1886
1397
1886
978
1886
978
1397
1886
1886
1467
2375
1397
1887
1467
1886
1397
1467
2375
1467
1397
1397
1467
1886
1467
1467
1467
1467
1397
1397
1397
1398
1886
1467
1956
1467
1886
1886
1397
1397
1887
1397
1397
1887
1886
1398
1886
1886
1467
1467
1886
1467
1397
1397
1467
1467
1886
1467
1467
1467
1397
1397
1467
1886
1397
1467
1467
1397
1397
1467
1397
1398
1467
1397
1397
1886
2375
1956
1397
1886
1956
1886
1886
18513
1467
1398
1398
1467
1467
1398
1886
1397
1397
1467
1398
1468
1956
1886
1397
1467
1397
1397
1467
1956
1467
1397
1467
1956
978
1397
1467
1467
1467
1886
1397
1886
1887
1467
1886
978
1467
1886
1467
1397
1886
1886
978
1468
2376
1886
1467
1467
1397
1467
1887
1397
1886
1467
1467
1397
1467
1956
2445
1887
1886
1467
1886
1886
1886
1397
1816
1886
1397
1397
1887
1467
1887
1397
1887
1467
1397
1467
1467
1397
1956
1397
1397
1817
1467
1467
1887
1467
1956
1956
1956
1886
1397
1956
1886
1467
1886
1956
2375
1398
1397
1467
1886
1467
1467
1398
1886
1467
1397
1467
1397
1886
1956
1956
1467
1397
