1397
1886
1397
1466
1397
1466
977
2374
1467
1956
1397
1397
1397
2375
1396
1885
1397
1955
1467
1396
1467
1467
1397
1397
1397
1467
1396
1396
1466
1886
2375
1467
908
1467
978
1467
1886
1397
978
1397
1885
1466
1396
1397
1885
1467
1397
1467
1397
1397
1397
1396
1397
2375
1397
1466
1397
978
1397
978
1396
1467
1467
1397
1466
1467
1467
1397
1885
1886
1397
1397
978
1467
1885
1467
1467
1396
1467
1397
1397
1885
2863
1467
1467
1886
1466
977
1467
1397
977
1956
1467
1396
1396
1467
1397
1466
1396
1885
1467
2374
1467
1397
1467
1466
1466
1397
1327
1396
1466
908
1397
1396
1397
1886
1397
1397
1397
1397
1467
1397
1466
1886
1397
1886
1886
1466
1397
1956
908
1466
1397
1467
1466
908
1397
1467
1466
1885
1466
1397
1397
1467
1885
1466
1886
1397
1885
1397
1397
1886
1397
1397
1397
1467
1397
978
1396
1397
1467
1397
978
978
1396
1467
1886
1955
1885
1397
1397
1397
1885
1956
978
1885
977
1397
908
1467
1466
1397
2305
1397
1467
1397
1467
1396
1467
1397
1467
1885
1397
1397
1955
1886
1397
1397
1397
1397
1467
1467
1397
1396
1886
1467
1397
1396
978
1397
1397
1397
1397
977
1885
1956
1956
1467
978
1816
1467
1397
1955
1886
1397
908
1467
1397
1397
1397
1397
1886
1397
1397
1397
2375
908
978
1467
1466
1397
1467
1467
1397
908
1467
1396
1396
1466
1467
1397
1467
1467
1397
1955
1467
1397
1397
1467
1467
1467
1886
1466
1397
1467
1467
1467
1466
1467
978
1466
1466
1397
1397
1396
1467
1466
1466
1397
1467
1397
1466
1397
1467
1397
1467
1397
1396
978
1396
1397
1467
1467
1467
908
1466
1886
1397
1816
978
1467
1467
1397
1396
1397
1466
1467
978
1396
908
1396
978
908
1466
978
1396
1396
1397
1467
1397
1466
1397
1467
1396
8451
1396
1397
978
978
977
978
1397
908
1397
1467
1467
1467
1467
1397
1467
1397
1466
1396
1467
1397
1397
1466
1397
908
978
1397
1397
1466
1397
1467
1397
1466
978
1886
1466
1397
978
978
1397
1885
1467
978
1466
1466
1467
1466
1397
1467
1397
1466
1467
978
978
1397
1816
1466
1397
1956
1397
1397
1397
1396
1466
1956
977
1397
1466
1397
1397
1396
1397
1467
1397
1466
1397
1397
1396
1397
1397
978
1396
908
1466
1397
908
1466
978
978
1886
1397
1467
1397
1467
978
1816
977
1467
1466
1397
1466
1467
1397
1466
1466
1397
1397
1397
1397
1955
1397
1397
1396
1397
1466
1466
1467
1397
1396
1397
1467
1397
1886
1467
1467
1397
1886
1396
1467
1956
1397
1467
1466
1466
1466
978
1397
1396
1396
1956
1397
1397
1397
1397
1886
1886
1397
1467
1397
1466
1467
1466
2374
1467
1397
978
1467
1397
1467
1397
977
1467
1955
1467
13270
1396
1397
1397
1397
1467
1467
1397
1397
1467
908
1466
1397
1466
1397
1467
1467
1397
1466
1466
1397
1467
978
1397
1467
1397
1467
1396
1467
1466
1397
908
1397
1467
1467
1397
1467
1397
1467
1467
1466
1467
1397
1397
1396
1466
978
1955
1467
1397
1396
1466
1397
1396
1397
1396
1886
1466
1397
2444
1396
977
1396
1397
1397
1397
977
2444
1396
1397
1956
1396
977
1955
1955
1466
1466
978
1467
1466
1397
1467
1467
1466
1466
1397
1467
1467
1397
1467
1397
1396
2305
1956
1466
1396
1396
1886
1396
1396
1396
1955
1397
1466
1397
1397
977
1466
1466
978
1466
1466
978
977
1885
1397
1397
1467
1397
1397
1397
1467
2375
1397
1397
1467
1466
1956
1397
978
1467
1467
907
1886
1466
1396
978
1467
1397
1397
1466
1467
1466
1467
978
908
1886
1397
1467
1466
1397
1397
1397
1466
1955
2375
1397
1397
1397
1397
1466
978
1467
1396
1397
1467
1955
1885
1467
1397
1396
1397
1397
1466
1467
1467
1396
1397
1467
1396
978
1467
1397
1397
1467
1397
1466
1467
1397
1397
1466
1397
1396
1397
1397
1397
1396
1886
1466
1467
908
1397
1397
1397
1466
978
1955
1467
1397
978
1467
1886
1467
978
1397
1396
977
1397
1397
1467
1397
1397
1466
1397
1467
1396
978
1467
1397
1396
1467
1466
1467
1466
1397
1396
1396
977
1466
19555
1397
1466
1397
908
1885
978
1396
978
1397
1467
1466
1397
1397
1396
1886
1397
1397
1466
1886
1886
977
2374
1397
1467
1397
908
1397
1397
1397
1397
1467
1397
1397
1397
1396
1397
1397
1397
908
1397
1466
1466
978
1397
1467
1396
1397
1397
1397
1467
1467
1397
1397
1467
1397
1397
1956
1397
1466
1467
1397
907
1956
1467
1396
978
978
1466
1397
1397
1396
1397
1466
1466
1467
1397
1396
908
1397
1466
1397
908
977
1397
1467
1397
1467
1956
1467
1397
1397
1467
1397
908
1886
1467
1816
908
1467
1467
1397
978
1397
1397
1816
1467
1397
1397
978
908
1396
978
1397
1886
908
1466
1397
1466
1397
1397
1467
1466
1956
1396
1397
978
1467
978
1815
1397
1397
1397
1397
978
1467
1397
1467
978
1466
1397
1397
978
1397
1467
1397
978
1397
1955
1397
1467
1467
5866
978
978
1397
1467
1397
1886
1397
1466
1467
1396
1396
977
1397
1397
1397
1467
1396
1955
1397
908
908
978
978
1397
1397
1396
1886
1467
1397
908
1396
2445
1397
1467
1397
978
1955
1397
2375
978
1467
1397
1397
1467
1816
978
1397
1396
1397
1467
1397
908
1467
1467
1466
1397
1816
908
1466
1396
1396
1467
1397
1466
978
1467
978
1397
1467
978
1467
978
1466
1467
1467
1397
1397
1397
1397
2375
1397
1397
1397
1396
1467
1466
1397
1467
1467
908
1397
1466
978
1397
1397
1816
1397
908
977
1397
1397
1467
1466
1397
1886
978
1397
1955
1397
1397
1955
1466
1886
1397
1397
1886
1956
1396
978
1396
