908
1467
1466
1886
1397
1397
1397
1397
1396
1397
1397
2445
1886
1955
1396
1886
978
1466
1397
1885
1397
1397
1467
1397
1466
1467
978
1467
1397
1467
1467
1467
1397
978
1397
1397
1397
1467
1466
1955
977
1816
1397
1816
1397
1466
1397
1955
1396
978
1397
1397
1467
1955
1466
1396
1466
1397
1397
1466
1467
1397
1467
1467
1956
3771
1397
1397
1397
1955
1396
1467
1396
1397
1396
1467
1397
1467
1397
1397
1396
1466
1397
1467
1396
1467
978
1397
2444
1956
1467
1885
1397
1467
1467
1396
1886
1397
1467
977
1397
1467
1397
3841
1467
1466
1397
1397
1397
1467
1467
1467
978
1467
1397
62996
1466
1397
1397
1886
1397
1397
1397
1396
1397
1397
908
907
2444
1397
1955
1466
1885
1397
1466
1467
1397
1466
1397
1466
1956
1467
1815
1467
1467
978
1396
1466
1885
1466
908
1397
1467
1397
1467
1397
1466
1467
1397
1467
1466
1397
1467
977
1466
1467
1396
1397
1397
1467
1467
1467
1397
1956
1396
1397
1397
1467
1467
1467
1396
977
978
1396
1397
1467
1955
1397
1397
1397
1885
1397
1466
1396
1397
1397
1885
1467
1397
1467
1397
1467
1397
2375
1467
2305
1397
1397
1886
1397
1397
1467
1467
1396
977
977
1397
1466
1397
1397
1467
1396
1397
1466
977
1397
978
1397
1467
1466
1467
1467
1396
1466
1466
1466
1466
1397
1396
1397
1397
1397
1467
1467
1466
1396
908
1467
1466
1467
1955
1466
1467
977
978
1396
1467
1397
1467
1467
1397
1467
1466
1466
1397
1466
1396
1396
1396
1886
1466
1397
1467
1467
1397
977
1466
1397
1397
1467
1397
1466
1397
1885
1397
1466
1397
1886
1397
1397
1467
1466
1886
1467
1955
1466
1886
1397
1397
1466
1397
1466
2305
1467
1397
1396
978
1956
908
1396
1397
977
1396
1467
978
1397
1466
1397
2374
1467
1466
1956
978
977
1397
1467
1956
1467
1886
1397
1397
2374
1397
1816
1467
1397
1467
1467
1467
1466
1397
1397
1467
1397
1956
1886
1816
1397
1467
1397
1396
908
1886
1467
1467
1397
1397
1886
1397
1886
1466
1397
1397
1466
1467
1466
1885
1467
1397
1397
1467
1397
1467
1397
1467
1886
1815
1885
1815
2794
1955
1467
1467
1885
1397
1466
1397
1816
1467
1467
1885
1397
1956
1955
1397
1955
1955
1467
1466
1397
1467
1397
1466
1467
1466
1467
1397
1397
1467
1466
1397
1467
1467
1396
1397
1466
1396
1885
1467
1467
1886
1466
1956
1886
1466
1885
1396
1886
1467
1885
1467
1397
1956
1466
1466
1956
1397
1467
1467
2375
1467
1955
1956
1466
1467
1886
1885
978
2444
1886
977
1816
1816
1956
2864
1886
1467
1956
1885
1956
1397
2374
1397
1466
1467
1397
1955
1397
1397
1397
1885
1397
1466
1396
977
1467
1397
1467
978
1886
1396
1467
2374
1397
1467
1397
1397
1886
1467
1886
1886
1397
908
1397
1467
7194
1886
20114
1816
1467
1397
1467
907
1466
1397
1397
1467
1396
1885
1955
1397
1467
1467
1397
1886
1816
1466
1397
1467
2305
1397
1466
1466
1467
1467
1397
1886
1886
1397
908
1955
1886
1467
1397
1467
1956
978
1886
1956
1886
1956
1466
1397
1397
1816
1397
1956
1397
1885
1397
2444
2375
1886
1396
1467
1886
1397
1467
1467
1467
1467
1397
1397
1466
1886
1886
1467
1885
1885
1397
1396
1466
1397
1397
1467
1397
1466
1955
1467
1467
1397
1886
1396
1467
1467
1396
1467
1396
1397
1885
1467
1397
1397
1397
1466
1397
1397
1397
1467
1466
1397
1397
1467
908
1397
1397
1467
1467
1397
1397
1397
1886
1955
1467
1955
1956
1467
1886
1885
1397
1885
1467
1886
1955
1467
1397
1885
1956
1467
1467
1955
1466
1467
1466
1466
1396
1467
1466
1397
1467
1396
1397
1397
1467
1467
1397
1886
1467
1885
1886
1466
1467
1816
1396
1467
1466
1396
1466
1467
1397
1467
978
2305
1396
1886
1466
1397
1886
1467
1816
1397
1397
1467
1466
1816
1467
1886
1396
1467
978
1955
1467
4819
1466
1396
1467
1467
1397
1955
1397
1466
1466
1886
1467
1886
1397
978
1397
1397
1466
1955
1397
1467
908
1885
8032
1955
1955
1397
1886
1467
978
978
1397
1467
1467
1396
1886
1467
978
1397
1886
1467
9917
1397
2375
1397
1397
1467
978
1467
1397
1396
1467
1885
1396
1467
1397
1397
1467
1397
1466
1397
1397
1467
1466
978
1467
1467
1816
1397
1397
1466
1955
1397
1467
1397
1467
1466
15645
1886
978
1886
1397
1467
1397
1466
1396
1397
1397
1467
1467
1397
1466
1397
1467
1396
1467
1396
1397
1397
1467
1397
1467
2444
1467
1466
1397
1886
978
1397
1397
1886
1466
1397
1886
2305
1466
1885
1467
1466
1397
1397
1397
1466
1397
1956
1467
1397
1467
978
1955
908
1396
1397
1397
1397
978
1466
1466
1397
1886
1397
1466
978
2445
977
1467
1467
1885
978
1397
1467
1886
1467
977
1397
978
1467
1467
1467
977
1397
1397
1467
1886
1396
1466
1397
1467
1397
1466
1956
1396
1397
1467
1885
1397
1397
1955
1397
1396
1467
1467
1466
1397
1396
978
1397
978
908
1467
1467
1886
1466
1467
1467
1397
1467
1397
1886
1396
1396
1466
1397
1397
1397
1396
1396
1396
1397
2375
1397
1467
1956
1397
1885
1885
1467
1467
1467
1466
1397
1396
1816
1397
1396
1397
1397
1397
1466
1397
1396
1467
977
1397
1885
1397
1955
978
1955
1466
1397
2374
1466
1955
1397
978
1397
1397
1397
1886
1467
1467
1397
978
978
1466
1467
1397
1955
1397
1397
1396
1467
1467
1397
977
1397
1397
1467
1397
1466
1467
1466
1467
1467
1397
1886
1397
1466
1467
1467
1396
978
978
1467
978
1466
1397
1397
978
1467
908
978
1397
1397
1467
1886
1397
1466
1467
1466
1467
1467
1467
2444
977
1885
1467
1886
1467
1815
978
1396
1397
1397
1396
1886
977
