1467
1886
1397
1886
2375
1396
1396
1397
1467
1956
1397
1396
1466
1467
1397
1467
1956
1397
1467
1397
1396
977
1397
2374
1397
1467
1956
1467
1397
1396
1396
2374
977
2374
1396
1466
1466
1467
1466
1467
1467
1467
1397
1397
1467
3283
1396
1955
1886
1397
1397
1467
2305
1955
1466
1886
1466
1467
978
1886
1467
1397
1467
1467
1467
1467
1396
1396
1467
1397
1397
1885
1397
1397
1886
1396
1467
1466
1466
1397
1397
1467
1467
1467
1397
1397
1886
1466
1397
1467
977
1467
1397
1885
1397
1397
1467
978
1886
1467
1396
1466
1397
1397
1397
1956
1397
1397
1955
977
1397
1397
1397
1466
1397
1467
1467
908
1396
1467
1885
1466
1466
1396
908
1397
1397
1397
908
1466
1397
1467
978
1397
1397
1396
1466
1396
1467
908
1467
978
977
1397
1466
977
1397
1816
1467
1467
978
1467
1467
1397
1397
1397
1397
1397
1397
1396
1466
1467
1397
1397
1327
1466
1397
1397
1396
908
1955
1467
1886
1397
1467
977
1397
1467
1467
1397
908
1467
1467
1467
977
1397
978
1397
1467
1885
1397
1467
977
1396
1397
1397
1397
1397
978
1466
1396
1466
978
1466
1466
1396
1397
1396
1467
1467
1397
1397
1397
1466
1467
1467
1397
1397
1397
1467
1397
1397
978
1466
977
1396
1397
1467
1397
1397
1397
1397
1467
1396
978
1397
1466
978
1467
1397
1396
1467
1397
1396
978
1396
1955
1397
978
908
977
1467
1397
1467
978
1466
1397
1467
978
1397
1467
1397
1396
1466
1397
1397
1397
1396
1467
1886
1466
1397
1397
1466
1397
1397
1467
1397
1956
1396
1396
1397
1467
1396
1397
1466
1467
1396
1397
1397
1467
2375
1396
1397
1956
1886
1467
1396
1467
1397
1397
1397
1467
1467
2305
1466
1467
1397
1467
1397
2375
1397
1956
1396
1467
1466
1466
1397
1397
1397
1466
1467
978
1396
1467
1956
1397
1397
1467
1397
1956
1466
1886
1397
1467
1886
1397
1397
1467
1955
1396
1397
1466
1467
1397
1397
908
1467
978
1397
1397
1955
1397
1397
1397
1397
1466
1955
1467
1467
978
1885
1396
1466
1467
908
1397
978
1467
978
1397
1397
1886
1466
1397
2444
1397
1397
1397
1397
1886
978
1885
1397
1467
1397
10896
2375
1467
1396
1396
1886
977
1886
1467
1466
1467
1816
1886
1396
1397
1397
1397
1467
1397
1466
1886
1397
1886
1397
1467
1397
1467
1467
1886
1885
1397
1397
1396
1886
1397
1397
1396
1467
1956
1467
1466
3283
1466
1467
1467
1467
1397
1397
1467
1397
1467
1885
1397
1397
1467
1467
1467
1886
1397
1886
1956
1397
1396
1397
1886
1467
1467
1397
1397
1396
1466
1885
1397
2374
1467
1466
1467
978
1397
1816
1397
2444
1467
1466
1396
1886
1397
1467
1467
1397
1885
1397
1467
1467
978
978
1397
1955
978
1397
1956
908
1397
1397
1466
1466
1466
2863
1397
1466
977
1397
1397
1396
1397
1397
1467
1466
1397
1396
1397
1886
908
1397
1397
1397
1396
1327
1396
1467
1397
1467
1467
1397
2445
1467
1467
13688
1466
1467
10895
1886
1886
1885
1885
1885
2374
1397
1467
2374
1466
1885
1396
1397
1886
1955
1467
1397
1397
1397
1886
1467
1956
1816
1397
1886
1467
1467
1397
1397
1886
1886
1397
1467
1466
1397
1466
1397
1467
1397
1467
1397
1397
977
1956
1886
1955
1886
1467
1956
1467
1886
1397
1397
1396
1886
1397
1397
1397
1886
1397
1885
1886
1467
1397
1397
1466
1467
1396
1885
1467
1467
1397
1467
1397
1396
1955
1397
2374
1397
2375
1396
1885
1397
1467
1886
1886
1397
1467
1467
1467
1467
1397
1956
1397
1886
1467
1467
1396
908
1396
1397
1466
1397
1396
1397
1466
1467
1397
1467
1466
1467
1466
1886
1396
1466
1886
1956
1955
1885
1467
1467
1956
1397
1396
1397
1397
1396
1956
1467
1886
1886
1956
1886
1396
1466
1466
1397
1467
1397
1955
1396
1397
908
1467
1467
1956
1397
1467
1397
1955
1467
1466
2374
1397
1397
1886
1467
1397
1396
1886
10615
1466
1886
1885
1956
1397
1467
1397
1467
1397
1466
2444
2445
1467
1886
1956
1397
1397
3701
1397
1956
978
1396
1885
978
2375
978
908
1397
1467
1397
1467
1396
1467
1397
1886
907
1956
1955
978
1466
1467
1955
1397
1397
1885
1467
1886
1466
1467
2444
978
1397
1397
2445
1467
1466
1397
1397
1886
1397
1466
1466
1397
1955
978
1397
1467
1466
1396
1956
1467
1467
1396
1397
1467
1397
1397
1397
1397
1397
1396
1467
1397
1885
978
1955
1396
1397
1397
2864
1397
1396
1397
1397
1397
1467
1397
1467
1397
1397
1816
1466
1466
1396
1397
1956
1397
1397
1955
1397
1397
1397
1397
1397
1467
1886
1467
1396
1466
1886
1397
1397
1397
1886
1396
1397
1467
1397
1467
1396
1397
978
1397
1397
1467
1397
1397
1397
978
1466
1467
1397
907
1886
978
1466
1466
1396
1397
1397
1466
1397
1396
1467
1397
1885
1397
1397
978
1397
1397
1397
1397
978
1397
978
1466
1397
1467
1397
1397
1397
1397
1396
1467
1397
1467
1467
1397
908
1886
1955
1397
1466
1397
978
1467
1466
1467
1397
1397
1467
1397
1467
1397
1467
1467
2305
1397
1467
1466
1467
1397
1467
1397
908
1397
1886
1467
1467
1397
1397
1397
1467
1397
1886
1466
1467
1397
908
1397
978
1397
1396
1467
1466
1397
1397
1397
1466
1397
1955
1466
1397
908
1467
978
1467
1956
1467
1397
1956
978
1397
908
1467
1466
1397
1396
1467
1467
1466
1397
1397
1397
1467
1466
8660
1397
1467
1467
1466
978
1397
1467
1467
1467
1397
1466
1396
1467
1466
1467
1467
2444
1467
1397
1397
1397
1397
908
977
1466
1467
1397
1397
1467
1467
1396
1397
978
1467
1467
1397
1467
1467
1396
1467
1397
1396
1397
978
1397
1397
1396
1397
1467
1397
1397
1397
978
1886
