1397
1397
978
1467
1397
1397
2305
2375
1467
1467
1886
1397
1956
1466
1397
1397
1467
1396
1467
1886
1467
1467
1467
1467
1397
1397
1397
1467
1467
1956
1466
1397
1466
1886
1466
1397
1467
1397
1397
1956
1467
1467
1397
1397
1397
2445
1397
1886
1467
1885
1396
1886
1397
1886
1396
1467
1886
1397
1467
1397
1397
1397
978
1466
978
1466
908
1467
1397
908
1467
1886
1955
978
2375
1397
978
1467
1886
1886
1886
1397
1886
1397
1397
1397
1886
1467
978
1956
1397
1397
1956
1466
978
1396
1397
1467
1956
1886
1956
1397
1397
1397
1956
1397
1467
1956
1467
1397
1397
908
1885
1466
1396
1396
1816
1885
978
1397
1886
1886
1397
1467
1467
1886
978
1467
2305
978
1467
2375
1466
1467
1956
1467
1467
1885
1397
1467
1467
1467
1397
1467
1467
1397
1397
1397
1467
2375
1886
1397
1467
1466
1397
1397
978
1397
1397
978
1397
977
1397
1397
1467
1886
908
1466
1886
1397
908
1397
1397
1956
1397
1397
1397
1397
1397
1467
1397
1397
1466
1885
2375
1467
1396
1397
1816
1397
1467
1467
1956
1816
1467
1886
1886
1886
1956
1467
1467
1955
1886
1956
1955
1886
1397
1467
1466
1467
1467
1397
1466
1397
1467
1397
1467
1886
1467
1397
1956
1886
978
1397
1397
1397
1956
1816
977
1397
1397
1467
1467
1886
1397
1886
1955
1886
2375
1467
1397
1466
1886
1397
1467
1886
1467
1466
1956
1397
1397
1466
1467
1397
2305
2305
2375
908
1397
1397
1886
2305
1397
1467
1956
1397
1466
1467
1467
1397
1886
1397
1467
1397
1467
1467
1397
1397
1955
1466
1956
1886
1467
1467
1886
1397
1467
978
1467
1467
1397
1397
1397
1467
1956
1467
1467
978
1397
1397
1466
1956
2375
2374
1466
1956
1397
1466
1397
1397
1467
1397
1397
1397
1467
1397
1397
1467
1397
1396
1397
978
1397
1467
1467
1397
1886
1467
1397
1467
1467
1397
1397
978
1397
1396
1397
1467
1327
1397
1397
1397
1467
1397
1466
1467
1467
908
1467
1467
1467
1466
1397
1397
978
1397
1397
1397
1467
1467
978
908
1467
1397
1467
1886
1467
1397
1397
1397
1397
1397
978
978
1816
1886
1467
1397
1467
1397
1397
1886
1467
1397
1467
1886
1816
1396
2375
1397
1397
2305
1397
1956
1397
1467
1397
1467
1466
1397
1467
1466
1397
1467
1467
1466
978
1467
977
1886
1467
1397
1396
1467
1467
908
1397
1467
1467
1466
1467
1397
1467
1397
1397
1397
1397
1467
978
1885
1397
978
1467
1397
1397
1467
1397
1397
1397
1397
1466
1466
1397
978
1467
1397
1467
1396
1467
1466
1467
1397
978
908
1886
1466
1467
1886
1397
1397
1466
1397
1397
1397
977
978
1467
1467
1397
1397
1886
1956
1467
1956
1886
1467
1466
1467
1466
1396
1886
908
1467
1816
1397
1886
1467
1397
1397
977
1397
1397
1466
1886
1397
1397
1466
1886
1466
1397
1886
1397
1397
1886
1956
1397
1397
1886
1397
1467
1397
1467
1467
2863
1397
1397
1886
1397
1397
1397
1466
1467
1397
1467
1467
1397
1467
1467
1467
1467
1467
1467
1397
1885
1467
978
1397
1397
1397
1467
1397
1397
1955
1397
1466
1397
1466
1467
1467
1467
1397
1397
1466
1467
977
1397
1397
1467
1885
1397
1397
1397
1467
1397
978
1467
1467
1956
1467
1396
1396
1467
1467
1396
1956
1886
1956
1397
1397
1467
1397
1397
1397
1397
1467
1467
1886
1467
1467
1397
1467
1886
1467
1955
1397
1956
1397
1467
1886
1467
1467
1816
1466
1467
1397
1467
1886
1467
1956
1467
1397
1467
1397
1886
1397
1467
1467
1397
1467
1956
1467
1466
1886
1467
1466
1886
1397
1886
1397
1397
1467
1397
1467
1467
1467
1397
1885
1467
1397
1397
1466
977
1397
978
978
1467
1467
1467
978
1467
1397
1397
1467
1467
1467
1397
978
1397
1467
1397
1397
1397
1466
978
1397
1397
1467
1327
1886
1467
1956
1467
1467
1397
1886
1886
1397
1397
1466
1397
1886
1886
1466
1467
1397
1397
1886
1397
1397
1397
1886
1397
1397
1397
2375
1397
1886
978
1397
1467
1466
1467
1397
1467
1886
1397
1816
1397
1397
1886
1467
1467
1467
1467
1467
1467
1467
1397
1886
1467
1397
1397
1467
1467
1886
1397
1397
1397
1467
1956
1466
1467
1397
1467
1397
1467
1816
1467
1397
1397
1467
2305
1397
1467
1397
1886
1467
1467
1886
1467
1467
1467
1467
1397
1467
1397
1397
1396
1886
1467
1397
1955
1397
1467
1466
2375
1467
1397
1467
1467
1467
1397
1886
1886
1397
1467
1886
1466
1886
1396
1397
1886
1397
1466
1397
1885
1467
1467
1467
1467
1467
1886
1397
977
1397
1397
1397
1397
1467
1467
1467
1886
1467
1467
1397
1397
1397
1466
1397
1396
1397
1397
1816
1886
1467
1886
1396
1397
1467
978
1886
1467
1397
1886
1467
1466
1467
1397
1467
1956
1466
1397
1467
1397
2445
1397
1886
1397
1397
1886
1467
1467
1886
1467
1886
1397
1397
1466
1397
1467
1397
1397
1956
1397
1397
1467
1467
9010
1467
9988
1397
1955
1886
1467
1467
1397
1467
1397
1397
1467
1467
1467
1467
1886
1397
978
1467
1467
1397
1467
1467
1397
1397
1467
2444
1397
1397
1397
1467
1467
1397
1397
1886
1886
1467
1466
1397
1466
1397
2375
1397
1467
1397
1467
1397
978
1397
1397
978
1397
1397
1886
1397
1467
2305
1397
1886
1467
1466
1886
978
1956
908
1397
1955
1816
978
1397
1467
1397
1886
1467
1397
1886
1397
1816
2445
1397
2375
1397
1397
1397
978
19068
1467
1397
1886
1397
1886
1467
1467
1466
1467
1466
1467
978
1397
1396
1397
1397
1397
1397
1467
978
1466
978
1467
1397
1397
1397
1886
1466
908
1466
1397
1467
1397
1397
1467
1397
1466
1397
1397
1397
1396
1397
1397
1467
1397
1397
1467
1466
1397
1467
1397
1397
1467
1467
1396
1467
