1956
1397
1467
1467
1886
1398
1398
1467
1397
1397
1956
1467
1956
1397
1467
1468
1467
978
1467
1397
1886
1468
1397
2375
1467
1467
1467
1397
1467
1467
1467
1886
1398
1887
1886
1467
1886
978
1467
1468
1886
1397
1467
1816
1467
1467
1467
1467
1397
1467
1397
1398
1397
1467
1397
1468
1397
1887
1397
1397
1467
1397
1397
1956
1467
1467
1397
1397
1887
1886
1886
1956
1886
1467
1397
1956
1467
1467
1397
1467
1886
1467
1397
1397
1886
1886
1468
1886
1956
1397
1397
1397
1467
1816
1816
1398
1397
1467
1397
1886
1956
1956
1467
1397
1956
1398
1397
1397
1886
1467
1956
1397
1397
1886
1467
1956
1467
1397
1467
1467
1886
1886
1398
1398
1397
1397
1886
1886
1886
1397
1397
1397
1397
1887
1467
1467
1886
1467
1398
1886
1886
1398
2445
1467
908
1397
1886
1397
1397
1397
2375
1957
1886
1467
1886
1397
1886
1467
1467
1956
1467
1397
1956
1467
1956
1398
1467
1468
2305
1817
978
1886
1398
1956
1467
1397
1467
1956
1956
1397
1398
1467
1397
1467
1467
1468
1467
1397
1397
2375
1397
1397
1956
1886
1886
1886
1467
1886
1397
1467
1467
1887
1397
1397
1886
1467
1467
1467
1397
1956
1397
1956
1397
1397
2376
1886
1467
1398
1398
1467
1956
1397
1397
1886
1467
1467
1397
1467
1467
1397
1397
1397
1467
1397
1956
1886
1467
1467
1397
1397
1467
1328
1467
1887
1467
1816
1467
978
1886
1397
1397
1397
1887
1467
1397
1467
1397
1467
1886
1886
1398
1956
1467
1397
1886
1397
1467
1397
1397
1397
1397
1397
1467
1886
1397
1886
1397
1467
1956
1467
1398
1467
1886
1468
1956
1467
1886
1397
11945
1886
1467
1816
1397
1397
1886
1397
1398
1467
1467
1467
1397
1397
1467
1467
1468
1467
1397
1398
1397
1467
1397
1886
1886
1467
1467
1467
1886
1397
1397
1397
1467
1956
1397
1887
1397
1467
2306
1956
1398
1886
1398
1397
1397
1467
1398
1397
908
1887
1467
1397
1397
1467
1397
1467
1467
1397
1886
1397
1467
1397
1467
1397
1397
1397
1467
1956
5170
1467
1397
1397
1397
1467
1886
1467
1467
1467
1886
1398
1467
1397
1956
1467
1397
1817
1886
1467
1397
1467
1467
1467
1397
1397
1956
1467
1397
1397
1886
1467
1467
1398
1397
908
1397
1467
1467
1886
1467
1397
1467
1886
1467
1397
1397
1397
978
1467
1956
1397
1467
1886
1397
1467
1467
1467
1397
1397
1397
1397
1397
1397
1886
1956
1467
1397
1397
978
1886
1886
908
1886
1467
1467
1397
1397
1397
1467
1467
1956
1467
1467
1467
1886
1887
1467
1956
1467
1467
1957
1397
978
1886
1956
1956
1397
1397
1467
1467
1467
1467
1886
1467
1467
1398
1397
1398
1467
1467
1887
1398
978
1886
1397
1467
1398
1956
1397
1467
1467
1398
1467
1397
1397
1816
1467
1467
1467
1397
1886
1467
1467
1397
1398
1887
1467
1956
1397
1956
1397
1467
2375
1397
1467
1956
1467
1397
1886
1467
1816
1397
1467
1886
1467
1886
1467
1397
1397
1467
1887
1467
1397
1397
908
1397
1467
1397
1956
1956
1816
1956
1397
1397
1398
1397
1467
1397
978
1467
1886
1886
1467
978
1467
1397
1398
1467
1397
1397
1467
1397
1397
1397
1886
1467
1886
1886
1397
1467
1397
1467
1397
1886
908
1886
1397
1397
1397
1397
1398
1397
1886
1467
1398
1467
1397
1467
1397
1398
2445
1887
1886
1397
1398
1956
1956
1397
1467
1467
1467
1467
1398
1886
1397
2375
1886
1468
2445
1397
1397
1467
1397
1467
1956
1397
1467
1467
1397
1467
1397
978
1397
1467
1467
1816
1467
1956
1397
1467
1816
1397
1397
1956
1467
1956
2375
1397
1467
1887
1467
1886
1956
1467
1467
1467
1467
1397
1467
1886
1398
1886
1956
1467
1397
1886
1467
1886
1397
1886
1467
1886
1956
1397
1467
1397
1397
1816
1397
1467
979
1956
1467
1886
1467
1467
1887
1467
1467
1956
2305
1887
1956
978
1467
1467
1398
1886
1817
1397
1398
1817
1467
1886
1956
978
1956
1886
1467
1467
1467
1397
1397
1397
1467
1467
1467
1397
43103
1397
978
1397
1886
1886
1887
1467
1467
1397
1398
1397
1467
1467
1467
1467
1467
1887
1467
1397
1398
908
1887
1887
1467
1398
1886
978
1467
1398
1467
978
1398
1397
1467
1956
1467
1397
1397
1467
1886
1397
1397
1397
1886
1397
1467
1467
978
1956
1956
1956
1467
1397
1397
1397
1397
978
1397
1886
1397
1467
1467
1886
1956
2375
1397
978
1398
1467
1397
1398
1886
1467
1467
1397
1467
1468
1467
1886
1467
1398
1467
1956
1397
1956
1397
978
1887
1467
1887
1397
1397
1886
1467
1467
1467
978
1467
1398
1467
978
978
1397
1816
1397
1467
1397
1397
1397
1957
1467
1397
1467
1467
1397
1467
1816
1397
1467
1467
1467
1397
1467
1397
1467
2375
1467
1397
1887
1886
1397
978
1886
1397
1397
1397
1467
2375
978
1397
1956
1467
2794
1467
1467
1467
1467
1467
1397
1397
1467
1397
1467
1886
1886
1886
1886
1467
1398
1397
1467
1817
1398
1467
1467
1468
1397
1467
978
1467
1397
1397
1886
1397
1467
2445
1397
1886
1397
908
1467
1467
1467
1467
1467
1397
1397
1398
1468
1956
1467
1956
1956
1467
1397
1956
978
1956
1397
1467
1886
1398
1397
1886
1816
1467
1467
978
1398
1398
1397
1467
1397
1468
1397
1467
1467
2375
1398
1397
1886
1467
1956
1956
1887
1397
1886
1467
1467
1956
1816
1467
1956
1397
1467
1397
1467
1397
1886
1397
978
1398
978
1398
1467
1956
1467
1397
1398
1397
1398
978
1467
2934
1397
1467
1467
1956
1467
1397
1467
1397
1467
1886
1887
1467
1467
1467
1397
1398
1397
1886
1397
1886
978
1467
1956
1397
1398
1886
1886
1397
1467
1886
1956
909
1467
978
1398
1467
1886
2375
1397
1467
1467
978
1467
1397
1397
1886
1397
1397
1397
1467
