1467
1467
1467
1467
1467
1467
1467
1887
1397
1397
1886
1467
1467
1467
1397
1397
1817
1397
1956
1397
1886
1887
1886
1467
2375
1467
1886
1398
1397
1816
1956
1467
1397
1397
1467
1467
1467
1398
1467
1467
1398
1467
1328
1816
1398
1467
1398
1467
1397
1467
1467
1886
1397
1467
1956
1397
1956
1886
1467
1467
1886
1397
1397
1886
1467
1398
1886
978
1397
1467
1397
1886
1397
1817
1397
1397
1397
1397
1397
1397
1886
1956
1467
1467
1397
1397
1397
2375
1886
978
1398
1467
1467
1467
1886
1956
1398
1467
1397
1467
908
1467
1886
1397
1886
1397
1467
1886
1397
1467
1467
1886
1467
1398
1467
1956
1467
1397
1397
1956
1467
978
1467
1397
1467
1397
1886
1397
1397
1467
1956
1467
1397
1397
1467
1397
1467
1886
1397
1397
1886
1397
1467
1886
1886
1467
1467
1886
1397
2375
1467
1398
978
1397
1398
1886
1397
1886
1467
1397
1397
2375
1397
908
908
1397
2375
1886
1397
1467
1886
1886
1956
1467
1886
1398
1397
1886
1886
1397
1467
1467
1956
978
1467
1887
1956
1886
1886
16137
1886
1467
1886
1467
1397
1467
1886
1956
1467
1467
1467
1397
1956
1397
1397
1467
1956
1467
1467
1397
1467
1467
1886
1397
1398
1956
1467
1467
1956
1397
1397
1467
1467
1467
1397
1816
1886
1397
1886
1467
1467
1886
978
1956
1467
1467
1886
1467
1398
1467
1397
1886
1886
1467
1397
1886
1467
1398
1467
1327
1886
1397
1886
1397
1397
978
1467
1468
1467
1956
1886
1467
1467
1397
1467
1886
1397
1816
1467
978
1467
1397
1467
1886
1956
1467
978
1467
1467
978
1467
1467
978
1886
1467
1467
1397
1397
1467
1467
1467
1397
1886
1397
1397
978
1467
1886
1467
978
1327
1817
1886
1886
1397
1398
1398
1956
1467
1467
1467
1467
1886
1397
1467
1956
1467
1397
1397
1397
1467
1467
1467
1397
1397
1467
1816
1398
1397
1467
978
1397
1397
1398
1467
1467
1468
1397
1467
1467
1467
1397
1397
1956
1397
1397
1397
1886
1397
1467
1956
978
1398
1467
1397
1467
1397
1957
1397
1886
1467
1467
1397
1397
1886
1956
1397
1397
1467
1956
1397
1886
1397
1467
1886
1327
1886
978
1397
978
908
1397
1397
1397
1397
1397
1397
1467
1397
1887
1397
1467
1398
1397
1886
1397
1467
1467
1397
1886
1397
1467
1467
1467
1467
1467
1467
1397
1886
1398
1467
1467
908
1397
1816
1886
1397
1886
1398
1398
1817
1397
1887
1467
1397
1397
1397
1467
1397
1467
1467
2376
1467
1398
1467
1467
1467
1467
2445
1397
1956
1397
1956
1467
1467
1397
1886
1397
1397
1467
1817
1467
1467
1397
1397
978
1467
1397
1467
1886
1887
1467
1397
1956
4262
1397
1467
1398
2376
1817
1398
1467
1398
1397
1468
1467
1397
1397
1397
1397
1397
1397
1397
1397
1467
1397
1397
1886
1397
1886
1886
1956
1817
1956
1467
1467
1398
1397
1397
2375
1467
1467
1467
1467
1397
1397
1397
1886
1886
1467
1397
2375
1398
1467
1886
1886
1397
1397
1397
1956
1467
1467
1397
1886
1467
1397
908
1886
1467
1467
1956
1397
1467
1397
978
1397
1397
1467
1397
1397
1397
1397
1467
1397
1398
1397
1886
1467
1467
1467
978
1397
1397
1956
1467
1956
1956
1397
1467
1467
1467
1886
1467
1397
1397
1956
1397
1467
1397
1397
1956
1467
1467
1397
2375
16277
908
1887
1467
1956
1816
1397
1397
1956
1886
1397
1956
1956
1467
1467
978
1467
1397
978
1398
1467
1398
1886
1467
1956
1397
1397
1397
1887
1467
1886
1956
1467
2375
1467
1886
1886
1397
1397
1467
1467
1468
1886
1398
1467
1397
1397
1467
1886
1397
1397
1886
1398
1887
1397
1397
908
1397
1397
1397
1467
1467
1886
1397
1467
1397
1956
1467
1397
1956
1467
1467
1397
1397
1467
1467
1397
1886
1398
1467
1467
1467
1397
1886
1467
1397
1397
1397
1886
1397
1397
1467
1467
1397
1398
1398
1467
1398
1467
1397
978
1397
1397
1816
1467
1467
1397
1886
1467
1397
1398
1397
1397
1956
1397
1397
1467
1467
1397
1467
1397
1397
1956
1397
1467
1397
1956
1397
1397
2375
1467
1467
1397
1397
1397
1886
1817
1397
1397
1397
2376
1398
1397
1397
1886
1397
1397
1397
1886
1467
2375
2306
1467
1887
1398
1886
1886
1887
1956
1397
1397
1397
1467
1397
1467
1467
1467
1467
1816
1956
1397
1886
1397
1886
1467
1467
978
1467
1398
2375
1886
1467
1886
1956
1467
1397
1397
1467
978
1467
978
1397
1956
1397
1956
1886
1397
1467
1467
2305
12365
1467
1397
1467
1817
2375
1467
1397
1397
1397
1398
1397
1398
1398
2375
1956
1887
1467
1397
1467
1398
1397
2375
1886
978
1397
1397
1467
1467
1397
1467
1397
1467
1467
1467
1397
1956
1398
1467
1467
1397
2375
1886
1467
1886
1886
1467
1397
1886
909
1397
1886
1468
1467
1397
1397
978
1397
1397
1886
1887
1397
1397
1397
1956
1397
1397
1398
1956
1886
1397
1886
1397
1886
1397
2375
1956
1467
1397
1467
1467
1467
1467
1956
1397
1397
1397
1467
1397
1886
1956
1397
1397
1397
1886
1397
1886
1467
1886
1886
978
1398
2445
1956
1956
1397
1467
1467
1398
1886
1816
1397
1397
1467
2445
1886
1467
1467
1467
1887
1467
1467
1397
1467
1398
1467
1398
1397
1467
1887
1467
1397
1467
1467
1816
1886
1467
2375
1467
1467
1398
1397
1467
1397
1956
1467
1468
1467
1467
1397
1467
1397
978
978
1397
1397
1886
1397
1467
978
1397
1467
1886
1467
1397
1397
1467
1956
1467
1398
1956
1886
1397
1467
1397
1397
1397
1467
1398
1886
1397
1467
1467
1397
1397
1397
1886
1398
1467
1467
1397
1397
1886
1398
1467
1467
1397
1397
1467
2376
1467
1397
1397
1397
1397
1956
1397
1398
1397
1397
1397
1886
1397
1886
1886
1467
1397
1467
1397
1467
1956
978
1397
1397
1467
