977
1816
1397
1467
1467
1396
1955
1397
1886
1396
1397
1886
1886
1956
1467
1956
1886
1885
1397
1397
1467
1886
1886
1397
1397
1886
1955
1956
977
1397
908
908
1956
978
1397
1466
1466
1885
978
977
1885
1396
1397
1886
1397
1397
1467
1467
1397
978
1467
1955
1397
1397
1467
1885
1886
1467
977
1396
1466
2305
1397
2375
3353
1397
1467
1397
1886
1886
1397
1886
1467
1396
1955
1886
1955
1467
977
1466
1397
1467
2444
1885
1397
1885
1397
1467
1397
978
1956
1467
1397
1886
1397
1397
1397
1467
1467
978
1397
1467
1886
908
1466
1956
1467
1466
1397
1886
1816
1397
1397
1396
1885
1886
1397
2374
1396
1396
1397
1885
1397
1466
1885
1396
1466
1397
1467
978
1815
1467
1467
1467
1397
1397
1955
1397
1397
1397
2444
1956
1396
1955
1886
1886
1466
1467
1467
1467
1466
1467
1816
1397
1886
978
978
1467
1886
1955
1397
1397
2375
978
1885
978
1467
1885
1397
1467
1466
1886
1467
1466
1466
1397
1955
1397
1397
1397
1397
1397
1397
1466
1396
1466
978
1467
8172
1466
1397
1886
1397
908
1397
908
1397
1396
1467
1466
1397
1397
1397
1397
1467
1397
1397
1467
1467
1397
1397
1467
1397
1886
1397
1466
1466
1397
1466
1466
1397
978
1466
1467
4330
1467
1467
1397
978
1396
1955
1886
978
1886
1467
1396
1397
1397
1397
1397
978
1467
1397
978
1467
1956
1466
1397
1396
1885
1886
1397
1397
1397
1956
1956
1396
1397
1397
978
1885
1467
1466
1467
1397
1467
1955
1466
1467
2375
1397
1397
1396
1955
1397
1467
1955
1467
1885
1396
1466
1397
1467
1397
1467
1467
2444
1397
1467
1396
1955
1886
1886
1467
1397
1886
1886
1466
1397
1466
1396
1955
1396
1467
1397
978
1397
1397
1467
1467
1955
1467
1397
1397
1467
1397
978
977
1466
1467
1467
1397
1466
1955
1467
1467
1396
1397
1816
1397
1466
1886
1396
1397
1956
1397
1467
1397
1886
1466
978
1467
1885
978
1397
1467
908
1816
1396
1955
1396
1955
1467
1816
1886
1466
1956
1396
2304
978
1397
1467
1886
978
1885
1886
1467
978
1467
1397
1396
1955
977
1467
1886
1467
1396
1467
1466
1466
977
1885
1397
978
1956
1397
1397
1885
1886
1466
1397
1885
1466
1885
1396
1886
1467
1397
1886
1466
1885
1397
1396
1886
1467
1397
1397
1397
977
908
2375
1466
1886
1397
1466
1397
1397
1397
1885
1956
2374
2235
1467
1396
1816
1397
2304
978
1397
1397
1396
1397
1467
1466
1466
978
1397
1466
1467
1467
1466
1466
1467
1397
1466
1886
1467
908
1466
1886
1886
1466
1467
1397
1397
978
2375
1466
1397
1467
1396
1397
1467
1885
1397
1397
1467
1956
1467
1467
978
978
1886
977
1467
1467
1466
978
1397
1397
1467
1397
1467
1396
1467
1955
1397
1467
1886
1467
2305
1397
1467
1397
1397
977
1397
978
1467
1467
1466
1396
1886
1397
1467
1466
1467
1396
1467
1467
1467
978
1467
1397
1466
1397
1397
2794
1466
978
1396
977
1397
1956
1466
1467
1466
1467
1467
1467
1397
1466
1466
1956
1467
978
1397
1886
1396
1467
1466
1467
1397
1397
1955
1816
1467
1467
1397
1466
1467
1816
1466
1397
1467
1466
2444
1397
1466
1397
1467
1467
2444
1397
1467
1397
1397
1467
978
1397
1467
1955
1397
1397
1467
1467
1466
978
1396
1466
1466
1397
1467
978
978
1397
978
1886
1397
1397
2794
1886
1885
1397
1397
1397
978
1886
1816
1467
2375
978
977
908
1467
977
1467
1467
1467
1467
1397
1466
1467
1396
1467
1466
1397
1466
1467
1397
1467
978
1466
1396
1466
1396
1467
978
1467
1467
1467
1466
1885
1397
1467
1397
1955
1397
978
1397
1886
1397
1467
1397
1467
978
1885
1467
1885
1467
1466
1397
1886
1397
1466
1396
1466
1886
1397
1467
1466
1397
1466
1467
1467
1467
1467
1467
1467
1397
1885
1397
1885
978
1467
1396
1397
977
1396
1956
1397
1397
1397
1467
1397
978
1397
1466
1467
1467
1466
1885
977
977
978
978
1467
1467
1886
1467
977
978
1466
1397
908
1466
1466
1397
1397
1467
1467
1396
978
1397
1397
1466
1396
1467
978
1467
1397
978
1467
1466
1467
1467
1467
1467
978
1467
1467
1467
978
1467
1956
1467
1396
1466
978
1397
1396
1397
977
1467
1466
1885
1397
1956
1397
1886
1886
1467
1396
1396
1397
908
1885
1955
908
1466
1467
2375
1397
1466
1467
978
977
1886
1955
1886
1396
1467
2304
1466
978
1397
1467
1466
1397
1955
908
1397
1956
977
1886
978
1397
1397
1956
1466
1467
2305
1397
908
1956
1467
1885
977
1397
1396
1397
1955
1397
1397
1466
978
1397
1397
9917
1397
1397
1397
1397
1397
1467
1885
1816
978
1397
1396
2374
1467
1956
1466
1397
978
1397
1397
1467
1397
1397
1397
1467
1397
1397
1397
1397
1396
1397
1467
1886
1467
1467
1466
1956
1397
1467
1397
1397
908
1886
1466
908
1886
1466
1396
977
1467
1466
1397
1467
1397
908
978
1397
1397
1466
977
1397
1396
1467
1397
1467
1467
1886
1467
1885
1396
1467
1466
1397
1397
1397
1466
1397
1397
978
1467
1955
2374
1466
1397
1885
1397
1467
2444
1396
2305
1397
1396
1886
2304
1397
1397
1397
1397
1467
1816
1467
1467
1397
1466
1467
1886
1397
977
1467
1397
1396
1467
1467
1397
1467
978
908
1466
1466
1397
1467
1467
1397
1397
1397
1886
1466
1397
1397
1467
1467
1467
1467
1467
908
1397
1397
1397
1397
1397
1396
978
1397
1466
1397
977
19834
1467
1467
1466
1466
1467
1397
1397
1396
1955
1467
1886
1467
1397
1397
978
978
908
1397
1886
1397
1397
1397
1886
1466
1467
1467
1397
1396
1397
1396
1397
1397
1397
1397
1886
1396
1466
1397
1397
1397
1397
1396
1466
1467
1467
