1466
1467
1466
1397
1466
1397
1467
1397
1467
1466
1397
1397
1396
1956
1466
1955
1397
1956
1886
1397
1816
1956
1467
10756
1466
978
1956
1397
1397
1466
1886
1886
2374
1397
2794
1396
1955
1955
1467
977
1397
1467
1466
1397
1397
1397
1885
2374
1956
1886
1396
1955
1815
1397
1396
1886
978
1397
2374
1466
1397
1397
978
1466
978
1467
1397
1397
1816
1956
978
1467
1397
1467
1467
1397
1397
978
1466
1886
1955
1397
907
978
1397
1397
1467
1397
1397
1397
1886
1397
1886
2445
1467
1467
1885
1467
1467
1397
1886
1396
978
1396
1886
1956
977
1396
1956
1397
1467
1467
1396
1397
1396
1885
908
978
1397
1466
1396
1466
1466
1397
1466
1397
1467
1397
1397
1467
1466
1466
1397
1467
1467
1467
1466
908
1397
13759
1397
2444
1466
1467
1467
1956
1956
1467
1466
1397
1466
1955
1467
1467
1466
1397
1397
1396
1396
1467
1397
1466
1397
1467
1397
1397
1397
1396
978
1956
1886
1466
1467
1396
1886
1397
1397
1467
1397
1886
1885
1397
1397
978
1466
1466
978
2374
1466
908
1397
1397
1467
1397
977
978
978
977
978
1467
978
978
978
2793
1397
1467
1816
1467
1885
1397
1885
978
978
1467
1397
908
908
1467
1397
1467
1885
1466
1396
1397
1397
1466
1397
2374
1467
1467
1397
1467
978
1397
1885
1396
1467
1885
1396
1467
1467
1397
1396
1466
1397
1396
1466
1467
1467
1397
1466
1467
1467
978
1886
1397
1955
1397
1886
1396
1467
1397
1397
1397
1397
1397
1885
978
908
1397
1396
1467
1467
978
1397
1396
1397
1886
978
1466
1397
1397
1397
1397
978
1467
1396
1467
1397
1397
1396
1466
1467
2375
1397
1397
1955
1466
977
1396
1467
1396
908
1467
1955
1467
1467
1397
1397
2375
1886
1397
1397
1885
1467
978
1467
1956
1466
1397
1886
1397
1886
1467
1467
1397
2444
1467
1396
1397
1886
1397
1466
1467
2305
1466
1467
2305
1956
1886
1886
978
1397
1467
1396
908
1466
1466
1397
978
1396
2444
1396
1467
1397
1886
1467
1955
1397
978
1466
1467
3841
1397
1397
1397
2444
1885
1466
1886
1886
1397
1816
1956
1397
1397
1397
1397
1397
978
1397
1397
1397
1397
978
1816
1466
1467
1467
1396
1397
1466
1886
1397
1466
1467
978
978
1397
1397
1886
1466
1885
1955
1396
1397
1397
1467
1467
1397
908
1397
978
908
1886
1467
1397
1466
1397
1886
1397
1397
1397
1886
1885
1886
1397
1467
1466
1397
1397
1397
1467
1467
1397
1397
1466
1466
2305
977
1467
978
1397
1955
1397
1466
978
1886
1397
1955
1467
1396
1397
2374
908
1397
977
1397
1466
1397
1467
1886
1466
1396
1466
1397
1397
1886
1397
1886
1467
1886
2375
977
1397
1886
1467
1397
1886
1397
1397
1327
1467
1467
1397
1466
978
1396
1885
1886
1397
1397
1396
1397
1397
1467
1816
1466
1467
1397
1956
1886
1885
1397
1467
1467
1466
1466
1466
1466
2864
1466
1396
1396
977
1397
1396
1885
1397
1397
1955
1467
1397
1466
1397
1886
1466
1467
1396
1397
978
1467
1397
1467
1467
1466
1886
1397
1885
1886
1396
1467
1397
1467
1396
1397
1467
1886
1397
1397
1397
978
1466
1396
908
1466
1885
978
1466
1397
1397
1467
977
1816
977
1466
1397
1466
1467
1466
1467
978
978
1397
1467
978
1397
1397
1397
1397
1396
1467
1466
1397
1397
1886
1397
1886
1467
1397
1466
1397
1885
1397
1467
1396
1397
1466
1816
1397
1886
1886
1466
1397
1467
977
1397
1885
978
1397
1467
2444
1467
1396
1466
1956
2374
1816
1467
1886
1956
2305
1467
1886
1397
1397
977
1467
1467
1467
1397
1467
978
1467
1885
1886
1396
1467
1956
1397
1397
1886
1397
1886
1467
1467
1397
978
1886
1396
1466
1956
1467
1397
1396
1397
1397
1886
1467
1397
978
1396
1467
1467
1886
978
1467
1397
1467
1815
1955
1886
1956
1397
1397
1886
1886
1397
1397
1397
1397
1397
1396
978
1466
1397
1397
1467
1396
1397
1886
1467
1466
1397
1397
1466
1886
1466
1397
1467
1466
1467
908
1397
1397
1396
8520
1955
1467
908
1466
1467
1397
1396
1886
1956
978
1885
1397
1396
908
1397
1466
1885
908
908
1397
1397
1397
1466
1397
978
1466
1955
1397
1886
1397
1466
1467
1955
1397
1396
1956
2444
1467
1466
1886
1466
1397
1885
1327
1466
1466
1886
1467
1397
1397
13480
1886
1397
1467
1816
1397
908
1467
1397
1467
1397
1397
1955
1885
1397
1467
1467
1467
1467
1397
1397
1466
908
1397
1397
1397
1955
1396
1955
1466
977
1467
1397
1886
2934
908
978
1397
1397
977
1955
4261
1466
1396
1467
1885
1466
1467
1467
1397
1397
1396
977
1467
1886
978
1397
1467
1467
1467
1396
1397
2375
1467
1466
1397
1886
1467
1467
1397
1397
1396
1467
1956
1397
1396
2863
1955
1466
1397
1397
1397
1467
1467
1466
978
1467
1397
1397
1397
1956
1397
1467
2375
1397
1396
1397
1955
1955
1397
1467
1956
1886
1886
1886
1397
1956
1886
1397
1467
1467
5797
1886
1467
1816
1396
1397
1396
1397
2375
1397
1396
1397
1467
1397
1397
1397
1467
1886
6565
1886
1397
1467
1955
1886
1466
1466
1466
1466
1466
1467
1466
1397
1397
1467
1397
1466
1467
1467
1466
1397
978
978
1397
978
1397
1397
977
978
1467
1396
1467
977
1886
978
1467
1466
1397
1467
1397
1397
1467
1397
1397
1397
1467
1397
1397
1397
1467
1396
1467
978
1466
978
1397
1467
1467
1467
1467
1467
1397
1397
908
1466
1886
1397
1467
1396
1467
1466
1467
1886
1397
1886
1467
1467
1886
1397
1467
1397
1467
1397
1397
1397
1466
1467
1466
1397
1397
908
1397
1466
978
1466
1886
1397
1467
1396
1955
1397
1467
2305
1466
1466
1466
1397
1397
1466
1397
1467
2375
1397
