1398
1397
1397
2375
1397
1467
1397
1886
1398
1467
909
2305
1886
1398
1397
1397
1397
1887
1467
1398
1397
1397
1397
1955
1327
1467
1467
1397
1397
1397
1467
1467
1467
1467
1467
1467
1398
1467
1397
1886
1467
1398
1398
1397
1467
1397
978
1467
1397
1397
1467
1467
1467
978
1397
2375
1467
1397
1397
908
1397
1467
1398
1467
2445
1886
1886
978
1397
1397
1886
1397
1467
1467
1397
1397
1467
1397
1397
1886
1467
1467
1886
1397
1467
1467
1467
1398
1467
1397
1397
2306
1398
1467
1397
1467
1397
1886
2375
1397
1398
1467
1397
1886
1886
1467
1397
1398
1467
1467
1397
1397
1467
1467
1886
1467
1886
978
1956
1817
1397
1467
1397
1397
978
1467
1467
1886
1467
978
1467
1467
1886
2375
1397
1397
1397
1397
1467
1886
1397
1467
1467
1397
1398
1886
1467
1397
1466
1397
1397
1397
1397
1397
1956
1397
1886
1397
978
1397
1397
2305
1886
1467
1397
1886
908
1886
1397
1398
1397
1397
908
1467
1467
2375
1467
1397
1467
1397
978
1467
1467
1467
978
1467
1397
1467
1467
1467
1397
1467
1467
978
908
1397
1886
1467
1886
1886
1886
978
1956
1397
1467
1397
978
1887
1467
1467
978
1467
1397
1397
1398
978
1397
1886
1397
978
1886
1955
1467
1398
1397
1467
1397
1467
1887
1467
1397
1397
1467
1397
1397
1886
1397
1397
1467
1397
1956
1467
1397
1397
1467
1467
1956
1956
908
1397
1467
1467
978
1886
1467
978
1467
1956
1467
1397
1886
1397
1956
1397
1886
1467
1467
1397
1397
1397
1397
908
1397
1956
978
1886
1397
1886
1397
2445
908
1398
1467
1397
1397
1397
1397
1467
1397
1467
1816
978
1397
1397
1397
978
1467
978
1467
1467
978
978
978
1467
1397
978
1397
1397
978
1398
1397
1467
978
1397
1397
1467
1467
1467
1397
978
1467
978
1467
1886
1398
978
1397
2305
1467
1397
1397
1398
1467
908
1397
1398
1398
978
1397
978
1467
1467
978
1467
1397
1397
1886
1467
1886
1397
1397
1467
1467
1467
1397
1467
1467
1397
978
1397
1397
1398
1397
1467
1397
978
1467
1397
1397
1956
1398
1467
978
1467
1467
1397
1467
1467
1467
978
1467
1397
1398
978
1467
1816
1467
978
1467
1397
1397
1467
1397
1397
1397
978
1397
1397
1886
908
1467
1397
1467
1467
1467
1467
1398
1467
1956
1467
1398
1397
1397
909
1397
1467
1467
1398
1955
1467
1397
1886
1397
1397
1956
1886
1397
1397
1397
1467
1956
1467
1956
1467
1467
1886
1467
1397
1467
1397
1467
1397
1467
1467
1467
1397
1397
1956
1397
1397
1467
1886
1467
1956
1886
1397
978
1397
1397
1956
1397
1397
1397
1467
1397
1397
1397
908
1397
1467
1397
1886
1467
1816
1397
1816
1886
1886
1398
1887
1467
1467
1467
1397
1467
978
1467
978
1467
1956
1397
908
1397
1397
1467
1397
1467
1397
1397
1397
1397
1397
1467
1398
1397
1467
1398
1397
1956
1397
1467
908
1886
1398
1467
1397
978
1397
1467
1467
1467
1398
1397
1397
1956
1397
978
1467
1467
1398
1397
1467
1886
1467
1397
1397
1467
1467
1467
1467
1956
1467
1467
1467
1398
1467
978
1397
1886
1328
1467
1467
1397
1467
1886
1467
1467
1398
1397
1398
1397
1397
1467
1398
1955
1467
1397
1398
1397
1956
1467
978
1397
1467
1397
978
978
1886
21097
1467
1467
1397
978
978
1397
1467
1398
1467
978
1397
978
1397
1397
1397
1397
1397
978
1467
1467
1398
1467
1397
1956
908
909
1467
1467
1397
1397
1397
1398
1467
1467
908
1956
1397
1467
1467
1397
1467
1397
1397
2794
1467
1397
978
1466
1467
1397
1467
1398
1397
1398
1466
1886
1467
1397
1467
1467
1467
1467
1886
1397
1397
1467
1467
1397
1886
1466
1397
1397
1467
1398
1398
1397
1467
1467
1397
1397
978
1397
1467
1467
1398
1398
1467
1467
1398
1886
978
1397
908
1397
978
1467
1397
1397
1397
1816
1397
1467
1467
1397
978
1397
1467
1397
1956
1397
1397
1397
1397
1397
978
978
1886
978
1397
1397
1467
1467
1398
1467
908
978
1467
978
1397
2375
1397
1398
908
1397
1398
1467
1467
978
1397
908
1398
1397
1397
1397
1397
1467
1397
1467
1397
1397
1397
1467
1467
978
1397
1467
978
1467
1397
1397
1467
908
1397
1467
1467
1397
1397
978
1956
1467
1397
1467
978
1397
1467
1397
1467
978
1467
1397
1886
1886
1467
1467
1467
1467
978
1397
1397
1467
1397
1467
1398
1397
978
1816
978
1397
1467
1397
1397
1467
1955
1956
1467
1397
1955
1397
1956
1886
1397
978
1398
1886
1467
1956
1397
978
1467
1467
978
1397
1467
1397
1467
1397
1467
1467
1397
978
1886
1397
1397
1397
1397
1467
1467
978
1397
1467
1397
1397
1467
1398
908
1956
1886
1397
1467
1467
1886
1397
1467
1887
1886
1886
1467
1886
1467
1467
1397
1397
1956
908
978
1397
2375
1886
1886
1467
1397
1467
1467
1397
1467
1467
1397
1467
1397
1467
909
1886
1886
1397
1397
1956
1467
1397
1397
1397
1956
1397
1397
1467
1397
1887
1397
1397
1397
1467
1467
1467
1467
1467
1467
978
1398
1397
1467
1397
1467
1397
1467
1397
1397
1397
2445
978
1467
1397
1397
1467
1467
1397
1397
1956
1397
1467
978
1467
1467
1816
978
1467
1467
1397
1886
1397
1397
1467
1397
1397
1886
1398
978
1467
978
1467
908
978
1467
1467
978
1397
1398
978
1467
1887
1886
1397
1887
1397
978
1398
1467
1397
1397
1397
1397
1398
1467
1467
1397
1397
1467
1397
1467
978
1467
1397
1467
1397
1467
1467
908
1397
1467
1467
1886
1397
1397
1886
1397
1398
1886
1397
1467
1397
1467
1398
1397
1397
1397
1886
1397
1397
1816
1467
1887
1467
1398
1466
1467
1397
1887
1397
1467
978
1467
1397
909
