1397
1886
1886
1886
1397
1817
1467
1397
1397
2445
1397
1886
1397
1886
1397
1397
2375
1886
1467
1467
1468
1398
1397
1398
1467
1467
1816
1886
1887
1467
1397
1397
1397
1397
1397
1956
1397
1887
1956
1886
1886
1467
1816
1467
1397
1467
1397
1397
13343
1398
1397
1397
1397
1467
2376
1397
1886
1398
1467
1467
978
1398
1467
1397
1467
1397
1397
1397
978
1887
1397
1467
1467
1397
1467
1397
1397
1397
978
1397
1397
1467
1397
1398
1467
1816
1467
1467
1467
1467
1397
1397
1397
1467
1467
1397
1467
1956
1397
978
1397
1397
1467
1397
1467
1816
1397
1816
1956
1397
1397
1397
1467
1887
1397
1467
1467
1397
1887
1467
978
1467
1467
1397
1397
1397
1397
1886
978
1467
1397
1886
1887
1467
1397
1886
1467
978
1886
909
1886
1816
1467
1956
1397
1397
1467
1886
16556
1886
1398
1956
1397
1397
1886
1467
1467
1397
1887
1397
1467
1398
1397
1397
978
1397
1886
1397
1886
1397
1886
1467
1467
1397
1468
1397
1397
978
1467
1398
1467
1397
1398
978
1398
1467
10409
1467
1467
1467
1467
1467
978
1397
1397
1887
1467
1467
1467
1397
1397
978
1397
1956
1467
1467
1467
1886
1467
1467
1467
1397
1886
909
1467
1398
1956
1397
1467
1397
1397
1397
1467
1886
1887
1816
978
1886
1886
1397
1467
1468
1956
1887
1956
1397
1397
1397
1467
1397
1467
1397
1467
1467
1467
1467
1467
1887
1397
978
1467
1467
1398
1467
1467
1467
1397
1956
1398
1887
978
1886
2375
1397
1397
1397
978
1467
1956
1467
1467
1397
1467
1397
1397
1398
1817
1397
1397
1397
1467
978
1956
1467
978
1398
1467
1467
1397
1467
1467
1467
1397
1397
1467
1397
1467
1467
1397
1467
1397
1467
1467
1956
978
1467
1886
1397
1467
1467
1956
978
1956
1397
1467
1397
1467
1397
1467
1397
1467
1397
1956
1467
1886
1956
1467
1397
978
1397
978
1398
1397
1467
1397
1887
1397
1886
1397
2794
1398
1467
1398
1956
2445
1398
1397
1887
1886
1467
1397
1816
1886
1467
1397
1467
1397
1398
1397
1467
1467
1467
1467
1397
1397
1397
3283
1467
1397
1397
1467
1398
1467
1397
1397
1398
1398
1467
1467
1467
1467
1886
1467
1467
1467
1956
1397
1397
1887
1467
1467
1397
1467
1956
1467
1816
1886
1886
1886
1467
1886
1467
1956
1467
1886
1467
1397
1886
1467
1886
1467
1467
1397
1397
1467
1956
1956
1956
1467
1467
1397
1887
1397
908
1397
1887
1467
1467
1467
1887
1886
1956
1467
1956
1886
1816
1887
1467
1956
1886
1468
1467
1397
1467
1467
1886
1397
1886
1886
1886
2375
1886
1398
978
1887
1886
1467
2375
1397
1397
1886
1886
1467
1397
978
1887
978
1467
1397
1467
1467
1467
1467
1886
1398
1467
1467
1397
1467
1467
1467
1397
1886
1467
1397
1397
1397
1886
1467
1887
1956
1467
1467
1886
1397
1397
1467
1467
1886
978
1397
1886
1467
978
1467
1886
1397
1467
1467
1397
978
1467
978
1398
3283
1467
1397
1467
1956
1397
1467
1398
1956
1397
1397
1467
1886
1467
1468
1467
1467
1957
1397
1467
1956
1397
978
1467
1397
978
1398
1397
1397
1397
1397
1467
1397
1887
1467
1886
978
1467
1397
1956
1886
1467
1467
1467
1467
1886
1467
978
1886
1467
1467
1397
1886
1886
1467
1398
1467
978
1398
1327
1397
1467
1398
1468
1467
1398
978
1886
978
1467
1397
1467
1397
1467
1398
1398
1397
1397
1397
1467
1467
1467
1397
1467
978
1956
1467
1467
1887
1397
1467
1886
1397
1397
1467
1398
1398
978
1397
1467
1467
1397
1886
1467
1397
1467
1956
1398
1467
1467
1467
1467
1467
1467
1397
1886
1886
1398
1467
1886
1467
1956
1397
1886
1467
1467
1397
1886
1886
1886
1397
1397
1956
1467
1397
1398
1397
1467
1887
1397
1397
1467
1398
1467
1467
1397
1886
2934
1816
1467
1816
1956
1398
1397
1887
1397
1397
1467
1397
1397
1887
1886
1397
1397
1397
1956
1886
1956
1398
1886
1467
1956
1467
1467
1467
978
1467
1397
1886
1397
2375
1467
1467
1467
1397
2376
1467
1397
1397
1397
1397
978
1397
1467
1398
1467
978
1397
1397
1398
1467
1956
1398
1397
1467
1397
1467
1467
1467
1398
1886
1398
1886
1886
1886
978
1397
1397
1397
1397
1397
2445
1397
1886
1956
1956
1886
1956
1886
1956
1887
1886
1467
1397
1956
1886
1956
1467
1886
1467
1467
1467
1467
1886
1956
1467
1467
1397
1397
1467
1397
908
1467
1398
1397
1467
1956
1886
1398
1467
1886
1397
1397
1397
1467
1886
1397
1397
1467
1397
1467
978
1467
1397
1467
1956
1398
1467
1397
1467
1467
1397
1398
908
2376
1397
1397
1467
1467
1397
1956
1467
1956
1467
1398
1397
1467
1886
1398
1397
1467
1467
1467
1397
978
1397
5798
1956
1397
1398
1467
1468
1467
1467
1467
1467
1398
1886
1467
1398
1397
1886
1956
1886
1397
1397
1886
1397
1467
1956
1467
1887
1467
1398
1398
1886
1956
1398
1397
1886
1467
1887
1467
1397
1467
1398
1467
1467
1397
1886
1956
1467
1467
2375
1467
1467
1397
1467
1467
1397
1398
1397
1397
1397
1397
1397
1398
1467
2375
1397
1397
1467
1886
1467
1467
2375
1467
1467
1467
1956
1817
1397
1467
1886
2375
1886
1467
1467
978
1817
1397
1886
2445
1397
1887
978
1397
1398
1956
2445
1398
1886
1467
1886
1886
1467
1397
1886
1397
1886
1398
1467
978
908
1397
1467
1397
1467
1398
1467
1397
978
1886
1397
1467
1467
1397
1467
1817
1397
1467
1467
1398
1467
1397
1467
1398
1467
1397
1886
1467
1398
1397
1397
1467
1397
1397
1397
1467
978
1467
1467
1467
1398
1397
1468
978
1467
1467
1467
1397
1397
1467
1398
1886
1467
1886
1398
1397
1397
1467
978
1397
1887
1467
1467
908
1397
1397
2445
1397
1467
1398
1467
1397
1397
