1886
1397
1397
1397
1886
2864
1886
2445
1397
1397
1397
1397
1397
1886
1397
1886
1956
1956
1886
1956
1956
1467
1397
1956
1467
1467
1816
1397
1397
1397
1467
908
1397
1467
1397
1467
1397
1467
1397
1467
1467
1886
1397
1397
1397
1467
1886
1397
1467
1467
1886
1397
1397
1397
1397
1886
1397
1467
1397
1397
1886
1467
1397
1397
1397
1886
978
1397
1397
1886
1397
1397
1886
1397
1466
1397
1467
1397
1467
1886
1467
1397
978
1467
1397
1397
1886
1467
1886
1397
1397
908
1467
1397
1467
1467
1397
978
1397
1956
1467
1397
1397
1397
1467
1467
2375
1397
1397
1467
1466
978
1397
1397
1467
1467
1886
1397
1397
1467
1467
2375
1886
1467
2375
1886
978
1397
1397
1397
978
1397
1467
1467
909
1467
1886
1467
13272
1467
1886
1397
1397
1467
1467
1467
1397
1886
1467
1886
978
1467
1466
978
1467
1397
1467
1397
1816
1467
1397
1397
1397
1467
1467
1397
1467
1467
1955
1397
1467
1397
1467
1886
1467
1397
978
1397
1886
1467
1397
1397
1467
1397
1886
1397
978
1467
1467
1466
1467
1397
1466
1467
1816
1397
1467
1397
1467
1397
1467
1467
1467
1397
977
1467
1467
1467
1467
1886
1397
1886
1467
1466
1467
1467
1956
1467
1886
1886
1467
1955
1467
1397
1886
1467
1886
1397
1816
1956
1886
1956
1397
1397
1397
1467
1886
1467
1397
1466
1397
1467
1467
1467
1816
1397
1886
1956
1467
1397
1886
1397
1956
1886
1886
1956
1397
1886
1397
1398
1886
1466
1885
1397
1886
1467
1466
1397
1816
1886
1886
1956
1397
1397
1467
1397
1397
1467
1886
1886
1397
1397
1397
1467
1886
1467
1466
1467
1886
1955
1466
1467
1467
1466
1816
1467
2445
1397
1397
1467
1467
1467
1467
1397
2305
1467
1397
1397
1397
1466
1956
1886
1467
1467
2445
1467
2305
1397
1467
1397
1397
1886
1467
978
977
1467
2375
1397
1886
1397
1467
1397
1397
1397
1467
1467
1397
1467
908
1397
1397
1466
1397
1397
1466
1397
1397
1886
1397
1467
1397
1397
1397
1886
1397
1467
1467
1397
1467
1397
1397
1467
1397
1467
1397
1467
978
1397
1467
1467
1397
1397
1886
1397
1467
1397
1397
1327
1467
1467
1467
2375
1397
1397
977
1467
1397
1466
1467
1397
1397
1397
1467
1397
908
1467
1397
978
1397
1467
1397
1397
1397
1397
1467
1397
1467
1467
1467
1397
1886
1397
1467
1885
978
1956
1467
1397
1467
1397
1397
1397
1467
1467
1397
1397
1397
1397
1955
1956
1956
1397
1467
1467
1467
1467
1397
2374
1397
1467
1466
1397
1467
1397
1397
1467
1466
1397
1397
1886
1886
1467
1886
1397
1466
1397
1467
1397
1467
1467
1397
1467
1397
1886
1397
1397
1397
1467
1467
1955
1467
1397
1467
1467
1397
1467
1956
1956
1467
2375
1397
978
1397
1467
1397
1467
1467
1467
1397
1397
1397
1886
1467
1467
1886
1397
1956
978
1397
1886
1397
1397
1466
1397
1467
1956
1397
1466
1397
978
1397
1467
1467
1467
1467
1397
1397
1397
1467
1886
1397
2375
1397
1467
1397
1467
1467
1467
1397
1397
1467
1397
1467
2305
1397
1467
1467
1467
1397
1886
1885
1886
1397
978
1467
1467
1886
1467
1886
1397
1397
1886
1397
1467
2794
1397
1397
1397
1467
1466
1956
1886
1467
1467
1886
1955
1397
1467
1467
1467
1956
1397
1397
1397
2375
1956
1886
1467
1467
1955
1397
1397
1397
1397
1886
1885
1886
1397
1956
1886
1467
1886
1466
1467
1466
1397
1886
1467
1955
1397
1886
1956
1467
1467
1467
1956
1955
1886
1886
1886
1467
1886
1397
1397
1397
1467
1467
1397
1956
1467
1467
1467
1467
1816
1397
1886
1397
1397
1886
1397
2375
1956
1466
1886
1956
1397
1467
1956
1886
1886
1886
1886
1397
1466
1397
1886
1467
1397
1886
1886
1397
1886
2794
1886
978
1955
1397
18440
1467
1467
1397
1397
1397
1467
1467
1467
1397
1467
1955
1397
1816
1467
1397
1886
1397
1467
1397
1466
1467
1467
1886
1886
1886
1467
1397
1467
1397
1467
1466
1956
1397
1466
1397
1397
1886
32410
1467
1467
2375
1397
1467
1956
1467
1886
1467
1467
1886
1886
1397
1466
1956
1886
1466
1397
1886
1397
1886
1397
908
1397
1467
1467
1886
1956
1467
1467
1397
1397
1397
1467
1956
1397
2375
1886
1467
1397
1467
1467
1816
1397
1397
1397
1397
1467
1397
1397
1397
1397
1467
1886
1397
978
1467
1466
1397
1466
1467
1956
1467
1397
1397
1467
1467
1467
1397
1467
1886
1397
1886
1467
1886
1397
1397
1397
1467
1956
1397
1467
1467
1397
1397
1397
1397
1397
1467
1467
1397
1397
1467
1886
1397
1397
1467
1886
2374
1467
1886
1467
1397
1467
1397
1397
1397
1397
1467
1397
1467
1467
1886
1886
1397
1397
1397
1886
1467
1467
1397
1886
1956
1397
1397
1467
1397
1467
1466
1467
1956
1397
1467
1397
1467
1466
1467
1467
1467
1467
1467
1956
1467
1397
1467
1955
1397
1397
1397
1816
1467
1467
1886
1467
1467
2374
1397
1397
1467
1467
1397
1397
1467
1397
1886
2305
1467
1886
1467
1467
1886
1397
1467
1886
908
1886
1397
1886
1397
1467
1397
1397
1397
1397
1466
1466
1397
1467
977
978
1466
1467
1467
1397
1466
1397
1467
1397
1466
1886
1956
1397
1467
1467
1467
1397
1397
978
1467
1886
1467
1397
1397
1397
1466
1397
1397
1397
1397
1397
1467
1467
2445
1467
1397
1397
1467
1886
1956
1886
1397
1397
1816
2375
1397
1397
1397
1886
1467
1466
1467
1397
1467
1956
1466
1956
1397
1397
1397
1886
1397
1397
1397
2794
1397
1467
1467
1467
1886
1886
1467
1397
1886
1466
1397
1956
1466
1886
1467
1886
1467
1467
1397
1467
1467
1467
1397
1886
1467
2305
1397
1397
1397
1467
1886
1397
1397
1397
1467
1397
1886
1956
1886
1467
1467
1467
1886
1467
1467
1397
1467
1467
1397
1397
