1397
1467
1397
1397
1396
1466
1397
1467
1955
1467
1886
1466
1467
1397
978
1816
1816
1397
1396
1467
1885
1397
1466
1397
1467
1886
2374
1885
977
1886
1396
1467
1396
1886
1396
1467
1397
1397
1466
1396
908
1397
1885
1956
1466
1397
1397
1467
1467
1397
978
978
1467
1396
1467
1466
1467
1397
978
1397
1816
978
1467
1467
1397
1467
1467
1397
1467
1467
1397
908
1397
1397
1467
1467
1397
1397
1397
1397
1397
1397
1397
1467
1397
1397
1467
1466
1397
978
1396
1466
977
1886
1467
1396
1466
1397
977
1466
1955
1466
978
1397
1466
1397
1466
1467
1467
1467
5658
1397
1886
1397
1397
1467
1467
1397
1396
1397
1886
1955
1467
1466
1397
1467
1397
1467
1397
1397
1466
2375
1466
1467
1886
978
1886
1397
1466
1956
1816
1396
1466
1397
1467
1466
1397
1886
1886
1396
1955
1467
1397
1466
1397
978
1467
4750
1467
1397
1467
1397
1467
978
1466
1397
1397
1466
1466
1467
2374
1467
1467
1467
1885
1397
1397
1397
1467
1397
1466
1467
1466
1397
1397
1397
978
1467
1396
1397
1397
1396
1396
977
978
1467
1466
1467
1397
1397
1397
1886
1397
978
1397
1466
2445
1397
1397
1955
1397
1397
1397
1397
1467
1396
1396
1466
1467
1467
1397
1397
1467
1467
1397
1397
1467
1886
1397
1467
1397
1466
1397
1397
1467
1467
1396
978
1397
1397
908
1397
1467
978
1397
1397
1467
1467
1467
1397
1397
1466
1466
1467
1397
1397
978
1466
1467
977
1466
1397
1397
1397
1397
1467
1397
908
1466
1467
1397
1467
1397
1397
1956
1397
1397
1397
1467
1466
1397
1955
1397
1466
1467
1397
1467
1466
1397
1467
1397
1467
1885
1467
1397
1955
1467
1466
1467
1397
1396
978
1397
907
978
1397
1467
1467
1886
978
1467
1466
1397
1397
1467
1397
1467
1467
1397
908
978
978
1397
1397
1396
1885
1397
1467
1397
978
1816
1397
1466
1467
1396
1396
1397
1397
1466
1397
978
1467
1397
1397
977
908
1467
1466
978
1466
1397
977
1885
1397
1886
1397
1467
1466
1397
1397
1396
1397
1397
1397
978
1397
1397
1397
1467
1956
1467
1397
1397
1467
1396
1397
1886
1466
1467
1886
1397
1397
1467
1397
1397
2375
1886
1467
1397
1396
1886
1397
1886
1396
1467
1467
1956
978
1396
1467
1397
1885
1956
1397
908
1467
2794
1467
1397
1397
1397
1397
1397
1397
1397
2305
1397
1467
1396
977
1466
1397
1466
978
1397
1397
1397
1396
1467
1467
1467
1886
1885
1397
1467
1467
1396
1397
978
1467
1396
1397
978
1396
1397
2304
978
1397
1466
1397
1397
1397
1466
1396
908
1397
1467
1397
1397
1467
1467
1396
1397
1467
1466
1885
1467
1467
2375
1397
1396
978
1397
1467
1956
1396
1467
1466
977
1467
978
1466
1396
1397
1397
1396
1397
977
1467
1397
1467
978
2375
1397
1467
1467
1955
1397
1397
978
1956
1397
1397
1956
1397
1467
1467
1397
1397
1397
1467
1397
1397
1467
1885
1397
1466
1886
1397
1467
1397
978
1397
1397
1467
1397
1396
978
1397
1397
1397
1397
978
977
2374
1397
1397
1397
2375
1955
1397
2375
978
1816
1397
2304
1467
1885
1397
978
1397
1397
1397
1956
1396
1467
1397
1467
1467
1956
1467
1886
1396
1467
1467
1397
1467
1466
1886
1397
1397
1397
1885
2375
1397
1396
1397
1397
1466
1467
2305
1397
1885
1397
1955
1467
1467
1886
1397
1396
1886
1397
1886
2794
1467
1956
1467
1397
1397
1396
1397
1396
1885
1397
2445
1397
1397
1396
1397
1886
1956
1467
1467
1397
1886
1885
2444
1467
1467
1397
1467
1397
1886
1397
1886
1466
1466
1886
1466
1397
1397
1397
1397
1397
1397
1466
1397
1886
2375
1466
1467
1886
1467
1466
1397
2445
1467
2445
1397
1397
1397
1397
1397
1397
1956
1467
1397
1397
2374
2375
1886
1956
1467
1885
1956
1397
1467
1397
2374
1885
1397
1467
1885
1956
1467
1956
1397
1886
2445
1885
1466
1467
1397
1467
1467
1885
1955
1956
1886
1956
1467
1396
908
1396
1885
1397
1466
1886
1397
1467
1397
1396
1397
1397
1467
1885
11245
1397
1467
1397
908
1467
1467
1397
1467
1467
1396
1397
1397
1397
1397
1397
1955
1466
11454
1956
1397
1396
2304
1397
1467
978
1467
1955
1466
1466
1396
1886
1956
1397
1816
1397
1397
1397
1466
1397
1467
1397
1885
1467
1955
1397
1397
1466
1396
2933
1466
1886
1466
1955
1885
1397
1466
1466
1467
1816
1397
1467
1397
1397
1397
1397
1397
2445
1397
1467
1467
1886
1467
1466
1467
1466
1955
1397
1467
1467
1396
1397
1397
1467
1467
1397
1396
1397
2445
1467
1886
1466
1885
1397
1467
1467
1396
2305
1467
1397
1396
1885
1467
1816
1397
1467
978
1816
1467
1467
1886
1397
1397
1886
1467
1886
1467
978
1467
2305
1397
1956
1956
1397
1397
1886
2305
1397
1467
1466
1397
1467
1397
1397
1467
1397
1397
1467
1397
1467
1886
978
1396
1397
1886
978
1467
1467
1397
1397
908
2305
1397
1467
1397
1955
1467
1467
2374
1396
1885
1956
1397
1396
1886
1397
1886
1397
1397
1397
1466
1886
1885
1956
1467
1886
1397
1467
2305
1397
1397
1467
1396
1397
1467
1397
1397
1467
1467
1886
1467
1466
978
1397
1397
2375
1467
1467
1956
1397
1397
1397
1397
1397
1396
1467
1397
1397
1956
1397
1467
1466
1466
1886
1886
1466
1467
1397
1397
978
1885
1467
1955
1885
1467
1466
1467
1886
1886
1467
1396
1467
1467
1466
1397
1886
1956
1466
1955
1816
1467
1466
2445
1886
1466
1467
1396
1397
1466
1467
1396
1397
1397
1466
1396
978
1397
1397
1397
1397
1397
1467
1397
1397
978
1397
978
1397
1397
1466
1397
1467
1397
1467
1397
978
1397
1466
1397
1466
1466
1466
1467
2375
1467
908
978
1467
1466
1956
1467
1397
1885
1397
