1467
1397
1397
1467
1397
1397
1467
1397
1397
1397
1886
1467
1467
1467
908
1397
1397
1956
1466
1467
1466
1467
1467
1397
1886
1886
1956
1886
1956
1956
1467
1466
1397
1397
1397
1397
1397
1397
978
1397
1467
1397
978
2305
1397
1397
1467
1467
1467
1467
1397
1397
1467
1397
1467
1397
1397
1397
977
1467
1397
1955
1397
1466
1397
1467
1467
1397
1467
1467
1397
1397
978
1397
1467
1467
1397
1467
1467
1467
978
1397
978
1466
1397
1467
1467
1467
1467
1397
1397
1467
978
1397
1467
1467
1467
1467
1397
1397
978
1397
1466
1467
1467
1466
1956
1397
1467
1467
908
1397
1397
1397
1397
1397
1397
1467
1467
978
1397
1467
1467
1467
1886
1467
1397
1397
1397
1397
1885
1467
1466
1467
1467
1467
1467
1467
1466
1397
978
1397
978
1397
1397
1397
1397
1397
1397
1397
908
1467
1467
908
1397
1466
1886
2305
1397
1886
1467
1886
1397
1397
1397
978
1467
1397
1397
1397
1397
1397
1467
1397
1467
1397
1397
1955
1397
1467
1397
1467
1467
1397
1397
1397
1467
1467
1467
1956
1467
1397
1467
1397
1397
1397
1467
1467
1467
1467
1467
1397
1956
1397
978
1397
1467
1886
1397
1467
1397
1397
1467
978
1397
1397
1886
1467
1397
1397
1467
1397
1467
978
3353
1467
1397
1886
1397
1955
1955
1397
1397
1397
1467
1467
1397
978
1467
1397
1397
1397
1467
1467
978
1886
1467
1397
1886
2375
1467
1467
1397
1397
1956
1397
1397
1397
1467
1467
1466
1467
1466
1397
1886
1397
1397
1467
1467
1467
1467
1397
1397
1467
1467
1397
1467
1397
1397
1397
1397
1397
1467
1397
1467
1397
1397
1467
1467
1467
1467
1886
1397
978
1397
1397
1397
1397
1886
1467
1397
1467
1397
1397
1886
1397
1397
1397
2374
1467
1467
1467
1397
1397
1397
1467
1467
978
1467
1467
1397
1467
1466
1397
978
1467
1467
1467
1397
1467
1467
1397
1397
1467
1467
1397
1397
1467
1397
1467
1397
1467
1397
1466
1397
1397
1886
1397
1397
1467
1467
1397
1397
1397
1467
978
1467
1397
1955
1466
1467
1397
1397
2375
1397
1397
1397
1467
1467
1397
1467
1397
1467
1397
1397
1956
1467
1466
1397
978
1956
1397
1397
1467
1397
1466
978
1467
1397
1397
1467
1816
1467
1467
1466
1397
1886
1467
1886
1397
1467
1466
1956
978
1397
1397
1886
1397
1467
1816
11525
2374
1956
2374
1956
1886
1956
1886
1886
1467
1467
1466
1397
1397
1956
2375
1397
1956
1467
1956
1886
1816
1467
1467
1397
1467
1886
1467
1467
1886
1397
1886
1466
2305
1397
1467
1886
1955
1956
1886
1397
1466
1397
1467
1397
1886
1886
1397
1816
1886
1397
1956
1467
1466
1467
1397
1885
1886
1467
1397
1886
1956
1956
1467
1886
1397
1466
1886
1956
3283
1467
1467
1397
1886
1956
1466
1886
1886
1885
1886
1956
1397
1467
1886
1467
1817
1956
1397
1397
1886
1467
1397
1397
1886
1467
1886
1467
1397
1397
1397
1397
1467
1397
1886
1467
1886
1467
1886
1397
1467
1397
1956
1397
1397
1466
1467
1397
1397
1397
1886
1397
1397
1397
1467
1467
1397
1397
1467
1397
1397
1955
1467
1467
978
1467
1397
1467
2445
1397
978
1466
1467
1467
1467
1397
1467
1467
1397
1397
1397
1886
1397
1397
1397
1467
1467
1397
1397
978
1397
1467
1467
1467
1467
1886
1397
1955
1467
1467
1397
1466
1397
1397
1397
1397
1397
1467
1816
1397
1466
1956
1467
1397
1467
1886
1467
1397
1467
1397
1467
1467
1886
1397
1397
1397
1467
1956
1397
1397
1467
1397
1467
1467
1467
1397
1467
1397
1397
1886
1467
1397
1467
1467
1956
978
1467
1397
2375
1467
978
1467
1397
1397
1397
1467
1466
1397
1397
1397
1397
1397
1467
1397
1397
2375
1397
1397
1467
1397
1397
1397
1397
1886
1467
1397
1467
978
1397
1467
1467
1467
1885
1886
1397
1397
1397
2375
1397
1467
1397
1397
1397
1886
2375
978
1397
1397
1467
1397
1397
1397
1397
1467
978
1886
1397
1467
1397
1397
1467
1467
1397
1467
1467
1467
1886
8941
1886
1397
1397
1397
1467
1397
1397
1397
1467
1397
908
1467
1466
1397
1467
1397
1886
1467
1397
1467
1467
1467
1397
1397
1467
1886
1467
1466
1467
1467
1467
1886
1397
1397
1467
1886
1467
2864
978
1397
1397
1886
1956
1466
1467
1397
1397
1397
1956
1886
1886
1397
1397
1467
1886
1397
1467
1397
2375
1467
1467
1886
1956
1466
1397
1467
1886
1467
1397
1397
1467
1397
1397
1397
1397
1467
1397
1397
1467
1397
1397
1886
1397
1397
1467
1467
1397
1467
1467
1886
1956
1467
1886
1397
1886
1467
2375
1467
1466
1397
1397
1467
1397
1467
1467
1467
1467
1467
1467
1886
1467
1397
1397
1397
1886
1467
1467
1397
1397
1467
1956
1886
1397
1467
1397
1466
1467
1397
1467
1397
1467
1397
1467
2375
1397
1397
1467
978
1886
1397
1397
1397
1467
1886
1397
1397
1467
1956
1467
1466
2445
1956
1886
1397
1467
1397
1467
1467
1466
2864
1467
1956
1397
1886
1467
1397
1467
1397
1955
1467
1466
1956
1466
1397
1886
1467
2375
1397
1397
1397
1397
1397
1466
1467
1467
1397
1955
1886
1397
1467
1466
1955
1467
1886
1467
1886
1886
1397
1886
1397
2375
1816
1397
1466
1467
1956
1886
1956
1817
1466
1816
977
1397
1886
1467
1466
1397
1397
1466
1886
1397
978
1885
1886
1467
1467
1467
1397
1886
1466
1397
1397
1886
1467
1466
1467
1397
2445
1397
1397
1397
1886
1886
1467
1466
1397
1397
1467
1956
1397
1397
1886
1886
978
1397
1467
1467
1397
1397
978
1467
1467
1467
1397
1816
1816
1467
978
1397
1467
1467
1467
1467
1886
1467
1397
1467
1955
2375
2375
1397
1397
1886
1397
2445
1886
1467
1467
1397
1397
1466
1466
1956
1397
1397
1397
1397
1886
1956
1397
1397
1397
1397
