1886
1466
1467
1397
1885
1466
1397
1955
1397
2375
1467
1466
1885
2375
1466
977
1886
1467
2374
1467
1397
1397
1885
978
1397
1886
1467
1397
1466
1466
1397
1466
1397
1397
1467
1467
1467
1466
1397
2305
2375
1467
1396
1885
1886
1467
1397
1466
2864
1466
1886
1397
1886
1397
1955
1397
1397
978
1886
1397
1886
1466
1466
1397
1397
1396
1397
1466
908
1885
1886
1956
1815
1397
1396
1466
1397
1467
1466
2374
1886
978
1467
1397
908
1885
1397
1397
1956
1396
1466
1396
2444
1467
1956
1956
1886
978
1886
1397
2374
1466
1397
1956
1467
1467
1467
1885
1466
1955
1397
1886
1467
1397
1956
1397
1467
2374
1467
1467
5657
1886
1885
2305
1955
1467
1466
1397
2445
1467
1397
1885
977
978
1886
1467
1467
1467
1397
1466
1397
1466
1397
1467
1955
977
978
2374
2374
1466
1396
1397
1956
1397
1467
1466
1955
1886
1467
1955
1467
908
1467
1886
977
1397
3772
1397
1397
978
5238
1397
1886
1467
1886
1886
977
1466
978
1467
1397
1397
2305
1397
1886
1886
1396
1396
1886
1466
1885
908
1397
1886
1467
1467
1397
1467
1467
1397
1885
1466
1886
1816
1956
1397
1397
1467
1886
4679
2374
1467
1956
1397
1886
1467
1466
1397
1886
1467
978
1467
1466
1467
1466
1397
1397
978
1466
1955
1396
1397
1397
1466
1397
1466
1397
1467
1397
1396
1467
47701
1467
1397
1466
1397
1886
1396
908
978
1397
978
1466
1886
1397
1467
1397
1397
978
1467
1467
1396
1396
2374
1397
1467
1396
1397
1466
1397
1886
978
1466
1397
1467
1467
1396
1886
1466
1397
1467
978
1467
1397
1467
1397
1467
1397
1397
1397
1397
1397
1885
978
1466
1467
1885
1467
1396
1396
978
1397
1466
1397
1467
1397
1467
1397
908
978
1396
1397
1397
1467
1397
1397
1397
1397
1466
1466
1467
1396
1467
1467
1467
1467
1466
1466
978
1466
977
1467
1886
1467
1396
908
978
1396
1397
1397
1397
1467
978
1466
1397
1467
1396
1397
977
1397
977
1397
1397
1467
1886
1396
1466
1956
1397
1466
1467
1397
1467
1885
1885
1466
977
1467
1467
1397
1467
1397
1467
1397
1397
1397
1466
1467
1467
1397
978
1397
1466
1397
1397
1467
1467
1466
1885
1396
1467
1466
1396
1467
1397
1397
2305
1816
978
1397
1467
1466
1886
1886
1397
977
1397
1467
1885
2374
978
2375
1467
1397
1886
1467
1397
1397
1396
1467
1816
1467
1397
1397
1396
1955
1886
1886
1467
1397
1396
1467
1466
1397
1816
1466
1467
908
1885
1466
1466
1397
1466
1396
1397
1396
1885
1466
1466
1466
1955
1466
1397
1467
1467
1396
1397
1467
1466
1885
2375
1397
1397
1886
1885
1397
1397
1466
1467
1396
1467
1396
1397
1886
1397
1397
1466
1886
1815
1397
1397
1886
1467
1886
1467
1467
978
1467
1397
1466
1396
1467
1467
1467
1397
1397
2305
1397
1955
1396
1467
1886
1467
1396
1397
1886
1467
1397
1467
1397
1467
1885
1885
1885
1886
1397
1466
1397
1885
1467
1886
2444
1886
1885
978
1956
1467
1466
1397
1466
1466
1467
1467
1397
1396
1467
1886
1467
2304
1886
1467
1397
1885
1467
978
1467
1466
1466
1397
1467
2374
3283
1886
1466
1816
1397
908
1467
2305
1466
1397
1886
1467
978
1886
1397
1466
1466
978
1467
1397
1397
1815
1396
1467
1466
1397
1467
1397
1397
1397
1467
1466
1885
1396
1397
1886
1815
1396
1886
1396
1396
1466
1886
1396
1397
1396
1466
2375
908
1397
1467
1467
1397
1467
1467
1467
1955
978
1397
1397
1467
8940
1955
1396
1397
1955
978
1397
1397
908
1885
977
1397
978
1467
977
978
1397
1396
1397
1397
1467
1397
1886
1397
978
1885
978
1396
1467
1397
1397
1397
1397
1397
1397
1885
1397
1466
1466
1956
1467
1467
1397
1467
1885
978
1467
1956
1397
908
1466
1397
1466
1397
1467
1467
1397
1397
1397
1885
1955
1466
1886
1466
1467
1955
1467
908
1816
1467
1467
1466
1396
1467
1397
1467
1955
1466
1396
1466
1397
1467
1467
1886
1397
1397
1397
1467
1397
1466
1397
1397
1467
1466
1467
1885
1397
977
1467
1397
1466
1467
1397
1467
1886
1397
2374
1466
1397
1955
1397
978
1467
1397
1397
1396
1397
1397
1397
1397
1466
1397
1397
1885
1956
1886
1885
1467
1886
978
2374
1396
2375
1886
1397
1397
1885
1955
1397
1397
1956
1397
1466
1955
1467
1886
1466
1886
1467
1466
1467
1886
1816
1466
1466
1467
1467
1466
1955
1397
1397
1397
2375
1467
1397
1466
1397
908
1885
1956
1886
5238
1816
1466
1397
1397
1467
1397
1397
1396
1397
1396
1466
1467
1467
1397
1467
1397
1397
1397
1467
28635
1467
1467
1467
978
1397
1397
1397
1467
1396
1396
1397
1467
1397
1397
1397
1397
1956
1885
1397
1886
1816
1466
1397
1467
1396
1467
1886
1397
1467
978
1397
1397
1467
1397
1396
1467
1956
1886
1886
1956
2374
1397
1397
1815
1466
1816
1397
1467
1466
1466
1397
1397
1397
1955
1467
1397
1885
978
1885
1397
1466
1885
1955
1467
1466
1956
1397
1886
1467
1885
1955
1886
1955
1885
1886
1396
1466
1467
1467
1467
1466
1466
1467
1467
2375
1467
1467
1886
1397
1467
1467
1466
1467
1467
1396
1396
978
1885
1467
1397
1886
1467
1467
1397
1886
1397
978
1886
1885
1397
1397
1466
1886
1467
2374
1397
1397
1396
1397
1397
1466
978
1397
1886
1397
1397
1397
977
978
1397
1467
1467
1466
1466
1886
1467
1885
1397
1397
1397
1396
1466
1467
1885
908
1397
1955
978
1397
1397
1466
1466
1815
2375
1397
1466
1886
1816
1467
1396
1397
1397
1467
1466
1466
1467
1956
1397
1396
1397
1467
1886
1467
1467
1956
1467
908
1956
1467
1467
1467
1396
1886
1466
1886
1467
1466
1397
1397
978
1885
1885
1397
2375
1397
1466
