1397
1397
1886
1466
1397
1467
1397
1467
1466
1886
1467
1467
1397
1397
1397
1467
1397
1397
1467
1397
1467
1397
1467
1887
1397
1816
1467
1397
1467
978
1397
1467
1397
1397
1467
1467
1397
1467
1467
1397
1467
1467
1397
1397
1467
1467
1467
1398
1398
1886
1397
1397
1467
1467
1467
1398
1466
1467
1956
1887
1397
1398
1886
1886
1397
1397
1467
1397
2934
2375
1886
1956
1467
1397
1467
978
1397
1467
1397
1467
1397
1397
1467
2445
1397
1886
1886
1467
1467
978
1397
1467
1467
1887
1397
1467
1467
1397
1397
1467
1397
1467
1397
1397
1467
1328
1397
1956
1467
1397
1397
1466
2375
1467
1956
1887
1467
1397
1467
1397
1467
1467
1397
978
1397
1397
1397
1467
1467
1467
1467
1397
978
1886
1467
1956
1397
1467
1397
1397
1397
1397
1467
1467
1397
1397
1467
1466
1398
1467
1956
15229
1886
1397
908
1467
2375
1397
1467
978
1397
908
1397
1467
1886
1397
1397
978
1467
1397
1467
1397
1467
1397
1467
1397
1467
1397
1467
1956
1467
1467
1467
1886
1467
1467
1886
1467
1397
1467
1397
1467
1467
1397
1397
1398
1467
1398
1397
1467
1467
1467
1467
1467
1397
1467
1397
1397
1397
1467
1397
1467
1397
1467
978
908
1467
978
1467
1397
1886
1467
1467
1397
1467
1398
1467
1467
1397
1467
1397
978
1467
1397
978
1397
1397
1397
1397
1397
1467
908
1397
1467
1397
1467
1397
1397
1397
1466
1397
1467
1467
1467
1398
1467
1886
1467
1467
1397
1397
1397
1397
1467
1467
1397
1397
1467
1467
1467
1467
1886
1816
1397
1398
1397
1397
1886
1397
1956
1467
978
1886
1816
1467
1886
1327
1466
1467
1886
1467
1397
1397
1886
1397
1397
1467
1467
908
1886
1397
1887
1886
1398
1397
1466
1886
1467
1956
1956
1886
1956
1467
1397
1467
1467
1886
1397
1467
1467
1467
1955
1467
1467
1956
1397
1397
1398
1467
1397
1886
1886
1817
1397
1956
1397
1956
1955
1467
1956
1886
1467
1886
1397
1467
1467
1397
1397
1886
1955
1397
1886
1397
1397
1467
1397
2375
2445
1397
1886
1397
1467
1397
1467
1397
1397
1956
1956
1467
1886
1398
1397
1886
1886
1397
1467
1467
1467
1397
1467
1397
1397
1467
1397
1397
1886
1467
1397
1467
1467
1886
2306
1467
1397
1467
1397
1467
1886
1886
1397
1467
1397
1466
1467
1397
1816
1397
1397
1397
1886
1397
1467
1397
1887
1397
1397
1397
1467
1397
1467
1397
1397
1397
1397
1467
1886
1467
1886
1397
1467
1467
1467
1467
1467
1886
1397
1397
2375
1397
1397
1397
1886
1397
1467
1956
978
1397
1397
1397
1467
1886
1397
1397
1886
1886
1397
1886
1887
1467
1467
1397
1398
1397
1467
978
1397
1886
1467
1467
1397
1466
1886
1886
1467
1467
1886
1956
1397
1397
1467
1467
1467
1397
1397
1397
1397
1397
1397
1886
1397
1467
1397
978
1467
1955
1467
1397
1467
1956
1887
1397
1467
1398
1397
1397
1467
1886
1816
1886
2445
1886
1397
6147
2375
1398
1397
1816
1398
1467
1467
1467
1467
1467
1397
1397
1397
1397
1467
1467
1956
1397
1397
1397
1397
1886
1397
1397
1397
908
1397
978
1467
1467
1397
1467
1886
1467
1467
1467
1397
1397
1397
978
1397
1886
1397
1467
1397
1886
1397
1397
1397
1397
1467
1467
1467
1467
1467
1467
1886
1886
1467
1886
1467
1397
1398
1397
1397
978
1467
1467
1398
2444
1466
1398
1467
1467
1467
1886
1467
1467
1397
1956
1397
1886
1467
1467
1467
1397
1886
1397
1397
1467
1886
1467
1467
1467
1397
1397
1467
1397
1398
1467
1886
1467
1467
978
1467
1956
1467
1397
908
1467
1956
1886
1397
908
1397
1886
1467
1467
1467
1397
1397
1467
1397
1397
1397
1886
1397
1886
1817
1466
1886
1886
1397
1467
1467
1467
1397
1467
1397
1397
1397
1467
1956
1397
1467
978
1956
1398
1467
1397
1398
1397
1886
1886
1467
1397
1886
1397
1467
1397
1886
1887
1467
1467
1467
1886
1956
1886
1397
14810
1816
908
1467
1467
1956
1397
1816
1467
1397
1397
1886
1467
1886
1397
1397
1466
1467
1467
2375
1467
1886
1467
1956
1397
1886
1956
1397
1397
1397
1467
1467
1886
1956
1397
1886
1467
1886
1886
1887
1956
1397
1467
11107
1397
1397
1467
1886
1886
1397
1956
1886
1397
1467
1467
1886
1467
1886
1397
978
1886
1956
1886
1817
1397
1816
1816
1397
1886
1397
1467
908
1397
1397
1886
1467
1397
1397
1397
1467
1397
1397
1886
1397
1467
1398
2445
1467
1467
1816
1467
1956
1886
1886
1886
1886
1887
1886
1886
1886
1467
1886
1397
1956
1467
978
1956
1955
1397
1397
1467
1466
1886
1467
1398
1467
1397
1397
1397
1886
1466
1956
1397
1887
1886
1397
1467
1956
1397
1397
1886
1397
1467
1398
1398
1397
1886
1467
1886
1467
1397
1956
1467
1956
1886
1397
1886
1886
1467
1956
1886
1956
1397
1887
978
1886
1397
1467
1397
1397
1816
1397
1467
1466
1467
1397
1467
1397
1397
1886
1467
1886
1397
1886
1398
1397
1467
1467
1397
1467
1397
1467
1397
1886
1397
1397
1956
1467
1467
1398
1816
1886
1467
1467
1467
1467
1886
1467
1467
1467
1467
1467
1467
1886
1886
1467
1467
1956
1467
1886
1887
1397
1397
1816
1955
1467
1886
1397
1397
1397
2375
1886
1467
1397
1397
1817
1467
1886
1467
2445
1886
1467
1956
1397
1886
1886
1466
1886
2305
1816
1886
1397
1466
1467
1956
1397
1816
1467
2375
1467
1467
1816
1887
1397
1956
1956
1886
1887
1886
2375
1397
1397
1397
1467
1397
1397
2375
1955
1467
1956
1467
1397
1956
1886
1397
1397
1397
1467
2375
1816
1467
1886
1467
1467
1397
1956
1467
1467
1467
1467
1886
1886
1886
1397
1887
1397
1397
1397
1467
1397
1467
1467
1467
1467
1956
1956
7335
1886
1467
1397
1467
1397
24240
1467
1467
1886
1467
1397
