1397
1467
978
1397
1397
1467
1467
1956
1397
2305
1886
1467
1397
1886
1886
978
1397
1467
1397
1466
1467
2375
1466
1467
1467
2445
2374
1397
1467
1466
1466
1397
1467
1956
1397
978
1467
1467
1885
1886
1467
1397
1956
1467
1397
1397
1956
1886
1467
1467
978
1397
1397
1467
1397
1886
1886
1397
1467
1956
1467
1955
1955
1397
1886
1467
1467
1396
1397
1397
1467
2375
1467
1467
1397
1956
1886
1397
1886
1886
1397
1467
1467
1466
1397
1467
1467
1467
1467
1955
1397
1397
1397
1467
1956
1397
1466
1467
1467
1397
1467
1397
1397
1397
2375
1397
1466
1467
1397
1397
1467
1467
908
1397
1816
1397
977
1467
1467
1397
1466
1397
1397
978
1397
1397
1467
1466
1467
1467
1816
1467
1466
1467
1467
1397
1467
1397
978
1467
2375
978
1397
1397
1397
1397
1466
1397
1955
1467
908
1397
1397
1397
1466
1467
1956
1397
1397
1397
978
1397
1467
1397
1397
1467
1467
1886
1467
1397
1467
1397
1397
1816
1886
1397
1467
1397
1467
1467
1467
1467
1467
1397
1886
1467
2375
1397
1886
1397
1397
1467
1467
1956
1886
1467
1467
1397
1397
1886
1397
1886
1467
1467
1397
1467
1397
1397
978
1467
1467
1467
1467
1397
1816
1397
1886
1466
1956
1466
977
1886
1397
1397
1467
1397
1467
1467
1467
1467
1396
1467
1397
1397
1466
1397
1467
1955
1467
1397
1397
1397
1467
1467
908
1886
1467
1886
978
1467
1467
1467
1397
1467
1397
1467
1467
1467
1467
1467
1397
1397
1467
1956
2375
1466
1397
1956
1466
1397
1467
1886
1397
1467
1397
1467
1467
1467
1467
1886
1397
1886
1467
1397
1467
1886
1397
1467
1467
1467
1467
1397
1397
1886
1467
978
1467
1397
1467
1397
1397
1467
1397
1886
1467
1397
1467
1467
1397
1467
1397
1397
1397
1467
1397
978
1467
1396
1955
1397
1886
1466
1467
1467
1467
1397
1466
1397
1466
1467
1397
978
1467
1397
1397
978
1886
1467
1397
2864
978
1467
1467
1816
1397
1397
1467
1467
1467
1397
1397
2794
1467
1886
1397
1467
1467
1467
1467
1397
1397
1467
1397
1397
1466
1956
1467
1467
1467
1467
1397
1397
1886
1467
1886
1956
1467
1466
1397
1397
1956
1397
2375
2375
1467
1397
2375
1397
1397
1467
1467
1467
1467
1397
909
1467
1397
1397
1816
1886
1397
1467
1397
1886
1467
1467
1467
1886
1397
1397
1467
1467
1467
1467
1467
1397
1397
1397
1397
1467
1467
1397
1467
1397
1467
1397
1397
1397
1466
1397
1467
1467
1397
1397
1397
1467
978
1397
1467
1467
1397
1467
1397
1397
1397
1467
1397
1886
1467
1467
1397
1467
1467
1467
1886
1397
1397
1886
1397
1467
1467
1397
1397
1467
1397
1397
1397
1886
978
2375
1397
1397
1397
1397
1397
1956
1467
1467
1886
1466
1886
1886
1466
1886
1467
1467
1397
1886
1397
1397
1397
1467
1397
1467
1397
1397
1886
1886
1956
1397
1956
1397
1397
1467
1467
1956
1467
1397
1886
1467
1397
1467
1467
1956
1956
1397
1467
1466
1467
1397
1467
1467
1467
1397
1467
1467
1397
1397
1956
1955
1467
1467
1397
2444
1467
978
1466
2375
1467
1955
1467
1397
1466
1397
1467
1956
1397
1956
1467
1886
1816
1886
1467
1816
1467
1397
1886
1886
1397
1397
1466
1467
1467
1467
1886
1467
1886
1397
1397
1956
1397
1467
1886
1467
1886
1467
1397
1397
1467
1886
1397
1467
1467
1467
1886
1956
1397
1467
1467
1466
1467
1397
1467
1816
1886
1397
1397
2375
1397
1467
2375
1466
1955
1467
1397
1467
1397
1467
1397
1397
1467
1467
1397
1397
1467
1397
1397
1467
1397
1467
1956
1397
1397
1467
1397
1397
1466
978
1816
1397
1397
1397
1956
1466
1397
1467
1397
1467
1397
1397
1466
1467
1397
1467
1467
1397
1397
1397
1397
1397
1467
1466
1886
1466
1467
1397
1466
1397
1397
1467
1397
1327
1886
1467
1816
1397
1397
1397
1466
1467
1886
978
1397
978
1467
1397
1397
1397
2375
978
1466
1955
1397
1397
1467
1886
1886
1397
1467
1467
1397
1397
1397
1467
1397
1397
1397
1397
1467
1467
1397
1397
1397
1397
1397
1397
1467
1956
1467
1466
1397
1467
1467
1467
1467
1397
1397
1467
1467
1467
1397
1467
1467
1886
1467
1397
1886
1397
1467
1467
1397
1886
1886
1397
1956
978
1397
1397
1466
1397
1886
1467
1467
1467
1397
1397
1467
1466
1467
1397
1886
1886
1467
1397
978
1397
1467
1397
1397
1397
1397
1397
1886
1397
1397
1397
1467
1397
1886
1886
1466
1397
1467
1467
1467
1397
1467
978
1397
1397
1397
1886
1397
1397
978
1397
1397
1397
1467
1397
1886
1467
1397
1397
1467
1886
1397
1886
1467
1397
1886
978
1397
1467
1467
1956
1816
1467
1886
1397
1397
1467
1467
1466
1467
1397
1397
1467
1397
1466
1467
1466
1397
1397
1886
978
1467
1467
1955
1466
1467
2375
1397
1466
1397
1467
1956
908
1467
1397
1397
1397
1467
1397
1467
1467
2445
1886
1466
1397
1397
1467
1397
1397
908
1886
1467
1397
1467
1467
1397
1397
1956
1467
1466
1467
1467
1397
1466
1397
1397
1467
1467
1397
1467
2375
1467
1397
1886
1397
1956
1397
1886
1886
1397
978
1467
1397
1397
1467
1397
1397
1397
1956
1397
1886
1956
1397
1397
1467
1397
1397
1956
1467
1397
1397
1397
1467
1397
1467
1466
1886
1956
1816
1397
1397
1886
1467
1467
1816
1397
1397
1467
1467
1397
1467
1955
1467
1886
1397
1886
1886
1467
1467
1467
1397
1886
1397
1397
1397
1467
1467
1467
1397
978
1396
1397
1466
1467
1467
1397
1397
1467
1397
1467
1397
1886
1397
1397
1886
978
1397
1397
1466
1886
1467
1397
1397
1397
1397
1397
1397
1467
1467
1886
1467
1397
1467
1467
1467
1467
1467
1397
1397
1466
1467
1397
1956
1467
1467
978
1397
1397
1397
1397
1467
1397
977
1397
1466
