1397
1396
2374
977
1466
1397
1397
1396
1886
978
1397
1397
1956
1397
1885
1397
1955
1397
1466
1467
1886
978
1397
1397
1396
1886
1397
1397
1397
1956
1467
2445
1397
1397
1397
1397
1467
1467
1467
1466
1467
1886
1397
1466
1397
1467
1466
1466
1886
1466
1397
1397
2375
1467
1885
1397
1466
1396
1397
1466
1396
1466
1885
1886
1396
1397
1467
1956
1886
1396
1397
1467
1396
1397
1885
1396
1955
2444
2374
1466
1397
1466
1886
1396
1397
1467
1397
1467
1397
1467
1396
1467
977
1466
1466
1397
1397
1466
1466
1397
1466
1467
1396
1396
1885
1466
1467
1467
1396
1467
1466
1467
978
908
1886
10965
1467
1397
1466
1396
1397
1397
1467
908
1396
978
1467
1396
1397
1467
1397
978
1397
1396
1397
1467
978
1397
1466
977
978
1396
1397
1466
1466
978
1466
977
1397
1466
978
1956
1466
1397
1467
1397
1466
1396
1397
908
908
1396
1955
1467
1955
1467
1467
1885
1466
1397
1466
1397
1397
2444
1397
978
1397
1396
1467
1397
1955
1466
1397
1396
1397
1467
1397
1397
1466
977
978
1397
1397
1397
1467
1467
1397
1956
1467
908
1397
1397
1467
1397
2305
1466
1885
1885
1886
2374
1467
1886
1955
1886
1467
1886
1467
1467
1396
1886
1886
1885
1467
1397
1397
1397
1397
1467
1467
1467
1466
1956
1466
2375
2375
1397
1466
1397
1886
1397
1885
1467
1397
1466
1467
1956
1397
1397
1397
1886
1467
1466
1886
1396
1467
1397
1956
2933
1397
1397
1466
1886
1885
1397
1886
1956
1886
1466
1956
1886
1466
1886
1885
1397
1396
1467
1466
1397
1467
1467
1397
1466
1466
1397
1467
1816
1396
1467
1397
1466
1397
2375
1397
2444
1466
1467
1467
1397
1466
1397
1397
1886
1467
1886
1467
1956
1467
1885
1467
1885
977
1956
1816
1955
1955
1467
1396
1397
1396
1886
2374
1955
1397
2375
1467
2374
1397
1397
1885
1467
1397
1956
1886
1956
1956
1467
1466
1467
2375
1396
1397
1397
908
1397
1467
1886
1955
1466
1397
1467
1397
1397
1397
1397
1885
1466
978
1396
1466
2375
1467
2375
1955
1886
1397
1885
1886
1956
1886
1886
1886
1397
1886
1886
1886
1886
1397
1816
1885
1397
1397
1956
1955
1815
1466
1397
1467
1467
1815
1886
1886
1467
1885
2375
1956
2375
1886
1397
1886
1467
1886
1467
1886
2375
1397
1956
2375
1885
1955
978
1397
1956
1466
1956
1886
1886
1885
1885
1956
1886
2863
1955
1886
1467
1467
1397
1885
1467
1467
1467
1397
1397
1396
1397
1467
1397
1886
1397
1885
1397
1397
1955
1886
1467
1886
1956
1396
1397
1396
1397
1396
1886
1396
1466
1467
1466
1466
1816
1466
1467
1466
1467
1397
1885
1467
1467
1467
1886
1885
1885
1886
1886
1816
1467
1467
1886
1467
2374
1467
1467
1466
1467
1467
1467
1886
1466
1397
1467
1956
1467
1467
1885
1467
1397
1467
978
1397
1397
1467
1956
1397
1466
1396
1467
1955
2305
1885
1467
1467
1467
978
1397
1397
1466
1397
2375
1397
1466
1397
1467
1467
1956
1397
1397
2305
1466
1885
1467
1886
1467
1886
2444
1885
1397
1397
1885
1466
1396
1467
1886
1886
1886
1467
1397
1956
1397
1397
1397
1466
1466
1886
1397
1397
1397
1396
1467
1886
1397
1886
1885
1886
1397
1397
1467
1396
1466
2305
1467
1467
1397
1467
1467
1466
1397
1886
1467
1467
1955
1466
1466
1397
1396
1467
1816
1466
1467
1397
1886
1396
1396
1397
1886
1467
1397
1397
1397
1467
1397
6635
1886
1885
1955
1397
1397
1396
1397
1467
1397
1467
1886
1397
2445
1467
1467
1467
1397
1886
1396
1467
1467
1397
1397
1397
1397
1467
1466
1467
1466
1467
1466
1886
1466
1467
1886
1397
1467
1955
1467
1397
1397
1466
1397
1467
1466
1885
1467
1466
1397
1467
1467
1397
1397
2375
1397
1885
1886
1397
1467
1467
1816
1397
1397
1397
1816
1886
1466
1396
1397
1466
977
1955
1886
1467
1467
1397
1955
1397
1955
1466
1397
1467
1467
1397
1396
1397
1886
1467
1885
1956
1396
1885
1956
1955
1467
2375
1397
1397
1397
1397
1467
1467
1397
1885
1467
1467
1466
1816
1885
1816
1397
1467
1955
1397
1886
1467
1885
1397
1885
1467
1397
1396
1885
1886
2305
1467
1886
1397
1467
1886
1397
1396
1467
1397
1467
1956
1396
1467
1885
1886
1885
1466
1397
1886
1467
1397
1466
1397
1886
1396
1397
1886
1397
1397
1885
1956
1397
1886
1397
1466
1466
1885
1886
1816
1885
1815
1885
1886
1467
1886
1886
1466
1466
1886
1397
1397
1956
1885
1396
1955
977
1466
1467
1467
1886
1467
1886
1467
1467
1467
1467
2444
1467
1886
1886
1397
1886
1886
1886
1886
1886
1886
1467
1397
1885
13269
1396
1466
2445
1467
1886
1396
1397
1397
1397
1956
1396
1886
1397
1467
1886
1886
1397
1466
1397
1397
1467
1397
1466
1397
1396
1467
1886
1956
1886
1467
1955
1467
1467
1467
1467
1467
1397
1397
1466
1397
1467
1467
1466
1886
1397
1466
1397
1397
1467
1466
1886
1467
7054
1467
1467
1466
1397
1397
1467
1886
1956
1397
1466
2374
2375
1885
1467
1397
1397
1467
1397
1885
1466
1956
1397
2374
1956
1885
1397
1467
2374
2375
1396
1886
1466
1466
1466
1397
1886
1396
1886
1397
1467
1467
1467
1886
1396
1397
1397
1397
1467
1467
1467
1467
1397
1466
1397
1397
1397
1467
1397
1396
1396
1467
978
1397
1397
1466
2304
1397
1467
1886
1397
1467
978
978
2444
1397
978
1397
1886
1886
1467
1397
1396
1397
1886
1397
1466
1467
1466
1466
978
1886
1396
1397
1886
1397
1466
1397
1396
1467
1466
1467
1397
1886
1466
1467
1466
1886
2375
1397
978
1885
1397
1885
1466
1956
908
1467
1467
2305
1467
1956
1467
1467
1886
2445
1466
1885
1397
1886
1886
1467
1467
1397
1886
1466
1885
1467
1466
1466
1397
1886
1467
