278190
293347
282101
281543
271486
278121
275816
271486
270577
278121
272114
271485
303544
271346
273231
279098
273232
272883
272533
271276
271975
275886
281264
280007
275746
272952
281893
281613
279937
275258
277981
277981
277003
295931
283848
276654
269530
275467
279588
278959
302077
278609
278191
274558
273371
282241
278610
276445
280216
273441
279099
275745
280356
274419
278540
279797
307316
280565
305849
282451
280496
286502
293975
269111
282520
273232
280775
278050
269948
301449
271067
281194
276095
279658
291740
299074
276794
277212
277632
270648
273860
280007
273860
279099
279378
276165
293627
276864
277282
277213
269459
279308
295092
278470
272533
277004
280495
385541
284546
276584
272883
280565
283918
281543
277142
276095
282451
279029
269390
271066
273231
278540
278330
277841
275117
283428
276374
279797
280845
289575
276095
274699
283359
300540
271904
280914
278330
273441
285245
277911
276794
278680
282312
276514
280704
280077
281054
278610
281473
296140
281264
271066
277981
277422
277562
279098
277771
278539
277073
279518
276025
279447
276724
278750
274279
275746
276095
279936
277422
274907
278470
278610
270158
279448
274698
274698
277142
299213
282940
282940
277073
273021
276235
277143
277981
272533
277212
274838
280635
277283
277631
277562
280076
281264
281892
285524
279657
277981
282381
279797
277143
281264
278540
281822
273302
277143
282869
277422
272324
276515
278260
277632
278679
306827
280007
274907
283289
273790
281403
279099
306966
277002
278120
273022
273790
276654
279587
276025
273790
274070
279657
281194
276165
276304
276584
279098
276723
274489
293557
280145
276723
278400
306198
274698
276375
279028
270438
277073
276723
293486
275326
279168
269530
300820
278540
277492
278260
298166
277631
277772
278120
269530
275396
284057
281194
320585
278819
318631
275955
272254
278609
275396
277841
277073
382817
275327
273441
279797
282800
282450
306687
278889
278889
276513
275047
278679
285734
277142
276584
278191
279657
281054
276863
366124
277562
280496
279866
298166
281333
274628
278190
311227
279237
274978
281054
276234
283429
280705
277212
280844
278609
281403
280705
279587
278470
305779
281962
277492
275745
279587
281822
285593
281892
367730
279587
281752
274139
275326
277980
281054
277631
281054
269390
286013
275466
267434
276094
277771
277632
272952
279168
267225
273580
272742
279238
272952
272323
273929
274140
276584
271694
273441
273301
277282
278749
278470
275047
273511
278399
276304
273930
276654
277771
275816
278609
277841
275117
278260
278260
278749
280984
278260
272393
266246
299702
277632
276025
273580
279098
276374
279308
275815
274697
273650
281333
277701
277003
278330
278958
275536
278539
278050
277212
323240
276863
273790
278330
283848
278260
277980
279098
283987
279937
279167
276305
275746
281542
277003
279727
277002
278399
279517
303962
281472
277980
276444
276444
274349
270577
275397
273790
276794
274907
302356
283079
275745
278819
278120
273092
273580
277771
276863
278678
275676
352504
277003
277701
280286
275327
279028
280984
278469
279447
275885
281333
285244
279587
287689
278400
329106
281962
282869
278888
310109
280844
280495
283359
308781
276514
278190
277072
280425
278958
280006
279936
274209
273930
274278
278050
279726
280006
280006
366333
275326
282032
275885
295721
280005
287898
273790
280844
277701
274907
276723
279447
273231
277910
276514
275187
275745
270298
276304
281822
277072
278190
274419
274489
275326
280495
296768
276793
275116
272952
271835
283218
274418
275815
281962
277282
276374
275815
277771
280145
276793
278190
297118
270577
279447
275815
280424
303054
277212
277631
275606
277841
276304
275187
278958
277351
275117
278749
303334
278120
279168
279377
279866
272533
316255
279237
275955
276374
276095
277142
272463
273301
279098
276793
275815
277911
280914
277003
277143
277003
285943
278329
282171
279586
276234
277980
279028
276304
277491
273161
308083
275396
274698
273021
271485
270088
281961
279168
278958
276025
278119
409637
277422
276723
279168
276583
285314
275396
276094
281542
280564
275955
277073
275466
273720
278330
274558
275885
277701
281542
276792
311086
277003
277980
277422
276444
276583
272323
282520
273510
277421
277282
278119
279097
275675
277561
280425
273231
281054
278469
270088
273719
282380
277073
278190
277142
281333
278888
279098
277491
270367
326662
278330
272811
279377
277841
277143
276234
277491
276653
279237
293555
278538
277631
278678
281053
280983
279796
281891
277771
280354
279517
269529
279935
341887
278819
281891
284266
282450
277351
275256
276024
282450
273300
274907
282450
277771
277073
370104
274488
276513
275954
277212
274907
288457
276653
277561
277351
280425
282939
282939
278190
275466
279586
280076
280494
285802
301308
272881
277422
275186
276304
276025
274557
272253
279586
277701
278190
282520
279308
275745
278190
277771
278608
276094
278609
294953
278190
269109
280285
279237
278120
274837
274278
321144
279586
277142
279796
278189
281962
274349
275885
283637
276653
275256
281402
272392
277142
273300
280075
277631
275954
278609
278260
282170
275186
282031
274348
277771
282031
274348
272742
279167
299562
280564
276304
276862
272672
313391
273440
268132
282311
289784
275396
278399
273859
277840
275046
276862
279028
275256
278189
289784
277771
274418
274837
274278
276165
299492
276933
281822
276095
370314
278190
275675
279446
278049
278050
277351
274418
280564
275465
275256
278329
277631
277281
296699
281402
276583
279866
279516
281402
274907
277631
277421
281193
279237
272462
280843
279167
279586
276863
276374
280145
378067
279447
275396
279587
271904
278469
277421
278189
278329
279726
284825
280145
285313
276792
276932
277351
280425
277840
275815
344193
279517
277282
272183
269878
277141
276164
274208
279656
275675
275955
278679
277142
278609
283358
281472
281891
270297
274976
280215
299143
278539
278259
279168
296558
276653
274278
278050
274417
282101
277072
282171
276164
275326
278469
277980
280913
276234
275186
278119
276304
272741
280076
299911
277980
275675
283428
305289
274348
280215
279376
278049
276094
280145
275675
277631
377158
277003
277212
277421
275885
277561
275884
274627
272113
295930
272951
277491
306826
274977
361025
282380
276793
286291
274837
277701
295860
279168
272952
276303
275396
279098
276303
276932
278678
279167
276722
279237
277421
273231
276932
281053
293485
275815
278119
278958
273091
275745
274976
277281
270995
281332
276862
280495
287967
272811
278469
276164
276024
305638
273719
277282
279097
277211
276722
275954
271414
280075
276722
273300
279377
278748
281821
276792
281053
385540
277212
273859
279656
296977
273301
273230
282589
280075
274697
280494
279795
280564
281892
277211
271624
271554
275256
279167
273789
276723
384562
276024
277630
280983
278958
281332
277630
270087
270507
314159
278469
270647
274487
273230
274836
273510
273719
276024
275955
273440
305917
281821
280075
277840
278189
277840
280914
274697
276234
275954
281891
275675
277351
266176
275605
275256
275885
280564
287199
285314
278189
279167
272532
277910
279167
278538
277142
275954
