64823
67686
66080
66359
69991
67197
68245
68176
67197
68246
67757
67826
67826
68594
67267
68175
68664
68105
68245
67616
68734
67058
67268
67756
68664
68106
67826
67198
64263
68874
67826
67686
66848
66848
65172
65171
66219
64403
64892
66779
66639
67687
142987
66708
64333
64892
66359
67617
67826
67616
68664
66219
67826
67617
68804
67826
68315
67616
67687
67547
66778
67966
67686
68385
67058
67197
66848
66708
67198
68804
64613
64752
64893
65032
65381
185037
85568
67267
67197
67197
67617
67197
66709
68175
67267
67197
67406
66359
67267
68245
67127
66568
67686
67127
67407
66569
66708
68315
66568
67687
67267
68175
67686
67686
67267
64892
64892
64612
65171
64403
65311
67267
67686
67197
67407
67337
66778
66359
66848
64403
68245
66778
68175
67058
67616
67687
67546
66498
66848
66220
67826
66778
67617
66778
67476
66778
67127
66848
67756
89201
68175
66917
67197
97233
67197
71109
67686
66289
67197
67267
68175
67197
67686
67685
66778
67826
66708
66079
66079
66428
66149
66429
67686
64683
64124
64892
64403
65311
68175
67826
66289
67128
66708
64403
66639
67546
67127
67756
67756
66288
65310
64822
64892
65241
65800
65241
65660
67197
66917
67057
67197
67686
65800
67196
68035
67685
67756
67406
67127
66988
67336
67336
67826
68174
67755
68035
67756
67616
68733
67616
65381
66917
100865
67546
66149
66358
64682
65171
65101
65380
67546
67476
67057
68733
67686
66289
67686
67755
66848
66848
67197
64612
66708
68035
66289
66428
67686
65381
67406
70060
66777
67197
64892
66708
66288
107920
67336
65380
69153
67266
67825
66987
65311
65310
64891
65171
64263
66777
69083
68105
66219
66708
66778
67337
65800
66288
66638
65590
65381
66289
65730
68245
68244
67756
67685
67267
67127
66708
67196
66149
65311
67267
67196
67336
67616
66987
65310
65799
65240
64682
64752
70060
91784
66149
66778
64821
68174
67197
65800
65869
64892
65240
64822
66289
66707
66707
65380
65451
65381
75858
65800
67756
91854
67336
65520
82214
106732
67685
66847
66638
63424
62936
61468
62935
62516
60142
60630
60560
59094
58116
58605
56858
57277
57208
54972
54903
54274
53925
53016
53855
53227
53436
51411
51130
50083
71877
62936
49105
71457
49594
46031
48756
46241
45473
44984
44844
43936
43517
43307
42888
44494
42050
42888
45333
42469
44355
43028
44285
38627
44355
44355
59582
41072
41072
38138
40095
38208
37230
37510
37720
37580
37231
36602
36252
38976
37300
34786
36741
37650
38977
36531
34925
36671
35834
36532
48057
36252
35274
35275
35274
35204
35694
34786
35275
34366
35694
34786
34786
35345
34366
34367
34855
34786
35345
40513
36252
38768
33389
35274
34855
34367
32411
34855
35833
53226
33808
34995
34297
36183
33808
32899
33389
32900
32480
33388
32970
32899
33458
33389
41771
33877
34855
34436
33388
34716
34785
34297
34785
54484
35274
33877
32899
33878
33878
36323
33388
35345
33179
34157
34227
34297
33878
32410
35135
34925
34925
33249
34296
33808
34366
33389
33877
32900
36322
33458
37230
35065
34855
34646
34856
34855
34786
35414
35135
34296
34785
34786
34786
33738
34227
34436
32410
34785
34296
34785
34716
34157
37789
34367
35275
35204
32900
34856
34436
35274
33877
34297
35135
34785
35275
31503
35274
34855
34855
34785
35275
37510
34506
35833
32900
32900
46241
34157
36113
34855
34855
34716
32481
34785
33458
33877
35344
32481
33179
34297
32899
31992
34856
33388
32899
33389
32900
34716
32900
31921
32481
32480
32480
34646
34436
34855
34366
34855
34855
34995
34995
32900
34367
34786
34296
54902
37161
32900
52318
32829
32410
32900
33319
32899
37160
32690
32481
35275
35274
34785
35275
33458
52038
41351
32900
32969
31922
32481
33459
32829
54833
35763
33109
37650
35344
35204
33389
32411
34645
34786
34297
34715
54413
35205
35274
34366
34785
35205
35693
34297
34576
34716
34367
34297
34786
35694
32829
34925
35693
35414
34785
33808
32411
75229
34296
40024
34855
34716
36322
65379
35903
53435
32480
36113
33807
32830
32969
33388
34297
32899
32829
35275
34785
34785
34925
35205
32969
32899
32969
32899
32410
33877
44634
39954
35833
35275
41910
33318
34925
32410
35344
34296
34856
33249
36391
35344
35205
34785
35274
35204
34785
36182
34576
34785
34156
34297
34856
33388
34296
34716
35903
34785
34645
36742
44424
33808
34856
35274
55181
34087
33388
38277
35763
35274
34785
32410
32969
33318
33458
33807
32481
34994
32900
32270
34856
33388
35274
35274
33458
33458
33877
33389
33248
32410
33109
32689
34785
32340
32480
35344
39814
34995
35275
33668
35135
33807
126777
37160
35344
51899
35484
58185
34367
33737
33179
34785
34716
32760
35833
33249
34296
33388
32480
34716
34785
32899
33388
35763
33388
34367
34785
34855
34785
32900
34366
34855
34715
32480
34855
35763
32410
32480
33388
32899
33389
35763
32410
32829
34297
32899
32829
32899
35274
34786
34856
34786
32899
34087
31921
34855
52318
33388
31503
34296
35274
33109
35274
35344
35344
34855
35274
34995
40094
34296
35204
38069
31991
35274
35204
35344
34786
35274
33389
34576
34785
36252
35274
35553
35344
32899
33877
33877
32480
34087
34366
33877
33877
31991
32829
34576
34786
32899
34855
34366
33458
32900
34296
35344
35344
35274
34785
33458
34855
34785
34715
34925
33598
32480
32201
32900
33667
34366
33947
32899
34575
34785
34436
32480
35693
34785
34785
33807
34296
34786
34785
34855
35064
44914
34296
33808
34716
31711
92481
35135
35064
32480
35274
31991
34785
34575
34855
35274
34715
34855
34995
50502
34785
35623
35693
34925
34296
43097
35274
35274
33807
34855
34995
36741
32969
33109
32900
32899
52248
34366
33458
32899
33877
35274
38487
34785
35414
33388
34296
34715
34785
34925
35274
34785
34855
34995
33877
35065
33179
33179
34785
34366
34785
32899
32481
38208
34785
35763
32899
34296
35065
35484
34366
34855
33388
34366
34436
52876
34367
32969
34925
32410
34925
34855
31502
34715
35274
34506
34995
32899
34645
34785
34785
36741
34855
35623
35274
34785
35134
31991
34296
34716
34855
34366
34366
35344
32900
35274
31991
207523
60070
33388
34785
37509
34366
34785
34505
40163
34645
33388
34296
35274
34366
33807
34436
33807
33388
35064
34505
34785
35344
35065
34785
34785
35274
35064
34785
35763
32899
32480
32480
32411
32899
32410
33388
32969
32969
32759
35902
34855
34855
