213168
208489
208139
208558
203600
207232
201295
211282
208069
209047
208978
207930
208699
208978
208279
207441
207860
208418
209816
210724
208139
207301
209117
207371
209816
208279
209118
233494
209397
210933
201853
207022
211702
208698
210026
210933
209397
207441
207511
208070
209117
211213
209676
211073
211353
208069
206812
208489
207511
223296
243760
208698
214775
212190
234052
208838
209397
208908
208628
208767
208488
211423
207441
230420
208419
209257
233913
210724
210235
209396
211422
207999
210864
209536
210095
209396
208489
209676
214355
201574
202692
208069
208907
210165
212819
296843
214565
205206
208628
207720
202343
228045
211073
208698
231537
210444
214775
202901
211631
211981
204368
209536
210514
216731
210444
209327
216451
205904
235728
203809
204367
205206
232236
210234
209885
209327
207161
209327
209536
202762
231887
204857
208768
210444
208419
208628
208559
209327
204507
209676
201923
209117
208209
208977
211143
207859
209606
212400
209746
207231
203948
206393
208070
210723
207580
207650
209885
208419
208768
223296
208139
206743
242014
207930
205206
205765
201434
204856
209466
210165
208069
215054
207651
209256
212679
208349
205834
208000
208489
206044
205066
201853
209257
207092
206673
206393
205136
206183
206602
207929
205555
207790
214705
212260
209746
210234
210095
227416
206952
211212
211631
214705
210375
208838
208209
209886
208488
207021
207580
209536
208558
209886
208558
198500
207650
207441
210444
207930
208977
207441
233842
209117
202761
210235
226159
240058
207580
208628
206323
208419
208977
207930
209117
205904
209047
297541
208069
207999
206254
207511
202062
206393
209327
206603
207581
209187
207161
206463
214635
209047
207650
206533
204437
207022
208698
207231
202482
207161
208070
208977
206323
207650
208488
208628
208488
209466
211561
208139
207511
206951
210024
207231
208558
209675
208139
208418
210025
203110
209815
290487
214983
206184
206672
206254
211073
208767
208489
206952
202272
209675
209815
207510
208767
207580
207021
209606
208558
208349
209326
212120
209117
207580
212959
207790
208628
207650
203389
209396
208628
211491
206952
209606
209676
202202
211491
208349
209536
210444
209885
222807
210514
208628
206113
210793
207580
207720
208977
212259
210514
207021
208278
207440
230979
208627
208977
213517
207510
209955
207720
207510
208768
211981
208558
225181
208907
208139
207999
207650
208209
207301
211701
208838
207720
212190
208908
208069
203180
201573
208139
207092
207720
208837
211492
206742
207650
208977
207999
207999
208907
217428
215752
204577
204857
206672
207300
207161
207091
207091
207021
242782
202203
208837
209326
208278
210304
209326
209466
326457
210514
209326
209536
207231
209396
207091
207929
212609
208907
208977
207789
209466
215263
209396
208419
209675
209047
210025
212399
208348
201294
210653
209955
207091
210304
210094
277286
212190
208977
245995
211212
209116
203110
206882
209466
206672
227835
206812
202342
210025
207021
209187
206602
210584
209257
208208
209326
209186
201713
205275
210095
204926
206183
207440
204227
206253
206253
213866
208488
207510
208628
207789
208139
207021
209046
208907
208768
207021
208837
204367
208418
209047
316259
206532
209396
212818
207440
208907
204506
209326
201433
204577
208209
209955
208278
203669
208977
208977
208488
212608
210583
208557
207930
208628
217009
209116
208698
210584
202272
207510
209116
219454
209326
208488
209117
207021
208488
209955
210443
208418
209396
212260
209047
209605
209326
208138
208627
214075
204786
207930
207999
206812
209187
211561
208837
206462
211701
213447
208907
211910
209885
214075
209466
208487
206532
205344
206881
207999
208558
208138
207999
207720
207719
207090
208558
209396
211212
208906
209046
208837
210094
214564
210723
208138
209326
213377
209256
244947
213237
209606
206811
208976
208977
207161
208767
211700
207021
208069
207649
207789
207510
208418
208907
311021
212259
208488
207859
207300
208418
203808
207371
209605
211980
211212
206392
204507
206672
206113
206881
206952
205764
206742
202271
202691
212958
206952
203669
208906
209466
207999
207231
208907
204717
208697
207999
208767
230489
209466
207580
210024
208627
207789
237404
207440
211142
203319
208069
209466
209116
314164
209954
207580
211002
207510
207719
209046
209815
208278
206463
211002
208837
209675
210583
209326
207650
208628
228254
211630
211351
208139
208837
209047
209466
209117
208068
210094
207301
209116
209325
210304
211002
210304
213657
209117
208627
216869
202201
209047
208348
210303
208906
210862
208488
208208
207440
210722
209465
208767
212329
211281
208487
209605
208487
206951
227556
204157
207440
210443
207580
211421
208418
207230
210024
215472
242991
209605
208418
209395
210094
207859
209325
214844
208837
209116
211910
208557
209256
211980
207231
247880
210234
208487
237613
210373
211002
214913
206532
203110
209536
209116
208068
213237
207999
207230
212050
211281
208069
211910
316747
204647
203249
212259
214704
204786
213516
209116
210583
206182
207370
206113
207160
205624
211910
209326
209605
208627
228044
211281
210094
208487
208977
211072
212538
205484
212888
210792
208628
230768
209814
207510
244807
208488
208557
209605
212398
207928
210932
209396
214844
202900
209535
210024
209954
209885
209605
209535
208557
209885
209815
210863
229021
213377
209955
207999
208418
209255
210094
206672
209185
209814
206462
207719
209326
210303
232304
210722
209396
207509
211142
207300
207370
208208
209325
202061
209325
208138
207929
211211
209117
204088
207021
208417
209395
208418
207928
208487
206881
209046
208348
211491
207719
209395
241105
208138
207650
204645
211281
207579
207509
212678
210723
207928
207719
211072
208977
207650
207509
208697
223784
211560
210164
207719
209465
209535
212399
207650
209255
207719
203179
208068
207789
213586
210513
209116
209745
208627
209605
211979
206322
206671
206951
224761
208767
207928
318493
208069
208907
203249
208767
209326
208976
202271
211421
201922
229999
224273
208627
205065
207161
210932
213377
218056
203737
203529
209395
211909
208977
207090
206322
206532
201782
206182
205344
206043
206811
207300
205134
209325
204506
212539
209745
211141
212887
213097
206462
234888
209255
211491
215193
210233
207300
210513
209465
209116
201712
253886
208138
208417
212399
208487
209325
210862
208138
211490
210093
209605
210023
202411
208976
203179
206532
224203
206462
205554
207370
207580
204856
223364
200874
207999
207999
251861
210583
210023
208627
209185
207021
208138
205554
204715
209186
219662
207021
209116
207509
201572
204576
211211
207369
206182
209605
204716
207718
208068
207719
207929
209255
207021
213236
208208
200805
212049
206671
206252
209116
204087
212119
208697
208487
210583
212259
203389
216101
208487
224761
211700
207928
207649
208138
210792
209954
287691
212189
208068
208417
207090
207649
207859
208976
208137
207299
206601
207439
207858
207859
210652
209046
209116
208697
211281
207439
201363
214214
206671
207160
208836
208418
209185
207928
216659
212399
210792
208417
207998
208837
212259
231256
207928
208138
213725
211351
208697
