173777
166513
168399
264438
169656
169935
167281
168748
171263
168119
165395
167212
169936
169377
166094
162532
169028
167282
204649
167072
167212
166793
166373
167352
161275
169307
171263
170425
168748
169377
168190
168958
168888
239852
165955
172240
162601
163720
163090
164138
168469
167701
168678
164698
169167
169657
168190
161973
166094
163510
167560
169726
166792
164348
162252
167980
168958
169657
168469
170844
165396
250817
170494
165116
170564
174196
168049
167212
165605
167980
163859
167491
166443
166094
170634
170284
191588
170005
168679
193753
172310
169586
189632
174685
171752
168259
168888
166094
168190
169377
172730
172171
172171
169447
170145
165606
168399
168958
169377
160506
168678
169936
167980
167770
169866
172869
169656
167701
163090
160297
164208
167002
168957
170704
170354
176571
169587
168468
168957
168678
168469
171821
167281
166443
170355
163370
163509
165395
162601
167560
172380
174964
167561
170494
172660
169447
168608
169866
169028
167560
167979
178456
223857
165116
168189
160227
170773
167840
167142
166583
166723
170005
169168
168958
169587
168538
171332
169167
169656
168678
169167
169866
170843
170424
170634
174615
163090
168329
169167
167002
168679
170844
166862
170075
171612
167491
169307
170075
170774
172241
168469
159877
172659
190610
170005
171192
165326
166443
176501
170703
168468
170564
170145
169028
169725
167421
166024
169307
166024
169516
169656
167282
170355
170354
170634
169377
176570
167840
170564
165745
169796
170424
170005
170774
169516
169376
168748
164907
171332
168468
169237
167490
169726
168328
165465
168189
168887
167002
171961
167421
166862
167281
167980
168050
169795
167980
167560
173707
168539
175523
171052
169656
169237
170285
169795
167909
164557
168329
172310
168748
168748
172101
161064
164348
165116
167980
169726
170424
169866
169167
168678
197036
168957
169935
165814
168399
169237
169866
164627
169726
173428
188235
175104
171053
170285
170564
169516
171611
169516
171891
171751
170145
168398
170145
170424
169097
168678
165046
163580
170284
170843
169725
169586
167840
169307
175104
171960
165745
169446
167700
159388
168678
168958
169517
168538
168399
167561
170634
169306
169027
165395
164697
167141
167490
165605
166932
166862
165605
171262
188933
166932
166233
169166
170354
170773
168538
168888
166931
169307
180272
165885
184813
167839
170774
174265
168818
168399
169656
168957
161763
170005
171123
170843
169795
172310
166792
170144
167001
166094
167631
168119
162182
164906
169585
167980
167839
167281
168678
167072
172729
183555
169097
167630
173637
169865
168957
163998
166932
171052
167979
171052
168399
169796
168817
169236
173427
169935
167980
168189
166303
165884
167281
166582
264925
167491
166582
186488
166932
166303
168747
168887
168887
178805
170843
167630
170354
169656
210027
167491
167979
165815
168189
168887
166024
170424
185022
164417
170843
168119
170633
168398
169236
172869
163929
168538
169795
168887
172938
164696
168469
167071
168468
169865
162602
169656
167560
166512
170843
169027
167490
168747
168957
169376
170423
172939
168258
174056
168259
169307
172310
169096
168677
168398
166862
171891
166932
170913
174056
168398
168259
172101
166931
204439
168957
166583
170074
169585
168189
169166
160366
168468
167909
170424
168538
168678
162322
168049
169656
168678
168608
168398
169237
168538
168329
168538
168329
169307
166652
168119
195429
166093
172659
198921
170913
167979
168188
167211
172379
162462
166792
168957
179155
169865
167071
168119
171262
164906
168817
170773
161763
168188
169166
166512
188793
166024
168538
169865
169446
171751
168747
171890
168748
168887
169166
170633
170004
169655
168399
169236
167560
169935
169307
166652
169026
168817
168677
167001
167490
171960
169167
170145
168118
174055
165534
168398
168398
169515
169027
174754
170354
170912
168887
169725
168747
170284
171471
169167
171052
169167
169027
168258
170633
169446
167840
163090
164417
169376
168678
167770
167350
167910
171820
163718
167490
167001
165674
169655
170772
170564
170353
171332
172100
171262
168887
171331
233494
170424
169166
167211
169376
173776
170284
168398
170074
169376
168817
168887
236009
170144
170424
192984
167909
171122
167699
176989
170633
183624
162950
170074
231818
169446
173497
169236
169586
172379
168887
169794
166373
168678
169097
168049
169865
167979
170284
169515
168957
168398
168817
168887
166862
171611
168887
171192
168957
168049
168677
167979
169236
169306
169446
169655
167141
162322
169166
165116
166024
169586
171891
169027
169237
161763
161553
169096
170773
167979
168817
167979
168329
168957
171890
169446
168817
170284
169167
168887
169516
168817
168049
167560
173078
168677
169375
168538
169794
167769
168188
174335
167001
168258
167211
172030
173846
168817
168468
168886
168957
161763
169306
174334
169376
168049
169935
170354
167839
168188
168049
170423
171052
169795
170284
170423
169725
169166
169376
170493
169166
170284
169096
169236
175453
168188
168258
165604
168258
172310
169305
167909
168188
169795
167280
192494
168677
169446
169794
169515
168538
170284
189491
169027
170493
169446
168537
169794
165604
168188
175941
172729
166093
165604
238453
172309
167280
167560
167559
165674
167280
176919
178316
169655
167559
169166
168957
168677
172658
168677
167979
172588
168328
169166
165115
173427
169795
217499
168957
173148
167350
167979
168398
169166
168467
169515
168887
169446
170702
168677
173287
159737
173985
162880
168189
170424
164207
170144
169235
171960
164277
168468
168887
169236
170843
168258
169096
169445
167699
170144
167560
166512
168467
170214
170283
168747
169724
168188
168956
169375
162321
167909
171261
168258
169306
170283
168887
167839
170493
162741
168747
166581
170354
168119
170703
170143
170074
169516
167490
168816
167979
174684
170353
169934
169446
169794
169585
165883
167908
168677
169794
170563
167909
169166
168398
168468
170842
168328
159737
172309
168886
167001
173356
165953
173566
169865
169655
169097
167978
169236
169026
169375
170562
171401
168538
169026
166092
168467
170074
168328
167978
175801
162112
163997
164905
167908
165254
168886
163648
167489
166721
169865
168468
174614
168747
168468
166093
170493
168886
168816
168677
170005
168747
169446
169794
170353
169236
169096
169306
169795
167699
170143
167070
169585
170493
168048
169375
169027
168887
166023
169096
163648
162670
164346
163229
165115
162461
166512
164626
168956
164416
167490
193192
193333
195358
168956
167630
168537
168887
169864
168537
168607
169026
170772
166581
170492
170353
168537
167210
168956
170284
168258
168607
166092
169445
168328
168956
170004
173287
168188
168188
169166
168886
180970
170353
175103
172938
168397
172309
170772
169934
167979
175033
167909
173706
168119
169655
170214
170423
169445
169864
169236
170842
164696
169864
168747
171541
171681
166022
169724
170214
167490
169515
169375
169096
170563
169306
168677
169376
274562
172169
234262
171750
167769
167070
168677
169096
168538
170842
169864
170842
169026
168957
169794
163508
169934
165394
212191
168887
168398
170074
170702
169655
167979
169445
