309061
313949
420322
306336
311225
310667
324985
309549
310946
309549
313670
309898
306337
304939
310318
307174
308223
385051
312133
315067
305848
301936
311994
309689
325893
309689
307454
315416
308013
315556
308362
323378
306755
308502
310038
332039
311296
313460
311435
305708
309619
309200
311575
309689
308921
309200
307663
309061
311366
318698
315626
309549
311435
335042
305219
335251
308851
311574
317232
312901
306685
308362
311016
336789
309200
311295
311574
330223
311505
311993
313600
314858
311644
329455
312901
308711
310667
309968
308292
309619
311085
312482
313950
313600
310737
339931
335461
316184
312203
310876
310597
312063
426608
308083
306825
306196
307454
308431
309200
306756
308012
307174
312343
311993
310038
311714
310038
312971
307524
305289
309968
303403
310666
307174
307594
306825
303892
307663
317790
310108
304380
310667
312413
310108
317232
309968
314717
313390
311085
312552
393222
309269
311994
308013
314508
316254
312762
315835
304660
328337
314787
308501
319188
312552
310248
308781
315137
310876
309898
337626
310597
316324
330223
310736
312064
312971
308851
309200
308641
310876
304660
304451
307802
305358
309339
305429
311015
310806
317302
308292
333156
324425
311644
302355
306825
317022
312483
310178
303892
307523
310457
308502
310597
310946
313251
312901
313111
314438
312273
312483
313949
310178
308571
312412
305778
311714
314787
310946
312133
312064
314787
310038
314578
334484
311015
312692
313041
392105
310108
312063
316184
421788
308571
311505
312412
440926
333366
314019
311924
309689
310178
312273
310737
312832
307943
307803
306336
311714
366891
303193
308711
308502
309828
314368
308780
315905
309619
308571
312273
309898
311016
311086
308501
311574
310457
306615
307174
307454
308501
314508
311016
310387
312133
314019
313041
311994
312972
312133
309409
310527
320025
312063
313181
311714
313670
319676
311854
312413
314857
312971
385121
308990
312692
314019
312482
312273
315835
314787
313809
305498
307314
317441
348941
317790
351106
310736
312412
309549
314298
301098
314508
311993
309968
309689
311994
311784
309689
326870
307314
310597
309619
314298
311784
311505
310946
316045
313111
309549
312832
311016
311434
306126
308012
314368
312482
313390
310945
313321
312762
346147
310945
313181
388962
358160
311644
314927
315765
333576
311853
302355
314438
333226
310387
328127
350966
350129
397552
542689
549324
459504
531513
639911
558263
572232
571464
587877
497569
562105
485626
312063
305847
305288
310596
304730
313670
304241
312692
687684
318140
312483
308221
318140
321003
324495
312273
305009
307104
308221
308780
318629
307104
309199
321143
309968
302216
313041
304590
311435
310666
308711
317232
310527
308013
315485
312133
310037
310526
312412
320095
420880
312553
312482
313320
314298
311016
313740
312761
315136
331899
312621
309898
309758
311085
341118
310946
313111
313041
311015
314298
311155
309130
308431
399158
308780
312342
309968
308432
304659
304450
308501
303752
308012
313111
309618
311435
314368
312902
314996
311086
315625
351804
316813
376879
310946
310806
313879
310387
303892
355576
312413
312342
312202
313181
312622
313530
333855
312482
309479
310527
361512
315486
310108
307244
324844
309619
311156
312901
314298
310526
309619
317441
312133
319606
308292
312133
316323
310108
313460
311575
313251
308711
312901
310386
316323
337487
311434
310527
305498
328616
309409
313809
311713
309339
307383
312901
308222
310806
334413
310107
312412
301307
313949
312482
315137
314368
311854
395806
314787
306406
310736
312552
306894
311504
309619
311295
312552
306476
311015
306964
310457
317231
312273
311434
309688
308641
313599
311016
310736
310736
309199
319606
307593
311085
314926
331480
316672
314857
312901
309618
313948
315625
311434
310457
378764
309968
310457
310597
312482
315276
309060
313878
407050
322470
310456
319187
360884
310107
306754
307523
312622
345658
303751
310247
310945
410263
315346
313460
313320
312552
325124
307802
346775
312901
310666
313041
310876
311923
311364
367658
320095
312133
316323
331829
311155
313320
309967
311783
337416
313180
306476
311085
330502
309478
310735
312062
340630
307662
315834
310108
311365
350268
315276
316742
313181
305846
309269
312971
309059
342306
316812
314368
310457
337417
311364
318139
309549
310456
305707
316673
307802
307453
319605
306195
306265
307313
307174
309618
315904
311504
310456
313390
309758
311155
308501
311085
311015
393012
313948
307592
310107
307802
312691
307593
311853
311085
305917
306965
306475
302005
312342
313390
311504
313949
311993
309548
425420
310596
311365
312552
313460
313949
310806
314438
313250
312133
311155
315206
312971
308640
310526
309758
312482
312901
308780
316253
310456
310107
317721
313669
310317
311295
312900
312831
312063
316044
316463
310107
312482
312342
308221
312273
314297
315834
337975
311783
311854
312971
340420
309967
316742
314926
311993
313530
309409
305218
311435
342235
309967
310526
310805
302005
311574
308431
314787
316742
310317
314996
312691
310108
308011
307663
309130
310666
313809
315834
310526
311854
312971
314927
312831
309269
315346
335879
313459
304450
311435
387983
314438
312901
318698
319675
315066
311504
310596
311294
307593
313599
315835
322889
420531
316044
312063
311993
315555
312970
314786
312901
317510
311713
334133
305357
309827
311504
313250
334063
310805
308361
312691
313809
309269
312412
304240
340210
307034
310805
307383
313530
312971
309129
311713
305916
306405
311504
318558
339302
310736
315555
315625
332178
311154
314437
316812
310945
313459
311434
314367
307802
312831
311085
311224
305846
308082
330432
310945
310875
314158
342096
310595
309618
311084
310875
309478
308291
306405
457827
308081
311015
314856
310107
314297
311923
310386
312970
352572
316043
319466
309199
311434
315555
307802
315346
311783
315135
307313
311155
310176
313599
313459
314577
313460
310595
308151
312552
309059
310386
312761
313948
310666
380300
310526
311923
310875
308710
311993
310735
308082
308990
310666
309479
311713
307942
311434
311294
308990
305357
310945
311783
310107
311154
340209
309269
313390
309967
311434
317232
308081
311992
316463
311923
310875
315624
317231
315066
311085
313809
313949
313390
313808
311644
313041
328127
309268
311155
312482
308291
309478
313459
309199
311224
310596
311922
506089
309688
308431
309827
305846
329314
311085
309898
308291
334972
311504
314367
314158
356763
311573
315555
312970
310316
434149
311923
308850
324983
314926
308780
311504
312063
313389
340140
312551
312970
309827
315415
314647
313599
323657
311923
311504
312901
314856
311504
309688
307802
308431
406911
339302
314647
311294
315834
339580
313599
309060
311783
313808
347753
310596
486952
312761
312202
308849
309827
334622
311783
313459
310805
314926
319885
335879
311364
310595
334412
310177
309688
315415
313459
313948
312621
317999
314646
335600
312482
314926
312901
310037
312691
309269
316532
309198
410473
315764
312761
312551
318138
311783
316393
319116
309129
312831
311713
312412
307522
410263
311364
309757
311574
313320
310875
312412
311573
313110
