135084
134945
138227
133198
134595
135643
136132
135224
135573
136272
135363
136551
135084
132500
133478
135992
129636
138925
140322
134176
136202
137249
147027
132150
153733
136481
132989
136341
130055
133687
135573
135014
139554
135992
138157
130894
135783
135783
134385
135923
136061
131592
131173
135852
129286
131033
136132
161975
133338
128867
135433
144653
134595
136201
130753
135852
162743
129636
132500
130824
135293
136132
133896
135503
133967
135992
135503
135293
126842
132290
133617
132220
133478
129217
134874
133198
130684
133896
136481
135992
131033
134385
131731
135992
135643
239365
135573
132430
135503
136411
135014
133687
135992
138856
135503
130823
132220
129776
135713
134106
156876
131452
131940
132989
133198
134107
132709
171614
145352
134036
133548
126213
133896
133408
134595
150101
126702
128030
126981
130404
134176
133407
147586
132150
135992
135363
129357
137738
131801
134036
136341
138157
135224
135014
132499
134944
129286
127820
132150
134804
130264
127191
134525
131242
136550
130474
134106
135433
138436
135573
136411
135084
136970
136411
135293
135363
135922
134874
138087
132080
134386
137459
197876
135503
136690
135572
134176
130055
135782
129775
135573
134036
135853
141230
137528
138087
137948
132360
137389
213242
136272
138646
130125
133547
135503
135992
135572
139204
134874
134874
135992
137598
135782
132779
139763
135572
138227
134804
135573
136272
148425
133687
132500
133617
133408
132150
136481
135154
132359
132988
136969
135573
134316
134106
135083
131242
135293
139833
133687
134316
136480
132709
135503
133897
137598
135293
128867
134594
135083
135014
135014
135572
135642
131312
135294
135643
135083
135014
137668
130055
135293
136759
134105
136830
134804
135293
135154
136341
135293
131522
131941
132639
135363
136760
134594
130823
136271
136480
132779
134874
134315
135782
135712
136481
133966
134385
129216
135363
135572
135084
131731
140462
132500
136062
135503
137668
134105
133757
137179
137807
134175
137039
136970
137599
137458
137249
136202
136062
135363
134664
134525
134944
133407
135852
136271
136131
135293
137039
139764
136829
138925
136061
135293
133687
153593
134804
135293
135153
136271
136271
134525
136760
136411
137109
136970
137807
133687
131731
129287
131800
136061
132639
130823
135992
133128
133058
135782
134804
137109
136481
132429
135922
134664
136271
135573
135851
134595
157644
138645
135014
136480
135153
133477
137598
135572
135433
137389
135642
130264
135363
135922
135154
134594
135922
133337
134874
134106
135293
138856
134874
134804
134105
135503
137877
133617
135293
134106
132499
134385
132988
135921
136271
131731
135642
134873
135363
135153
135782
135782
136550
137109
134944
135433
134874
135572
133547
135782
135782
135922
134106
136620
135363
135642
135572
136550
136270
151846
135223
134734
136551
137109
134455
138646
135293
137878
129706
136062
136341
135293
135992
134874
134385
136062
136340
133966
136690
134804
133826
130962
133687
131591
138227
136271
133686
134385
132010
137248
134455
135154
152894
136061
132848
137527
135572
134385
134385
133197
136061
137039
135781
135782
135293
136201
135573
135921
135363
129007
136201
136480
212473
134176
134035
133826
135781
133477
134035
134176
135223
136899
136270
135502
135642
135014
135852
136410
134804
128937
132569
131033
132359
135432
132988
133896
134804
135363
132639
135992
134594
137249
135642
135362
139274
134594
135572
132220
135573
135851
135293
133477
135642
135083
138855
136341
135992
135153
134594
135992
154430
134524
136969
135153
136061
149681
139553
135712
135293
137528
135083
135293
135083
147377
134035
133267
135502
135712
135572
133896
135363
135293
133896
133966
137249
127121
139414
135782
135502
135572
137039
131661
135572
135572
134874
136550
135573
134455
138156
157504
135014
135502
135642
135503
131102
130403
132290
135852
136340
137179
132638
132290
132848
154500
132219
136900
136480
135851
134944
132429
134175
134734
138645
133547
248933
132988
134105
134594
137179
131521
136061
137807
154500
135573
134175
136969
135223
135782
136480
135014
136271
138854
128448
153662
135851
136340
135083
134315
136131
135362
133687
140181
136411
135991
134524
131032
132638
136270
135642
140950
136550
139064
136340
135782
136759
139064
133895
135851
136690
137039
126422
163651
135293
135781
132149
135362
135362
150519
135432
138226
176153
135782
135153
135641
135362
135292
135991
133686
134314
136061
136410
135363
134734
136271
135712
135433
133546
130822
134175
136060
134385
136270
133895
135991
136969
137668
134803
135363
130333
139273
135433
139484
135991
137527
137807
130752
136899
136759
139623
134664
136968
138017
134734
135013
137318
135781
137318
135991
135432
136410
137039
136480
137458
136899
137248
135781
137178
136480
137179
134105
135502
178807
135642
132708
136410
131800
129565
137598
135991
134874
136061
135991
136061
140670
134384
136759
134035
131730
133826
135293
136899
135572
134594
129774
152335
134314
133965
136829
136759
140392
136131
131311
135851
136480
133756
133895
134874
135852
138715
135572
136690
137108
135502
127679
136550
151427
135781
138924
134454
136061
135851
130123
135292
137248
136131
136130
135711
135781
134733
138086
136480
137178
134175
135432
134594
136620
135362
135292
136689
136410
136410
134524
134943
134385
137178
135432
137877
137667
129775
135502
134384
155967
133406
134873
135432
129216
136340
134524
132708
164348
132498
135921
134524
136969
135362
134594
132987
154011
136549
136480
135083
133406
138295
135991
134454
135502
135711
133267
135641
135432
135013
135152
135991
128796
135153
136620
136131
136060
133616
134314
133616
221832
134803
134524
132499
133407
132917
132708
132708
133337
130822
134594
133896
132149
135362
136061
135781
135362
135572
133965
137178
135851
135082
135572
136131
130822
135782
136480
135362
133127
137807
137039
138924
134036
131032
135013
136759
131241
136689
133686
135292
135572
135921
134035
134244
136340
136480
135292
134385
134524
135292
131101
131800
136549
135013
136270
134943
133337
140181
134593
135991
136479
133127
130962
136759
139413
136969
139902
130403
135502
137876
136479
135921
136968
135642
132009
133406
129355
133616
136899
132150
136550
137388
137178
139553
136550
136270
135851
138714
136829
129006
135432
135362
136550
130892
133685
133896
133686
139273
135851
137178
136340
133966
135921
135571
133337
136339
152893
139623
134524
137178
137248
135571
134384
136549
134594
134105
136689
135642
135362
130263
140112
135432
137038
133895
134524
133686
129705
137527
135292
134733
135851
138994
136549
135990
133686
131102
137039
136270
136200
134035
135431
160646
142486
135990
138715
133336
135990
162951
134175
135502
135920
136270
136968
135152
137806
136550
137876
134524
132707
148074
134594
128867
138575
133965
133057
132847
134105
135362
134384
131940
135012
136270
131591
134105
133057
132568
133336
136060
135991
135991
133965
136759
129006
135083
140391
138854
135921
132708
136689
136968
136968
134594
136340
137038
132708
134873
129774
155477
132288
133615
132917
131730
