264782
243550
246692
245086
244666
240476
247670
239498
242083
245365
244597
242921
250254
239848
244946
243270
244388
244597
246273
245994
244387
244388
250394
243270
243410
251092
242991
247530
243480
244247
249835
245435
244387
244178
248648
246273
244457
245574
246343
242990
245365
243270
258217
243549
244806
245225
273722
246204
246063
247740
246413
243689
246343
263455
244317
249416
245574
242432
263804
250743
253397
245015
245155
265760
244947
244108
246064
245924
246273
335535
244177
241314
243898
245226
261290
255213
245086
245295
245365
274281
245225
246274
245295
252000
251093
248159
246203
247182
245086
245714
281405
249207
243479
242431
243619
245155
243130
243969
245715
248438
247739
247809
247530
241454
247251
249626
240825
247530
240476
245854
246971
243828
247600
243898
248438
245225
250533
245923
243549
240337
273722
247530
248508
246482
244178
242152
244667
245226
246971
244946
249207
241873
238520
245574
241523
243269
300682
245575
241524
244178
243618
247251
245994
247600
247251
263804
247530
238800
246203
269811
247670
246272
250045
243899
246203
244457
245295
246902
248857
244038
245994
246762
244596
324359
245574
244177
242432
243899
249626
247321
318911
245784
242990
245574
378071
241034
243409
248228
255213
277144
245365
243618
239358
243898
241524
239149
242641
242431
246762
243060
241034
246133
242222
239777
245505
241245
239987
244667
243060
240196
237333
241175
240615
246622
340284
241314
247181
244596
243199
247809
243199
241593
242502
245365
241873
240616
243270
241314
241873
248089
243199
241104
243340
248089
266179
246692
246552
244248
243758
244247
244457
243339
270998
241453
242221
241523
243479
242362
243340
245295
267226
244387
248159
245155
248578
239428
243968
248298
246063
245086
245784
262197
246063
245225
241384
265620
247879
246622
249066
245714
244317
247600
244037
243689
239986
245295
244317
240336
240545
241873
311578
242361
241174
242920
244178
243409
242152
247320
302078
242431
243409
243409
248159
243689
244946
244946
349434
249207
244806
247251
243549
263664
242710
246832
241872
243479
243549
243059
245505
245085
245644
250184
249416
265131
244597
248368
243759
250045
243479
271906
249974
247251
268763
249695
244876
245644
252000
247041
245784
248159
245225
242013
247250
249415
243967
244736
246971
243688
244247
247041
240825
241454
244736
242362
241524
243619
240476
244317
244107
242711
245644
243828
242780
242431
241243
243759
246552
243967
270090
251022
245575
253327
244806
243339
242990
240196
245225
243898
249067
247740
244806
247949
242710
243618
247320
242781
244038
267785
243269
248088
246761
248577
245784
246761
246273
244876
247530
244946
249206
243409
245015
242151
239637
277842
245015
246482
244876
243130
243409
244107
245783
241523
239987
244457
247670
244108
247181
246343
244946
244386
244526
243200
369408
243548
244596
246273
242641
313393
245365
244037
241733
241593
243619
245225
246622
244876
263245
245085
245854
244946
257867
245225
245016
245365
246272
244317
243060
331064
246970
244596
245784
245853
246272
245295
242710
244178
245923
249136
244596
245854
242711
244736
245225
248647
248996
245295
266039
246063
245295
247180
243618
249555
245364
247180
245295
243897
245365
244596
249066
245295
247180
244736
244387
246202
324359
251021
245993
238729
249625
244526
243828
243200
242151
245085
243758
242222
241173
242711
242920
243967
242431
244806
244805
240825
249625
245155
246132
245085
242711
243199
243059
289786
245923
244038
270229
247180
243269
243269
242081
241384
242920
242850
247669
245714
242850
244386
242292
243688
365148
243689
243130
245364
243409
244876
245364
240056
248228
247809
243619
245853
239637
244805
268483
249136
247530
243199
244457
242710
245085
247530
242082
245853
244875
244386
278959
242920
264362
239008
241941
244457
252349
240615
325057
257378
243898
244107
248228
243898
245713
265689
240615
239078
242291
247110
242501
243199
243059
242920
266178
247459
249136
242920
244666
243828
244177
243967
243129
245084
243898
248437
245295
243967
241942
243967
244666
245294
244456
248018
244876
263245
242430
244177
249904
244666
244876
248158
244875
241522
243967
243409
280496
243269
244177
275677
245224
242711
241034
242990
241034
245225
242500
244317
244735
247180
353414
243619
244456
242850
246761
241104
242012
244177
246133
242780
242292
242849
247250
244387
247529
246342
247250
374507
242989
251022
245364
245294
245784
246901
247181
261568
246063
245224
249625
246342
239428
241384
247809
242710
242850
250463
275258
243129
244177
245993
244945
247599
244038
266946
244107
244456
247110
249415
240405
243757
243338
243479
243339
242710
245783
242011
241313
242221
257657
241802
245364
244247
247250
243129
342797
245434
243897
244177
244596
247250
237402
241592
245783
244596
315349
245643
244317
246831
243549
241732
247879
246132
243269
246272
247250
247250
245085
344055
247180
245154
250323
252628
244805
246831
244386
243478
244875
240406
250184
243618
245923
248647
244666
245644
281195
248996
250952
244735
248158
252069
242710
245084
243688
242710
246342
245993
251650
243408
245295
263873
245224
248088
243758
249066
244317
248158
258075
245783
236424
270438
245155
247599
245294
245364
242431
241313
245224
244317
245853
242570
241243
245853
245154
245085
245434
337280
245853
243339
245923
248019
242431
244386
242990
244037
243548
239567
243827
244177
244107
241802
244317
239497
239428
245084
245085
244595
245084
246481
243617
247250
247738
245643
245783
247529
242779
243827
243827
244246
249135
244805
242990
242989
247739
248787
238659
244386
244176
256260
243828
246342
242710
248437
244736
240544
242360
245014
243199
245224
244386
244665
246342
241592
246831
243129
245154
243338
244316
244595
238939
244316
247599
245225
360747
242780
244037
240126
243338
245574
243199
247180
247669
245225
239148
242012
242780
245225
245853
246691
243688
303405
241802
244316
242919
245224
243828
251511
268483
243688
245783
245294
244945
237821
244665
245155
319050
243688
244735
244945
244805
245783
246063
247180
245294
238310
249625
248926
250044
245364
246691
245224
245294
244316
357185
240615
243828
246901
247390
245294
244177
239916
258704
247249
241522
242780
242780
239636
242989
242989
264361
243688
245853
249554
247249
245783
246691
246551
246063
245573
247599
240474
245155
245015
317932
246970
243408
241732
271416
246272
247599
251929
275676
245154
247389
244596
245434
248158
244596
245224
243897
239078
242919
250183
246062
244036
244247
244176
247948
247529
249554
242500
244875
242640
243339
366404
243548
244526
244246
246761
243268
248158
244666
245224
245294
247180
245923
246970
245993
245783
358512
243827
245573
239985
245364
248786
244945
237471
242570
241522
238519
238100
246342
242779
238170
373528
247320
248856
244316
239427
243688
244246
241801
318491
239427
245434
242570
245574
247878
246271
245364
284407
251022
251091
245433
376532
258075
246760
245084
274628
248157
244176
243757
244386
245154
249066
244595
246551
244596
246481
273720
241941
244944
244665
248646
245852
245853
244805
