58185
58673
59372
60350
58743
58744
59861
58604
59022
61607
58534
60490
58673
61118
61048
59512
58603
58673
58743
58324
58394
59093
60560
61258
58604
61258
60490
59442
61049
62515
60979
60000
60560
62027
60629
60630
61049
58184
58604
59652
58604
58115
58604
58674
58883
59162
61467
59093
60630
59931
59372
59792
59233
60629
58744
58534
59163
58883
58603
60140
60490
58743
88639
58673
58603
59511
58883
57975
59162
58604
61258
60559
60140
58114
60489
57835
60001
64401
58115
60420
59582
59232
60490
59722
59581
60839
60629
61118
58953
60978
59651
58604
59092
59092
58603
58883
58254
61118
60979
60909
60070
60559
61467
60070
60838
60629
60979
61118
60559
60839
60559
60489
60559
60490
60280
64820
62375
86823
60350
60559
58045
60490
60071
60978
60630
57625
60629
61048
60070
59861
60630
61049
61258
60559
60559
60559
60070
60560
60629
60559
59093
61467
62934
60140
60070
61118
62026
65728
64890
58185
60070
77183
60489
60559
60070
61048
60978
61048
60489
61537
61747
61607
65937
58254
60559
60000
60210
60559
61118
58254
58674
59721
60629
60350
60909
64680
60560
60908
60070
58604
59512
61048
61467
60629
61118
60559
60350
60071
59582
60489
61328
60140
60979
58604
60559
60559
61048
60839
61537
60280
60489
58464
74110
60490
60978
60140
59442
59581
81025
61118
58184
61049
60629
61398
61957
61607
59582
60629
57626
61048
60071
61956
58674
61607
60629
61467
62445
61537
60559
61049
61327
67614
60559
60559
61048
60908
60629
58114
60071
61048
61537
73970
62026
81723
59651
61886
59092
58115
60629
59232
60001
58184
60978
61258
60909
57626
59861
61467
60140
60979
61607
60140
60559
61118
60560
61118
61467
60839
59162
61537
63912
59861
61118
58114
59092
60559
60559
61049
60489
60629
61537
60489
61118
61397
61118
61118
60559
60559
60140
60489
61328
57206
60559
60629
60559
60629
60489
57695
61118
60629
60490
60908
61258
60140
61467
61537
61746
59442
70618
69290
65798
60629
60001
61048
163516
61607
60560
61048
63423
75577
66286
60978
60769
60629
59581
59092
60559
61258
60070
60001
60070
58603
58394
58603
58603
58603
58883
58394
61956
58673
58673
60000
60071
60559
60769
57765
59581
61048
60559
61118
60559
85006
60629
61048
59651
60070
61537
61048
60839
60489
60629
60559
60559
61327
60908
60559
60559
61467
60839
58673
59092
59162
58673
59092
59721
59232
58254
58603
58603
60629
59651
58533
60839
61537
59162
60140
59512
60839
59092
60490
61048
58673
60350
60559
59092
60489
59162
59581
61048
62724
61327
60629
60559
58743
60629
60699
60769
60140
58952
58813
58882
58114
59023
58673
88708
58254
58464
60559
84168
62026
60559
60489
60559
58673
60839
57834
60350
61047
59581
60978
60280
58184
60839
59092
61117
60070
60629
60978
62934
60559
60839
75996
61328
64401
59790
60000
58603
60978
61048
61397
60769
58115
60070
60559
60559
60070
61118
60559
61328
60629
60559
60839
63981
60838
60978
61048
60629
60629
73970
66706
60279
112945
58393
60070
58812
59092
59092
60209
59092
58464
60489
64470
59581
58603
60628
60629
61467
61117
61956
60280
60839
61048
60559
60140
59651
60140
59162
61048
59651
79278
60768
59232
60628
62515
60489
60140
60279
60838
60628
61048
58254
58534
60559
62025
59651
61467
60070
59581
69011
61048
65449
60559
60698
60698
60629
60489
60559
60768
58533
60629
60070
58673
60070
62514
61118
59931
58254
58463
59441
59092
59861
58184
58743
58603
59022
60140
59651
60629
86263
60908
59581
61536
59022
60069
59162
60558
60488
60768
60139
60559
59581
59581
59162
59232
59092
60978
59162
63423
61537
60489
66356
59092
60628
60349
60908
60069
60069
60070
61537
61048
60629
59511
91990
59651
60070
58673
86333
58184
60069
59721
74040
60419
60629
61816
59231
59092
59092
59022
60139
59022
58672
58673
58323
60070
64400
60000
59092
60139
60838
61537
68172
58952
59650
60768
59371
60279
60768
60838
60978
60838
58603
60070
60139
60070
60139
61048
60140
60489
61047
63422
60488
58463
61536
60559
58533
60628
60978
61048
61257
59581
62444
60558
60279
60838
60069
60558
60349
61537
57695
60559
60978
60070
59092
59092
58114
59441
59162
58254
58603
58882
59581
60978
59441
60977
59861
61047
60559
60978
59581
58673
58114
60489
58603
58393
59371
58673
58603
59162
60139
60559
59092
61537
68173
60769
60628
61048
60349
59232
60489
63911
58673
60070
60139
61047
61047
61048
60559
61047
62026
61048
61327
60559
61467
60559
59441
59231
58393
60559
58673
59092
58673
59231
58183
58743
60978
62514
60069
61047
60977
61117
60419
58393
60489
58743
58184
59092
58742
58183
58742
60559
58882
60629
61397
61047
59371
60908
61956
62933
61048
61955
61048
60629
61187
60838
58114
60559
60489
60069
61327
58184
60559
59091
62096
60558
61118
61047
61117
59790
58742
60629
60978
60559
60349
60558
60628
60908
60558
62515
61047
61048
60489
60559
61047
60977
60558
60139
60140
61047
60349
60139
61048
60838
61048
61327
60070
61117
61537
60139
60559
60977
60978
60489
58324
60977
60140
60628
60838
60977
63422
60489
60488
60978
60349
61117
60699
60558
60698
60559
60558
61467
60419
60558
61047
60558
59092
60628
60419
59161
57765
61047
60489
60558
60559
60558
60838
60629
60279
60908
61048
60559
60768
60558
61536
60768
60838
60489
60069
61048
60559
60768
61048
60558
60838
60070
60069
60629
60069
60559
61467
61397
58882
61048
60488
61047
61047
59022
63911
61047
61117
60140
60768
59650
61536
60349
59092
58253
60559
57834
61047
66705
60069
60489
60279
61047
61815
60489
61118
61606
61048
60628
60069
60559
60908
60489
62515
60977
61117
60558
60559
58183
59929
61397
58672
61047
61396
61047
61118
60069
61327
63422
60978
60559
60349
59999
60768
60489
60558
63632
60628
61047
60349
62444
60558
61118
60838
61047
61327
63911
60559
61047
61048
58603
60419
60978
60488
61047
61047
63212
60558
61117
61327
61047
60907
60139
61746
60628
62025
60419
61537
60559
60977
61117
59161
60279
60139
61047
60977
60488
61048
58603
61048
60559
61048
63911
61047
61117
169382
60559
60767
60139
60838
66565
60000
61047
58183
61118
60977
61047
60279
62933
59091
60558
61257
60209
61117
61047
61047
60977
58742
60419
60977
60768
60977
60558
61047
60559
60628
61118
60978
60978
60419
60558
61047
60489
60838
61745
60698
60488
60628
60977
