90104
90174
89196
90383
90243
88637
89685
89965
89127
94434
89196
92059
91780
92130
90104
91292
91640
91571
91221
92479
92409
92199
90593
90034
90872
89405
110849
97368
116158
90523
90523
90104
98276
92060
89615
92479
92060
92548
93038
92618
91501
91920
91571
96390
91990
92549
92898
92060
91640
92549
92060
96321
92968
90384
91571
91151
91990
89196
90174
90034
90383
91780
90104
90593
89755
90034
90733
91989
90244
90174
89615
90104
91990
89615
94644
90802
90104
89755
89336
92758
89265
89685
96110
91501
92549
92200
91431
93946
90173
91361
90662
92200
92828
115738
92478
91780
94435
89685
91151
91291
92968
114760
92548
91641
91012
92758
92828
109103
104772
91500
111967
90803
91501
91012
107845
90593
94993
91851
91640
92129
92479
92967
92758
92060
92060
92828
92618
93037
92059
91990
91781
93387
121605
91641
91291
92129
92199
95412
90732
90802
91431
95831
92967
92060
92060
92549
92548
92130
91571
92060
89475
91431
92409
92060
92479
92060
89615
95901
91780
93317
91780
92339
92478
96390
91571
92688
92549
92269
92479
89126
92269
97368
92967
91362
91082
92478
95133
91500
91082
91571
92408
92409
91989
93037
91501
92479
95621
91291
91431
92060
92129
92618
91989
92129
91431
91361
91571
91570
91571
91850
92828
92339
91291
92130
89684
92549
91640
91570
91501
91640
112036
91361
91990
93037
92549
89685
91850
91990
89964
91430
92059
115319
91780
92060
91571
90174
92059
92129
91082
91222
91780
95901
91500
92059
94364
91570
91990
92968
92478
91990
92549
91082
93037
91151
92478
90942
88706
92338
93457
92059
91222
91291
91361
92339
92549
91501
91081
93526
91082
91780
92199
89406
91710
92408
91780
97717
93107
92409
91571
92060
93107
93456
93527
92967
91151
93526
92059
92967
92618
93037
91501
96390
92059
91431
91570
92967
93666
94434
89545
92059
94923
93387
91570
95202
91920
91012
90592
90383
88986
89614
90174
91570
89614
92758
91501
91640
91500
90034
92129
92758
92269
92130
92758
91570
91571
95622
92060
94015
91571
92479
93456
92339
91500
92338
93526
92548
91570
95342
92059
93456
90663
93037
92548
92967
110360
93945
92479
92548
92968
92967
91570
93247
92478
92618
93247
93037
92548
91430
90592
92059
92758
89614
90174
89964
90522
90592
89614
90382
89545
90802
93316
91151
91570
92338
93107
89195
91081
93457
95901
92059
92059
91571
91082
91989
91431
92757
91850
92269
92059
91501
91082
93875
92339
93037
92059
93037
93526
91081
92129
92479
93037
92059
92548
93317
92269
91501
92757
91501
92479
91570
91570
91990
92548
92548
90522
90592
90103
91919
110499
90243
90592
90104
90593
89196
91570
91571
94713
92059
92618
92478
92339
91570
93526
92060
91919
90173
93945
91710
92897
94015
94154
90173
90802
90592
97996
123560
90593
89964
90592
90173
92897
89335
92198
92059
92548
91990
92479
91989
93457
93945
92129
92408
92478
92478
90802
90103
90173
90103
89405
89405
89195
90034
90662
89265
92338
93456
92897
91360
92339
92059
91500
89265
92478
92548
91640
92198
90592
91570
91430
91291
91780
93177
96389
95900
91500
91360
92967
102187
91640
91989
92338
94224
92548
92059
92547
91640
91500
92548
144096
91989
90872
92478
91360
92059
91290
91501
91990
90592
92129
92059
91850
93526
92967
96599
90872
93945
92129
92967
91291
90522
91640
92338
91989
90453
89684
90103
95132
91570
91501
91221
92059
91570
189916
92059
96739
92338
106867
91990
96808
91571
93945
92478
91989
92548
92059
92618
97786
91290
92478
91640
92129
91710
92967
91570
91849
91989
93944
91919
91570
89684
90173
91570
91919
91640
92617
92687
93037
92408
89195
92059
92548
93037
91500
92548
92268
92897
92618
93037
93525
92268
92199
91500
92548
91221
91570
90662
92198
91989
92478
93944
92059
92059
91570
91151
116296
91291
91570
91150
91990
89055
89545
89685
89894
90173
91989
91570
92548
92059
91640
92548
91780
92269
91081
90592
90871
92408
92059
90383
92967
92687
91500
91570
91570
92478
91430
91221
91500
90732
92059
94922
91849
92757
92967
92478
92967
91290
89125
94922
91151
91570
95551
91291
95272
91849
92199
91989
92967
92059
93945
91569
91640
92129
92059
93455
91360
91639
92129
91639
95690
92059
91989
94434
91360
91011
92198
91081
91570
93106
92058
92548
91989
90872
91849
92757
91710
91850
92129
95272
93456
91431
93526
92269
92478
92058
95062
91570
92408
91779
92967
91150
92478
97018
91779
97297
91640
91850
91989
94853
92757
92338
91849
125236
91430
93246
93945
92269
89614
92897
92547
237690
92408
91849
92129
92128
91989
89684
89894
209542
92059
95830
91919
91989
92897
92408
93037
98345
91780
91221
94014
93037
91151
115318
90592
91570
93177
92129
92967
91012
91570
92548
92478
91570
92198
91500
91500
91569
91570
92477
91570
91151
92548
92477
90173
90382
89754
93385
90103
90102
89614
89404
90173
89614
93735
92477
91570
114969
91361
90522
91570
91779
96390
91500
91989
92198
91989
89684
90173
89404
88496
90103
89544
89754
89614
89754
90592
91011
91570
109451
92757
91640
91430
91849
94014
91919
92478
92059
91570
92129
91989
91570
92268
91989
92897
91989
91919
94014
95412
92128
91011
96249
92827
92547
92478
93526
92198
90313
92477
93456
92548
95411
93036
93036
92548
91988
90732
92478
91360
94014
92058
93036
92826
91569
92757
97437
90102
92548
92966
92058
93037
92268
95621
92059
90522
92548
92827
91988
92058
96389
92268
91918
93036
93036
93805
204513
93036
91569
92059
91570
92129
91500
91291
91779
91570
91500
91011
94014
92059
91360
91640
91849
91151
92059
91989
91639
91150
92478
92547
91290
90941
91919
91779
92478
91639
91779
91150
91570
91988
91988
91569
92478
92059
90591
92268
91919
91500
91988
91989
91919
92548
91569
92548
91849
91081
93036
91290
92966
114409
92198
93036
92477
92268
92477
91639
92967
89335
90103
92058
91570
89614
91150
92478
89125
89824
93456
89404
93455
95551
91500
90103
93945
89754
90592
90382
92757
93874
90102
89963
162254
89613
90173
89195
92129
91709
91081
92128
93945
91569
112454
92198
92478
96039
91499
115317
95481
91919
91639
90522
93036
91779
92059
91500
93734
92547
99323
94014
92897
92059
91989
92128
92128
92478
92059
92059
92548
92198
92058
92058
92547
92059
91569
90173
93037
91220
91639
92059
91779
91569
92267
90941
95900
94363
93525
92059
94992
92129
92268
91430
125376
111336
92477
