2305
1886
1885
1397
1886
1466
1467
1956
1886
1886
1886
1886
1956
1467
1397
1467
1886
1886
1886
1956
1956
1467
1956
1397
1886
1466
1397
1397
1886
1886
1886
1816
1816
1467
1886
1886
1467
1886
1467
1397
978
1467
1956
1397
1886
1956
1397
1466
1467
1397
1467
1886
1956
1955
1466
2305
1886
1886
1886
1467
1397
1467
1956
1955
1955
1956
1397
1466
1816
1397
1886
1886
1885
1816
1397
1956
1886
1397
1467
1886
1467
1397
1886
1886
1956
1397
1886
1466
1886
1397
1467
1886
1886
1327
1467
1397
1886
1956
1886
1885
1397
1397
2445
1466
1886
2794
1397
1397
1816
1397
1467
1397
1467
1397
1886
1397
1397
1816
1886
1467
1397
1886
1886
1397
1886
1886
1886
1956
1397
1886
1956
1886
1886
1955
1886
1817
1956
1397
1467
1886
1397
1886
1886
1467
1466
1466
1397
1885
1956
1816
1816
1467
1886
1467
1397
1397
1955
1886
1956
1817
1956
1397
1397
2374
1886
1956
908
1397
1467
1886
1467
1397
1885
1886
1956
1397
1817
1467
1886
1466
1956
1886
1886
1397
1886
1397
1956
908
1956
1956
1886
1956
2375
1886
1816
1886
1886
1467
1956
1397
1886
1956
1886
1467
1955
1397
1397
1886
1955
1955
1467
1397
1886
1886
1816
1467
1886
1397
1886
1466
1467
1467
1886
1467
2375
1886
1397
1886
1816
1397
1816
1886
1816
1467
1886
1466
1467
1886
1816
1886
2444
1886
1956
1956
1467
1956
1955
1467
1886
1956
1886
1467
1956
1956
1397
1397
1467
1886
1397
1467
1397
1397
1817
1467
1397
1467
1467
1816
1397
1816
1397
1397
1886
1886
1397
1955
1467
1397
1467
1467
1467
1397
1886
1467
1397
1467
1886
1397
1886
1467
1397
1397
1467
1397
1816
1467
1886
978
1886
1397
1886
1886
1467
1397
1467
1397
1956
1956
1886
1886
1467
1397
1886
1955
1397
1886
1886
1397
10756
1956
1956
1886
1397
1886
1886
1956
1397
1397
1467
1397
1886
1956
1886
1397
1886
1397
1397
1397
1467
1816
1886
1955
1886
1886
1886
1885
1886
1397
1885
1816
1397
1397
1466
1886
1956
1467
1886
1956
1886
1886
1467
1467
1397
1397
1397
1467
1397
1397
1397
1397
1466
1886
1467
1466
1467
1397
1397
1397
1467
1467
1956
1467
1467
1397
1467
1397
1467
1467
1397
1397
1397
1886
1886
1886
1467
1886
1397
1397
1956
1467
1467
1397
1886
1467
1397
1397
1955
1886
1956
1397
1467
1886
1466
1467
1397
1956
1466
1397
1466
1956
2375
1886
1886
1956
1467
1397
1886
1467
1467
1466
1397
1955
1956
1886
1886
1397
1956
1467
2375
1886
1466
1886
1816
1886
1397
1467
1886
1886
1397
1466
1955
1886
1467
1466
1397
1397
1886
1397
1467
1467
1467
1397
1956
1397
1397
1397
1467
1467
1886
1956
1885
1886
1467
1816
1467
1467
1397
1886
1467
1956
1886
1466
2375
2375
1397
1467
2375
1955
1956
1886
1956
2375
1816
1397
1886
1886
2794
1467
1466
1955
1886
2375
1886
1886
1956
1886
1816
1956
1466
2864
1956
1466
1956
1467
1956
1956
1886
1886
1467
1886
2375
1886
1886
1886
1956
1886
1886
1886
1397
1956
1466
1467
1956
1397
1885
1816
1397
1466
1397
1467
1397
1467
1397
1955
1955
1467
1467
1816
1886
1886
1397
1886
1886
1467
1816
1886
1886
1956
1956
1886
1886
1886
1466
1956
1956
1885
1886
1886
1955
1397
1886
1956
9360
1886
1956
2375
1886
1886
1397
1397
1467
1397
1886
1467
1397
1397
1886
1397
1886
1886
1467
1397
1886
1467
1466
1467
1397
1397
1956
1397
1467
1886
1886
978
1397
1956
1397
1885
1397
1886
1467
1956
1886
1886
1886
1467
1467
1466
1886
1956
1467
1885
1886
977
1467
1956
1397
1956
1886
1886
1956
1397
1467
1956
1466
1955
1466
1467
1396
1467
1955
1955
1886
1956
1397
1886
1956
1885
1886
1397
1397
2375
1397
1956
1955
1397
1397
1467
1886
1467
1397
1956
1956
1956
1885
1886
1886
1467
1886
1886
1886
1955
1886
1817
1397
1467
1956
1816
1955
1886
1886
1886
1885
1886
1885
1886
1956
1397
1886
1885
1956
1886
1955
1397
1816
1397
1886
1886
1816
1397
1886
1467
1397
1886
1886
1956
1956
1886
1886
2445
1467
1886
1397
1397
1467
1467
1886
1886
1886
1467
1816
1955
1956
1886
1397
1886
1886
1466
1467
1886
1886
1397
1886
1467
1955
1397
1467
1467
1466
1886
1397
1397
1886
1886
1956
1886
1886
1956
1886
1956
1397
1397
1397
1956
1956
1467
1816
1956
1956
1397
1466
1397
1956
1886
1397
1886
1397
1467
1886
1397
1886
1467
1467
1886
1397
1886
1467
1886
1886
1886
1397
1886
1397
1396
1397
1956
1397
1397
1467
1397
1397
1467
1956
1886
1886
1397
1397
1955
1886
1397
1397
1467
1886
1886
1885
1885
1886
1467
1816
1956
1886
1886
1886
1397
1955
1397
1886
1956
1886
1885
1956
1397
1886
1816
1397
1886
1956
1466
1397
1886
1956
1886
1886
1467
1886
1816
1956
1467
1467
1467
1467
1955
1886
1886
1956
1955
1467
1886
1956
1467
1466
1467
1886
1956
1886
1816
1397
1466
1886
1886
1886
908
1886
1397
1466
1467
1397
1816
1956
1886
1886
1886
1956
1886
1886
1816
1886
1886
1956
1886
1467
1397
1886
1886
1397
1886
1886
1467
1397
1886
1956
1466
1466
1467
1956
1816
1886
1467
1955
1886
1467
1816
1466
1817
1956
1956
1397
1397
1397
1886
2445
1467
1467
1467
1956
1886
1886
1397
1886
1955
1885
1956
1886
1467
1956
1467
1397
1956
1956
1956
1467
1886
1467
1886
1886
1397
1467
1886
1466
1816
1886
1397
1886
1886
1397
1467
1467
1886
1397
1397
1886
1467
1397
1886
1397
1467
1467
1397
1466
1886
1467
1397
1467
1467
1886
1397
1886
1397
1886
1467
1397
1885
1467
1956
1467
1467
1397
1467
1397
1886
1466
1816
1397
1467
1397
1467
1956
1397
1956
1886
1467
1397
1956
1397
1886
1886
1817
1886
1397
1885
