2374
1467
1397
1397
1397
1397
978
7543
1397
1467
1397
1397
1397
1466
978
1885
1397
1467
1466
1467
1467
1397
1467
1397
1466
1397
1397
1397
1467
1466
1886
1467
1396
1466
1397
1466
1466
1397
1467
1396
1467
1397
1397
1397
1466
1397
1886
1397
1397
1397
1956
1466
1396
1397
1397
1886
1397
908
1397
1397
1467
1467
1467
2444
1467
1397
1466
977
1396
1466
1467
2375
1397
1886
1396
1397
978
1466
1885
1396
1396
1397
1396
1466
1467
1397
2374
1467
1816
1885
2375
1467
1397
1467
1397
1467
1467
1467
1467
1397
2305
1397
1467
1467
1397
1397
1396
978
1397
1397
1466
1467
1467
1397
1467
1467
1467
1467
1397
1467
1397
1466
1397
978
1467
1467
1467
1397
1467
1396
1467
1397
1955
1397
1467
1886
1397
1467
1466
1397
1397
1397
1396
1467
1397
1397
1467
1397
978
1466
1397
1467
1886
1467
1397
1466
1886
1467
1397
1397
1886
1466
1467
1466
1396
1397
1397
1467
1886
1397
1466
1397
1467
1467
978
1466
1397
1467
1397
1466
977
1467
1466
1466
1396
1397
1466
1397
1466
1886
1886
1397
1467
2374
1397
1467
1466
1396
8869
1397
9568
1466
1467
1397
1397
1396
8660
1396
1886
1397
1397
1467
1397
1467
1467
1466
978
1396
1397
1397
1397
1397
1466
1397
1885
1467
1396
1397
1466
1397
1467
1467
1467
1397
1397
1467
1396
1467
1397
1396
1466
1396
1396
1467
1397
1467
1955
1885
1466
1466
1466
1886
1467
3353
1467
1467
1466
1396
1467
1396
1396
1816
1396
1886
1466
1397
1397
1467
1397
1397
1467
1466
1467
1397
1396
1467
1467
1467
1396
1396
1397
1467
1397
1397
1397
1397
1467
1396
1397
1467
1467
1467
1467
1397
1397
1885
1397
1467
1467
1467
1467
1397
1397
1466
1466
1466
1466
1467
1397
1467
2374
1467
1885
1467
1396
1467
1396
1467
1466
1467
1466
1397
1397
1466
1467
1466
1467
1466
1397
1396
1397
1397
1397
1467
1885
1467
1397
1467
1467
1467
1397
1397
2445
1397
1467
1885
1397
1466
1397
1397
1466
1397
1466
1467
1955
1396
1397
2375
1466
1467
1467
1467
1467
1467
1397
1467
1467
1397
1467
1467
1397
1397
1466
1467
1396
1397
1396
1956
1466
1397
1885
1397
1397
1467
1466
1396
1466
1886
1467
1397
1397
1467
1467
1467
1467
1397
1397
1467
1396
1397
1467
1886
1467
1397
1467
1396
1885
1467
1396
1886
1397
1396
1327
1396
1467
1397
1397
1886
1397
1397
1886
1397
1466
1955
1885
1885
1396
1955
1467
8590
1886
1955
1886
1885
1466
1467
1466
1466
1396
1886
1466
1466
1466
1886
1397
1396
1466
1397
1397
1397
1397
1466
1397
1397
1397
1467
1466
1397
978
1467
1466
1885
1397
1466
1397
1466
1467
1956
1886
1397
1886
1397
1397
1397
1467
1466
1467
1467
1467
1397
1397
1466
1397
1467
1396
1466
1397
1467
1397
1956
1397
1467
1885
1955
1467
1467
1397
1397
1397
1396
1467
1466
1466
1397
1467
1397
1466
1397
1396
1885
1467
1466
2793
1397
1466
1397
1466
1467
1467
1397
1397
1396
1397
1467
1397
1467
1396
1467
1397
1397
1396
1466
1467
1397
1467
1467
1397
1396
1397
1397
1397
1467
977
1885
1466
1466
1467
1397
1397
1886
1397
1397
1397
1397
1397
1467
1397
1886
978
1397
1396
1955
1397
1816
1467
1467
1397
1467
1466
1467
1466
1467
1467
1467
1955
1396
1397
1397
1466
1397
1396
1397
1467
1467
1466
1466
1467
978
977
1467
1397
1397
1466
1466
1397
1397
1467
1467
1397
1466
1886
1886
1467
1397
1467
1466
1396
1816
1396
2374
1466
1886
1466
1397
1886
1397
1397
1886
1467
977
977
1467
1397
1885
1467
1467
1467
1397
1466
1397
977
1467
1467
1467
1397
1396
1885
1467
1397
1467
1467
1396
1396
1397
1466
1397
1396
1467
1397
1397
1397
1466
1397
1397
1467
1397
1467
1396
1466
1466
1397
1466
1397
1397
1466
1397
1467
1466
1397
978
1885
1466
1396
1397
1955
2444
1397
1467
1466
1466
1467
1397
1397
1467
1466
1397
1397
1397
1467
1397
1397
1397
1466
1467
1815
1467
1466
1397
1397
1397
1397
1466
1397
1397
1396
1397
977
1885
1467
1397
1397
1397
1466
1397
1467
1396
1467
1466
1885
1397
1397
1397
1397
978
1397
1397
1397
1397
1466
1467
1955
908
1396
1397
1396
1886
1467
1397
1467
1467
1397
1397
1467
1397
1466
1467
1397
1397
1397
1467
1466
1466
1467
1466
1886
1397
1396
1467
1397
1397
1397
1886
1886
1396
1466
1467
1467
1397
1466
1466
1396
1885
1956
1397
1397
1397
1397
1466
1396
1467
1467
1467
1467
1955
1396
1467
1396
1396
978
1397
1396
1467
1397
1397
1397
1397
1467
1396
1886
1466
1326
1397
1467
1397
1397
1467
1397
1466
1467
1397
1886
1396
1467
1396
1816
7542
1397
907
1885
1396
1816
1466
1467
1466
1467
1397
1467
1397
1467
1397
1466
1397
1467
1397
1466
1467
1397
1466
1467
1467
1467
1397
1467
1397
1467
1885
1396
1397
1466
1467
1467
1467
1467
1467
1397
1467
1467
1467
1467
1397
1466
1397
1467
1467
1396
1955
1466
1467
1397
1397
1467
1397
1397
1467
1397
1467
1467
1397
1397
1397
1467
1467
1397
1885
1467
1397
1467
1467
1397
1886
1467
1397
1467
1397
1397
1397
1466
977
1397
1886
1396
1466
1396
1467
1396
1396
1467
1466
1466
1886
1396
1397
1397
1396
1466
1467
1397
1467
1397
1397
1467
1397
1466
1886
1466
1467
1397
1467
1397
1466
1467
1397
1467
1467
1396
1885
1397
1466
1397
1816
1467
1397
1467
1397
1467
978
1467
1467
1886
1396
1467
1467
1396
1397
1467
1886
1397
1467
1397
1397
1467
1396
1467
1396
978
1397
1397
1467
978
1466
1397
1397
1466
1467
1396
1396
1467
1467
1885
1397
1397
978
1467
1466
1396
1397
1467
1397
1466
1467
1397
1467
1397
1396
1886
1467
2863
1467
1467
1397
