1397
1886
1397
1956
1467
1886
1886
1956
1886
1467
1467
1887
1886
1397
1956
1467
1886
1956
1956
1467
2445
1886
1397
1956
1886
978
1816
1397
1886
1887
1956
1956
1886
908
1956
1816
1887
2305
1467
1956
1397
1956
1886
1467
2376
908
978
1887
1886
1467
1886
1956
1886
1816
1887
1886
1397
1467
1397
1956
1397
1886
1887
1398
1397
1467
1467
978
1886
1467
1887
1956
1816
1886
1887
1467
1956
1397
1886
1886
1467
1397
1886
909
1887
1956
1886
1886
1467
1886
3353
1886
978
1398
1887
1397
978
1956
1467
1886
1467
1467
1467
1467
1956
1886
1397
1467
1816
2305
1467
1886
1886
1886
1887
2376
1886
1398
2375
1467
1397
1886
1886
1887
1956
2375
1397
1956
1956
1886
1886
1467
1467
1956
1956
1886
1887
1398
1886
1956
1886
1397
1467
1886
1886
1397
1886
1886
1397
1467
1397
1886
1886
1956
1397
1467
1956
1886
1397
1956
1956
1956
1397
1887
1956
15299
1956
1397
1886
1956
1886
1467
1887
1886
1956
1467
1886
1956
1816
2375
1467
1467
1956
1886
1467
1886
1956
1397
1956
1816
1467
1886
1397
1467
1397
1887
1956
1886
1817
1886
1887
1467
1467
1397
2376
1467
1956
1956
1816
1886
1886
1886
1956
1816
1956
1887
1886
1886
1886
1956
1886
978
1956
1886
1887
1397
1887
1467
1886
1816
1397
1467
1886
1397
1956
1886
1467
1397
1397
1397
1467
2375
1467
1956
1397
1397
1887
978
1886
1397
1467
1887
1397
1467
1886
2376
1397
1467
1956
1886
1886
1886
1886
1467
1397
1956
1397
1467
1886
1397
1467
1887
1886
1397
1816
1467
1956
978
1887
1886
1397
1956
1467
1887
1886
1467
1398
1886
1886
1467
1956
1886
1467
1397
1956
908
1398
1397
1398
1956
1886
1467
1397
1816
1957
1397
1886
1397
1467
1887
1816
978
1956
1887
2376
1397
1397
1887
1398
1956
1956
1956
1886
1397
1956
1467
1886
1886
1467
1397
1397
1886
1467
1397
1956
1886
1956
1467
1397
1398
1397
1398
1467
1397
1887
1467
1467
1467
1467
1467
978
1886
1397
1817
1397
1467
1397
1397
1886
1397
1886
1886
1816
1397
1467
1467
1886
1467
1467
1886
1467
1887
1956
1886
1886
1886
1956
1886
1956
1886
1397
1467
1397
1956
1397
1467
1956
1886
1467
1467
1467
1956
1886
1816
1886
1397
908
1467
1887
1397
1886
1886
1886
1956
1886
1886
1886
1886
1397
1467
1887
1886
1467
1887
1886
1886
1398
1397
1817
908
1397
1956
1397
1467
908
1886
1397
1956
1886
1886
1467
1397
978
1886
1956
1886
1886
1886
1397
1956
1397
1886
1956
1956
1886
1956
1956
1886
1956
1397
1467
1398
2375
1816
1886
1398
1886
1467
1956
1397
1886
1886
978
1398
2445
1467
1886
978
1397
1886
1467
1886
1956
1397
1467
1817
1886
1467
2375
1887
1956
1467
1467
1886
1956
1467
1886
1467
1886
1467
1817
1886
1398
1886
2375
2375
1886
1956
1886
1398
1886
1397
1467
1887
1886
1887
2375
1886
1956
1956
1956
2305
1886
1956
908
1886
1886
1816
1956
978
1886
1886
7125
1816
1956
1467
1467
1887
1467
1956
1956
1886
1956
1886
1886
1886
1956
1956
1956
1956
1397
978
1886
1398
1887
1397
1887
1467
1397
978
2445
1886
1956
1886
1956
1467
1886
1816
1956
1956
1397
1468
1956
1467
1886
1397
1468
1887
1886
1886
1886
1887
1397
1886
1468
1467
1956
1397
1467
1467
1467
1397
1467
1398
1886
1397
1956
1397
1397
1956
2445
1816
1467
979
2375
1397
1886
1397
1816
1887
1467
2375
1886
1887
1816
1956
1467
1398
1467
1887
2376
1886
1886
978
2445
1887
1886
1956
1886
908
2375
1467
1956
1956
2375
1956
1886
1956
1816
1886
1886
1886
1467
1467
1886
1467
1886
1886
1956
1956
1886
1886
1467
1397
1886
1886
1467
1957
2375
1886
1398
1886
1956
2864
1887
1886
1886
1886
1886
1467
1887
1956
1397
1956
1467
1956
2375
1886
1886
1886
1467
1397
1467
1956
1397
1397
1956
1398
1886
1886
1397
978
1397
1956
1886
1886
1398
1886
1397
1956
909
1956
978
1398
1467
1956
1467
1956
1886
1886
1467
1398
1816
2305
2306
1886
1956
2305
1886
1886
1887
1397
1886
1956
1956
1397
1957
1467
1467
1886
1467
1886
2376
1886
1956
2375
1956
1956
1956
1956
2305
1956
1397
1956
1467
978
1886
1817
1397
2375
1467
1467
1816
2375
1397
1397
1467
1886
1467
1887
1886
1886
1886
1397
1397
1956
1467
1886
1397
1957
1886
1886
1886
1886
1956
1467
1887
1886
1397
1886
1956
1886
1398
1816
1886
1956
1956
1886
1397
1887
1886
1886
1467
1886
1397
1886
1467
1886
1397
1397
1467
1886
1956
1887
1886
1886
1956
1886
1467
2445
1467
1956
1397
1886
1467
1956
1886
3353
1397
1957
1467
1886
2376
1956
2934
1467
1467
1886
1398
1816
1886
1397
1886
1886
1816
1886
1397
1886
1956
978
1886
1886
1886
1467
1956
1886
1886
1886
1956
1397
1956
1468
2375
1886
1956
2375
1956
1397
1397
1886
1886
978
1467
1397
1816
1886
1467
1467
1467
1467
1956
1887
1397
1887
1397
1467
1886
1886
1467
1957
1397
1887
1886
1887
1886
1956
1816
1467
1398
1467
1887
1886
1467
1886
1887
1956
2445
1397
1886
2445
1956
1397
1397
978
1956
2934
1887
1956
1886
1397
1398
1467
1886
1467
1467
1816
1886
1467
1397
1956
1956
1397
1886
1886
1467
1397
1886
1886
1397
1397
1956
1397
1886
1886
1886
1817
1886
1886
1886
1467
1398
1397
1397
1397
1467
1467
1397
1397
1886
1467
1886
1398
1956
1886
1817
1397
1886
978
1398
1956
1467
1397
1467
1397
1887
1467
1886
1397
1467
1467
1467
1467
1887
1886
1886
1886
1886
1397
1467
1467
1887
908
1956
1956
1467
1886
1397
1467
1817
1397
1467
1817
1956
1397
1467
1886
2375
1956
1397
1887
1886
1397
1467
1957
1956
1886
978
1887
1397
1467
