1467
1397
1397
1397
1397
1467
1396
1886
1885
1956
1396
1397
1466
1886
1396
1815
1467
1467
1886
1397
1397
1396
1466
2444
1397
1397
1886
1467
1466
1466
1467
4749
1396
1397
1467
1467
1467
1396
1467
1397
1467
1396
1466
978
1466
1466
1886
1886
1397
1467
1467
1397
1397
1467
1467
1467
1467
1466
1886
1467
1886
1467
1955
1397
1397
1467
1467
1466
1467
1467
1467
1466
1466
1467
1396
1397
1397
1466
1467
1955
1396
978
1886
1886
1955
1467
1397
1467
1467
1467
1397
1396
1467
1397
1885
1816
1885
1397
1886
1467
1467
1466
1467
1467
1815
1467
1397
1467
1397
1467
1397
1885
1467
978
1397
1955
1397
1886
1466
1467
1885
908
1467
1467
1466
1397
1816
1397
1467
1397
1397
2374
1467
1886
1466
1396
1397
1397
2445
1467
1397
1885
1397
1396
1886
1397
1466
1467
1397
2374
1466
1886
1886
1397
1397
1397
1397
1467
1467
1467
1886
1397
1397
1396
1886
1886
2375
1397
1886
1466
1397
1397
1397
1885
1467
1955
1397
1396
1467
1396
1397
1467
1467
1397
2444
1467
1397
1397
1466
1467
1466
2375
908
2445
1397
1397
1397
1396
1467
1397
1466
1885
1397
1397
1396
1466
1466
1467
1886
1467
1467
1397
1397
1815
1467
1467
1397
1467
2375
1466
1466
1397
1397
1466
1467
1886
1397
1466
1397
1466
1467
1467
1886
1396
1467
1886
1467
1397
1466
1466
1886
1467
1467
1397
1397
978
1816
1467
1396
1397
1396
1467
1467
1886
1467
1467
1467
1885
1397
1955
1886
1466
1886
1467
2863
1467
1467
1396
2375
1466
1396
1397
1467
1397
2445
1397
2375
10127
2375
1397
1466
2374
1397
2444
1397
1466
1396
1396
1397
1397
1396
1467
1886
1397
1885
1467
1396
1466
1466
1397
1467
1397
1396
1397
1397
978
1467
1397
1397
1397
1466
1885
1397
1886
1466
1467
1397
1467
1397
1467
1467
1397
1466
1466
1467
1397
1466
1397
1467
1397
1396
1956
1467
1397
1397
1886
1467
1467
1955
1397
1397
1397
1397
1397
1467
1397
1397
1397
1467
1397
2375
1467
1396
1397
1396
978
1397
1397
1466
1397
1397
1397
1886
1397
1397
1467
1467
1397
1397
1467
1956
1397
1466
1886
908
1396
1466
1886
1397
1466
1467
1397
1466
1397
1397
1816
1396
1467
1396
977
1885
1397
1396
1467
978
1466
1467
1397
1397
1467
1397
1466
1396
1396
1397
1397
1397
1397
1466
1397
1467
1397
1397
1886
1886
1397
1886
1467
2304
2374
1467
1956
1467
1886
1886
1955
978
1397
1956
1397
1466
2375
1467
1886
1467
1467
1955
1466
1396
1886
1466
1466
1396
1397
1886
1397
1397
1955
1467
1466
1466
1467
1467
1467
1886
1397
1467
1466
1467
1397
1467
1397
1397
1397
1466
1886
1467
1467
1397
1466
1396
1397
1886
1397
1885
1397
1886
1886
1397
1397
2445
1396
2374
1466
1955
1466
1466
1885
1467
1467
1467
1397
1467
1467
1886
1396
1466
1466
1956
1397
1886
1467
2375
1396
1397
1397
1397
1397
1885
1397
1885
978
1466
1466
1396
1397
1467
1397
1467
1467
1466
1397
977
1467
1397
1466
1397
1397
1396
1397
1466
1396
1886
1397
1885
1956
1467
1466
1956
978
1396
2375
1466
1467
1466
1397
1467
1467
1467
1396
1466
1955
1396
1397
1397
1467
1397
1397
1467
1397
1397
1467
1397
1956
1397
1397
1466
1467
1396
1466
1467
908
1467
1956
1397
978
1956
2374
1467
1816
1397
1397
1397
1467
1397
1397
1397
1397
1467
1956
1397
1467
12083
1397
1467
1885
1467
1885
1466
1466
1466
1397
1467
1466
1397
1397
1397
1467
1397
1466
2375
1466
2304
1397
1467
2444
1397
1467
1467
1397
1397
1397
1467
1397
1816
1467
1467
1397
1397
1397
1467
1397
1467
1397
1397
1466
1467
1467
978
1397
1397
1955
1956
1397
1466
1397
1886
1886
1397
1467
1466
1467
1396
1467
2375
978
1467
2444
1886
1467
1467
978
978
1467
1397
1397
1886
1397
1466
1397
1397
1886
1467
1397
1466
1397
1397
1466
1466
2374
1467
1885
1466
1397
1397
2375
1467
1396
1467
1956
1467
1397
1467
1885
1397
1467
1397
1886
1397
2375
1466
1466
1396
1397
1467
1467
1396
1397
2374
1466
1396
1886
1467
1816
1397
1466
1396
1466
908
1466
1397
1397
1397
1396
1467
1467
1396
1467
2375
1466
1467
1467
1397
1467
1467
1397
1396
1397
1466
1397
1397
1396
1955
1397
1886
1466
1397
1467
1466
1397
1397
1886
1397
1467
1467
1466
1396
1467
1397
1396
1397
1397
978
1397
1397
1886
1467
1467
1466
1397
1396
1397
978
2304
1397
1886
1397
1397
1397
1467
1466
1397
1467
1467
1396
1396
1467
1467
1815
1886
908
1396
1397
1397
1396
1467
1397
1467
1397
1886
1467
1467
1467
1467
1397
1467
1467
1816
1397
1397
1397
1397
1397
1467
1466
1467
1467
1397
1397
1397
1467
1467
1396
1466
1886
1466
1397
2374
1397
1397
1466
1467
1397
1396
1467
978
1467
1397
1955
1467
1466
1466
1955
1397
2374
1397
4610
1885
1396
1397
2445
1467
8451
1467
1397
1886
1467
1466
1397
1467
1397
1886
1886
1467
1467
1396
1397
2375
1396
1955
1885
1397
1397
1467
978
1956
1397
1397
1886
1466
1955
1467
1397
978
1467
1467
1396
1397
1886
1397
1467
978
1397
9847
1467
1466
1467
1466
1467
1466
1396
1397
1467
1466
1396
1396
1396
1467
1397
1886
1396
1467
1466
1397
1885
1816
1397
1397
7753
1466
1466
1396
1886
1466
1885
1467
1397
1397
1467
1467
1397
1397
1886
1397
1397
1886
1467
1885
1467
1397
1885
977
1466
1397
1397
1467
978
977
977
1396
1397
1955
1397
1397
1466
1397
1466
1397
1467
1467
1467
1396
1956
1467
1397
1466
977
1397
1885
1397
1467
1466
1466
1467
977
1397
1397
1467
1467
1886
1467
1885
1396
1397
1467
1886
1466
1396
1396
1397
1955
1467
1467
1886
1397
1467
1467
1397
1467
1397
