1816
1397
1466
1885
978
1466
1885
1466
1885
1955
1397
1467
1956
1886
1467
1397
1397
1467
1467
1466
1397
1956
1397
1396
1466
1885
1467
1397
1466
1397
1467
1467
1397
1397
1397
1467
1397
978
1466
1467
1397
1396
1466
1397
1467
1467
1397
1466
1396
1886
1397
2375
1397
1466
1466
1467
1397
1467
1467
1466
1467
1467
1886
1397
1816
1886
1467
1396
1467
1885
1397
1466
1467
1886
1397
1886
1886
1886
1397
1955
1467
1467
1467
1956
1467
1467
1466
1467
1397
1397
1397
1397
1467
1956
1467
1886
1396
1396
1396
1467
1467
1886
1397
1397
10546
1397
1885
1955
1886
1466
1397
1467
1397
1397
1467
1397
1466
1816
1955
1886
1396
1397
1397
1885
1886
1885
1816
1886
1467
1467
1886
1466
1886
1886
1397
1397
1885
1885
1467
1885
1956
1886
1397
1466
1955
1955
1956
1885
1397
1955
1956
1466
1956
1467
1886
1886
1467
1397
1886
1886
1886
1396
1396
1955
1886
1397
1467
1956
1955
1886
1955
1956
1886
1886
1397
1885
1466
1955
1955
1886
1885
1885
1886
1886
1886
2374
1885
1466
1466
1397
1466
1886
1956
1886
1396
1886
1397
1467
1885
1956
1467
1816
1955
1467
1466
1467
1397
1955
1885
1397
10406
1467
1397
1955
1397
1396
1397
1466
1467
1466
1885
1397
2375
1955
1885
1816
1955
1397
1886
1886
1955
1956
1467
1955
1397
1397
1886
1466
1886
1886
1886
1955
1466
1397
1956
1397
1467
1467
1816
1467
1466
1466
1885
1956
1396
1397
1886
1886
1885
1467
1955
2445
1886
10964
1467
1467
1466
1397
1466
1466
1466
1886
1467
1466
1467
1397
1397
1815
1466
1397
1397
1467
1467
1466
1467
16342
1396
1886
1397
1467
1397
1467
1885
1397
1397
1396
1467
1396
1467
1396
1885
1397
1816
1397
1467
1467
1397
1467
1466
11454
1467
1885
1396
1397
1397
1467
1885
1467
1885
1467
1816
1397
1956
1466
1467
1467
1466
1396
1397
1397
1467
1396
1397
2304
1396
1467
1397
1467
1397
1467
1397
1886
1467
1466
1396
1397
1397
1466
1467
1467
1397
1816
1466
1396
1397
1886
1956
2934
1397
1467
1397
1466
1816
1397
1467
1886
1885
1397
1956
1466
1467
1467
1955
1885
978
1886
1467
1886
1466
1467
1885
1397
1886
1396
1467
1397
1955
1956
1885
1886
1396
1956
1467
1397
1397
6146
1397
1397
1397
1466
1397
1466
1397
1466
1396
1466
1397
1467
1396
1397
1397
1396
1397
1397
1886
1397
1467
1467
1466
1397
1397
1397
1397
1886
1397
1397
2375
1467
1397
1397
1955
1466
1466
1467
1396
1886
1397
1396
1886
1466
1466
1397
1466
1397
1397
1466
1466
1956
1466
1955
1397
1397
1466
1885
1467
1467
1886
1885
1397
1467
1466
1397
1467
1467
1956
15365
1397
1466
1467
1467
1397
1397
1396
1397
1467
1397
1397
1467
1397
1397
1467
1467
1397
1885
1886
1396
1397
978
1397
1467
1886
1396
1467
1467
11104
1816
1467
1467
1327
1467
1396
1886
1466
1397
1396
1885
1397
1397
1467
1397
977
1467
1396
1885
1397
1466
1467
1397
1397
1397
1467
1886
2375
1396
1396
1397
1467
1466
1397
1467
1396
1467
1955
1467
1466
1397
1397
1397
1467
1467
1397
1397
1397
1397
1466
1397
1397
2375
1397
1466
1886
1885
1466
1467
1467
1467
2304
1886
1467
1397
1886
1396
1467
1397
1466
1397
1466
1397
1397
1467
1955
1466
1467
1466
1396
2374
1466
1885
1397
1396
1396
1466
1397
2375
1396
1886
1467
1466
1886
1886
1397
1397
1466
1467
1397
1466
1955
1467
1397
1466
1467
1466
1467
1397
1397
1397
1885
1467
1816
1466
1397
1956
1467
1885
1467
1885
1466
1397
1466
1885
1955
1467
1396
1466
1466
1397
1397
1397
1397
1397
1467
1466
1397
1397
1467
1885
1885
1886
1956
1886
1466
1467
1467
1397
1397
1397
1467
1466
1397
1397
1885
1397
1397
1466
2304
1397
1397
1397
1467
1815
1397
1467
1397
1886
1396
1397
1396
1467
1466
1466
1397
1466
1466
1397
1397
1467
1467
1467
1397
1466
977
1397
1467
1467
1886
1466
1466
1466
1397
1396
1397
1397
1397
1397
1397
1397
1396
1397
1885
1467
1466
1466
1886
1467
1397
1467
1397
1467
1467
1467
1886
1885
1466
1467
1397
1397
1397
1467
1396
1886
1467
1467
1397
1466
1467
1467
1396
1886
1886
1466
1467
1397
1396
1467
1397
1396
2374
978
1397
1467
1396
1466
1466
1467
1397
1396
2374
1467
1466
1397
1397
1885
1397
1466
1466
1467
1886
1397
1397
1466
1885
1466
1467
1956
1466
1467
1956
1397
1886
1467
1466
1397
1397
1886
1955
1885
1397
1467
1885
1467
1467
1886
1467
1467
1466
1397
1396
1955
1397
1397
1816
1467
1956
1467
1397
1466
1397
1397
1885
1466
1467
1467
1397
1397
1955
1886
1467
1397
1396
1467
1466
1886
1396
1397
1467
1955
1467
1886
1396
1466
1886
1466
1397
1397
1397
1466
1466
1886
1397
1466
1886
1396
1467
1885
1467
1885
1397
1397
1396
1467
1467
1466
1396
1886
1396
1397
1397
1397
1466
978
1467
1396
1956
1467
1397
1466
1466
1467
1467
1886
1467
1466
1956
1885
1467
1467
1467
1467
1467
1466
1467
1466
1466
1397
1396
1467
1467
1467
1467
1467
1816
1886
1466
1467
1466
1397
1397
2305
1816
1396
1466
1397
1397
1397
1397
1397
1467
1885
1467
1467
1467
1467
1466
1397
1397
1396
1397
1467
1955
1467
1396
1955
1466
1396
1397
1466
978
1466
1397
1467
1397
1397
1467
1397
1397
1397
1467
1467
1466
1886
1467
1397
1466
1397
1397
1397
1397
1467
1886
1956
1396
1397
1885
1397
1397
1397
1396
1467
1467
1397
1396
1397
1466
1467
1467
1816
1397
1467
1886
1466
1466
1467
1466
1396
1397
1397
1886
1396
1886
1816
1956
1815
1467
1466
1467
1886
1467
1467
1396
1397
1397
1467
1886
1397
1816
1397
1885
1886
1397
1397
1396
1886
1886
1397
1466
1397
1466
1467
1396
1397
