1816
1467
1886
1467
978
1397
1467
1886
1955
1886
1956
1886
908
1816
2375
1467
1398
1956
1886
1467
1467
1956
1886
32900
2375
1397
1816
1886
908
1397
1886
1466
1956
1886
1397
1886
1397
1886
1397
1467
1397
1886
1467
1397
2305
1886
1956
1956
1398
1467
1397
1397
1886
1397
1467
1956
9709
1467
1467
1956
1467
1886
1467
1955
1956
1397
1466
978
1397
1397
1956
2375
1955
1886
1886
1886
1886
1886
1397
1886
1886
1467
1956
1956
1467
1397
1956
1956
1886
1397
1886
1886
1886
1956
1886
1886
1886
1956
1956
2375
1886
1886
1886
1467
1467
1397
1886
1956
1886
1956
1467
1886
2445
1956
1956
1886
1886
1886
1467
1397
1956
1397
1466
1955
1397
1886
1956
1886
1956
1397
1467
1886
1886
1956
1816
1886
1886
1886
1397
1956
1886
1886
1886
1886
1397
1886
1397
1467
1467
1886
1886
1397
1886
1886
1816
1955
1886
1956
1467
1466
1886
1956
1816
1886
1467
1956
1886
1467
1467
1397
1397
1397
1467
2375
1956
1886
1397
1886
1397
1397
1467
1467
1467
1467
1467
1886
1886
1467
1397
1397
1467
1467
1886
1397
1886
1397
1467
1397
1886
1886
1886
1397
1397
1886
1816
1467
1886
1886
1956
1397
1956
1886
1467
1955
1467
1466
1817
1397
1467
1397
1956
1956
1886
1467
1886
1397
1467
1467
2375
1816
1816
1956
1886
1956
1886
1467
1886
1397
1397
1466
1466
1467
1397
1467
1466
1467
1816
1467
1398
1886
1397
1467
1467
1397
1397
1397
1397
1397
1956
1886
1397
1467
1956
1886
1467
1467
1886
1397
1956
1886
1886
1397
1886
1397
1397
1467
1886
1466
1955
1397
1886
1397
1955
1956
1956
1886
908
1467
1397
1467
1886
1816
2305
1397
1956
1398
2375
1886
1886
1397
1886
1886
1467
2444
2445
1886
1467
1956
1397
1956
2864
1956
1956
1466
1397
1816
1956
1956
1886
1886
1886
1816
1886
1886
1467
1466
1397
1886
1886
1956
1397
1467
1467
1397
1467
1467
2375
1397
1467
1886
1886
1886
1886
1397
3353
1956
1886
1886
1397
1397
1397
1956
1956
2375
1886
1397
1886
1956
1816
1467
1886
1398
1886
1467
1956
1886
1886
1467
1816
1886
1886
1886
1956
1886
1886
1956
1886
1886
1398
1397
1467
1816
1886
1956
1886
1886
1467
1397
1886
1886
1397
1397
1467
1886
1886
909
1886
1886
1397
1956
2305
1397
1886
1956
1886
1467
1886
1467
1467
2864
1886
2864
1956
1956
1886
1886
1397
1886
1956
1397
2375
1886
1467
1956
1397
1467
1886
1467
1956
1956
1397
1886
1397
1397
1467
1467
1886
1467
1397
1397
2305
1886
1886
17254
1886
1467
1397
1397
1956
1886
1886
1886
1397
2445
1467
1467
1886
978
1467
1816
1466
1956
1397
1467
1816
1886
1467
1467
1397
1956
1467
1467
1955
1467
1886
1886
1956
1466
1467
1886
1467
1886
1467
1886
1956
1397
1467
1956
1956
1467
1397
1397
1886
1816
1886
1886
1955
1956
1956
1397
1886
1956
1398
1956
1886
1887
1397
2444
1955
1956
1956
1956
1397
1467
1886
1467
1886
1397
1956
1397
1886
1397
1467
1886
1887
1397
1886
1886
1956
1467
1956
1467
1467
1886
1956
1886
1397
1397
1956
1956
1397
1467
1956
2444
1956
1886
1956
1886
1397
1886
1886
1467
1816
1886
1956
1886
1467
1816
1886
1886
1397
1467
908
1886
1956
1956
1467
978
1886
1886
1886
1467
1886
1467
1955
1397
1956
1397
1886
1467
1956
1886
1397
1467
1467
1467
1467
1397
1397
1886
1397
1397
1886
1397
1466
1956
1467
1397
1467
1956
1886
1397
1956
1397
1397
1397
1467
1397
1886
1397
1397
1467
1467
1816
1467
1886
1397
1467
1886
1886
1886
1886
1467
1816
1467
1397
1467
978
1467
1886
1886
1886
1956
1397
1956
1886
1467
1467
1397
1886
1397
1398
1467
1886
1397
1397
1397
1956
1467
1886
1466
1467
1956
1956
1956
1887
1886
1886
1467
1886
1397
2445
1397
1886
1397
1886
2445
1467
1397
1956
1397
1886
1956
1886
1886
1886
1956
1397
1467
908
1886
1886
1886
1956
1397
1397
1956
1397
1886
1956
1886
2375
1886
1397
1886
1466
1886
3353
1817
1467
1886
1467
1956
1397
1886
1886
1956
2375
1886
1886
1397
1397
2375
1886
1397
1886
1467
1886
1466
1817
2445
1956
1886
1397
1886
1886
1467
1467
1467
1956
1467
1467
1886
1397
1886
1397
1467
1467
1398
1467
1397
1397
1886
1886
1397
1886
1397
1397
1397
978
1397
1397
1467
1467
1397
1467
1398
1398
1397
1467
1467
1397
1467
1886
1886
1467
1956
1467
1467
1956
1397
1886
1467
1397
1397
1467
1886
1956
1886
1397
1467
1397
1956
1956
1886
1467
1467
1467
1467
1956
1956
1467
1886
1886
1886
1397
1886
1397
1466
1886
1467
1397
1397
1956
1467
1397
1467
1467
1398
1398
978
1398
1397
1397
1886
10059
1397
1467
1467
1467
1397
1956
1467
1397
1886
1886
1398
1397
1886
1886
1397
1956
1397
1467
978
1397
1397
1955
1467
1397
1467
1816
1886
1397
1467
1817
1956
1956
1467
1956
1816
1886
1956
1467
1467
1886
1886
1467
1956
1397
1886
1886
1397
1467
2305
1955
1397
1886
1886
1397
1956
1467
1397
1886
1397
1886
1886
1397
1816
1886
1956
1398
1956
1886
1956
1956
1397
1886
1956
1956
2305
1397
1467
1886
1886
1397
1397
1956
1956
1956
1467
1886
1886
1956
1886
1397
1886
1956
1886
1397
2375
908
1886
1956
1886
1886
1886
1886
1955
1397
1886
1886
1467
1397
1467
1397
1467
1467
1466
1397
1467
1886
1816
1886
1886
1467
1467
1956
1397
1956
1467
1397
1886
1397
1467
1398
1886
1886
1467
1467
1886
1886
1956
1886
1467
1397
1467
1467
1886
1397
1397
1886
1956
1467
1886
1886
1886
1886
1956
1467
1467
1886
1886
1956
1886
1956
1467
1886
1467
1956
1397
1467
1886
1397
1956
1956
1886
1467
1397
1886
1886
1886
1466
1397
1956
1467
1956
1886
1955
1397
