1397
1467
1467
1886
1397
1467
1397
2375
1887
1887
1398
978
1397
1886
1467
1468
1467
1468
978
1887
1467
1887
1887
1816
1467
1956
1887
1816
1397
1467
1957
1887
1956
1886
1887
1886
1887
1886
1398
1886
1887
1886
1956
1886
1887
1468
1956
1956
1467
2375
1886
1397
1467
1816
1398
2446
1398
1886
1467
1467
1397
1467
1467
1397
1467
1467
1467
1397
1468
2375
1886
1467
1397
1467
1468
1397
1467
1467
1467
1467
1397
1957
1397
1467
1468
1397
1467
1886
1887
1397
1467
1468
1467
1467
1397
1468
1397
1397
1467
1887
2445
1398
1467
1397
1467
1397
1886
1398
1397
1886
1467
1467
1398
1397
2445
1397
1397
1467
978
1397
2445
1398
1467
1956
1397
2376
1397
1887
1467
1397
1397
1398
1468
1957
1398
1397
1468
1467
1887
1467
1467
1397
1467
1886
2445
2376
1886
1957
1398
1886
1398
1397
1468
1887
1467
1467
978
1397
1467
1467
1397
1886
1467
1398
1887
1887
1397
1397
1467
978
2376
1467
1397
1887
1467
1887
1397
1467
1467
1397
1468
978
1467
1467
1886
1468
1887
1467
1467
1468
1957
1467
1397
1398
1886
1398
1467
1467
1398
1397
1817
1886
1397
1886
1886
1397
1887
1467
1398
1397
1397
978
1397
1468
1467
1467
1467
1956
909
1467
1397
909
1956
1397
1957
1397
1398
1397
1397
2375
1467
1397
1467
1397
1397
1397
1397
1886
1398
2375
1886
1398
1397
1886
1397
1886
1397
1397
1467
1887
1397
1397
1467
1886
1467
1397
1398
1956
1398
1467
1467
1397
1467
1398
1886
1886
1397
1468
1467
1397
1467
1397
1398
1467
1887
1397
1817
1468
1886
2375
1398
1468
1397
1397
1397
1398
1397
1398
1468
1467
2376
1398
1468
1398
1956
1397
979
1467
1467
1956
1398
1397
1467
1467
1397
2375
1467
1397
1467
1956
1886
978
1468
1887
1397
1468
1886
1467
1397
1817
1397
2445
1467
1467
1397
1467
1397
1397
1887
2446
1467
2376
1397
10899
1467
2376
1398
1467
1397
2376
9641
1886
1886
1467
1467
1467
2446
1468
1397
1397
1398
1467
1467
1398
1467
1467
1467
1398
1468
1467
1398
1397
1467
1467
1397
1397
1467
1397
1398
1397
1397
1397
2376
1467
1397
1887
1397
1397
1467
1397
1467
1886
2376
1467
1397
1397
1467
1398
1397
1467
2375
1887
1397
1398
1397
2375
1467
1467
1886
1397
1468
1887
2375
978
1397
1468
1956
1398
1886
1397
1397
1397
1397
1886
1467
1398
979
2376
1397
1886
1398
1887
1397
1468
1397
2376
1957
1886
1887
1956
2305
1398
1467
1467
1398
1956
1467
1886
1398
1468
1468
1886
1397
1886
1397
2376
1467
1887
1468
1886
1397
1816
1398
1398
2445
1398
1467
2306
1397
1397
2305
1397
1398
1817
1467
1468
1467
1467
978
1467
1397
1467
1397
1467
1467
1397
1467
978
1467
1467
1397
1468
1467
1886
1398
1467
1467
1397
1467
1397
1467
1467
1886
1398
1467
1956
1397
908
1467
1398
1886
1816
1398
1887
1467
1398
1398
1886
1886
1398
1886
1467
1397
1468
10829
1398
1397
1467
2375
1467
1467
1887
1886
1398
1467
1467
1398
1887
1398
2445
1957
1398
1398
1467
1467
1468
978
1467
1397
1398
1957
1467
1467
1398
1397
1397
1468
1397
1397
1886
1887
1817
2375
1886
1467
1467
1886
1886
1397
1886
1886
1398
1397
1886
1397
1397
1468
1887
1467
1398
1886
1397
1887
1886
1467
1467
1398
1467
1956
1956
1397
1886
2376
1397
1398
1467
1398
2306
1467
1467
1397
1397
1467
1467
2376
1398
1468
1467
1398
1467
1397
1887
1398
1397
1467
1467
1467
1467
1397
1398
1467
1886
1398
1468
1467
1397
1467
1398
1886
1467
1397
1398
1467
1467
1467
1397
1467
1467
1397
1467
1467
1467
1467
1397
1468
978
1397
1467
1467
1886
1398
1397
1397
1467
1397
1468
1397
1397
1467
1886
1468
1397
1398
1468
1886
1887
1467
1397
1467
1467
1398
1397
1397
1956
1887
1468
1467
2376
1957
1398
2375
1957
1397
1397
1397
1467
1397
1467
1398
1956
1398
1397
1467
1397
1398
2306
1398
1397
1467
1467
1397
2375
1467
1886
1467
1398
1887
1467
1397
1397
1467
2375
1467
1956
1397
1467
1467
2376
1817
1467
908
1467
1397
1886
1397
1397
1397
2445
1467
1817
1397
908
1397
1467
1467
1467
1467
1467
1398
1467
1397
1467
1956
1397
1398
1398
1886
1397
2864
2376
1398
2375
1467
1956
1397
1887
1467
1398
1398
2445
1398
1397
1467
1397
1397
1397
2306
1467
1467
1887
1467
1398
1398
1468
1467
1467
1467
1887
1956
1398
1397
1467
1398
1467
1467
1956
1327
1467
1468
1886
1956
1467
2375
1467
1397
1467
2446
1397
1887
1816
978
1468
1887
1398
1397
1398
1397
1398
1397
1886
1886
1467
1397
2305
1398
2375
1467
1397
1956
1467
1467
1467
1817
1468
2376
1468
1397
1397
1886
1397
1467
1467
1886
1467
1398
1397
1397
1467
2376
1398
1956
979
1397
1397
1397
1398
1397
1887
1887
1887
1397
1398
1886
1467
1397
2375
1817
1398
1398
1887
1886
1467
1398
1467
1467
1398
1397
1467
1467
1467
1398
1397
1398
1467
1398
1397
1468
1467
1467
1886
1887
1467
1887
2375
1886
1467
1397
1397
908
908
1956
1397
1886
1397
1467
1467
6149
1397
1467
2376
1468
1467
1886
1467
1398
1468
1468
1467
1887
1467
1886
1886
1398
1467
1886
1957
1468
1817
1397
1886
1957
1957
1817
1886
1467
1467
2445
1398
978
1398
2376
1397
1467
1398
1887
1467
1467
1398
1886
1397
1397
1957
1956
1467
1956
1887
1398
1467
1397
1467
1397
1886
1398
1397
1468
1886
1397
1398
1887
1956
1887
1397
1397
1397
1886
1468
1886
978
1956
1397
1956
1467
1397
1957
1397
2376
1956
1886
1398
1397
1956
1397
1957
2375
1467
1887
2376
1468
1398
1886
1397
2305
1886
1397
1468
1397
1398
1397
1887
1397
1327
1886
1398
1956
1887
1397
1887
1397
1467
2375
