1467
1397
1466
1467
1467
1467
1467
1467
2445
1397
1956
1397
1466
1466
1397
1467
1466
1886
1466
1886
1885
1886
1397
1397
2864
1397
978
1467
1397
1397
1397
1397
1886
1397
1397
2375
1397
1467
1467
978
1467
1886
1816
1396
1467
1955
1397
1467
1467
1467
1467
1397
1397
1885
1396
1397
1886
1397
1397
1397
1466
1397
978
1466
2444
2374
1956
1466
1466
1397
1467
1397
978
1397
1397
978
1467
1885
1397
978
1396
1886
1397
1467
1467
1466
978
978
1397
1396
1886
978
1467
977
1397
1396
1397
1396
1397
1397
1397
1467
1467
978
1886
1397
1467
1397
1397
1397
1466
1397
1397
1397
978
1397
977
1467
1467
1396
1467
1397
1397
1397
1396
1467
1467
1466
1397
1466
1397
1466
1397
1397
1466
1397
1397
1886
1467
1466
1466
908
1397
1956
978
1397
1397
1467
1885
1467
1467
1397
1955
1397
1397
1466
1397
1397
1467
978
1397
1466
1396
908
1466
2305
1955
1397
1397
1397
1886
1816
977
1396
1396
1397
1955
1397
1397
1467
1467
978
1886
1956
1466
1956
1397
1397
1466
1467
2375
1467
908
1466
1955
1467
1466
1397
1467
1466
1397
1886
1396
1955
1466
978
1816
1397
1467
1397
1397
1397
1886
1466
1397
1396
1397
1886
1397
1397
1466
1466
1886
977
1397
1467
1956
1467
1886
1397
1816
1466
1886
978
1467
1816
1467
1397
977
1467
2375
1886
1397
1397
1886
1467
1396
1397
1466
1397
1397
1466
1467
1466
2445
1397
1466
1397
1397
1816
1397
1466
908
1397
1397
1467
1397
1397
977
1466
1885
1466
1467
1467
1467
1397
1466
1955
1467
1467
1397
1397
1467
1396
1467
1467
1396
1886
1397
1396
1397
1466
1467
1396
1397
1397
1467
1397
1397
1397
2374
977
908
1466
1397
1467
978
1397
978
1467
1466
1815
1467
1467
1885
1396
1466
1466
1467
1467
1466
978
1397
1467
1397
1467
1397
1397
1956
1885
1397
977
977
1467
1396
1397
1466
1467
1467
1467
1467
1397
1397
1396
1466
1396
977
1886
1397
978
1397
1397
1397
1396
1397
1396
908
1397
978
2375
1397
1397
1396
1466
1466
1397
1466
1466
1886
1885
1467
1397
1885
1397
978
1467
1886
1467
1396
978
1885
1466
1466
1467
1467
1467
1816
1397
1467
1886
1397
1886
1885
1467
1397
1466
1886
1467
1466
1397
1397
1466
1956
1885
1886
1467
1467
1396
1466
1397
1397
1397
1397
1466
1397
1397
1467
1397
978
1397
1466
1467
2445
1467
1467
1886
1467
1397
1467
1396
1397
1397
1397
1885
1396
2374
1397
1467
1397
1467
1466
1397
1397
1466
1397
1467
1467
1397
1466
1397
1467
1397
1467
1886
1885
1397
1886
1397
1467
1466
1885
1467
1396
1397
1466
1816
1397
1396
1885
2375
1397
1886
1397
1466
1467
1397
1397
1397
2374
1397
1397
1467
1397
1397
1467
1467
1467
1467
908
1397
1467
1397
1885
1466
1397
1397
1397
1467
1397
1467
1466
1467
1397
1397
2375
1466
2304
1397
1397
1466
1466
1886
1396
1467
1396
1467
1886
2374
1397
1466
1397
1397
1466
1397
1467
1397
1467
1885
1396
2374
1886
2375
1397
2305
1467
5099
1885
1467
1397
1467
1397
1886
1466
1397
1955
1886
1396
1886
1467
1397
1467
1956
1466
2304
1467
1885
1816
1815
1886
1886
1467
1816
1467
1466
1467
1396
1467
1397
1467
1397
1397
1397
1466
1467
1956
1956
1955
1467
1885
1397
1886
1397
1885
1955
1397
1955
2375
1467
1467
1885
1886
1886
1885
1886
1885
1397
1396
1956
1467
1886
1467
1956
1397
1886
1886
1886
3352
1956
1396
1886
1956
1955
1397
1397
1886
1886
1397
1956
1886
1886
1397
1397
2374
1956
1886
1956
1397
1467
1467
1397
1956
1956
1886
16064
2375
1467
1397
1816
1886
1466
1396
1885
1955
1466
1467
1397
1466
1886
1396
1467
1466
1397
1466
1816
978
1816
1886
1397
1886
1467
2374
1397
1397
1467
1397
1466
1955
1956
1467
1397
1397
1886
1467
1466
1397
1466
2304
1467
15365
1397
1397
1397
1885
1397
1397
1466
1886
1886
1885
1815
1467
1466
1397
1396
1956
2444
1397
1467
1885
1886
1885
1885
1466
1885
1956
2375
1956
1397
1885
1886
1466
1886
1397
2445
1886
1956
1956
1467
1885
1397
1466
1397
1466
1397
1466
1397
1397
1397
1467
1397
1467
1397
1886
1397
1467
1885
1467
1886
1397
1397
1467
1397
978
908
1397
1397
1886
1397
1885
1467
1397
1467
1467
1466
978
1467
1467
1467
1397
1886
1467
1397
1886
1396
908
1467
1396
1956
1467
1467
1467
1397
1955
1467
1466
2375
1467
1956
1467
1816
1816
1466
1396
1467
1396
1397
1885
978
1467
1397
1397
977
1396
1467
1397
1466
1466
1396
1467
1397
1886
1466
1397
1467
1886
1816
1955
1397
1956
1397
978
1397
1466
1886
1885
1397
1955
1397
1466
1886
1885
908
1397
1467
2375
1397
1397
1956
1467
1397
1467
1467
1466
1956
1467
1396
1467
1466
1886
1397
1886
1466
1956
1397
1467
1396
1467
1397
978
908
977
1397
1397
1397
1397
2375
1397
1397
1955
1397
1397
1467
1466
1397
1397
1885
1397
1397
1466
1467
1396
1956
1467
977
1467
1397
1956
1397
1886
1397
1397
1397
1327
1466
1397
978
1396
1885
908
978
1467
1885
1397
977
1467
908
1467
1397
1396
1886
1467
1397
978
1466
1467
1397
1466
1466
1816
1466
1396
1467
1397
1397
1466
1467
1397
1466
1886
1886
1886
1397
1956
1955
1466
1816
1956
1885
1886
2374
1956
1466
1397
1886
1886
1396
1955
1886
1466
1467
1467
1396
1467
1397
1467
978
978
1467
1467
978
1886
978
1397
1397
1467
1886
1397
908
2375
1886
1467
1467
1467
1885
1466
1397
1466
1467
1467
1467
1397
1397
1396
1886
1466
1467
1397
1467
1467
1885
1397
1397
977
1397
1467
1466
1397
1397
1467
978
1885
1467
1955
978
1397
1467
1396
1396
1467
1467
