1397
1397
1467
1886
1886
1398
1397
1397
1816
1467
1467
1397
1397
1467
1397
908
1886
1398
1467
1955
1467
1397
1467
1886
1886
1886
1886
1467
1398
1467
1398
1397
1397
1397
1886
1467
1887
1956
1467
1397
1886
1886
1467
1397
1397
1467
1467
1467
1886
1886
1397
1467
1886
1956
1956
1886
1956
1397
1467
1886
2864
1886
1886
1956
1886
1886
1956
1886
1886
978
1956
1886
1886
1956
1886
1816
1467
1886
1467
1886
1886
1956
2375
1956
1886
1397
1467
1887
1886
1886
2375
1397
1886
1956
1397
1397
1956
1886
1816
1886
1397
1467
1886
1397
1467
1397
1955
1467
1956
1816
1467
1467
1467
1886
1956
1467
1886
1397
1397
1956
1397
1467
1397
1467
1397
1467
1887
1467
1397
1397
1956
1467
1467
1886
1467
1956
1886
1397
1467
1397
1397
1886
1466
1397
1886
1886
1467
1886
1956
1956
1886
1467
1887
1467
1398
1397
1886
1886
1467
1886
1467
1816
1886
1467
1886
1397
1397
1397
1397
1467
1397
1397
1467
1467
1397
1397
1397
1816
1956
1467
1467
1467
1397
1886
1397
1397
1956
1397
1886
1397
1397
1886
978
1397
1467
1397
1467
1467
1467
1397
1397
1467
1886
1886
1886
1956
1956
1817
1397
1467
1397
1398
1467
1398
1886
1397
1397
1467
1886
1886
1467
1397
1467
1397
1955
1397
1467
1886
1397
1467
1467
1397
1397
1397
1886
1886
1886
1397
1886
1886
1467
1397
1956
1817
2445
1397
1467
1467
1467
1397
2375
1467
1397
1886
1886
1397
1886
1955
1956
1467
1956
1467
2375
1956
1886
1886
1886
1467
1956
1397
1467
1886
1956
1887
1397
1466
1467
1397
1886
1886
1886
1887
1886
1956
2375
1955
1886
1467
1886
1397
1886
2864
1886
1886
1956
1886
1956
1886
1886
1887
1956
1956
1467
1886
1956
1467
1886
1397
1397
1467
1397
1956
1886
1886
1397
1887
1397
1816
1467
1467
1886
1466
1886
1886
1886
1886
1397
1956
1467
1956
1467
908
1886
1886
1467
1956
1397
1397
1956
1817
1886
1886
1467
1467
1466
1956
5589
1467
2375
1886
1886
1397
1956
1467
1397
1397
1956
1397
1886
1816
1817
2306
1467
1397
1467
1467
1397
1397
1886
1886
1397
1397
1956
1467
1467
1397
1886
909
1886
1397
1397
1397
1467
1398
1467
1886
1397
1397
1467
1397
1467
1397
1397
1467
1397
1397
1886
1397
1886
1887
1467
1467
1886
978
1956
1397
1886
1886
1886
1956
1467
1886
1467
1956
1886
1886
1467
1397
1397
1467
1467
1956
1467
1956
978
1886
1816
1886
1955
1397
1397
1816
1887
1956
1467
1886
1956
1397
1887
1956
1397
1397
1956
1956
1956
1956
1886
1816
1956
1956
1886
1886
1467
1886
1397
1397
1397
1887
1886
1886
1886
2375
1816
1886
1887
1467
1817
1886
978
1467
1397
1956
1886
1398
1397
1467
1956
1956
1397
1956
1397
1467
1467
1816
1397
1397
1467
1886
1886
1397
1956
2445
1467
1467
1956
1467
1886
1467
1886
1956
1467
1956
1467
1886
1467
1886
1886
1956
1956
1886
1886
1886
1956
1886
1956
1886
1467
2375
1466
1887
1956
1397
1955
1886
1886
1886
1397
1956
1886
1956
1886
1467
1397
1397
1956
1886
1956
1887
1397
1956
1887
1397
977
1467
1397
1955
1886
2444
1397
1886
1467
1467
1956
1467
2375
1397
1956
1397
1816
1956
1886
1467
1467
1886
1886
1956
1397
1886
978
1886
1466
1886
1956
1816
1886
1886
1886
1397
1467
1467
1886
1886
1956
1956
1467
1397
1397
1886
1816
1817
1956
1886
2445
1956
1816
1397
1467
1887
1887
1887
1886
1467
1467
1467
1887
1886
1816
1886
1397
1886
1886
1397
1886
1886
1886
1467
1886
1467
1887
1956
1397
1397
1886
1886
1467
1886
1886
1956
1816
1398
1886
1397
1886
1886
1886
1466
1886
1886
1467
1886
1886
2375
1886
1886
1816
2375
1886
1397
1956
1956
1467
1817
1817
1956
1467
11806
1886
1397
1886
1397
1886
1886
1817
1467
1466
1397
1886
1467
1956
1397
1886
1397
1397
1397
1886
1956
1886
2934
1886
1886
1397
1886
1956
1467
1887
1886
1956
1956
1887
978
1467
1467
1467
1886
1816
1467
1886
1397
1467
1886
1886
1467
1886
2375
1956
1397
1956
1887
908
1397
1816
1397
1886
1397
1886
1956
1397
1886
2445
1886
1886
1397
1886
1467
1467
1816
1397
1816
1397
1467
1886
1467
1956
1956
1886
1955
1886
1886
1886
1956
1886
1467
1956
1956
1886
1886
1886
978
1467
1397
1886
1886
2375
1886
1886
2375
1397
1886
1397
1886
978
1887
1886
9431
1956
1467
1886
1886
1467
2375
1817
1886
1467
1887
2445
1886
1397
1886
1466
3353
1886
1397
1816
1397
1886
1956
1886
1886
1956
2934
1886
1397
1886
1886
1886
1397
1886
1955
1886
1817
1467
1886
1886
1886
1886
1956
1397
1467
1397
1397
1467
1956
1397
1467
1467
1956
1886
1467
1397
1886
1886
1886
1886
1467
1467
1397
1397
1467
1886
1397
978
978
1886
1816
1467
1886
1397
1467
1467
1956
1397
1886
4750
2375
1467
1886
1886
1886
1467
1467
1467
1467
1397
1816
1886
1886
1467
1397
1887
1956
1886
9570
1397
1956
1886
1397
2375
1956
1886
1955
1886
1956
1467
1467
1956
1397
1467
1467
1397
1467
1956
1467
1816
1466
1467
1886
1886
1956
1397
1886
1467
1397
1467
1466
1886
2375
1956
1397
1467
1816
1886
1397
1467
1886
1467
1886
1886
1817
1397
1398
1397
1956
1886
1397
1466
1397
1467
1886
1467
1397
1467
1886
1397
1467
1886
1467
1886
1467
1955
1397
1886
1956
1956
1886
1397
1397
1467
1397
2375
1886
1467
1467
1886
1886
1397
1886
1886
1466
1467
1467
1956
1467
1397
1886
1397
1467
1397
1466
1886
1467
1397
1397
2375
1397
1397
1397
1397
1467
1466
978
2375
1467
1467
1467
1467
1397
1467
1467
1467
1467
1956
1397
1397
1467
1886
1467
978
1397
1467
1397
1467
1467
1886
1467
1397
2445
1467
1397
1397
1397
