1957
1956
1467
1956
1887
1957
1886
1887
1467
1887
1886
1956
1886
1397
1887
1887
1398
1887
1886
1886
1397
1468
1397
1468
1468
1398
1956
1886
1467
1886
1817
1398
1467
1467
1956
1467
1467
1467
1886
1887
1886
1468
1397
1398
1397
1468
1397
1467
1468
1467
1886
1397
1398
1817
1887
1468
1886
1467
1886
1467
1467
1887
1398
1468
1468
1957
1957
1397
2306
1956
1468
1887
1397
2375
1886
1956
1887
1398
2446
1886
1886
1397
1398
1887
1817
1956
1468
1887
1886
1467
1397
1468
1886
1956
1886
2375
1467
1467
1467
1886
1956
1886
1398
1467
1398
1468
1467
1397
1886
1467
1956
1467
1887
2376
1956
978
2376
1886
1468
1467
1816
2446
1956
1398
1467
1468
1398
1398
1467
1397
1957
1887
1956
2376
1886
1467
2376
1467
978
1886
1886
1816
1468
1467
1887
1887
2376
1816
1956
1886
1397
1817
1956
1956
2375
1887
1887
978
1467
1467
1468
1956
1467
1886
1467
1886
1398
1887
1886
1467
1956
1467
1467
1467
1467
1467
1817
1397
1887
1398
1467
1398
1467
1468
1467
1397
1467
1467
1467
1397
1397
1397
1886
1468
1398
1397
1398
2376
1957
1398
1467
1397
1397
1956
1886
1398
1468
1467
1467
1397
1397
1467
1397
1467
1397
2306
1887
2375
1956
1397
1397
12087
978
1887
1467
1887
1468
1467
1467
1398
1468
1886
1467
1397
978
1397
1467
1397
1468
1398
1467
1397
2376
7896
1397
978
1956
1956
1468
1467
1398
1398
1397
1397
1397
2306
1468
1467
1467
1886
1398
1886
1397
1397
1398
1397
1398
1817
1397
1397
1467
1398
1398
2376
1397
1398
1956
1397
2305
1468
1817
1468
1397
978
1397
1886
1397
5170
1398
1398
15162
978
1468
1467
978
1817
1467
1398
1397
1397
1398
1467
1468
1886
1956
1467
1397
1816
1467
1397
1397
978
1467
2376
1887
1468
1468
1467
1397
1956
1468
1886
1397
1956
978
1398
1467
1397
1398
1398
1467
1397
1467
1398
1468
1398
1397
1467
978
1956
1468
1467
1398
1467
1467
1397
1816
1398
1886
1467
1468
1817
1397
1956
1398
1467
1467
1467
1467
1887
2446
1467
1397
1398
1468
1886
1468
1397
1467
1886
1886
1467
1467
1886
1397
1467
1398
1956
1956
1956
1397
1817
1956
1398
1956
1467
1467
1398
1467
1468
1397
1467
1398
1397
1467
1467
1887
909
1397
1397
1398
1398
1467
1956
1817
1397
1398
1397
1887
2306
1886
1397
1397
1397
1397
1468
908
1467
1467
1468
1467
1397
1886
1467
1398
1467
1397
1397
1467
1468
978
57154
1467
1467
1397
1467
1886
1467
1957
1397
1887
1397
1468
1467
1887
1397
1397
1398
1397
1398
1398
1887
8944
1397
1397
1468
1887
1887
1468
1397
1468
1397
1467
1397
1397
1468
1467
1467
1467
1467
1397
1467
1397
1467
979
1398
1397
1817
1328
1886
1397
1467
1467
1886
978
979
1398
1397
1397
978
1397
1397
1398
1887
1397
1467
1468
1886
979
1887
1467
1397
1397
2864
1397
1467
1886
1817
1397
1397
1467
1397
1398
1398
1398
1467
1397
1468
1467
1467
1397
1397
1467
1887
1817
1467
1886
1397
1397
2306
1886
1468
1467
1468
1397
1816
1398
1467
1467
1398
1886
2375
1467
1397
1398
2305
1886
1956
1397
1956
1956
1887
1467
1397
1468
1467
1397
1467
1467
1468
1957
1397
1886
1397
1887
1467
1397
1397
1467
1957
2376
1468
1398
1398
1397
1467
1467
1468
1467
1397
1398
1887
2446
978
1397
1467
1397
1398
1468
1467
1397
1468
1467
2376
1886
1398
1887
1397
1398
1468
1398
1398
1397
1397
1467
1886
1468
1887
1397
1956
1957
1468
1397
1468
1467
1397
1956
1956
1397
1397
1398
1887
1467
1397
1887
1467
1816
1397
1397
1886
1887
1468
1956
1398
1398
1398
1956
1397
1887
1886
1398
1397
1397
1467
1398
1398
1886
1397
1398
1467
1468
2376
1956
1398
1468
1468
1398
1397
1957
1468
1398
1816
1467
1397
978
1397
1467
1397
1467
1467
1887
1956
1467
1398
1468
1398
1398
1467
1397
1467
978
1956
1468
1397
1397
1467
1886
1397
1467
1887
1886
1817
1886
1397
1467
1467
979
978
1467
1468
1468
1468
1398
1468
1467
1398
1468
1467
1887
1886
1398
1467
1398
1468
1468
1817
1397
1397
1398
1397
1397
1886
1397
1398
2376
1467
1398
1957
1397
1397
1398
1398
1886
1467
978
1398
9642
1397
1397
1957
1397
1397
1957
1467
1467
1956
1397
1468
1468
1398
1887
1467
1398
1397
1886
1398
1887
1468
1957
1887
1467
1886
2865
908
1467
1398
1398
2376
1398
1397
1397
978
1467
1468
1887
1397
1397
1397
2376
1398
1957
978
1467
1467
1886
1886
1398
1397
1467
1467
1467
1398
1397
1468
1887
1397
1468
1398
1398
1397
1397
1398
1886
1397
1468
978
1467
1398
1886
1397
1467
1467
1467
1887
1468
1397
1957
1397
1398
1467
1397
1467
1467
1398
1467
1397
1397
1467
2375
1887
1467
1398
1397
1886
1956
1467
1467
1467
1397
1468
1468
1397
1397
2376
1398
978
1398
1467
1956
2445
1886
1398
1887
1887
1398
1398
1397
1397
1887
1398
1467
1398
1468
1467
1397
1398
1887
1467
978
1397
1886
1468
1397
1467
1467
1467
1397
1467
1397
1886
1467
1956
1467
1397
1887
1397
1397
1398
1887
1886
1397
1467
1887
1398
1957
1886
1467
1956
1817
1467
1398
1957
1816
2376
1397
1467
978
1957
1956
1886
1397
1467
1467
1887
1468
1468
1467
909
978
1397
1468
1468
1467
1467
1956
1468
1467
978
5729
1956
1397
1887
1398
1398
1467
1467
1398
978
978
1397
1467
1397
908
1397
1398
1956
1468
1467
1956
978
1467
1398
909
1887
1887
1397
1467
1468
1397
1398
1468
978
1467
2375
978
1467
1467
1467
978
1467
1467
1468
1956
979
1468
1467
1397
1397
1956
1467
1467
1398
1397
1467
1468
1398
1397
1468
1468
1468
1398
1468
1397
1467
1956
1398
1468
1956
2445
1956
