1956
1467
1956
1467
1397
1886
1886
1467
1467
1886
1466
1466
1467
1397
1397
1466
1397
1397
1467
1397
1397
1466
1397
1397
1397
1397
1886
1467
1397
1397
1467
1467
1956
1467
1466
1467
1466
1397
1467
1397
1397
1397
1467
1397
1467
1817
1397
1886
1467
1467
1886
1886
1397
1467
1397
1397
1886
1467
1397
1956
1816
1956
1956
1886
1467
1467
13272
1886
1467
1397
1467
1886
1467
1956
1886
1397
1397
1467
1956
1886
1885
1467
1467
1467
2375
1467
1467
1397
1397
1955
1467
1467
1956
1467
1397
1956
1467
1886
1397
1397
1397
1397
1467
1397
1397
1467
1397
1886
1397
1956
1397
1466
978
1956
1467
1396
1886
1397
1886
1397
1397
1466
1466
1397
1397
1466
1397
1467
1397
1467
1467
1397
1397
1886
1397
1466
1397
1886
1467
978
1397
1397
1466
1397
1397
1467
1397
1397
1467
1467
1397
1955
1397
1467
1467
1886
1397
1467
1885
1816
1467
1467
1397
1397
1467
1397
1467
1886
1886
1467
1397
978
1466
1467
1467
1466
1397
1467
1886
1397
978
1397
1397
1467
1397
1397
1397
1397
1956
1467
1397
1467
1467
1397
1467
1467
1816
1397
1886
1397
1397
1397
1467
1816
1467
1397
1397
1467
1467
1885
1397
1397
1466
1956
1397
1466
1466
1956
1397
1467
1397
1397
1467
1397
1886
1886
1956
1397
1956
1467
1467
1467
1397
1886
1956
1397
1886
1956
1885
1886
1397
1397
1397
1886
1886
1467
1956
1956
1467
1956
1397
1397
1397
1886
1956
2445
1886
1467
2305
1397
1956
1886
1467
1886
1397
1886
1467
1397
1886
1956
1956
1886
1956
1397
1886
1886
12434
1886
1467
1467
1956
1467
1956
1467
1397
1467
1467
1956
1886
1467
1397
908
1956
1816
2445
1956
1397
1886
1397
1467
1886
1397
1467
1886
1886
1886
1467
1467
1467
1466
1955
1956
1397
1467
1467
1467
1886
1466
1397
1397
1886
1397
1467
1956
1467
1886
1397
1956
1397
1886
1885
1886
1467
1886
1467
1466
1466
1816
1466
1886
1397
1956
1397
1466
1397
1397
1956
1397
1397
1956
1467
1467
1397
1816
1467
1466
1467
1467
978
1467
1886
1886
1466
1397
978
1886
1397
1886
1397
1886
1397
1467
1467
1467
1467
1397
1466
1467
1397
1467
1886
1886
1397
1397
1466
1397
1467
1886
1467
1467
1397
1886
1397
1397
1397
1956
1467
1467
1397
1397
1886
1397
1886
1397
1956
1466
1956
1886
1467
1956
1886
1397
1956
908
1397
1956
1886
1886
1467
1956
1397
1956
1467
1467
1956
1886
1886
1397
1816
1886
1467
1397
1467
1467
1955
1956
1397
1467
2445
1886
1397
1886
1886
1467
1956
1466
1467
1467
1467
1886
1955
1886
1886
1467
1886
1816
1467
1885
1397
1816
1886
1885
1467
1397
1397
1467
1886
1886
1956
1886
1886
1886
1886
1397
1397
1955
1886
1886
1816
1886
1956
1886
1397
1886
1886
1886
1886
1956
1397
1886
1956
1886
1886
1467
1397
978
1466
1886
1397
1466
1956
2375
1886
1397
1397
1467
1886
1886
1817
1397
1886
1816
1467
1886
1956
1397
1397
1886
1886
1956
1816
1956
1397
1467
1886
1886
1397
1956
1467
1886
1956
1397
1467
1467
1886
1397
1956
1397
1816
1956
1886
1956
1886
1467
1886
1467
1397
1397
1467
1467
1886
1397
1397
1397
1816
1397
1467
1886
1467
1467
1467
1397
1955
1467
1886
1466
1397
1956
1397
1886
1397
1956
1397
1467
1397
1886
1816
1397
1816
1886
1467
1397
1467
1467
1397
1466
1397
978
1886
1956
1956
1397
1397
1467
1397
1397
1956
1397
1886
978
1956
1955
1467
1467
1467
1886
1467
1886
1956
1886
1467
1956
1956
1397
1397
1886
1885
1956
1886
1956
1397
1886
1956
908
1956
1467
1397
1886
1886
1886
1955
1886
1466
1886
1886
1397
1886
1886
62446
1886
1886
1816
1886
1886
1467
1397
1397
1886
1955
1886
1467
1397
1885
1397
2375
1466
1397
1956
1886
1397
1816
1397
1886
1467
1886
1397
1467
1397
1955
1397
1886
1397
1467
1886
1886
1886
1467
1466
1886
1467
1466
1886
1956
1467
2375
1397
1467
1886
1467
1467
1397
1886
1956
1956
1886
1886
1397
1397
1467
1467
1886
1467
1467
1467
1397
1467
1467
1467
1467
1886
1397
1397
1886
1397
1467
1397
1397
1467
1886
1467
1817
1467
1467
1397
1467
1397
1467
1886
1956
1467
1397
1467
1467
1467
1886
1956
1397
1886
1397
1397
1397
1397
1397
978
1397
1466
1466
1886
1397
908
1956
1467
1886
1956
1397
1397
1886
1886
1956
1397
1955
1886
1956
1467
1397
1886
1885
1956
1886
1955
1956
1816
1886
1467
1886
1886
1956
1467
1886
1886
1955
2794
1467
1886
2375
1886
1886
1886
1467
1397
1397
1886
1886
1467
1955
1467
1467
1467
1886
1955
1956
1886
1396
1397
1886
978
1467
1956
1885
1886
1886
1886
1886
1467
1467
1397
1397
1956
1885
1956
1467
1467
1886
2375
1956
1955
1886
1397
1886
1467
1397
1885
1467
1397
1886
1397
1885
1886
1886
1886
1956
1467
1466
1467
1397
1956
1397
1467
908
1886
1397
1886
1467
1397
1467
1886
1397
1886
1397
1467
1467
1397
1397
1467
1886
1886
1397
1397
1886
1956
1397
1886
1886
1956
1886
1467
1397
1467
1956
1466
1886
1397
1816
1886
1467
1397
1467
1467
1467
1397
1467
1397
1397
1885
1886
1886
1885
1397
1397
1467
2374
1886
1467
1956
1467
1956
1467
1467
1397
1467
1467
1467
1397
1886
1467
1397
1956
1467
1397
1397
1886
2375
1886
1956
1467
1956
1886
1467
1816
1956
1397
1467
1467
1886
1956
1467
1886
1956
1885
1886
1886
1397
1886
1956
1467
1886
1467
1886
1956
1886
1886
1397
1816
1816
1397
1886
1397
1816
1397
1956
1885
1956
1886
2374
1886
1886
1886
1816
1956
1886
1886
1467
1397
1467
1397
1816
1397
1467
1956
1885
1886
1397
1886
1955
1886
1397
1886
1467
1956
1886
1397
1467
1816
978
1885
1397
1886
1816
1955
1956
