1467
1397
2445
1467
1467
1467
1957
1956
1397
1397
1397
1467
1398
1397
1956
1397
1467
2445
2376
1956
1397
1467
1467
2306
1886
1467
1467
1397
1467
1468
1467
1397
1398
1467
1887
1467
1397
1398
1467
1886
1886
1467
1467
2935
1397
2375
2306
1397
1397
1397
1398
1397
1398
1398
1397
3842
2376
1397
1397
1467
1397
2375
1397
1397
1467
1468
2446
1467
1886
1886
1886
1886
1956
1397
1886
2305
2445
1467
1886
2445
1886
1886
1467
1956
2445
1887
1467
2375
1887
2375
1887
1397
1886
1886
2376
1886
1887
1956
1886
1397
1886
1956
1956
1886
1887
1957
1956
1886
1886
1886
1887
1956
1957
1397
1886
1397
1468
1886
1886
1467
2375
1956
1467
1886
1397
1886
2794
1886
1886
1886
978
1397
1398
1467
2375
1397
2375
2446
1887
1467
1956
1397
1467
1886
1397
1398
1397
1956
1467
908
1398
1397
1397
2445
1467
2376
1887
1886
1886
2865
1397
1886
1468
1957
1887
1817
1887
1467
1397
1467
1398
1467
1957
1397
1397
1956
1956
1398
1397
1467
1398
2376
1467
1397
1467
2375
2376
1957
1397
1887
1397
1886
1887
1467
1956
2376
1887
1397
1397
1397
1397
1397
1398
1468
1886
908
1397
1467
1397
1956
1398
1886
1397
1397
1397
1397
1886
1397
1467
1397
1886
1398
1956
1397
1398
2376
1467
1397
1397
1468
1397
1398
1397
2375
2376
1467
1956
1397
1467
2375
1398
1886
2305
1397
1398
1956
1886
1467
2445
1887
1886
1957
1886
1397
1467
1887
2445
1887
1956
2864
1886
1467
1816
1467
1886
1956
908
1467
1886
1887
1887
1956
2375
1886
1397
1886
1398
1886
1886
1467
2794
1397
1956
1956
1468
2445
1886
1397
1467
1817
978
2375
1886
1886
1887
1467
1467
1957
1887
1467
1886
1956
1467
1886
1467
1397
1886
1886
1887
1956
1957
1887
1467
1886
1817
2794
1468
1886
1886
1957
1398
1956
1887
1886
2376
1468
1817
1397
1397
1398
2376
2375
1956
1886
2305
2376
1467
1397
1467
1467
1886
1956
2445
1886
1397
1397
1468
1957
1467
1956
2376
1467
1468
2445
1886
1397
1468
2305
1468
1817
1467
1467
1468
1397
2375
1886
2864
1887
1467
1817
2376
1467
1886
1397
1467
1887
2375
1886
1467
1956
1467
1467
1956
1398
1467
1887
1467
2375
2305
1886
1956
1816
1467
1467
1467
1467
1398
1886
2375
1887
1817
1887
1886
1467
2376
1467
1467
1886
1956
1467
1816
1886
1886
1956
1397
2376
978
1467
1467
2375
1886
1956
1398
1886
1468
1956
1956
1887
1887
1956
908
1816
2375
1887
978
1886
1956
1886
2306
1467
1397
1886
1468
1956
2795
1467
1397
1397
1397
1886
1957
1886
1886
1817
1398
1398
1467
1886
1886
1956
1887
1956
1397
1956
1467
1397
1397
1398
2306
1468
1468
1957
1886
1467
1886
1397
1398
1887
1397
2375
1467
1467
1398
1956
1467
1956
1467
1397
1886
1467
1956
1886
1467
2376
1956
1397
1467
1397
1397
1956
1398
1467
1398
1397
1816
1467
1397
1467
1886
2375
1467
1398
3773
1886
1467
1467
1467
1816
1397
1467
1886
1398
1467
2306
1887
1397
1397
1397
1467
1467
1397
1398
2934
2865
2375
1467
1467
1467
1397
1467
1956
1887
1467
1467
1468
1467
1956
2446
2305
2376
1397
1887
1467
1397
1886
979
1886
1886
1397
1467
1397
1467
1397
1956
1397
1397
1467
1817
1397
1467
1816
1397
1397
1468
1467
1467
1397
1467
1468
2445
1397
2794
2375
1887
1467
1397
1397
1467
1397
1397
1886
1467
1467
1886
1886
1467
1467
2375
1887
2376
1886
1467
1467
1887
1397
1956
1886
1397
1468
1467
1397
1398
1467
1886
1397
1397
1886
3353
1817
1956
1887
1886
1956
1467
1467
1886
1397
1886
2445
1398
1397
1398
1397
1467
1467
1467
1397
1468
1467
1467
1467
1467
1816
1398
1467
1467
1886
1816
1398
1467
1397
1956
978
1468
1886
1467
1886
1397
1467
1397
1956
1467
1956
1397
1467
1397
1397
1398
1467
1467
1397
1467
1397
1467
1467
1398
2375
1468
1398
2375
1467
1887
1467
979
1467
1398
1467
1397
908
1398
1467
1467
1397
1467
1398
1467
978
1467
1467
1397
1467
1397
1467
1397
1886
1467
1467
1398
1397
1397
1467
1886
1397
1467
1467
1467
1467
979
1397
1397
1467
1398
1467
1467
1398
1398
1467
1397
1397
1398
1397
1398
1956
1467
1468
1886
978
1467
1468
1956
978
1398
1468
1817
1887
1397
1397
1467
1397
1467
1467
1886
978
1398
1397
1397
1397
2375
2375
1398
1956
2375
1886
1397
1887
1467
1956
1886
1956
1467
1467
2375
1886
1397
1816
1467
2375
1886
1467
1816
1887
1886
1397
1886
1397
1398
1468
1886
1886
1397
1956
1467
1886
1467
1467
1886
1887
1397
1397
2375
1887
1467
1956
2376
1886
1886
1886
1397
1886
2375
978
1886
1397
1956
978
978
1397
1887
1886
1956
1467
1397
1467
1467
1956
1397
1397
1398
978
1397
978
1956
2375
979
1467
10899
1816
3842
1397
1467
1397
1467
1397
1467
1467
1467
1397
1468
1467
1886
2376
1467
1398
2445
1397
1886
1886
1956
1817
1467
1957
1398
978
1956
1816
1957
1887
1886
1956
1397
979
1957
1467
1397
1887
1467
1398
1467
1467
1467
1397
1956
1397
2306
1467
1467
1467
1398
1397
1397
1397
1467
1468
1467
1468
1887
2305
1467
978
1467
1468
1397
1886
1886
1468
1397
978
1398
1467
1467
1397
1467
1887
1397
1467
1467
1886
1956
1397
1956
1397
1397
1956
1398
1467
1397
1397
1886
1397
909
1467
1397
1887
1468
1467
2375
1397
1398
1887
978
1886
2375
978
1886
1467
1467
978
1397
1467
1467
1467
1467
1398
1397
1886
1956
1886
1397
1397
2306
1397
978
1468
1956
1468
1397
1397
1957
979
1397
1957
2305
1886
1886
1886
1397
1956
1956
1397
1956
1397
1397
1887
1956
1467
1397
1956
1397
1957
1887
1397
2376
1957
1468
1467
1467
1468
978
1398
1398
