2375
1396
1397
2374
1396
1466
1397
1466
1396
1397
977
2375
1886
1467
1397
1467
1467
1886
1955
1397
1467
1816
1466
1886
1885
1397
908
1397
1397
1955
1467
1466
2374
1467
1885
1397
1397
1466
1466
1397
1467
1397
1955
1467
1885
1396
1466
1885
1397
1467
1397
1466
1466
1467
1397
1397
1466
1467
1466
1886
24234
2374
1466
1955
1466
1955
1396
1885
1396
1467
1466
1397
1956
1396
1397
1397
1466
1467
1397
1397
1466
1467
1467
1397
1816
1397
1397
1467
1397
1397
1885
1467
1467
1397
1397
1396
1466
2444
1397
1885
1396
1397
1466
1467
1956
1467
1466
1397
1466
1396
1397
1396
1466
2374
1397
1397
1397
1467
1397
1397
1466
1467
1466
1397
1396
908
1397
1467
1396
1467
2444
1397
1396
1397
1886
1466
1885
1816
1397
2864
2863
1397
2374
1397
1397
1396
1396
1467
1397
1397
1466
1816
1396
2305
1467
1396
1466
1467
1467
1397
1466
1397
1396
1466
1467
1466
2375
1397
1397
1467
1467
1956
1885
1396
1396
1397
1397
1466
1396
1466
1467
1397
1467
1397
1397
1467
1397
1397
1397
1397
1467
1466
1397
1396
1397
1885
1397
1467
1397
1397
1466
1397
1396
1467
1886
1467
1396
977
977
1467
1397
1466
1396
1467
1466
1397
1397
1956
1466
1467
1397
1397
1466
1397
1397
1467
1886
1467
1467
1396
1467
1956
1467
1956
1466
2304
1467
1397
1467
1467
1885
1396
1467
1466
1886
1396
978
1886
1466
1466
1397
1396
1397
1396
1396
1397
1466
1886
977
1396
1397
978
1466
1397
1397
1467
1397
1396
1397
1397
1466
1397
1397
1397
978
1396
1886
1886
1396
1886
1397
1467
1397
1397
1816
1467
1397
1466
1886
1467
1467
1466
1466
1397
1397
1397
1466
1397
1396
1397
1397
1466
1885
1396
1397
1396
1955
1397
1886
1466
1886
1397
1397
1397
2375
1397
1467
1467
977
1397
1466
1467
1955
1466
1397
1467
1397
1467
1466
1466
1397
8171
1397
1467
1397
1397
1396
1466
1397
1466
1466
1467
1466
2304
1467
1955
1467
1397
1467
1466
1886
1397
1396
1466
1466
1886
1397
1466
1397
1467
1955
1397
1397
1397
1396
1397
1397
1466
1397
1467
1397
1397
1397
1397
1886
1467
1467
1467
1397
1397
1397
1397
1466
1885
1397
1466
1396
1466
1397
1397
1467
1397
1467
1397
1467
1955
1396
1396
1466
1397
1397
1466
1467
1397
1397
2374
1397
1885
1397
1815
1397
2305
1466
1397
1397
1396
1397
1467
1397
1467
1886
1467
1397
907
1956
1467
1466
1886
1466
1956
1467
1397
1815
1815
1466
1397
1467
1397
1397
1397
1886
1397
1466
1466
1397
1396
1397
1885
1467
1397
1466
1886
1467
1467
1955
1466
1397
1466
1467
1467
1467
1397
1397
1396
1466
1397
1397
1466
1886
1956
1466
2375
1886
2863
1467
13269
1467
27866
1397
1466
1397
1466
1885
1397
1466
1466
1397
2374
1396
1397
1467
1467
1886
1956
1397
1467
1886
1467
1396
1956
1467
1397
1467
1886
1396
1886
1467
1885
1467
1397
1886
1467
1397
1397
1397
1466
1397
1467
1466
1396
1396
1397
1397
1397
1397
1467
1885
1467
1467
1467
1467
1467
1467
1466
1955
1466
1466
1396
977
1467
1397
1397
1397
1467
1466
1885
1467
1467
1466
1467
1467
1955
1397
1397
1956
1396
1397
1467
1467
1956
1467
1397
1467
1397
1467
1885
1466
1467
1396
1886
1467
1816
1397
1397
1396
1397
978
1397
1466
1396
1467
1397
1397
1466
1397
1397
1466
1397
1397
1466
1396
1467
1467
1467
1467
1466
1467
1397
1467
1467
1396
1397
1397
1467
1396
977
1467
1466
1466
1397
1467
1397
1396
1397
1397
1397
1397
1467
1467
1397
1396
1397
1397
2445
977
1886
1467
1466
1467
1467
1467
1885
1955
1886
1397
1397
1467
1396
1396
1396
1467
1397
1397
1327
1466
1396
1396
1467
1397
1397
1397
1397
1467
1397
1397
1467
1467
1467
1466
1467
1886
1397
1886
1467
1816
1467
1466
1396
1397
1467
1397
1956
1466
1396
1886
1396
2444
1397
1397
978
1397
1397
1886
1886
1397
1397
1397
1467
1885
1397
1397
1467
2374
1397
1467
1956
1397
1955
1466
1885
977
1885
1467
1886
1397
1466
1466
1885
1466
1397
1885
1466
1816
1397
2375
1466
2304
1467
1397
1467
1466
1467
1397
1466
1397
1467
1397
1466
1886
1396
1467
1396
2444
1467
1466
1466
1466
1466
1397
1466
1886
1467
1467
2375
1397
2374
1397
1886
1467
1397
1466
1467
1466
1467
1397
1466
1466
1397
1466
1397
8590
1397
1396
1397
978
1467
1397
1467
1397
1397
1397
1397
1466
1467
1396
1886
1397
1397
1397
1397
1397
1397
1467
1467
1397
1397
1955
1467
1396
1396
1397
1397
1466
1397
1886
1467
1467
1396
1397
1467
1466
1397
1466
1397
1396
1397
1467
1397
1467
1397
1397
1466
1467
1466
1886
1885
1466
1397
1396
908
1467
1467
1467
1397
1467
1466
1397
1396
1466
1886
1467
1466
1467
1886
1396
1397
1466
1397
1396
2445
1467
1396
1397
1397
2374
1467
978
1466
1466
1467
1397
1467
1467
1397
1466
1467
1886
1397
1466
1397
1466
1466
1956
1467
1467
1885
1466
1397
1466
1466
1467
1397
1397
1467
1397
1397
1467
1397
1467
1886
1397
1397
1397
1466
1397
1396
2374
1397
1886
1397
1397
1397
1467
1467
1397
1466
1467
1467
1397
1397
1467
1397
1467
1396
1467
1397
1467
1397
1885
1467
1397
1396
1397
1467
1467
1467
1467
978
1466
1466
1466
1397
1397
1467
1397
1886
1886
1396
1885
1466
1397
1466
1467
977
1466
1467
1466
1886
1397
1886
1466
1467
978
1467
1467
1397
1466
1397
1397
1397
1466
2374
1467
977
1467
1396
1466
1397
1467
1397
1397
1397
2375
1397
1467
1467
1467
1467
1466
1466
1397
1466
1467
1885
1886
1467
1816
1397
1467
1397
1397
2375
1467
1886
1955
11524
1466
1886
1397
1397
1467
977
2305
1397
1466
1397
1397
1397
1467
1466
