1886
1816
1956
1886
1397
1467
1955
2375
2305
1955
1956
1886
1886
1955
1886
1398
1886
1467
1397
1956
1886
1886
1956
1955
1466
1886
1886
1956
1956
1466
1397
1886
1886
1467
1817
1886
1397
1467
1886
1886
1397
1956
1956
1397
1467
1397
1467
1467
1956
1886
1816
1956
1397
1886
1467
1397
1886
1886
1886
1397
1886
1397
1886
1467
1467
1886
978
1397
1467
1397
1956
1886
1467
1956
1467
1397
1397
1956
1886
1397
1397
1397
1467
1397
1467
1467
1397
1397
1886
1886
1467
1467
1467
1397
1886
1467
1467
1467
1816
1467
1397
1397
1467
1467
1466
1956
978
1467
1956
1467
1467
1397
1467
1397
1397
1956
1397
1886
1467
1397
1397
978
1397
1397
1467
1887
1886
1886
1467
1397
1467
1886
1397
1467
1956
1467
1466
1466
1886
3353
1397
1397
1397
1397
1886
1467
1467
1886
1397
1397
1816
1397
1467
1886
1956
1467
978
1397
1886
1397
1956
1467
1397
1467
1886
1397
1466
1956
1397
1397
1886
1956
1467
1467
1886
1886
1886
1886
1467
1467
1956
1816
1886
1467
1886
1467
2306
1886
1397
1467
1886
1397
1397
1397
1467
1397
2445
1397
1886
1956
1956
1397
1467
1886
908
1956
1886
1397
1397
1397
1397
1886
908
1467
1956
1956
1467
1886
1397
1886
978
1397
1886
2375
1467
1467
1397
1467
1397
1467
1397
1886
1886
1956
1397
1397
1467
1397
978
1955
1397
1397
1886
1886
1397
1886
1956
1886
1397
1886
1397
1886
1816
1467
1466
1397
1397
1397
1956
1397
1397
1956
1886
1467
1467
1397
978
1467
1467
1467
1886
1956
1467
1397
1956
1467
1956
1467
1397
1397
1467
1467
1397
1886
1397
1466
1467
1467
978
1886
1467
1397
1467
1467
1467
1467
1467
1397
1467
1397
1397
1467
2375
1467
1397
1467
978
1467
1397
1467
1886
1467
1397
1467
1467
1397
1397
1956
1467
1397
1467
1956
1397
1467
1397
1886
1886
1467
2305
1467
1886
1397
1467
1886
1397
1886
1886
1466
1886
1886
2375
1886
1886
1886
1467
1956
1886
1467
1886
1955
1886
1956
1397
1886
1466
1886
1886
1467
1886
1955
1886
1955
1816
1886
1956
1956
1397
1467
1467
1886
1397
1886
1467
1886
1956
1397
1886
1886
1886
908
1886
1956
1956
1956
1397
1886
2375
1886
1397
1886
1886
1886
1886
1467
1886
1886
1467
1886
1397
1467
1467
1886
1397
1816
1467
1886
1397
1467
1817
1397
1886
1397
1886
1467
1398
1397
1956
1466
1467
1397
1397
1467
1817
1467
1956
1467
1397
1886
1467
1397
1397
1397
1886
1886
1467
1397
1397
1467
1467
1886
1886
1816
1886
1956
1467
1397
1467
1467
1397
1467
1397
1397
1397
1886
1397
1467
1467
1397
1467
1956
1397
1397
1886
1467
1467
1467
1397
1397
1397
1467
1886
1397
1467
1467
1886
1397
1956
1397
1397
1886
1397
1397
1397
1397
1886
1397
1886
1467
1398
1467
1466
1467
1886
1467
1397
1886
1467
1397
1817
1467
1886
1397
1397
1467
978
1467
1467
1886
1467
1397
1886
1886
1397
1467
1816
1397
1467
2375
1886
1467
1397
1956
1886
1467
1956
1956
1397
1956
1397
1886
1956
1397
1397
1955
1467
1886
1816
1467
1955
1397
1886
1956
1886
1956
1886
1397
1467
1886
1886
1886
1956
1956
1886
1467
2375
1397
1397
1886
1886
1886
1886
1886
1886
1956
1467
1886
1886
1956
2445
1397
1886
1816
2444
1467
1886
908
1397
1956
4261
1886
1397
1956
1886
1886
1467
1397
1956
1886
1955
1886
1886
1886
1397
2305
978
1886
1467
1816
1956
1397
1886
1886
1956
1886
1886
1467
1467
1816
1887
2794
1956
1886
1397
1886
2375
1886
1397
1397
1956
1886
1467
1886
1956
1886
1956
1817
1397
1886
1956
1467
1467
1956
1886
2445
1886
1397
1886
1955
1816
1886
1397
1467
1397
1956
1397
1886
1956
1955
1886
1397
1397
1955
1886
1886
1467
1886
909
1886
978
1956
1886
1955
1886
1956
1886
1467
1886
1397
2445
1467
1956
1397
1886
1467
978
1956
1886
1397
1467
1467
1397
1397
1956
1397
1397
1886
1816
1886
1397
1467
1955
1956
1886
1467
1886
1886
1886
1466
1397
1886
1886
1955
1956
1886
1467
1397
1886
1397
1886
1466
1956
1886
1886
2374
1397
1816
1397
1886
1397
1886
1886
1397
1397
1886
1397
1467
1467
1886
1886
2375
1398
2864
1397
1886
1886
1816
1956
1886
2375
1886
1816
1467
2375
1467
1467
1886
1467
1397
1886
1466
1467
1467
1397
1956
1397
1467
1886
1467
1956
1886
1886
1886
1467
1956
1397
1886
1397
1397
1467
1886
1886
1886
1467
1886
1886
1955
1467
1886
1816
1956
1886
1467
1397
1886
1956
1397
1467
1886
1467
1886
1397
1467
1886
1397
1886
1886
1886
1956
1467
1466
1398
1886
1886
1817
1397
1467
1886
1956
1397
1467
1886
1955
1397
1397
1956
1886
1467
1467
1956
1397
1397
1886
1397
1397
1886
1467
1467
1886
1467
1397
1397
1886
1467
1467
2794
1397
1467
1467
1397
1397
1467
1397
1397
1466
1956
1397
1397
1466
1397
1467
1467
1886
1886
1397
1397
1397
2375
1397
1886
1467
1467
1397
1467
1397
1397
1467
1467
1397
1956
1886
1397
1956
1816
978
1397
1467
1397
1956
1956
1467
1886
1956
1467
1467
1397
1886
1887
1956
1956
1467
1816
1886
1467
1397
1398
1467
1467
1467
1467
1886
1886
1886
1886
1956
1886
1467
1467
1886
1956
1467
2305
1886
2375
1956
1397
1886
1467
1956
1886
1956
1886
1467
1397
1467
1886
1956
1886
1467
1397
1886
1886
1886
1397
1886
1397
1956
1886
1886
1467
1886
1467
1467
1886
1887
1886
1886
978
1467
1467
1816
1956
1886
1816
1467
1886
1467
1956
1397
1397
1398
1397
1886
1397
1886
1397
1467
1816
2445
1886
1397
1886
1467
1956
1467
1956
1886
1467
1397
1397
1886
1467
1467
1886
1467
1467
1397
1956
1956
1397
1886
1467
1886
1397
1397
1886
1398
1397
978
1886
1886
