1396
1466
1397
1467
1467
1467
1396
1396
1396
1397
1886
1955
1466
1467
1467
1467
1397
1396
1467
2375
1956
1816
1396
1467
1956
1467
2374
1885
1396
1397
1466
1396
1955
1396
1467
1397
1467
1397
1397
1466
1397
2374
1397
1397
1397
2375
1397
1466
1955
1396
1466
2375
1955
1467
908
7543
4749
2374
1886
1885
1885
1956
1885
1467
1397
1396
1396
1467
3352
1397
1466
1396
1466
1467
1467
1397
978
1397
1886
1397
1886
1466
1466
1466
2374
2445
1397
1885
2375
1886
1467
1886
1886
2445
2374
1816
1466
1397
1397
1396
1466
1886
1956
1956
1467
1467
1466
1467
977
1397
1467
1467
1885
1397
1467
1466
2444
908
1396
978
1886
1886
2375
2374
1886
1955
1815
1467
1467
1466
1466
1886
1885
1466
1466
1397
1397
1467
2374
2374
1956
1397
1397
2375
1955
2445
1885
1466
1397
1397
1396
1466
1466
1396
1397
1815
2794
1886
1466
1396
1467
2863
1467
1466
1397
1397
1397
1816
1885
1397
1397
10615
3842
1466
1886
1885
1466
1955
1885
978
1397
1886
1467
1467
1956
1397
1397
3352
1396
1397
1956
2445
1397
1885
978
1467
1397
1397
1397
1397
1396
1397
1466
1397
1397
1467
1885
1466
1397
1467
1396
1467
1397
1467
1397
1467
2444
1397
1397
1467
1886
1397
1397
1397
1397
1467
1397
1466
1397
1397
1397
1397
1397
1397
1467
977
1397
1396
1396
1885
1397
1886
1396
1396
1397
1466
1466
1467
1397
1397
1397
1467
1396
1466
1397
1466
1955
1955
1466
1467
1955
1467
1397
1326
1467
1466
1397
1397
1956
1397
2374
1886
1955
1397
1467
1886
2375
977
1466
1886
1956
1397
1886
1466
1886
1397
1885
978
1466
1885
1467
1467
1466
1397
1885
1466
1466
1466
1397
1466
1466
1886
1467
1467
1885
1466
1956
1467
1397
1397
1466
1397
1885
1397
1397
1467
1397
1466
1397
1467
1466
1467
1397
1466
1885
1397
1397
1956
1397
1956
1466
1886
1397
1397
1467
1397
1397
1467
1886
1396
1397
978
1886
1397
1466
1956
1467
1886
1467
1467
2374
1466
2374
1467
1397
1956
1397
1885
1956
1467
1396
12361
1466
1396
1467
1467
1397
1467
1466
1397
1467
1396
1467
1397
1467
1467
1467
2375
1396
1397
1886
1956
1886
1396
1396
1886
1886
1956
1886
1466
2375
1467
2375
1886
1886
1467
1466
2375
1816
1886
1956
1466
1397
1397
1397
1886
1397
1397
1397
1397
1397
1956
1467
1467
1467
1466
1467
1396
1886
2305
1886
2374
1467
1956
1956
1397
1467
2445
7752
3422
2444
1885
1955
1886
1466
1815
1397
1397
1466
1397
2374
1397
1397
978
1396
1886
1467
1397
1955
2375
1466
1397
1396
1466
1467
1955
1955
1467
1467
1955
1397
1396
1467
1466
1467
1467
1397
1396
1955
1397
1466
1397
2375
1466
1466
1467
1466
1397
1397
8101
3212
2374
2304
1885
1815
1885
1885
5727
2864
2793
2375
1956
1886
1396
1955
1396
1886
7193
3841
2445
1885
1886
1956
1397
1467
1397
2444
907
1886
1466
1886
1396
1886
1466
1886
1466
1466
2305
1397
2444
1397
1886
1397
1467
1397
1397
1886
1467
1467
1467
1466
1467
1397
1466
1396
1467
1886
1467
2374
1956
1466
1467
1396
2374
2305
1397
1396
1886
1885
1397
1397
1397
1397
1816
1327
2374
1397
1467
1467
1467
1397
1397
1955
908
978
1397
1466
1956
1885
1886
1396
1466
1886
1396
2375
1467
1397
1886
1467
1886
1885
1885
1467
1467
1956
2374
2375
1397
2445
2375
1955
1955
1397
1397
1886
1466
1467
1397
1397
978
1885
1397
1466
1397
1467
1816
1886
1467
1467
1886
1886
2304
1467
1956
1955
1466
1956
1397
1467
1467
1466
1956
2374
2375
1397
1397
1396
1886
1886
1885
978
1396
1396
2304
1467
2374
1466
1466
2305
1886
1397
1466
1467
1397
1886
1885
2375
2375
1397
1397
1886
3282
2375
1396
1466
1396
1886
1397
1397
1467
1467
1397
1467
1397
1886
1397
1397
1467
978
1467
1467
1955
1467
1397
1396
1885
1397
1467
1885
1885
1467
1466
1885
1396
1466
1467
1397
1396
908
1467
1466
1397
1466
1956
1955
1397
1467
5727
1397
2374
1467
1467
1886
1397
1397
908
2375
1397
1397
1886
978
1397
1466
1886
1466
1397
1467
2374
1397
1397
2374
1956
1886
1467
1397
1397
1886
1886
1397
1466
1467
2374
1467
1397
1466
1397
1885
1467
1397
1885
2444
2444
1397
2375
1466
1397
1466
2444
1467
2375
1397
1466
1467
1467
1885
2374
1466
1466
1397
1396
1397
1397
1397
1397
1396
1397
2374
1396
1397
2444
1466
1397
1396
908
1397
1886
978
1397
1396
1467
1397
1466
1466
1885
1466
1397
2375
1397
1467
1397
1397
1467
1466
1397
1397
1886
1466
2375
2444
1397
1397
1467
1396
1466
1397
1467
2374
1397
1396
1397
1396
1396
1885
1397
1466
1397
1397
1397
1397
1397
2375
1396
1466
1466
1467
1397
1397
1396
1885
1467
1397
1397
1886
1467
1886
1885
1466
1467
1467
1466
1467
1466
1467
1466
1397
2374
1466
1397
1396
1396
1955
1396
1467
1466
1397
1466
1467
1397
1466
1466
1467
1397
1885
1396
1397
1466
1466
1396
1467
2305
1467
1886
1467
1396
1467
1467
1467
1467
1396
1396
1397
1397
1467
1467
1397
1956
1396
1397
1467
1467
1396
1396
1466
1466
978
1397
1885
978
1955
1397
1886
1466
1396
1466
1396
1397
1466
1466
1397
1466
1397
1467
1466
1467
1467
1467
1397
1467
1467
1397
1467
1466
1397
1396
1886
1397
1396
1397
1886
1466
1397
1396
1396
1467
1467
1886
1397
1467
1466
1397
1397
1397
1886
1397
1886
1466
1466
1467
1396
1397
1886
1885
1466
1396
1886
1397
1467
1396
1466
1397
1955
1467
1397
1397
1955
978
1397
1467
978
1396
1396
1467
1886
1467
1467
1467
1467
1397
1397
2374
1956
1397
1396
1467
1886
1397
1397
1397
2305
1886
1467
1397
1886
1397
1396
1955
1816
1396
1397
978
