978
1397
1467
1467
1396
2305
1886
1467
1467
1956
1467
978
2864
1467
1397
1467
1816
1467
1397
1396
1397
1397
1397
1397
1466
1466
1397
1397
1466
1886
1467
1397
1886
1397
1955
1397
1396
1396
1397
1397
1816
1466
1885
1467
1397
1397
1467
1886
1466
1397
1467
1467
1467
1397
1397
1397
1816
1396
1955
1467
1466
1467
1466
2374
1397
1466
1397
1397
1956
1466
1956
1466
1396
1397
1396
1467
2375
978
1955
1397
1956
1396
978
1816
1467
1886
1466
1396
1397
1467
1467
1466
1397
1466
1397
1396
1397
1396
1397
1466
1467
1467
1466
1467
1397
1397
1396
1956
978
1397
2375
978
2375
1467
1397
1467
1397
1397
1467
1467
1467
908
1466
1466
1467
1397
2374
1956
1397
1397
1397
1467
1396
1397
1886
1886
978
1396
1955
1397
1886
978
1816
977
1397
1397
1467
1397
1467
1467
1955
1397
2445
1397
1466
1467
1397
1397
1886
1397
1885
1467
1467
1466
1396
1466
1466
1467
1466
2445
1886
1467
1466
1466
1397
908
1397
977
1467
1466
1396
1466
1955
1467
1397
1955
1397
1467
1467
1397
2374
1467
1956
1396
1467
1886
1466
2374
1396
1467
978
1467
1397
1466
1397
1397
2863
1397
1466
1467
1397
1466
1467
1466
1467
1397
1397
1467
1397
1396
1466
1396
1397
1397
1467
1397
1816
1467
1397
1467
1397
1466
1467
1886
1466
1396
1466
1466
1396
1397
1466
1397
1885
1816
1397
978
1466
1467
1397
1885
1466
1397
1467
1886
1396
1467
1396
978
1467
1466
1466
1467
1397
1885
1886
1885
1467
1467
1397
2375
1397
2374
1397
1466
1466
1956
1397
1816
1467
1397
2794
1466
2305
1397
1396
1467
1397
2375
1397
1467
2375
978
1886
1467
1397
1397
1467
1397
1397
1467
908
1466
1886
1397
1397
1886
1467
1397
1467
1466
1397
1467
1466
1467
1397
1886
1886
1467
1467
1467
1397
1466
1397
1396
977
1886
1397
1397
1956
1467
1397
1397
2305
1466
1955
1467
2863
1397
1397
1467
1397
1885
1467
1466
1885
1467
1397
1397
1467
1397
1397
1466
1885
1397
1886
1397
1397
1396
1397
1397
1467
1397
1397
1466
1397
1466
1397
1397
1397
1886
1956
1886
1956
1955
1467
1397
1396
1397
1466
1396
1467
1396
1467
1397
1467
1885
2374
1955
1467
1467
1816
1886
1467
1885
1396
1397
1467
1466
1886
1467
1466
978
1397
1397
1397
1466
1397
2305
1397
1397
2305
1466
1397
1467
1886
1467
1467
1396
1467
1466
1466
1467
1396
1466
1467
1397
1467
1466
1397
1886
1467
1397
1396
1397
1396
1815
1397
1397
1466
1397
1467
2374
1466
1466
1467
1397
1397
1467
1467
1396
1467
2445
1466
1466
1466
1397
1467
1466
1955
978
1467
1467
1397
1466
1397
1467
1467
1467
1397
1467
1467
1467
1956
1466
1467
1467
2375
1466
2374
1396
1397
1466
1466
978
2375
1466
1885
1397
1886
1886
1396
1956
1396
2375
1397
1467
1397
977
1467
2304
1397
1397
1397
1886
1886
1467
1396
2374
1886
1955
1397
1886
1885
1467
1397
1466
1467
908
1466
1396
1397
1397
1886
1397
1396
1886
1885
908
1885
1397
1466
1397
1397
1397
1397
1886
2305
1396
1816
1397
1397
1397
1397
1886
1467
1467
1467
2374
1467
1467
1886
1467
1397
1467
1397
1397
978
2304
1955
1396
1886
1886
1467
1955
1397
1397
1396
1396
1955
1467
1397
1397
1816
1396
1466
1467
1467
1816
1955
1886
1467
1467
1467
1396
1397
1397
1396
1467
1885
1397
1466
1886
1397
1956
1397
1467
1886
1886
1466
1467
1467
1885
1955
1467
1467
1466
1397
1397
1397
1467
1885
1467
1816
1885
1886
1467
1467
1397
1467
1885
1885
1396
1396
1397
1466
1467
1397
1466
1397
1467
1886
1467
1397
1467
1466
1397
1397
1397
1467
1467
1885
1397
1466
1397
1467
1397
1816
1885
1397
1397
1397
1467
1397
1466
1397
1467
1466
1397
1397
1466
1396
1397
1886
1885
1397
1886
1467
1397
1397
1397
1466
1467
1396
1397
3353
1397
1467
1467
1397
1467
1466
1886
1397
1397
1396
1956
1467
1397
1956
1885
1467
1397
1397
2375
977
2374
1466
2375
1886
1886
1397
1397
2374
1467
978
1467
1467
1396
1466
1397
1467
1397
1467
1886
1397
1466
1396
1467
2374
1466
1467
1396
1467
1396
1397
1466
1466
1397
1467
1885
1467
2375
1467
1955
1396
1396
2305
1397
1397
1466
1467
1467
2374
1885
1466
1397
1466
1466
1886
1466
977
1397
1397
1397
1466
1397
1466
1397
1397
1466
1397
1397
1467
1466
1397
1397
1886
1396
1955
1886
1397
1397
1397
1466
978
1466
1886
1397
1467
1397
1396
1397
1886
1466
1886
1397
1397
1466
1397
1397
1396
2793
1467
1397
1955
1466
1396
1467
1397
1955
1466
1397
1466
1886
1396
1886
1467
1397
1466
977
1815
1397
1956
1816
1467
1467
1397
1466
1397
2304
1467
1397
1886
1466
1466
1396
1816
1885
1467
1467
1466
1467
1466
1466
1397
1466
1396
1886
1467
1467
1955
1467
1886
1467
1467
1396
1885
1397
1397
1397
1885
1466
1397
1886
1466
1397
1397
1397
1466
1397
1467
1955
1397
1816
1397
1467
1885
1397
1467
1396
1886
1397
1885
1886
1467
1397
1885
1397
1885
2304
1466
1397
2374
1397
1466
1466
1467
1886
1397
1467
1467
1467
1466
2444
1467
1886
1397
1467
1467
1397
1397
1467
1397
1397
1397
2445
1885
1886
1467
1467
1467
1885
1886
1885
1397
1467
2375
1466
1466
1397
1397
1467
1396
1886
1397
978
1467
1467
1397
1956
1397
1397
978
1467
1466
1397
1396
1467
1397
1397
1466
1397
1467
1467
1466
1467
1397
1467
1467
1886
1397
1466
1956
1886
1467
1397
1466
1955
1397
1466
1397
1467
1466
1397
1467
1885
1466
1397
1886
1467
1396
1467
1956
1397
1397
1397
1397
2444
1397
1956
1816
2375
1467
1955
978
2374
1397
1466
1467
1466
1397
1466
1955
1466
2304
1467
1397
1956
1886
1466
