1467
1886
1956
1886
1956
1956
1887
1956
1887
1956
1397
1467
978
1886
1467
1886
1956
1467
1886
1886
1886
1887
1956
1956
1956
2375
1956
1467
1886
1397
1467
1817
1886
1886
1956
1467
1956
8104
1467
1887
908
1956
1956
1467
1397
1467
1467
1397
1816
1886
1397
1886
1467
1886
1817
1397
1886
1886
1887
1398
1397
1467
1886
1956
1886
1467
1886
1956
1468
1467
1886
1887
1467
1397
1956
1398
1467
1886
1886
1886
1956
978
1886
1397
1397
1397
1467
1467
1397
1956
1467
1397
1397
1887
1467
1397
1816
978
1397
1467
1887
909
1886
1956
1886
1397
1467
1886
1886
978
1467
978
1467
1467
1956
1397
1397
1886
1397
1467
1956
1397
2794
1397
1397
1887
1956
1467
1467
908
1467
978
1467
1817
1886
1467
1467
1467
1956
1467
1887
1956
1467
1817
1956
1467
1397
1887
1886
1467
1887
1467
1467
1467
1397
1397
1956
1887
1887
2375
1886
1467
1467
1956
1467
1886
1467
1886
1956
1886
1397
1397
1397
1887
1397
1397
1886
1886
1467
1886
1956
1397
1467
1886
1886
1397
1886
1467
1886
1467
1398
1956
1467
1467
1956
1886
1886
1398
1467
1886
1956
1886
1886
1467
1467
1397
1397
1467
2376
1956
1886
1397
1467
1816
1956
1397
1467
1397
1397
1467
1886
1886
2376
1398
1397
1397
1467
1397
978
1886
1956
1397
1397
10898
1816
2375
1397
1467
1956
1467
1817
1467
1886
1467
1886
1467
1467
1886
1467
978
1467
1956
1956
1956
1886
1886
1467
1956
1467
1886
1886
2375
1467
2305
1397
1817
1956
1886
1956
1467
1397
1886
1956
2375
1886
1467
1467
1467
1886
1467
1886
1956
1887
2376
1956
1397
1956
1467
1956
1886
1397
1887
1886
1956
1956
1886
1956
1467
1397
1467
1886
1468
1397
1886
1887
1397
1816
1956
2375
1887
1397
1956
1886
1886
1886
1816
1886
1467
1886
1886
1397
1467
1886
1886
1886
2305
1467
1886
1886
1467
1956
1886
1467
1397
1467
1887
1467
1886
1956
1956
1956
1956
1467
1956
1816
1467
1956
1886
3284
1467
1886
1957
1956
1467
1886
1886
1886
1467
1886
1956
1886
1467
1467
1886
1397
978
1886
1467
1467
1397
1467
1397
1887
1956
1886
1816
1956
1398
1397
1956
1887
1467
1886
1467
1397
1816
1398
1956
1467
1886
1397
1886
1397
1956
1397
1468
1397
1397
1956
1816
1956
1467
1467
1886
1817
1397
1887
1886
1957
978
1887
1887
1956
1887
1887
2375
1886
1956
1397
1467
1886
1956
1886
1397
1467
1467
1886
1886
1816
1887
1398
3772
1397
1467
1956
1956
1467
1956
1397
1956
3284
2375
1397
1956
1886
16626
1886
1886
1397
1887
1886
1956
1886
1397
1886
1956
1956
2445
1886
1956
1397
1956
1397
1468
1956
1956
1467
1886
1887
1956
978
1397
1887
1398
2445
1956
1886
1397
1397
1398
1886
1816
1886
1886
1886
2794
1886
1886
2375
1887
1467
1886
1467
1956
1467
2305
2375
1956
1886
1956
1886
1886
2305
1886
2375
1956
1887
1886
2375
1887
2375
2305
2864
2445
1956
1397
1886
1886
1398
1886
1886
1886
1397
2864
2375
1956
1398
1398
1886
2375
1886
1956
1397
1887
1886
1397
1886
1886
1467
2375
1467
1397
1886
1956
1816
2305
1816
1887
1956
1886
1956
1397
1397
1956
1886
1956
1956
1886
1467
1886
1886
1956
1956
1956
1886
1886
1886
1817
2375
1467
1886
1886
1467
1886
1886
1887
1467
1467
1467
1467
1467
1467
1956
1468
1886
1397
1887
1467
1398
1467
1887
1397
1397
1467
1956
1886
1886
1398
1886
1817
1397
1467
1956
1956
1956
1397
1886
1956
1467
1886
1887
1887
1467
1397
1886
1956
1467
1816
1328
1397
1956
1956
1467
1887
1467
1886
1886
1957
2375
1467
1397
1397
1467
1956
2305
1886
1956
1886
2445
1887
1467
1956
1886
1816
1886
1886
1886
1886
1467
1397
1956
1886
1397
1886
1886
1467
1467
1886
1956
1956
1956
1397
1886
1886
1886
908
1886
1887
1467
1887
1956
1467
1886
1956
1887
1956
1398
1886
1398
1956
1886
1397
1956
1398
1467
1467
1467
1956
1887
1467
1956
1956
2445
2306
1886
1956
1398
1886
1397
1886
1816
2445
1956
1886
1467
1886
1956
1398
1467
1467
1467
1887
2375
1956
2375
1956
1397
1467
1886
2445
2375
1397
1886
1397
1886
1887
1467
1398
1956
1886
908
1887
1887
908
2445
2305
1886
1956
1956
1956
2375
1467
1956
1887
1816
1956
1398
1956
1956
2376
1397
1397
1886
1956
1887
1956
1886
1467
1886
2306
2305
1398
1397
1956
908
1397
1467
1886
1956
1467
1886
1956
1886
1956
1886
1397
1956
1886
1956
1886
1397
1886
1887
1467
1467
1816
1886
1886
1956
1886
1887
1886
1397
1886
1467
978
1956
1467
1886
1956
1887
1467
1467
1467
2305
1398
1956
978
1397
1816
1467
1397
1467
1468
1398
1467
1467
1467
1886
1887
1886
1886
1957
1467
1886
1887
1956
1956
1467
2375
2375
1467
1817
1816
1397
1886
1956
2375
1956
1886
1956
1886
1886
978
1887
1956
1467
1886
1956
1886
1397
1886
1886
1397
1886
978
1886
1887
1397
2375
1887
1817
1956
1957
1886
1397
1886
1397
1956
1886
1886
1467
1816
1886
1886
1887
1397
1467
1956
2306
1467
1886
1956
1887
1397
1886
1886
2375
1397
1887
1817
1467
1886
1398
1397
1397
1397
1468
5169
1956
1397
1467
1886
1886
1956
2375
1467
1886
1397
1886
1397
1886
1467
1467
1886
1886
1397
1397
1887
2305
978
1886
1886
1886
1467
1886
2375
1467
1886
1956
1817
1397
1817
1397
1887
1956
1397
1886
1957
1467
1886
1467
1397
1886
1886
1886
1467
1956
1886
1886
1956
1397
1467
1956
1397
1956
1397
1887
1956
1886
1467
1956
1398
908
1886
1467
1886
1886
1956
1886
1467
1398
1397
1887
1816
1956
1886
1467
1886
1886
1956
1397
1816
2376
1886
978
1886
1467
2375
1956
1397
1886
1886
1956
1398
1467
1397
1398
1467
1956
