1467
1886
1397
1397
1467
1886
1886
1397
1886
1886
1956
14599
1886
2305
1467
1466
1956
1467
1886
1886
1956
1886
2305
1467
1467
1886
1955
1886
1885
1397
1886
1816
1886
1466
1956
1886
1955
1886
1886
1886
1467
1886
1397
1816
1467
1956
1886
1467
1956
1397
1467
1886
1886
1956
1467
1956
1956
1466
1397
1397
1886
1955
1467
1886
1886
1886
1467
2374
1397
1397
2375
1397
1397
1955
1397
977
1397
1467
1886
1886
1817
1397
1397
1956
1467
1886
1886
1467
1467
1467
1397
1467
1956
1886
1956
1467
1397
1467
1397
1886
1956
1467
1886
1397
1886
1397
1467
1397
1397
1397
1956
1956
1397
1467
1467
1956
1397
1467
1467
1467
1466
1397
1886
1956
1886
1397
1886
1886
1886
1467
1467
1467
1466
1397
1397
1886
1467
1397
1397
1886
1466
1467
1397
1466
1397
6217
1467
1467
978
1397
1886
1886
1397
1467
1886
1466
978
1467
1397
1886
1885
1816
1886
1397
1397
1886
1467
1467
1886
1397
1955
978
1467
1397
1956
1397
1886
1397
1466
1886
1397
2375
1885
1886
1886
1956
1467
1886
1397
1397
1467
1956
1467
1397
1397
1467
1886
1886
1397
1397
1397
1467
1466
1467
1467
1886
1956
1467
1467
1397
1956
1885
1467
1886
1397
1886
1955
1466
1466
1886
1886
1886
1397
1467
1467
1397
1816
1467
1956
1397
1886
1397
1467
1397
1466
1467
1956
1397
1956
1467
1467
1886
1467
1886
1397
1397
978
14249
1886
1816
1886
1467
1955
1886
1467
1467
1466
1816
1467
1397
1397
1886
1886
1886
1397
1467
1467
1467
1467
1397
1956
1956
1397
1886
1956
1955
1397
1397
1467
1397
1467
1886
1467
1467
1467
1467
1397
1467
1886
1466
1467
1397
1397
1467
1397
1397
1397
1467
1397
1397
1956
1886
978
1397
1467
1886
1467
1467
1397
1467
1397
1886
1467
1467
1467
2375
1467
1467
1886
1397
1886
1956
1886
1886
1956
1397
1467
1397
1467
1956
1886
1397
1397
1886
1886
1397
1397
1886
1886
1397
1397
1886
1816
1956
2375
1816
1397
1397
1397
1956
1886
1467
1397
1956
1397
1467
1886
1467
1956
1886
1886
1886
1956
2375
1467
1397
1886
1956
1956
1955
1467
1467
1886
1956
1467
1397
1956
1466
1956
1886
1466
1397
1816
1467
1397
1467
1397
1397
1886
1397
1816
1467
1397
1467
1397
1886
1467
1886
1467
1397
1397
1397
1467
1956
1467
1886
1397
1467
1467
1466
1467
1467
1397
1467
1398
1397
1886
1467
1397
1397
1397
1466
1467
1397
1397
1397
1467
1467
1467
1397
1397
1397
1466
1467
1397
1397
1467
1397
1397
1397
978
1397
1466
1467
1467
1467
1886
1467
1466
1397
1956
1397
1397
1397
1886
1397
1397
1467
1397
1467
1467
1397
1397
1466
1467
1467
1397
1397
1397
1397
1397
1397
1467
1467
1467
1467
1467
1467
1467
1397
1467
1397
1467
1467
1467
1397
1397
1816
1467
1397
1466
1397
1886
1467
1886
1886
1397
908
1467
1397
1397
1397
1327
1467
1956
1397
1467
1886
1397
1397
1397
1956
1817
1467
1397
978
1397
1397
1397
1956
1886
1955
1467
1466
1886
1955
1397
1886
1886
1397
1397
1956
1886
1886
1886
1397
1886
1886
1816
1886
1886
1886
1886
1816
1956
1886
1956
1886
1886
1467
1467
1955
1886
1397
1397
1467
1397
1467
1467
1397
1956
1397
1397
1467
1956
1955
1885
1886
1886
1886
978
1397
1886
1467
1467
1886
1885
1466
1467
1467
1816
1886
1886
1467
1397
1886
1886
1886
1467
1467
1956
1885
1886
1467
1397
1467
1886
1886
1467
1397
1397
1397
1467
1327
1397
1467
1956
1467
1397
1467
1397
1397
1956
1467
1397
1397
1467
1886
1467
1397
1397
1886
1397
1886
1956
1467
2374
1886
978
1467
1467
1397
1467
1816
1467
1397
978
1467
1467
978
1466
1397
1816
1886
1397
1467
1397
1397
1886
1886
1466
1956
1397
1397
1467
1467
1397
1397
1397
1397
1467
908
1467
1956
1467
1467
1955
1886
1956
1886
1956
1956
1955
1886
1886
2375
1467
1886
1956
1467
1885
1956
1886
1467
1886
1886
1467
1955
1397
1955
1886
1467
1397
1956
1397
1886
1886
1397
1886
1956
1886
1886
1467
1886
1956
1467
1955
1886
1397
1956
1885
1885
1467
1467
1886
1886
1397
1397
1886
1886
1886
1956
1886
1886
1397
1956
1886
1397
1397
1885
1886
1397
1956
1466
1886
1467
1397
1816
1467
1886
1466
1397
1886
1816
2794
1886
1397
1397
1467
1467
1397
1956
1956
1955
1886
1467
1467
1816
1886
1886
1886
1886
1467
1886
978
1397
1467
1397
1956
1886
1467
1886
1816
1886
1886
1956
1467
1886
1886
1956
1886
1956
1886
1886
1886
1886
1886
1467
1956
1397
1397
1467
1956
1467
1467
1886
1816
1397
1397
1956
1886
1467
1467
1956
1467
1467
1886
1467
1467
1397
1397
1397
1397
1467
1467
1397
1397
978
1397
2375
978
1956
2375
1397
1886
1467
1467
1467
1397
1467
1956
1467
1817
1397
1397
1886
1886
1397
1886
1467
1955
1467
1467
1955
1397
1397
1466
1956
1885
1956
1886
1467
1397
1886
1467
1467
1886
1466
1397
1467
1886
1956
1886
1886
1397
1886
1886
1397
1397
1955
1886
1467
1467
3911
1467
1956
1816
1467
1467
1886
1467
1466
1397
1956
1886
1467
1397
1467
1397
1467
1397
1886
1397
1886
1956
1816
1397
1397
1886
1955
1397
1886
1397
1397
1467
1397
1886
1467
1886
1467
1816
1397
1886
1816
1467
1397
1397
1467
1886
1816
1467
1955
1886
1397
1886
1886
1397
1467
1886
1397
1886
1886
1467
1886
1467
1467
1886
1956
1397
1886
1956
1467
1886
1467
1886
1886
1397
1817
12504
2445
1886
1466
1397
1397
1886
1467
1886
1886
1397
1397
1885
1956
1955
1886
1886
1886
1886
1467
1467
1886
1467
1816
1886
1956
1886
1467
1397
1886
1886
1397
1467
1467
1467
1886
1467
1886
1886
1397
1467
1956
1886
1467
1466
1886
1397
1886
1886
1397
1397
1886
