1397
1886
978
1397
1467
1956
1397
1886
1397
978
1886
1886
1467
1467
1397
1956
1886
1397
1467
1886
1886
1886
978
1467
1467
1467
1467
1397
1398
1398
1467
1467
1398
1397
1956
1467
1467
1397
1397
1467
1397
1886
1886
1467
1467
1467
1397
1397
1397
1397
1467
1397
1467
1397
1467
1397
1467
1886
1467
1397
1397
1886
1467
2375
1886
17743
1886
1467
1467
2445
1467
1467
1467
1397
1956
1886
1886
1397
1956
1816
1398
1397
1887
1886
2375
1886
1956
1956
1397
1956
1397
1956
2375
1886
1956
1397
1397
1467
1467
1397
1466
1887
1886
1886
1956
1886
1887
1886
1886
1467
1467
1467
1397
1886
1886
1816
1956
1467
1886
1397
1886
1886
1467
1397
1886
1397
1816
1886
1886
1816
1886
1886
1887
1397
1956
1467
1956
1886
1467
1956
1956
1397
978
1886
2305
1467
2375
1956
1956
1467
1886
1467
1467
1956
1467
1397
1467
1956
1886
1956
1886
1886
1816
1886
1886
1467
1887
1887
1886
1467
1467
1956
1467
1816
1886
1956
2306
1467
1398
1397
1886
1956
1397
1467
1467
1956
1956
1816
1886
1956
1467
1467
1397
1886
1886
1886
1956
1397
1955
1887
1886
1397
1886
1886
1886
1956
1887
1956
1886
1467
1956
1956
1887
1886
1397
1467
1886
1886
1886
1817
1397
1398
1887
1886
1886
1467
2445
1886
1817
1886
1886
1397
1397
1886
1467
1956
1956
1886
1886
1886
1817
1397
1397
1467
1886
1397
1397
1398
1886
1956
1886
1467
2375
1887
1886
1816
1886
1956
1397
1467
1467
1816
1886
1956
1398
1886
1467
1886
1886
1467
1886
2375
1956
1886
1887
1956
1886
1467
1887
1397
2375
1397
1886
1398
1886
2375
1886
1956
1956
1886
1886
1467
1886
2375
1956
1467
1886
1467
1467
1886
1956
1886
1397
1956
1886
1816
1956
1886
1467
1956
1886
1956
1467
1467
1887
1886
1817
1886
1956
978
2375
1467
2375
978
1956
1467
1886
1467
1886
1467
2375
1886
1886
908
1886
1397
1816
1886
1887
2305
2376
1467
1467
1956
1886
1886
2375
1886
1397
1397
1886
1398
1886
1886
1956
1886
978
1956
1816
1886
1886
1886
1467
1956
285853
1397
1467
2375
2375
2375
1467
1887
1886
1886
1397
1956
1886
1956
2375
1956
1397
1956
1886
1956
1467
1956
1467
1956
1886
1397
1397
1886
1886
1956
1956
2306
1887
1397
1398
1886
1886
2864
1956
1467
1467
1886
1467
1956
1886
1397
2375
1886
2375
1886
1886
1816
1467
1886
1886
1886
1817
1886
1956
1956
1886
1886
1467
1956
1886
1467
1397
1886
1886
1886
1467
1886
1886
1956
1956
2375
1886
2375
1956
1397
1886
2375
1397
1886
1956
1956
1886
908
2375
978
1886
1467
1886
1956
1956
1886
1886
1956
1956
1397
2445
1467
1956
1886
1467
1397
1398
1467
1886
1886
1956
1816
7125
1886
1817
1956
1956
2864
1397
1887
1887
1956
1956
1816
1956
1886
1886
1886
1886
1886
1467
1467
978
2375
1956
2375
1886
1886
2376
2375
2305
2375
1886
2445
2375
1886
1397
1956
1956
1467
1886
1956
1886
1956
908
1397
1397
2445
2375
2375
1886
2375
1886
1886
1886
1398
1886
1466
1467
1397
1886
1956
2305
1467
1886
1467
1397
1397
1817
2305
2375
2375
1817
1397
1886
1467
1956
1816
1397
1886
2375
1886
1956
908
1886
1886
1886
2305
1816
1886
1467
1467
1956
2306
1467
2305
1467
1467
1886
1886
1886
1886
1886
1886
1956
1398
1956
1956
1467
1956
1887
1886
1886
1467
1956
978
1886
1956
1886
1956
1956
1397
1887
1956
1886
1886
1467
1956
1956
1467
1886
1817
2375
1886
1886
1397
1467
1398
1467
1956
1467
1467
1398
1397
1397
1467
1887
1816
1397
1956
1886
1886
1956
2375
1956
1886
1467
1956
1397
1886
1956
1886
1956
1467
1956
1956
1886
1467
1886
1467
1956
1467
1956
1886
1467
978
1467
1398
1467
1467
1397
1956
1467
1886
1467
1467
1956
1886
1816
2306
1397
1397
1956
1467
1886
1956
1398
1886
1397
1467
1817
978
1956
1886
2235
1956
1467
1397
1956
1467
1816
1956
1397
1467
1886
1467
1956
1467
908
1467
5309
1956
1886
1397
1956
1398
1887
1816
1886
1956
1397
1467
1397
1467
1956
1816
1467
1956
1397
2375
1467
1956
1956
1886
1886
1467
908
1956
1397
1467
1956
1886
1886
1467
1886
1397
1886
1397
1397
1467
1397
1956
1956
1886
1397
1886
1467
1467
1956
1956
1886
1816
1467
1886
2375
1397
1816
2375
1886
1886
1886
1886
1886
1886
1886
1956
1956
1467
1816
1886
1467
2445
2305
1886
1886
1887
1886
1887
1467
1956
1467
1956
1956
1886
1956
1956
1886
1816
1886
1886
1956
1397
1956
1467
1886
1956
1956
1886
1886
1956
1956
2305
1467
2376
1955
1886
2376
1886
1886
1816
1886
2864
1956
2376
1886
1887
1956
1886
2445
2306
1886
1886
2375
1397
1886
1956
1956
1817
2445
1956
2375
1397
1956
1467
1886
1886
1886
1886
1886
2445
1886
1397
978
1886
1817
1887
2376
1467
1467
1956
1887
1887
1956
1956
1886
1467
1886
2375
1886
1397
1956
1816
1397
1886
1956
2375
1956
1397
1886
1956
1886
1956
1886
1397
1956
1886
1886
1397
1816
1397
1886
1886
1398
1886
1886
2864
1886
1956
1397
1467
1956
1886
1956
1467
1886
2376
1886
1886
1886
1398
1956
1397
1397
1887
1886
2306
2794
1886
1956
1886
1956
1886
1397
1397
2375
1886
1467
1886
2375
1956
1398
1886
1886
1467
1886
2375
1886
1887
2445
2375
2305
1816
1956
2375
1956
1887
1886
1467
1887
2375
1886
1886
2375
1886
1886
1956
1467
1956
1955
1886
1886
908
1886
2375
2445
1956
1886
2445
1887
1886
1467
1886
1886
1956
1956
1956
1886
1886
1886
2305
1886
1956
1398
1397
2305
2376
908
1886
1956
1887
1886
1467
1956
1467
2375
1956
1886
1397
1886
1886
1816
1887
2375
978
1467
1467
1467
1886
1397
1886
1886
1467
1886
1397
1886
1397
