1467
2375
1467
1397
1956
1885
1885
1955
1397
1955
1397
1886
1885
1397
1396
1397
1397
1466
2374
1467
1467
1466
1397
1467
1886
1397
1467
1397
1467
1886
1467
1397
1467
1397
1886
1397
1397
1397
1467
1467
1467
1467
1397
1397
1467
1397
1956
1955
1467
1466
1467
1397
1397
1396
1956
1956
1397
1955
1886
1467
1397
1467
1885
1466
1397
1466
1467
1466
1397
977
1397
1397
1397
1466
1397
1466
1397
1466
1396
1956
1955
1886
1397
1467
1467
1466
1397
978
1466
1397
1886
1955
1466
1466
1397
1467
1396
1886
2374
1467
1467
1397
1397
1466
1396
1397
1397
1397
1397
1397
1955
1467
1397
1397
1396
1397
2304
1466
1466
1397
1467
1466
1397
1397
1397
1397
977
1467
1816
1885
1397
978
1956
1956
1885
1956
1467
1467
1397
1886
1397
1397
2375
1397
1466
1886
1467
1466
1397
1955
2375
2375
1956
1397
1886
1397
1397
977
2374
1397
1956
1397
1886
1397
1396
1886
1885
1885
1467
1397
1955
1886
1885
1885
1397
1466
1397
1466
1886
1397
1397
1955
1397
1396
1466
1466
1956
1466
1397
1397
1397
2374
978
1397
1467
978
1397
1467
1467
1816
1397
1397
1397
1886
1397
1396
1886
1466
1397
1397
2374
1956
1816
1467
1396
1466
1397
1466
1397
978
1467
978
1396
1956
1397
1467
1466
1397
1466
1886
1397
978
1396
1467
1467
1397
1397
1466
1467
1397
1397
908
1396
1467
1886
908
1397
908
1955
1955
1397
1466
978
978
1397
1397
1466
1397
1397
1397
1397
1466
1467
978
1467
2863
1467
1396
1466
1467
1396
15644
1956
1397
1466
1396
978
1397
1466
1397
1466
1397
1397
908
1397
1467
1467
1397
1467
1467
1466
1397
1467
1397
1397
1467
1467
2444
1815
908
1885
1397
1886
1466
1466
1466
1956
1886
1397
1886
1397
1466
1397
1466
1467
1397
907
1467
1397
1467
1397
1956
1397
1955
1397
1467
1467
1467
1397
1397
1397
1397
1467
1467
1467
1397
1397
1886
908
1467
1397
1397
1397
1397
1886
1467
908
1467
1467
1467
1397
1397
1466
1467
1397
1397
1397
1956
1397
1397
1397
1466
1397
1396
1396
1467
1397
1397
1397
908
1466
1396
1397
1397
1397
1397
1467
1886
1397
1467
1397
1466
1396
1886
1397
1886
1397
1397
1397
1397
1397
1397
1397
1397
1467
1397
1885
1466
1397
1397
1467
978
1956
908
1467
1397
1397
978
1886
1467
1466
1467
1397
1396
1397
1466
1467
1816
1466
1396
978
1885
1397
1467
1397
1466
1397
1397
1466
1467
1466
1886
1397
1467
978
1397
1397
1397
1466
1397
977
908
1466
1467
977
1397
1467
2304
2375
978
1467
1397
1955
1467
978
1397
1397
1396
2304
1396
1397
1956
1466
1885
978
977
1466
978
2374
1467
978
1397
978
1467
1466
2375
1886
1396
1467
1886
1397
1397
1956
16553
1956
1397
978
1397
1467
1955
1955
1955
1397
978
1466
1397
1396
1466
908
977
1467
1397
1467
908
1397
1397
1466
1397
908
1467
1467
1467
1397
1466
978
1467
1397
1397
1466
1397
1466
1467
1467
1397
1467
1467
1397
2445
1397
1467
1466
1467
1396
1397
1466
908
1466
1397
1397
978
1467
1397
1397
1467
1886
1467
1467
1397
1466
1467
1466
1397
1955
1397
1397
978
1886
978
1397
1396
1467
978
1397
1467
1467
1886
1467
908
978
1466
1397
1397
908
1886
1466
978
1467
1466
1397
1467
1397
1466
1467
2374
1467
2444
1886
1397
1397
1397
1816
1397
1397
978
1397
1467
908
1397
1397
1886
1466
1397
1467
2305
2375
1397
1886
1467
1397
1467
1467
1467
1467
1466
1397
1396
1467
1397
1886
2374
12781
1397
1467
1467
1397
1466
1397
1397
1467
1397
1467
1397
1467
1397
1397
1396
1397
1467
1467
1955
1467
1466
1397
1397
1886
1396
1397
1466
1466
1886
2374
1955
3842
1397
1955
1886
1397
1396
1467
1886
1466
2375
1467
908
1467
1397
1397
1467
1397
1467
1397
1466
1397
1397
1467
1467
1467
1397
1397
1467
1397
1397
1397
1397
1397
1886
1886
1466
1467
2374
1467
1467
978
1467
1397
1467
1886
1397
1466
1886
6635
1397
1397
1466
1397
1397
1396
1396
1397
1466
1466
1396
1466
1397
1467
1467
1397
1466
1466
1397
978
1397
1955
1886
1467
1397
1397
1397
1397
1955
1397
1467
1397
1467
1396
1397
1467
978
1466
2375
1467
1397
1397
1466
1885
1396
1396
1397
1467
1397
1467
1467
1397
1397
1397
1397
1397
1467
1397
1397
1397
1467
1467
1397
1955
1396
1396
1467
978
1396
1886
1466
1467
1467
1815
1467
1397
1397
1396
1467
1397
1397
2374
1886
1466
2445
1885
1467
2864
1467
1397
1886
1886
1466
1467
1397
977
1467
978
1467
1397
1467
1467
1886
1467
1466
1397
977
1397
1397
1886
1397
1397
1396
2374
1466
1467
1467
1466
1396
1467
1396
1397
1397
1397
1397
1397
1886
1396
1397
1397
1886
1397
1956
1467
1397
1466
2444
1467
1467
1467
1397
1467
1397
1397
1886
1467
1397
1397
1397
1396
2375
1397
1467
1467
1396
1466
1396
1397
1396
1466
1397
1396
1397
978
1397
977
1397
1396
1466
1885
1466
1397
1467
1467
1467
1467
1397
1397
1467
1397
1467
1397
2305
1466
1397
1397
1397
1467
1466
1397
1397
1467
1956
1885
1397
978
1397
978
978
1467
1396
1467
1397
1397
1397
1397
1467
1397
1466
1397
908
1397
1396
1467
977
1467
1396
1467
1397
1956
908
1397
1467
1466
1466
1956
1397
1467
1397
1467
9009
1886
908
1956
1886
1886
1467
1397
977
1396
1397
1467
1466
1885
1397
1466
1816
978
1467
978
1466
1467
1397
1397
1467
1815
1396
1397
978
1955
1397
1397
1466
1397
1397
1467
1467
1397
1467
1467
1397
1397
1886
908
978
1886
1885
1955
1397
1396
1886
1956
1397
1397
1467
1466
1397
1886
1885
1467
1397
1466
1397
1397
1956
1397
1886
1396
1397
