1467
1467
1397
1467
1467
1398
1956
2375
1467
1397
1467
1467
2376
2376
1468
1886
1816
1467
1887
1886
1397
1956
1398
1467
1468
1887
1956
1398
1397
1956
1397
1467
2865
978
1398
908
1397
1886
1887
908
1467
1467
1887
1398
1397
1886
1397
1467
1467
1886
1397
1886
1886
1887
1956
1957
1887
1887
1397
1816
1887
1886
1956
1397
1886
8734
1467
1467
1398
1397
1468
1956
1887
1397
1467
1817
1886
1397
2376
1816
1816
2376
1887
1397
1467
1816
1467
2446
1887
1467
2446
1957
1956
2375
1467
1468
1397
1398
2375
1886
1887
2375
1467
1468
2376
1887
1887
1956
1886
1887
1886
1398
1887
1886
1886
2376
1817
1397
1887
1397
1956
1397
1887
1397
1397
1467
1467
1467
1887
1468
908
1397
1467
1887
1887
1467
1957
1397
1467
1468
1887
1467
1398
1467
1887
1397
1467
1467
1887
1467
978
1397
1467
1398
1816
1397
1467
1397
1467
1467
1398
1467
1467
1886
1467
1397
1397
1467
1817
1886
1956
909
1468
978
1887
1398
1397
1467
1397
1397
1886
1467
1397
1398
1398
1467
1398
2306
1397
1956
978
1467
1467
1467
1397
1467
1956
978
2865
1398
1397
1957
1886
1467
1467
1887
1886
1397
1397
1817
1467
1957
1397
1886
1397
1887
1398
1887
1468
1397
1397
1468
1467
1468
1467
1816
1957
1467
1467
1468
1397
1886
1467
1397
1397
1397
1397
1397
1887
1398
1398
1467
1817
1398
1468
1397
1397
1468
1398
1397
1467
1397
1397
1467
1886
2446
1398
1397
1397
1397
1886
1467
1398
1887
1887
2306
1887
1467
1397
1397
1468
1467
1467
1467
1397
1467
1398
1468
1397
1398
1398
1398
1957
1467
1887
1886
1398
1397
1468
1467
1467
1887
978
1467
1398
1467
1397
1467
1468
1468
1467
1467
1887
1398
1467
1886
1956
1398
1467
1956
1957
2446
1887
1468
1397
1467
1397
1397
1397
1887
1956
1397
1467
1956
1957
1398
1468
1398
1886
1398
1467
1467
1467
1468
1886
1468
1328
1957
1398
1397
1398
1956
1957
1887
1398
1467
1468
1397
1886
1956
1467
1397
1397
1397
1398
1887
1467
1467
1398
2306
1468
1467
1467
1397
1398
1468
1467
1468
1398
1886
1398
1467
978
1887
1886
1398
1887
1957
1886
1467
1468
1468
1886
1397
1957
1887
1467
2376
1886
1886
1887
1397
1887
1397
1887
1956
1957
1398
1957
1398
2375
1467
1957
1886
1397
1957
1887
1956
2376
1956
1886
1398
1467
1467
2375
1467
1957
1467
1886
1886
1887
1886
1468
1397
1398
1957
1467
1467
1397
1397
1397
1467
1468
1887
1887
1957
1468
1957
1467
1398
1467
1468
1887
1397
1398
1467
2375
1467
2376
1398
1886
1467
978
1886
978
1467
1886
1467
1467
1398
1467
1398
1467
1398
1956
1467
1957
1956
1467
1887
1397
2446
1398
1467
1957
1956
1956
1467
1467
1398
1467
2376
1468
1887
1398
1397
1398
1886
1397
1886
1468
1397
1886
1886
1887
1886
1816
1397
1398
1398
1398
2865
1468
1467
1956
1397
1397
1397
1956
1467
1887
1887
1467
1467
1467
1956
1397
1468
1886
1886
1398
1398
1398
1467
1398
1886
978
1398
1467
1397
1467
1398
1397
1467
1468
1467
1398
1887
2376
1956
1467
1467
1398
979
1467
1886
1887
1887
1956
1467
1398
1467
1398
1468
908
1397
978
2306
1886
1467
1467
1398
1886
1887
1468
1398
1467
1398
1467
1467
1886
1467
1397
1468
1467
1886
1467
1398
1886
1467
1886
1886
1887
1467
1398
1467
1468
1397
1467
1956
1816
1397
1467
1886
1468
1467
1467
1957
1886
1886
1886
1817
1467
1397
1467
1467
1398
2376
1467
1397
1887
2375
1397
2375
1398
1887
2375
2375
1397
1398
1397
1397
1467
1398
1886
1468
1467
1817
1397
1887
1398
1397
1467
1397
1398
1467
1397
1467
1398
1886
1397
1397
1397
1397
1397
1398
1468
1397
1886
1397
978
1397
1468
1397
1397
1467
1397
1467
1467
1817
1468
1397
1398
1468
1467
1956
1398
1398
1398
1467
1956
1397
1398
1397
1467
1467
1467
1397
978
1468
1886
1467
1468
1398
1398
1398
1398
3354
1397
1467
1468
1467
978
1397
1468
1956
1956
1956
1398
1957
1398
1887
1886
978
1397
1957
1468
1397
978
1397
1467
1467
1398
1398
1468
1468
1467
1887
1467
1467
1398
1957
1397
1817
1397
2376
1467
978
1467
1467
1398
1397
1397
1397
1398
1886
1398
1467
1467
908
1468
1468
1886
1467
1467
1467
1398
1328
1468
979
1397
978
1956
1397
1397
1398
1956
1397
1398
1887
1467
1468
1398
978
1468
1467
17957
1467
1397
1887
1397
1467
1467
1467
1397
1397
1398
1467
1467
1397
1467
1397
1467
1398
1397
1397
909
1397
1398
1467
908
1398
1397
1468
1956
1467
1468
5799
1467
1886
1957
1887
1468
1397
1398
1397
1397
1468
1468
1397
1467
1887
1397
1467
1467
1887
1467
1957
1956
1398
1887
1887
1887
1886
1886
1468
1398
1467
1467
1398
1467
1467
1468
1887
2375
1957
1397
1887
1957
1887
1886
1887
1468
1887
1886
1397
1467
1886
1397
1957
1467
1397
1956
1886
1467
1887
1467
1467
1397
1397
1397
1468
1397
1397
1467
1956
1887
1397
1467
1397
1467
1397
1887
1327
1397
1398
2376
1397
1468
1956
1887
1886
1467
1467
978
1468
1397
1467
978
979
1467
1398
1467
908
1467
1468
1398
1956
1956
1467
1397
1467
1467
1398
1467
1467
1397
1397
1467
1467
1467
1886
1397
1397
1398
1467
1467
1398
1398
1397
1397
1817
1887
1468
1468
1467
1887
1468
1397
1398
1398
1887
908
1468
1886
1887
1398
1887
1467
1398
1398
1886
1398
978
1468
1887
1467
1397
1397
1887
1817
1398
1398
1957
1397
1467
1398
1398
1467
1398
1467
979
1397
1887
1467
1467
1467
1957
1397
1397
1468
1886
1886
1397
1398
1886
1887
1397
1467
978
1467
1886
1467
1398
1467
1398
1397
1398
1886
1398
1398
1468
1886
1397
1467
1956
1397
1397
1397
1467
