1397
1397
1887
1467
1956
1468
1397
1397
1397
1397
1397
1398
978
1397
1467
1467
1468
1398
1887
1886
1397
2375
1397
2375
1467
1397
1397
1956
1467
1467
11527
1887
1887
1397
1467
1397
1467
1397
1398
1957
1397
1467
1467
1886
2445
2375
1397
1468
1397
1886
1397
1956
1816
1397
1956
1398
1397
1397
1886
1467
1397
1467
1467
1467
1468
1398
2375
1467
1397
1398
1467
2375
1398
1397
1467
1886
978
1467
1467
1397
1397
1467
1467
1816
1467
1467
1467
1397
1397
1467
1397
1467
1956
1467
1397
1467
1957
1397
1398
1467
1886
1956
1886
1397
1467
1886
1467
1886
1397
1467
1886
1467
1467
1397
2376
1467
1956
1887
1956
1886
1886
1398
1887
1467
1467
1397
1397
1467
1398
1397
1397
1887
1467
1397
1397
1467
1467
1398
2376
1956
1467
2864
1886
1467
1397
1398
1397
1467
909
1467
1467
1956
1887
1467
1467
978
2375
1397
1398
1397
1467
1397
1468
1467
1467
1397
1397
1397
1398
978
978
1397
24382
1957
1397
1397
1397
1886
1398
1467
1467
1887
1398
1397
1397
1397
2375
978
1467
1467
2445
1886
1467
1886
1956
1397
1397
1886
1398
2445
2376
1397
1468
1467
1956
909
1467
2375
1887
1467
1467
1397
1397
1467
1956
1397
1467
1398
1817
2445
1956
1467
1467
1467
1398
2795
2376
1956
1397
2376
1467
1467
1397
2375
1467
1397
1467
1398
2376
1887
1467
2375
1467
2445
2375
1956
2376
1397
1397
1398
1398
2375
1957
1397
1467
1398
1397
1397
1956
1397
1467
1467
1397
2446
1397
978
1468
1467
1397
1467
1467
978
1467
1956
1398
1398
978
1397
1817
1397
1397
1467
1397
1397
1467
1956
1467
1397
1467
2865
1467
1886
1887
2305
1397
1886
1886
1886
1397
1468
1397
1886
1397
1467
1397
1467
1886
1467
978
1467
1398
1467
1397
1816
1887
1467
1397
1397
1956
1397
1886
1467
2305
978
978
1397
1467
1397
1397
1397
978
1397
1398
1397
1397
1887
1467
1467
1467
1467
1467
1397
1467
978
1468
1397
1467
1398
1467
1956
1397
1468
1398
1397
1467
1468
978
1397
1887
1397
1467
1398
1956
1886
1886
1397
1397
1886
1467
1467
1467
1467
1398
908
1398
1816
1816
1397
1397
1397
1398
1467
1886
1467
1397
1397
1398
1397
1467
1886
1467
1467
1397
1397
1397
1886
1397
1397
1397
1397
1398
1956
1397
1467
1397
1467
1956
978
1886
1398
1468
978
1468
1397
1397
1886
1467
1467
1397
1886
1397
1887
1397
2376
1467
1886
1398
1886
1886
1397
1956
1397
1397
1956
1467
1467
1397
1468
1467
1468
1397
1467
1397
1397
1467
1467
1467
1886
1398
1397
1467
1397
1398
1886
1467
1887
1956
978
1398
2376
1468
9571
1397
1467
1467
1467
1956
1467
1467
1397
2305
2375
2376
1886
978
1397
1467
1817
1397
1398
1467
978
1467
1397
1467
2376
1397
978
1467
1468
1467
1397
2445
2376
978
1817
2375
1467
1467
1397
1398
1398
1956
1467
978
1886
1467
1397
1956
1816
1467
1397
1397
1397
1886
1467
1886
978
1468
1397
1467
1467
1397
1397
1468
1886
1398
1397
1397
1886
1397
1467
1886
1886
1467
1468
1886
1397
1467
1468
1467
1398
1467
1467
1468
1886
1397
1398
1398
1397
1397
1467
1397
1467
1397
1886
1397
1398
1397
1956
1467
1886
1398
1467
1956
1467
2375
1397
1956
1956
1397
1398
1397
1397
1886
2305
1467
1467
1956
2376
1397
1397
1397
1398
1467
1397
1397
978
1397
2445
1467
1467
1956
1467
1886
1467
1398
1397
979
1887
1956
1956
2375
1886
1956
1397
978
1397
1886
1467
1467
1397
1397
1398
1398
1397
1397
1467
1397
1397
1467
1467
1397
1397
1397
1468
1467
1398
1467
1397
1468
1397
1887
2375
1956
1467
1816
1467
1397
1956
1397
1397
1397
978
1467
1467
1467
1467
1886
1397
1467
1956
1467
1886
1957
1956
1467
1468
1397
1397
1467
1398
1956
1887
1397
1397
2375
1397
1397
1398
1886
1467
1397
1467
1397
1467
1397
1467
1467
2306
1397
1397
1467
1397
1886
1397
1467
1467
1956
1956
1468
1398
1397
1467
1816
978
1397
1467
978
1467
1398
1398
1887
1397
1467
1397
1467
1886
1397
1467
1467
1956
1398
1398
1467
1397
1397
1397
1468
1397
1397
1467
1467
1467
1397
1467
1398
1467
979
1467
1397
1468
1468
1468
1397
1886
1467
1468
1467
1397
1468
1467
1467
1817
1468
1467
1467
978
1397
1468
1398
1397
1397
1397
1397
1467
1467
1467
1467
1397
1467
1468
1467
1467
1397
1956
1956
1468
1467
1397
978
1397
2375
1886
1467
2445
1887
1397
1886
979
1467
2445
1397
1886
1467
1956
1397
1397
1956
1467
1398
978
1397
978
1397
1397
1467
1467
1887
1397
1886
1886
1887
2445
1956
1956
1886
1956
1467
1397
1886
1398
908
1886
1886
1957
1887
1397
1398
1467
1467
1398
1467
1397
1397
1397
1956
1398
1397
1397
1886
1398
1397
1397
2306
1887
1398
1397
1956
1467
1467
1397
2375
2375
978
2375
1467
1397
1956
1817
1397
1467
1467
1467
1397
1886
1397
1467
1397
1398
1397
1467
1397
1467
1467
1886
1397
1467
908
1467
1467
1397
2375
1957
1887
1468
1398
1397
978
1956
1956
1397
1886
1467
1397
1397
1886
1397
1397
1397
1467
1956
1467
1398
1398
1398
1397
908
1886
1397
1467
1467
1397
1397
978
1397
1467
1468
2446
1468
1397
1467
1468
978
1397
1886
1467
1397
1467
1467
1957
1398
1956
1398
1398
1397
1887
1398
1956
1467
1956
1886
1467
1397
1397
1397
1956
1467
1397
1956
1957
1467
1886
1887
1467
1398
1397
2305
908
1398
1467
1397
1467
1467
1467
1398
1397
1397
1468
1467
1467
1467
1398
1468
1467
1467
1887
978
1467
1467
1886
1467
2375
1467
1887
1467
1467
1467
1467
1397
1397
1467
1467
2445
1398
1467
1956
1398
908
1467
1397
908
1467
1467
1397
1467
1467
908
1467
1397
