1886
2374
1397
2375
1467
1886
1467
1397
1397
1467
1396
2305
1397
2374
1397
1397
1955
1467
1396
1467
1466
1816
1397
1397
1397
2305
1397
1956
1885
1467
1397
1885
1955
978
1466
1397
1885
1886
1467
1466
1466
2375
2374
1397
1467
1955
2375
1466
1886
2445
1886
1467
2863
1467
1885
1397
1467
1397
1397
1397
2445
1397
1396
1397
1396
1397
1956
1886
2375
2375
1467
1466
1397
1467
1466
2374
1396
1886
1397
1886
1396
1466
1956
1467
2375
1886
2374
1467
1467
2305
2305
1955
1467
1467
908
1396
1397
978
1886
2374
2374
1397
1467
1955
1466
1397
1467
1886
1397
1466
1885
1467
1396
2375
1467
1467
1956
8940
2863
1956
2375
1886
978
1955
1397
1886
1886
1397
1396
1886
908
1466
1396
1397
1467
978
1466
977
2375
1397
1467
1396
2794
1886
2305
1886
1467
1467
1397
1466
1467
2374
1885
1955
2444
2305
1466
1467
2794
1397
2375
1956
1467
1397
1396
1886
1397
1397
1397
1467
1886
1886
1467
2863
1396
1886
1816
1885
1396
1885
1467
1886
2793
1956
1467
2444
2374
1956
1956
1886
1397
1466
2374
1885
2375
1955
1955
1956
1397
1396
1397
1466
1467
1816
1956
1397
1466
1396
1956
1466
1397
1466
1886
1396
1397
1397
1886
1466
1396
1397
1397
1467
1397
1467
1885
1885
1396
1466
1955
2374
1397
1397
1397
1397
1397
1397
1466
1397
1397
1467
1397
1397
1397
1397
1466
1396
1467
1466
1466
1397
1886
1466
2445
1467
1397
1397
11384
1885
1886
1467
1397
1466
2444
2374
1956
1397
1885
2374
1466
1397
1397
1467
1397
1396
1467
2375
1956
1885
1397
1397
1396
1396
1397
1397
1466
1397
1396
1397
1467
1886
1467
1467
1467
978
1467
1956
1467
1466
1397
1396
1467
1467
1397
1397
2375
1886
1466
1467
1816
1467
1885
1885
1397
1467
2794
1955
1956
2374
1397
1467
1397
2374
1396
1397
1467
1397
1397
1467
1467
1397
1886
1816
1397
1886
2375
1467
1396
2444
1467
2444
1956
1466
1396
1885
1467
1467
2444
2305
1397
1397
1397
1467
2374
1467
2305
8730
1466
1467
1467
1955
1467
1956
1466
978
1466
2305
2374
1396
2375
1466
1466
1467
1396
1397
1397
1955
1467
2374
1886
1397
2374
1467
1397
1466
1816
1397
1467
1466
1955
1467
2374
1885
1467
2793
1466
1466
1956
1466
1466
1467
1397
2374
1885
1466
2305
1466
1467
2375
2374
1467
1467
1397
2305
1397
1396
1467
1886
1467
1397
1467
1466
1467
1467
1467
1397
1397
1397
1397
1397
1397
1466
1467
1886
1467
1467
1397
1397
1396
1466
1397
1397
1467
1397
1956
1885
1466
1397
1397
1956
1467
1886
1886
1955
1886
1397
1467
1397
1467
1397
2445
1466
1466
1955
1886
8241
3352
1886
1886
1886
1467
1886
2375
1466
1466
1327
1886
3771
2375
1885
1886
1886
1886
1466
1397
1396
1466
978
1467
1467
1396
2235
1886
1466
1885
1467
1956
2375
1885
1467
1467
1397
1397
1467
1396
1466
1467
1396
2445
1466
1397
1397
1466
1397
1397
1397
1467
1397
1397
1956
1397
1397
1886
1955
1397
1397
978
1397
1467
1816
1886
1955
1397
1397
978
1886
1467
1956
1467
10475
1397
1466
9638
1886
1397
1397
1467
1397
2305
1396
1396
1397
1467
1886
1397
1397
1466
1397
1466
1466
1397
2375
1466
2374
1397
1885
1956
1396
1396
1396
1397
1397
1396
1397
1886
2445
1397
1885
1466
1397
1397
2374
1466
1396
1397
1467
1886
1397
1397
1397
1955
2444
1466
1467
1467
1885
1885
1397
1886
1466
1397
1467
1816
1397
2375
1396
1466
1466
1466
1397
1396
2375
1467
2375
1466
2375
1955
1886
1467
1397
1397
1886
1467
1885
2444
1886
1886
1885
1396
12501
1886
1467
1397
1397
1467
1886
2374
1466
1466
1466
1467
1885
1886
2374
1466
1466
1467
1466
1466
1467
1396
1466
1397
1397
1467
1397
2375
1467
978
1397
2374
2375
1466
1467
1466
1397
1466
1466
1466
1397
2375
1816
1397
1466
1816
1397
2444
1467
2304
2445
2375
1467
10895
1466
1397
1886
1466
1397
2445
1955
1467
1467
1956
1466
1467
2374
1396
2305
1955
1397
1397
1397
1396
1467
1467
1397
1467
1397
1956
1466
1885
1467
1816
1397
2375
1467
1886
1466
1466
1467
1955
1397
1466
1397
1467
1886
1397
1396
1466
1467
1467
1466
2375
1466
2375
1886
1466
1397
1396
1886
1397
1955
1397
1466
1397
1467
1396
2863
1815
1397
1467
1466
2375
1397
1467
1885
1397
1467
1397
1467
1885
1466
1396
2375
1467
1466
1466
1467
1467
1886
1397
1397
1466
1467
1397
1886
1467
1466
1467
977
1397
1397
1467
1467
1397
1467
1397
1816
1466
1397
1467
1956
1467
1397
1397
1886
1396
1886
1955
1466
1397
1466
1467
1885
1467
1397
1467
2375
1956
1886
1885
1396
1397
1396
1467
1467
1397
1466
1467
1396
1816
1397
1397
1886
1467
1886
2305
1397
1397
2375
1467
2375
1467
1467
1955
1466
1955
1397
1397
1466
1956
1466
1886
1815
1466
978
1886
1467
1467
2444
2933
2374
1955
1466
1466
1466
1467
2374
1397
1466
1956
2375
1467
1397
1886
1397
1396
1955
1397
1886
1886
1466
1886
1467
1467
1467
1466
1467
1467
1956
1886
1467
1467
1816
1397
1466
2374
1466
1397
1396
1467
1397
1397
1396
1397
1397
978
1886
1397
978
1467
1955
1886
1397
1397
1397
2375
1886
1955
2863
1466
1397
1886
1397
1956
1397
1397
1467
1397
2444
1955
1397
1467
1397
1467
1396
1467
2444
1396
1396
1466
1467
1956
1397
1467
1396
1397
1467
1886
1466
2374
1396
2374
1466
1816
1397
1466
908
1467
1396
977
2374
1467
1886
1467
1885
1466
1466
2374
1956
1467
1397
2305
1397
2374
1397
2375
1886
1467
1886
2445
1886
1466
1396
1886
1397
2864
1956
1886
2444
1885
1466
2864
1466
1467
1885
1885
2374
1955
1885
1397
1397
1397
977
1467
1396
1885
2793
1397
1396
1466
