2444
1886
1397
1466
2794
1467
1397
1955
1397
1397
1466
1397
1397
1885
1466
1397
1397
1397
1397
1397
1397
1397
1396
1466
1466
1397
1397
1397
1466
977
1467
1467
1467
1397
1396
1397
978
1397
1956
1397
1397
1467
1467
2863
1466
1467
1396
1466
1467
1397
1467
1397
1397
1397
1467
1467
1467
1466
1397
1886
1396
1397
1467
1396
1397
1397
1397
1397
1467
1397
2374
1467
1397
1397
1396
1466
1467
1397
1467
1397
1397
1466
1397
1466
978
1397
1397
2445
1397
1467
1467
1886
1467
1396
1397
1396
1466
1467
1467
1467
1397
1885
1466
1397
1467
1885
1467
1397
1397
1467
1467
1466
1397
1396
1467
1397
1467
1467
1886
1466
1397
1396
1466
1467
1467
1466
1397
1466
978
1467
1397
1397
1467
978
1396
1397
1467
1397
1955
1467
1466
1467
1397
1467
1466
1467
1467
1467
1397
1397
1467
1396
1397
1397
1466
1397
1396
1397
1886
1397
1885
1467
1466
1467
1396
1396
1886
1956
1397
1467
1466
1886
1466
1397
1397
1466
1466
1466
1397
1396
1397
1467
1466
1397
1397
1466
1397
1396
1467
1467
1886
1467
1467
1397
1396
1396
1397
1397
1396
1397
1397
1397
1467
1397
1885
1397
1466
1467
1467
978
1885
1397
1397
1397
8031
1467
1467
1397
1467
1397
1467
1397
1467
1397
978
1397
1467
1467
1397
1397
1467
1467
1467
977
1397
1397
978
1885
1467
1467
1815
1397
1397
1467
1816
1397
1885
1397
1396
1397
1885
1397
1467
1467
1396
1397
1886
1397
1396
1886
1397
1467
1466
1397
1397
1467
1466
1467
1397
1467
1397
1467
1467
1885
1467
1467
1397
1396
1397
1397
1327
1885
1466
1397
2375
1956
1467
1397
1397
1397
1397
2375
1397
2374
1397
1397
1397
1467
1397
1467
1397
2863
1467
2305
1466
1397
1886
1397
1956
1467
1397
1467
1467
978
1397
1467
1397
978
1955
1396
1885
1956
908
1886
1955
1956
1885
1466
1955
1397
2374
1466
1886
1467
1397
1885
1885
1886
1396
1467
1886
1467
1466
1816
1466
1886
1397
1397
1397
1467
1397
1467
1397
1397
978
1466
1397
1467
1886
1816
1397
1466
1396
1397
1466
1397
1467
1466
1885
1397
1885
1396
1466
2375
1397
1396
1396
978
1466
1397
1397
1396
1397
978
1885
1397
1397
1397
1396
1467
1467
1397
1397
1466
1467
1397
1397
1397
1396
1397
1467
1396
1467
1397
1397
1467
1466
1397
1397
1467
1466
1397
1396
1466
1467
1397
1467
1397
1397
1396
1466
1397
1467
1467
1396
1466
1397
1397
1396
1397
1397
1397
2375
1397
1466
1397
1397
1397
1467
1397
907
1466
1466
1886
1397
1397
1397
1466
1397
1397
1397
978
1397
1397
1396
1397
1396
1396
1397
1467
1886
1466
1466
1467
1467
978
1397
1397
1397
1885
1397
1467
1397
1397
1467
1467
1467
1466
1397
1466
1397
1467
1397
1396
1396
1397
1396
1397
1397
1397
1396
1396
1397
1467
1397
977
1397
1466
1397
1466
1467
1466
1466
1397
1396
1397
1396
1397
11872
1397
1397
1467
1396
1397
1886
1397
1466
1397
1467
1397
1397
1467
1396
1396
1466
1466
1397
1397
1396
1397
1466
1396
1397
1466
1467
1467
1467
1885
1467
1397
1397
1396
1396
1396
1397
1466
1397
1397
1466
1467
1466
1466
1397
1466
1396
1886
1886
1467
1397
1886
1397
1397
978
1396
1397
978
1397
1466
1396
1467
1467
1956
1397
1397
1886
1466
1397
1467
1467
1396
1397
1466
1466
978
1397
1467
1467
1467
1886
1397
1466
1397
1467
1467
1467
1397
1397
1397
1466
1397
1885
1397
1886
1467
978
1397
1396
1397
1467
1467
1886
1467
1396
1396
1466
1467
1466
1397
1467
908
1327
1327
1466
1466
1466
2933
908
1467
1466
1467
1467
1397
1397
1467
1397
1467
1397
1397
1397
1396
1467
1467
1466
1397
1886
1396
1886
1466
1886
1397
1886
1397
1467
1467
1467
1467
1467
1956
1397
2374
1466
1397
1467
1397
1955
2933
1466
1396
1467
1466
1397
908
1466
1397
1397
1886
1467
1397
1397
1466
1466
1467
1466
1467
1397
1397
1467
1397
1466
1467
1397
1397
2374
1466
1397
1396
1886
1396
1956
1467
1397
1955
1396
1955
1396
1467
1397
1466
1397
1467
1397
1467
1397
1397
1396
1885
1467
1397
1466
1467
1467
1467
907
1396
1397
1397
1397
1396
1397
1396
1396
1466
1467
1467
1396
978
1467
1396
1466
1396
1397
1396
1467
1397
1885
1397
1885
1397
1397
1467
1397
978
1396
1397
1467
1467
1467
1466
1397
1467
1955
1467
1396
1397
1466
1397
1467
1396
1466
1466
1466
1397
1466
1467
1466
1955
1396
1397
1396
1886
1397
1467
1397
1397
1467
1466
1467
1397
1397
1397
1886
1466
1886
1467
1466
1397
1397
1816
1396
1466
1397
2374
1466
2375
1956
1467
1397
1466
1397
1467
1467
1466
1467
1467
1396
1467
1467
1885
1466
1397
1467
1396
1397
1397
1467
1466
1466
1397
1885
1467
1466
1886
1885
1466
1467
1466
1956
1396
1467
1467
1467
1886
1397
1397
1467
1466
908
1397
1886
1466
1467
1397
1397
1397
977
1886
1397
1467
1397
1467
1397
1397
1397
1397
1397
1467
1327
1467
1885
1467
1397
1467
1467
1467
1886
1397
1955
2375
1397
1466
1467
1467
1956
1397
1467
1466
1467
1467
1466
1396
1396
1397
1397
1397
1467
1467
1397
1467
1467
1467
1397
978
1397
1467
1466
1885
1467
1816
1467
1467
1467
1397
1467
1397
1467
1396
1467
1396
1467
1466
1466
1467
1397
1397
1885
1467
1397
1397
1886
1467
1886
1467
1466
1397
1466
1396
1466
978
1396
1467
1467
1397
1397
908
1466
1397
1466
1397
1396
1397
2374
1396
1396
1467
1396
1397
2375
1467
1397
1466
1467
1397
1397
1467
1816
1397
1397
1466
1885
1816
1466
1467
1466
1397
1397
1466
978
1467
1466
1466
1397
11314
1397
1396
1397
1466
1466
1397
1397
1397
1397
1396
1467
1467
1885
1397
1467
7612
1397
1467
