1957
1467
1397
1398
1887
1397
978
1398
1467
1887
1397
1956
1467
1467
1886
1467
1397
979
1467
1468
1467
1398
978
1398
1397
1397
1887
978
978
1397
978
978
1467
1397
1467
1398
1467
1397
1956
1467
1467
1398
1398
1467
1467
1397
908
1467
1467
1397
1397
1467
1467
1397
1886
1397
1886
1467
1398
1397
1467
1397
1398
1887
1397
1886
1397
2375
1887
1886
1956
1886
1886
978
1468
1397
1956
1886
1467
1887
1886
1397
2795
1398
1467
1468
1956
1397
1467
1886
1817
2376
1467
1956
1397
1467
1467
2376
1398
2375
1468
1397
979
1468
1397
978
1397
2375
1956
2445
1467
1886
1956
1467
1467
1467
1397
1886
1887
1468
978
2376
1467
908
1886
978
1398
909
1468
1398
978
1467
1398
1468
2375
1467
1397
1467
978
1886
1956
1398
978
1468
1467
1467
2376
1397
2445
1398
1956
1397
1957
978
2375
1467
1887
1886
1886
1397
1398
1398
1956
978
1397
1397
1397
1467
1397
1467
1467
1468
978
1467
1467
1397
1467
1398
1468
1398
1467
1467
1886
1397
1467
1397
1397
1886
978
1397
1467
1467
1397
1886
1467
2376
1467
1957
1467
1467
1467
1957
1886
978
1956
978
978
1467
1398
1398
1467
1468
1397
1397
978
1467
1956
1397
1397
1397
2306
1956
1397
1397
1886
1956
2375
1398
1956
1397
1467
1467
1398
1397
2375
1467
1887
1467
1467
1397
1467
978
2375
1467
1467
1467
1886
1468
2375
1467
1398
1886
1467
1467
1467
1467
1467
1398
1397
978
1397
1398
978
1398
1398
908
1886
1886
1397
2306
1817
1397
1467
1467
1397
1467
1468
1956
1398
1397
1467
1397
1467
2375
1467
1397
1467
1467
1956
1467
1886
1398
1467
1397
1397
1886
1886
1398
1467
1398
1956
1467
1468
2306
1398
1467
1467
1397
1397
1467
1467
1467
1467
2305
1397
1398
1467
1467
1467
1816
1467
2375
1397
1467
1397
1886
1467
1817
1467
1467
1816
1467
1397
1957
2375
1886
1467
1397
1468
1467
1467
1956
1467
1468
1467
1467
1468
1957
1397
2376
1397
1886
1397
1397
1468
1398
1397
2375
1886
1467
1397
1397
1956
1887
1397
1886
9223
1398
2376
1398
1397
1467
1467
1398
1467
2305
1397
1467
1468
1467
1397
1467
1467
1467
1397
1467
1398
1467
1468
1467
908
1467
1397
978
1467
1397
1467
1956
1397
1467
1887
1398
1467
1398
1397
1397
1467
1397
908
1397
1886
1468
1467
1397
1886
1956
1397
1886
1467
1887
1398
1956
1397
1397
2375
1468
2445
1397
1467
1397
1468
1398
978
1467
2375
1397
1467
1956
2375
1817
2375
1467
1886
1467
1398
978
2445
1467
1398
1397
1957
1467
1956
2306
1467
2794
11458
2375
1398
1398
1886
1887
1397
9432
1398
1398
1397
1467
1397
2795
1467
1398
1397
1398
2445
1467
1397
1886
1397
1397
1468
1467
1467
1397
1887
1956
1398
1886
978
1397
1957
2376
1886
1956
2445
1397
1956
1887
1397
1467
1887
1467
1467
1397
1468
1816
1397
1956
1397
1887
1398
1397
1467
1467
1956
1467
1467
1957
1398
1398
1957
1398
2446
2445
1886
1956
1467
1956
1398
1468
978
1397
1467
2375
1467
1886
1398
1397
1886
1956
1467
1956
1467
1398
1886
1397
978
1397
1397
1467
1886
1397
1886
1397
1397
1397
2376
1397
1467
1467
1467
1886
908
1397
1397
1397
1467
1397
1886
1398
1816
2375
978
1398
1397
1886
1467
1398
1886
1397
1397
1468
1397
1398
1397
1816
1397
1397
1467
1398
1467
1467
2376
1467
1817
1398
1397
1397
1887
1397
1467
1468
1398
2375
1467
1886
1467
1467
1886
1887
1467
1398
1467
1468
1397
1397
1398
1887
1467
2375
1887
1397
1956
1467
1956
1468
1398
1397
1887
1467
1397
1467
1886
1397
1886
1467
2375
1467
1957
1467
1397
9641
1397
1467
1398
1887
1397
1816
1467
1887
1397
1467
1467
2375
2446
1886
1467
1956
2375
1886
1467
1467
1468
1887
1467
978
1887
1467
1467
1467
1398
1397
1886
1467
1397
1467
1956
1468
1397
1397
1467
1467
2375
1467
1467
1886
1956
1397
1467
1397
1397
1886
1467
2375
1886
1397
1397
1397
1398
1467
1467
1467
1957
1886
1397
1397
1397
1467
979
1397
1397
1467
1467
1467
1467
1397
1397
1467
1397
1468
1956
1398
2376
1397
1468
1398
1887
1397
1956
1468
2375
1397
2306
1467
1887
1468
1397
1397
1467
1398
1397
1467
1886
1887
1956
1467
1817
1467
1397
1467
1397
2375
1397
1817
1398
2445
1397
1467
1887
1397
1817
1886
978
1467
1886
1397
1887
1468
1886
1397
1467
1886
1956
1467
1397
1886
1468
2795
1887
2376
1956
1886
1467
2375
1467
1886
1886
1467
1816
1886
1397
1397
2375
2446
1467
1397
2375
2375
1467
1468
1467
1467
1397
1467
1956
978
1887
1887
1956
1397
1398
1957
1887
1467
1467
1397
1397
1398
1397
2375
2445
1467
1397
1956
1467
2376
1467
1398
1887
2375
1886
1398
1956
1956
1467
1397
1816
1397
2375
1397
1957
1467
1956
2375
1397
1468
1397
1467
1398
1467
1467
1397
1886
979
1467
1397
2376
1398
2375
1956
1956
1398
1397
1397
1397
1467
1398
1886
1397
1467
1467
1398
1398
1886
1467
1397
1956
8104
1397
1467
2375
1467
1398
908
1397
1398
1957
1467
1398
1467
1398
1398
1467
1397
1467
1467
1467
1397
1467
908
1398
1398
1886
1397
2376
1397
1398
1397
1467
1467
1397
1397
1397
1467
1467
1397
978
1468
1467
1397
1397
1397
1397
1467
1467
979
1397
1397
1398
1397
1397
1467
1397
1397
1467
1467
1397
1398
1397
1397
1467
1467
1467
1398
1467
1816
1397
1467
1467
1397
1467
978
1467
1467
978
1397
1397
1467
1398
1467
1467
1398
1397
1397
1886
978
1886
1467
1467
1886
1397
12646
1467
1467
1398
1397
1397
1468
1886
1887
1886
1397
1467
978
1397
2935
1467
1886
1398
1397
2376
1397
1398
1886
1467
1467
1397
1397
1468
1398
