1887
908
1397
1398
1886
1886
1467
1956
1957
1886
1397
1886
1887
1397
1886
1956
1887
1956
1886
1886
1956
1886
1956
1956
1956
1467
1886
1467
1886
1467
1467
1467
1467
1886
1886
1398
1886
1957
1397
1467
1467
1398
3423
1397
1467
1887
1956
1956
978
1397
1886
1886
1467
1467
1467
1398
1886
1467
1397
978
1886
2375
1397
1397
1956
1467
1887
1467
1397
1956
1886
978
1886
1468
1397
1467
1956
1886
1467
1886
978
1467
1886
1887
1397
1397
1398
1817
1887
1816
1397
1886
1398
1887
1467
1886
1886
1397
1397
1887
1397
1956
1467
1397
1886
1397
1398
1886
1467
1887
1467
1886
1397
1886
1397
1887
1886
1467
1397
1467
1956
1956
2376
1956
1397
1887
1887
1887
1467
1817
1467
1397
2375
1957
1398
1956
1816
1397
2305
1886
1886
1467
1886
1956
1887
1887
1397
2445
1397
908
1886
1817
1887
1956
1887
1956
3773
1467
1398
1817
2305
1886
1397
1397
1397
1957
1887
1467
1886
2795
1398
1886
1467
2305
1956
1956
1397
1816
1887
1886
1467
1956
1886
1886
1467
1956
1956
1397
1956
1887
1397
1957
1397
1886
1886
1886
1956
1956
1886
1886
1467
1957
1886
1957
1398
1886
1886
2446
2376
978
1886
1887
1887
1398
1467
2376
1956
1886
1397
1956
978
1397
1467
1887
1957
1886
1467
1467
909
1956
1467
1886
1886
1467
1467
1956
1956
1397
1887
1886
1886
1397
1956
1467
1886
1886
1956
1886
1816
1467
1956
1397
1886
978
6637
1467
1467
1886
1886
1886
1467
1397
2375
1886
1467
1886
1467
2864
1886
1467
1886
1816
1956
1468
1467
1467
1467
1398
1886
1467
1398
1956
1397
1397
1397
1886
1467
1956
1397
1886
1397
1397
1467
1956
1397
1467
1886
1887
1467
1887
1397
1397
1886
1886
1886
1956
1887
1886
1886
1887
1886
1398
2794
1398
1397
1886
1398
1467
1397
1956
1467
1397
1467
1956
1956
1397
1467
1956
1397
1397
2305
1886
1956
1886
1886
1956
2445
1956
1467
1887
1886
978
1467
1467
1887
1397
1467
1468
1397
1886
1886
1956
1956
1887
1957
1956
1398
1398
1467
1398
1886
1886
1887
1397
1467
1886
1397
1956
1467
1957
1467
1467
1397
1886
1398
1467
1887
1397
1887
1467
1886
1886
1398
1398
1956
1956
1886
1957
1817
1397
908
1886
1397
1398
1467
1397
1956
1956
2376
1397
1956
1956
1397
1397
1397
1397
1887
1956
2445
1886
1398
2375
1467
1956
2375
1886
1886
1397
1467
1398
1468
1467
1467
1467
1397
1467
1467
1816
1467
1467
1886
1886
1467
1467
1398
1467
1467
1467
1397
1468
1397
1467
1397
1467
1467
1397
1397
1467
1397
1468
1397
2376
1467
1468
1397
1397
1398
1467
978
2375
1398
1467
1397
1397
1397
1467
1397
1467
1886
978
1467
1398
1467
1467
1886
1398
1397
978
1398
1397
908
1956
1467
1467
1467
1467
1467
1397
1397
1956
1467
1397
978
978
1467
1467
1398
1467
1886
1956
1468
1397
1886
1467
1467
1467
1397
1467
978
1467
1886
1467
1467
1397
1398
1398
1886
1397
1886
1397
1397
1467
1887
1467
1397
1397
13763
1398
1467
1467
1467
1398
1397
1397
1467
1886
978
1956
1887
1398
1397
1467
1468
1397
1468
1397
1956
1397
1467
1397
1956
1467
1397
1467
978
1397
1467
1467
1956
1397
1397
1467
1397
1887
1397
1467
1398
978
1397
1467
1468
1397
1887
1467
979
1397
1886
1956
1886
1397
1468
1886
1886
1467
1467
1467
1956
1886
1887
2375
1397
1886
2375
1956
979
1467
1956
2865
1886
1886
1467
1886
1397
1467
1397
1956
12366
1886
1957
28644
1886
1467
1886
1886
1398
1397
1397
1886
1886
1397
1887
1467
1397
1467
1887
1467
978
1467
978
1397
1397
1886
1467
1887
1887
1886
978
1467
1397
1956
1886
1957
1886
1887
1467
1397
1956
1467
1887
1397
1397
1468
1397
1887
1467
1397
1467
1467
1886
1886
1956
1467
1397
1467
1398
1397
1467
1956
1467
1467
1956
1397
1816
1397
1397
1398
1467
978
978
1956
1886
1397
1467
1886
1886
1397
1956
1467
2305
1886
1886
1397
1398
908
1886
1467
1398
1956
1398
1957
1467
1467
1887
1957
1467
1467
1886
1397
1397
1397
1397
1467
1397
1467
1956
1467
1886
1467
1397
1816
1397
1887
1398
1887
1887
1886
1956
1467
1467
1397
1887
1467
1467
1956
1467
1886
1956
1468
1397
909
1886
1467
1397
1467
1397
1467
1887
1397
2375
1398
978
1467
1398
1886
1467
1887
1398
1397
1467
1398
1467
1886
978
1398
1886
1397
1956
1886
1467
909
1956
1467
1397
1397
1817
1886
1398
1398
1397
1886
909
1397
1397
1467
1467
1397
1467
1467
1397
1467
1398
1397
1886
1467
1886
1397
1397
1397
1397
1397
1467
1816
1467
1467
1468
1397
1467
1886
1886
1397
1397
1956
1467
1398
1397
978
1397
1467
1467
1467
978
1886
1467
978
1397
1467
1398
1467
1398
1467
1397
1467
1397
1467
1398
1397
1397
1397
1467
1467
1886
1467
978
978
1397
1398
1467
1397
1397
1397
1398
1467
1397
1398
1397
1397
1887
1398
1886
978
978
1397
1467
1398
1397
1397
1467
1397
1467
1397
978
1397
1397
978
1886
2445
1397
1886
1397
1467
1467
1956
978
1397
1467
1398
1956
1398
1397
1468
1397
1467
1397
978
1397
1397
1467
1397
1467
1398
2375
1468
1886
1398
1398
1467
1467
1467
1956
1467
1397
979
978
1467
1398
1956
1397
2375
1467
1886
1887
1397
1956
1467
1397
1397
1468
1397
1397
1398
1886
1467
1467
1398
1467
978
1397
1397
1397
1886
1467
1397
1467
1397
1398
1397
1886
1817
1397
1467
908
1398
1467
1397
1886
1398
978
1398
978
908
1397
1397
1886
1467
1467
1467
1398
1397
1886
1397
1397
1467
1467
1397
1467
1886
1468
1467
1397
1397
1397
1467
1467
1956
1397
1467
1467
1956
1886
1397
1467
1398
1467
1467
1398
1398
1467
1397
1816
2375
