1886
1956
1466
1397
1466
1886
1886
1816
1886
1397
1886
1886
1886
1467
1467
1886
1886
1886
1397
1397
1397
1397
1467
1467
1816
1467
1467
1397
1956
1397
1886
1885
1397
1886
1467
1886
1397
1467
1397
1886
1886
1397
1886
1886
1397
1467
1467
1467
1397
1467
1467
1397
1397
1467
1466
1397
1467
1886
1467
1886
2375
1397
1397
977
1467
1467
1956
1397
1467
1397
1467
1397
1397
1467
1886
1467
1397
1467
1467
1886
1886
1956
1956
1397
1467
1886
1956
1397
1956
1956
1886
1886
978
1466
1467
1467
1955
1886
1886
1467
1886
1886
1816
1886
1956
1466
1956
1397
1467
1886
1397
1397
1886
1956
1886
1467
1397
1886
1467
1956
1397
1467
1816
1956
1886
1956
1397
1467
1397
1397
1956
1397
1956
1956
1886
1956
1467
1397
1397
1397
1956
1886
1466
1956
1886
1886
1886
1397
1397
1467
2375
1467
1467
1397
1886
1397
1886
1467
1886
1397
1467
1956
1886
1467
1397
1466
1467
1397
1467
1467
1397
1397
1397
1886
1956
1886
1886
1886
1886
1467
978
1467
1886
1397
1467
1886
1397
1886
1467
1816
1955
1467
1886
1955
1467
1956
1886
1397
1397
1397
1886
1397
1467
1397
1467
1397
1397
1398
1956
1397
1467
1956
1397
1886
1886
1956
1397
1397
1397
1467
1397
1467
1397
2375
1816
1397
1886
1397
1397
1467
1886
978
1397
1467
1467
1467
1467
1397
1466
1956
1466
1886
1397
1816
908
1816
1886
1466
1397
1467
1886
1467
1397
1397
2375
1467
1397
1467
1397
1467
1467
1956
1467
1397
1886
1397
1397
1467
1397
1397
1467
1466
1467
1397
1467
1955
1397
908
1956
1467
2934
1956
1886
1956
1467
1956
1886
1886
2306
1956
1956
1467
1886
1886
1886
1467
1886
1886
1956
1467
1397
1467
1397
1886
1886
1467
1886
1886
1397
1886
1467
1886
1956
1816
1886
1886
1467
1956
1886
1956
1886
1886
1817
1886
1956
908
1886
1886
1886
1886
1956
1955
1886
1467
1886
1956
2375
1956
1886
1397
1397
1886
1467
1956
1467
1886
1397
1886
1955
1886
1886
1886
1467
1886
1397
1956
1397
1397
1886
1467
1397
1398
1886
1886
1397
1956
1467
1467
1397
1397
1886
1397
1467
1816
1467
1886
1467
1956
1816
1885
1886
1397
1397
1397
1816
1397
1397
1397
1397
1397
1397
1955
1466
1886
1466
1467
1398
1397
1397
1397
1397
1397
1886
1816
1397
1886
1886
1467
1467
1956
1956
1397
1397
1467
1397
1886
1467
1956
1955
1956
1886
1886
1467
1397
1397
1467
1397
1397
1467
1397
978
1467
1467
1397
1397
1467
1467
1397
1397
1467
1397
1467
1467
1467
1467
1886
1467
1886
1398
1956
1467
1467
1466
1467
1397
1397
1397
1397
1886
1817
1886
1467
1397
1466
1886
1886
1466
1956
1886
1886
1886
1397
1397
1397
1886
1956
1956
1886
1886
1886
1956
1886
1886
1886
1397
1886
1467
1886
1816
1956
1886
1816
1886
1956
1816
1956
1397
1397
1886
1467
1397
1886
1886
1397
1886
1955
1397
1956
1467
1397
1397
1467
978
1886
1397
1467
1397
1467
1886
1816
1886
1886
1397
1956
1886
1886
978
1955
1467
1886
1397
1467
1397
1467
1467
1886
1397
1956
1467
1397
1886
1467
978
1467
1956
1467
1466
1816
1886
1397
1467
1956
1467
1886
1956
1886
1397
1956
1886
1886
1886
1467
1886
1397
1397
1886
1955
1397
1397
1397
1467
1467
1956
1397
1956
1466
1886
1397
1467
1397
1467
1397
1397
1397
1397
978
1956
1397
1397
1467
1886
1467
1886
1397
1886
1467
1397
1886
1885
1467
1956
1467
1397
1955
1956
1956
1956
1467
1467
1886
1397
1467
1467
1886
1886
1955
1397
1956
1397
1816
1397
1397
1467
1467
1466
1886
1956
1956
1467
1886
1397
1467
1886
1397
1467
1467
1397
1467
1397
1397
1466
1467
1467
1886
1886
1467
1816
1956
1886
1397
1397
1956
1886
1886
1955
1886
1397
1397
1467
1397
1467
1467
1886
1397
1886
1467
1397
1956
1397
1397
1886
1956
1956
1886
1886
1816
978
1397
1956
1956
1886
2375
1467
1397
1467
1886
1397
1397
1397
1398
1397
2375
1467
1397
1466
1886
1397
1397
1886
1886
1886
2305
1886
1467
1397
1397
1955
1956
1467
1467
1886
1466
1397
1886
1397
1886
1886
1397
1466
1467
1467
1886
2864
1397
1467
1467
1397
1467
1397
1467
1467
1397
1397
1467
1467
1467
1886
1397
2375
1886
1397
1467
1397
1467
1886
1397
1397
1467
1397
1397
1467
1397
1467
1397
1467
1886
1397
1467
1397
1467
1397
1886
1467
1816
1886
1467
1397
1886
1467
1397
1397
1397
1467
1467
1886
1397
1397
1467
1397
1467
1886
1467
1397
1467
1397
1397
1397
1467
1467
1467
1397
1886
1467
1466
1467
1467
1397
1467
1397
1956
1397
908
1886
1466
1397
1466
1886
1886
1397
1397
1467
1467
978
1467
1397
1467
2375
1816
1467
1397
1886
1467
1816
1886
1956
1886
1886
1886
1886
1466
1886
978
1397
1886
1886
1397
1956
2375
1956
1886
1885
1956
1886
1955
1397
1397
1956
1467
2305
1467
1886
1886
2445
1956
1397
1886
1467
1886
2375
1397
1466
978
1397
1467
1886
1467
1956
1956
1886
1956
1886
1467
1467
1886
1467
1886
1956
1397
978
978
1816
1467
1886
1397
1816
1956
1397
1467
1886
1397
1886
1886
2444
1886
1886
1397
1886
1397
1886
1886
1956
1467
1956
1956
1817
1956
1816
1956
1886
1956
1397
1467
1467
1397
1886
1397
1397
1886
1397
1886
1397
1886
978
1397
1886
1955
1816
1467
1886
2375
1816
1466
1886
1886
1397
978
1397
1816
1886
1397
1467
1886
1886
1467
1886
1397
1397
1466
1397
1955
1466
1397
1397
1467
1467
1886
1886
1886
1956
1886
1886
1955
1955
1397
1467
1467
1467
1466
1397
1397
1466
1467
1886
1886
1467
1886
1397
1886
1886
2375
1467
1467
1467
1467
1397
1467
1397
1467
1397
1397
1397
1886
1886
1397
1467
1956
1397
1467
1956
1397
