1467
1466
1955
1397
1886
1886
1956
1955
1886
1885
1885
2375
1886
1956
1886
1956
1397
1886
1466
1467
1886
1397
1955
2375
1467
1885
1467
1397
1397
1466
1956
1886
1885
1397
1885
1397
1467
4260
1886
1956
7263
1816
1467
1956
1956
1885
1466
1397
1467
1397
1466
1886
1955
1397
1466
1886
1397
1955
1467
1885
1886
1396
1886
1397
1885
1397
1886
1397
1397
1956
1886
1885
1956
1885
1467
1956
1467
1886
1466
1885
1816
1467
1466
1397
1466
1397
1886
1466
1886
1397
1467
1397
1467
1396
1397
1816
907
1955
1467
1886
1397
1955
2304
1886
1466
1466
1886
1397
1466
1955
1467
1885
1886
1886
1467
1886
1467
1885
1397
1466
1467
1886
1397
1467
1886
1397
1396
1467
1467
1397
1885
13270
1467
1396
1467
1886
2374
1466
1466
1466
1956
977
1467
1397
1886
1397
1885
978
1467
1397
1466
1396
1885
1886
1956
1955
1956
1467
1885
1396
1816
1396
1466
1955
1397
1467
1397
1467
1397
1466
1886
1886
1467
1956
1886
1885
1885
1955
1885
1397
1467
1467
1467
1397
1886
1396
1886
1396
1885
1886
1397
1956
1886
1885
1467
1885
1885
1885
1886
1956
2444
1816
1397
1397
1467
1396
1466
1885
1467
1886
1467
1886
1886
1956
1467
1885
1956
1956
1886
1955
1955
1886
1397
1466
1886
1397
1397
1886
1467
1467
1397
1397
1396
1397
1956
1467
1397
1466
1955
1885
1885
1467
1955
1886
1885
1397
1955
1886
1816
2444
1467
1885
1397
1885
1955
2375
2305
2304
2375
1467
1397
1956
1955
1466
1397
1397
1467
1956
1467
1886
1467
1467
1466
1885
1467
1397
1397
1956
1397
1467
1955
1886
1886
1885
1816
1956
1397
1885
1397
1886
1467
1466
1397
1886
1396
1467
1396
2305
1396
1466
1397
1467
1955
1397
1955
1886
1886
1467
1397
1955
1397
1886
1397
1466
1467
1886
1886
1886
1397
1396
1467
1397
1886
1886
1466
1886
1467
1467
1396
1466
1955
1466
1467
1956
1467
1467
1956
1397
1396
1396
1467
1886
1466
2375
1467
1886
1885
1886
1956
1397
1397
1397
2375
1397
1397
1397
1397
2444
1467
1397
1467
1397
1467
1467
1397
1397
1396
1396
1397
1397
1467
1885
1885
1397
1397
1886
1397
978
1397
1396
1467
1467
1466
1466
1467
1397
1956
1467
1885
1467
978
1397
1397
1467
1467
1397
1467
1397
1467
978
1955
1466
1397
1467
1396
1397
1397
1396
1467
1397
1467
1956
1466
1466
978
1467
1397
1396
978
1467
1886
1397
908
1397
1397
1397
1467
1396
1467
1397
1467
1467
1885
978
1466
1467
1397
1466
1466
1397
1397
1396
1467
978
1397
1397
1397
1467
1397
978
1886
1885
1467
978
1467
1397
1467
1467
1397
1397
1467
1467
1397
1466
1396
1396
1886
1467
1956
1956
1885
908
1956
1397
1466
1397
1397
1397
1397
1466
1397
1397
1467
1816
1396
1886
1955
1467
1955
1466
1397
1467
1467
1466
1467
1466
1467
1467
1955
1396
1467
1466
1467
978
1467
5308
1467
1467
1397
1397
1397
977
1466
2374
1397
1396
1886
1397
978
1956
1467
1397
1397
1466
1466
978
1397
1397
1397
1397
1396
1956
1396
1885
1466
1466
1886
1397
1396
1466
2374
1955
2305
1956
1397
1396
1467
1396
1397
1467
2444
1397
1886
978
978
1466
978
10965
1466
1466
1955
2305
1886
1397
1397
1397
1397
1466
1466
1396
1397
1955
1956
1956
908
1397
1397
1397
1396
1467
1467
1467
1397
1467
1397
1467
1467
1816
1396
1397
1467
1885
1397
1466
1467
1467
1467
1397
1396
1956
1397
1466
1397
2444
1397
1956
2445
1397
1467
1397
1467
1397
1467
1467
1397
1466
1396
1397
1466
1466
1396
2374
1397
1466
1466
1956
1886
1467
1955
1397
1886
1396
1466
1397
1396
1397
1396
1397
1397
2375
1396
1397
1397
1396
1885
1955
1397
1397
1396
1396
1397
1397
1397
1466
1397
1397
1886
2375
1397
1396
1396
1467
1397
1466
1397
1397
1956
1467
1467
1956
1397
1397
1396
1397
1397
1397
1886
1467
1396
2445
1955
1885
1885
2374
1467
1397
1396
1467
1466
2305
1466
1885
1816
1467
1397
1467
1886
1396
1397
1327
1886
1397
1397
1397
1956
1955
2374
1956
1885
1466
1397
1467
1467
1397
1467
1397
1886
1466
1467
1397
1397
1955
1886
1955
1467
1467
978
1397
978
1397
1397
1467
1467
1886
1885
2375
1886
1956
1956
1467
1396
978
1397
2305
1467
1466
1466
1397
1955
1397
1397
1397
1886
1467
1397
1467
1397
1396
1816
2374
1467
1397
1396
1397
1467
1885
1397
1397
1396
1467
1466
1466
1467
1397
1886
1467
1397
978
1466
1886
1467
1397
1955
1397
1397
977
1466
1397
1467
1466
907
1956
2794
1955
1886
1466
1956
1467
1886
1397
1397
1885
1466
1397
1467
1397
1397
1396
1397
1466
1397
1397
1397
1397
1396
1886
1467
1397
1397
1466
1397
1397
1396
1886
1956
1397
1467
1467
1956
1467
1955
1467
1467
1467
1397
1466
977
1397
1466
1956
1397
1466
1466
1467
1467
1397
2374
1466
1397
1397
1466
1396
1397
1467
1886
1955
1467
1886
1467
1397
1466
1816
1397
1466
1466
1885
1466
1397
1397
1886
1467
1397
1397
1956
1467
1397
1467
1467
1397
1886
1397
1885
1397
1467
1467
1466
1467
1466
1397
1397
1467
1816
1397
1396
1467
1467
1397
1886
1397
1466
1466
1397
1397
1396
1467
1396
1397
1466
1885
1397
1396
1466
1397
1955
1886
1466
1397
1467
978
1467
1397
1467
1397
1467
1467
1466
1397
1397
1397
1467
1467
1396
1397
1467
1956
1467
1886
1955
1955
908
1397
1885
1956
5308
1466
1885
1955
1396
1397
1467
1466
1396
1467
1397
1397
1886
1397
1397
1955
1467
1397
1397
1397
978
1467
1396
1397
1466
1397
1955
1397
1466
1397
1956
1956
1467
1466
1467
1397
1955
1397
1886
1886
1397
1397
1956
1886
1886
1886
1466
1467
1397
1467
1886
1885
1885
1467
1886
1467
1467
