1956
1886
1817
1398
1467
1956
1398
1397
1468
1398
1398
1398
1398
1887
1467
1468
1467
1397
1397
1957
1956
1468
978
978
1887
1398
1398
1467
1398
1397
1887
1467
1886
2376
1467
1957
1398
1468
1397
1397
1398
1397
1398
1397
1467
1886
1886
1467
1886
1467
1886
1467
1957
1397
1467
1397
1467
1467
1887
1467
1886
1398
1398
1887
1886
1956
1886
1397
1467
1887
1467
1398
1467
1467
1468
1468
1467
1467
1397
1398
1956
1398
1468
1397
1398
1468
1397
1957
1397
1467
1468
1397
1468
1467
1957
1467
1467
1468
2376
1398
1467
1467
1467
2376
1467
1397
1398
978
978
1398
1956
1816
1398
1886
1956
1467
1467
1398
1468
1886
1398
1467
1956
1398
1887
1398
1468
11040
1397
2375
1887
1398
1397
1398
1468
2376
1468
2376
978
1398
1468
1467
1468
1468
1398
1468
1886
1956
20613
1887
1886
1817
2375
1887
1886
1887
1467
1467
1468
1816
1467
2375
1467
1887
1467
1887
2446
1467
1397
1397
1468
1467
1397
1468
2375
1886
909
1397
1467
1397
1887
1956
1398
1467
1467
1397
1398
1467
1887
1397
1397
1398
1398
2376
1467
978
1467
1397
2376
1468
1398
1468
1957
1468
1398
1817
978
1398
1397
1468
978
1886
1467
1397
1397
2376
1817
979
1397
1468
1467
1397
1397
979
1886
1886
1467
1398
1468
1467
1467
1467
1956
2376
1887
1956
1887
1886
1397
1887
1398
1398
1957
1886
1397
1398
1398
1468
1467
1467
1397
1397
1397
1467
1887
1467
1956
1398
1398
1468
1957
1397
1957
1398
1397
2376
1886
1398
1398
1467
1887
1467
1467
1467
1468
1887
1398
1398
1467
1956
1397
2376
1398
1467
2306
1398
1956
1467
1398
1398
1398
1397
1397
1467
1887
1467
1467
1886
1887
2375
1467
1398
1398
1397
1397
1398
1467
1887
1397
1887
1887
1397
1467
1398
978
978
1397
1467
1467
1816
1397
1886
1467
1397
1397
1397
1468
1468
1398
1467
1397
1467
1467
1886
1467
1468
1468
1468
1468
1398
1397
1468
1467
1398
1467
1957
1398
1467
1398
1398
1886
1816
1887
1398
2376
1398
978
1956
1467
1467
1467
1397
1398
1468
978
1467
1397
1467
1398
1887
1398
1468
1397
1467
1467
1397
1397
978
1468
1467
1397
1398
1397
1397
2446
1467
1467
978
1397
1398
1467
1398
1397
1398
1468
1957
1468
1467
1398
1467
1397
1956
1398
1886
1397
1397
1467
1398
1816
1467
1467
1886
1467
1397
1886
1887
1397
1398
1467
1957
1886
978
1467
1467
1468
1398
978
1467
1398
1467
1397
1468
1467
1887
1467
1468
1467
1887
1468
1467
1398
1397
1397
1397
1956
1398
1398
1887
1817
1467
1397
1886
1468
1886
1397
1397
1887
1397
1467
1468
1397
1887
1468
1467
1397
1397
1398
978
1398
1887
1467
1398
978
1468
1398
1467
1397
2376
1397
1398
1467
1398
1467
1398
1397
1398
1397
1886
978
1467
1887
1397
1467
1467
1397
1398
1467
1886
1816
1397
1397
1467
1398
1398
1397
1467
1398
1398
979
1886
1886
1956
1398
1816
1397
1886
1467
1397
1398
2445
1467
1398
1398
1397
1467
1887
1398
1397
1398
1398
1886
1467
1398
1397
1467
1398
1397
1467
1467
2375
979
2376
1467
978
1887
1886
1398
1397
1397
1397
1397
1398
1956
1398
909
1467
1886
1398
1467
1468
908
1398
1397
1397
1398
1467
1398
1397
1468
1467
1467
1398
1956
1397
1467
1398
1468
1467
1397
1887
1397
1467
1467
1467
1397
1468
1468
1397
1397
1397
1397
1468
978
1398
978
1467
1468
1468
1467
1397
1398
1467
978
1956
1467
978
978
1398
1467
1956
1467
1467
1397
1467
1468
1956
1887
1886
1467
1468
1468
1397
1887
1887
1467
1468
1467
1397
1886
1397
1467
1398
1397
1467
1398
978
1467
2446
1398
1467
1397
1398
1398
2934
1467
1397
1817
1467
1887
1956
1886
978
1468
1467
1398
1468
1467
1398
1397
978
1467
1468
1887
1887
1887
1397
1397
1397
1398
1398
1467
1467
1398
1397
1398
1468
1398
1397
1467
978
1886
1398
978
1397
1398
908
1817
1468
1398
1467
1468
1397
1397
1398
1397
1467
1467
1887
1467
1398
1397
1468
1957
1467
1468
1956
1397
1468
1468
978
1398
1397
1397
9433
1398
1398
1398
2446
1468
1886
1886
1886
1887
1886
1398
1886
1468
1467
1887
1397
1886
1397
1887
978
1468
979
1468
1886
1467
1886
1467
1468
1886
1886
1398
1956
1887
1397
53034
1467
1397
1397
1397
1397
1398
3353
1398
1887
1467
1398
1467
1398
1467
1397
1468
1467
1956
1468
1468
1398
1398
1956
1467
1887
978
1397
1467
1398
1397
1886
1467
1467
1468
1467
1886
1467
1397
1468
1398
1398
1467
1397
1887
1398
978
978
1398
1468
1467
1467
1468
1887
1398
978
1957
1397
1397
1467
1467
1398
1397
1397
1957
1397
1398
1397
1397
978
1817
2376
1886
1467
1956
1467
1397
1397
1886
1887
1397
1398
978
1398
1468
1397
1398
1467
1398
1468
1467
1467
1887
1397
1957
1467
1467
1467
1397
1817
1398
1467
1397
50588
2445
1398
1398
1397
1398
1397
1467
1398
1817
1398
1398
1468
1467
1397
979
1467
1887
1397
1397
2865
1467
1398
1467
1397
1467
1956
2376
1886
1397
1468
1956
1956
1397
1957
2306
1397
1397
1887
1467
2306
1398
1887
1398
2375
1397
1887
1397
1398
1467
1468
1957
1887
1397
1398
1398
1956
1956
1397
1886
1397
1397
1886
1468
1887
1886
1398
1467
1398
1397
1398
1887
1398
1397
1467
1398
1398
2306
1467
1467
1467
1467
1886
1886
1468
1397
1467
1467
1467
1886
1887
1397
1467
1887
1887
1467
1467
1398
978
1397
1468
1398
1468
1398
1468
1398
1887
1397
1467
1397
1468
1467
1468
1398
1467
1468
1468
1468
978
1397
1398
1887
1397
1397
1398
978
1398
1398
1956
1398
1957
1468
1398
1468
2865
1398
1397
1398
1957
1397
1398
1957
1467
1468
1956
1467
11668
1397
1956
