1397
1886
1467
1886
1466
1397
1467
1397
977
978
1396
1467
1886
1886
1955
977
1397
1466
1397
1956
1466
1396
1396
1397
1467
1466
1886
1397
1397
1467
908
1467
1397
1467
1397
1396
1467
1397
1467
1397
1397
1956
1397
1397
1396
1396
1397
1467
2444
1816
1886
1397
1955
1956
1467
1886
1466
1885
1396
1886
1467
2793
1467
1466
1467
1396
1467
1886
1466
1886
1397
1467
1467
1467
1397
1886
1467
1466
1467
1466
1396
1956
1397
1466
1397
1467
1397
1467
1467
1397
1886
1466
1397
1467
1467
1467
1885
1467
1466
1886
1396
1885
1466
1397
1397
1467
1885
1467
1467
1885
1397
1467
1396
1886
1467
1955
1397
1955
1466
1466
1956
1397
1467
1955
1955
1816
1885
1397
1397
1886
1396
1886
1467
1397
1467
1397
1397
1886
1397
1397
1467
1396
1886
1467
1955
1467
1467
1397
1885
1396
1396
1397
1467
1466
1816
1886
1397
1467
1886
1955
1885
1467
1397
1467
1396
1466
1466
1396
1397
1885
1956
1886
1466
1886
1956
1327
1397
1396
1397
1397
1467
1467
1396
1955
1397
1466
1955
1396
1467
1397
1397
1397
1885
1397
1467
1466
1397
1466
1886
1885
1886
1397
1466
1397
1397
1397
1466
1466
1397
1466
1397
1885
1956
1467
1397
1397
2375
1467
908
1396
1886
1397
1397
1955
1467
1397
1467
1467
1956
1886
1466
1397
1955
1885
1466
2444
1397
1886
1397
1397
1467
1396
1397
1885
2375
1886
1396
2304
1466
1466
1466
1886
1397
908
1467
1397
1397
1397
1467
1397
1886
1466
1397
1466
1397
1396
1397
1397
1467
1956
1397
1467
1397
1397
1886
1466
1467
1397
1886
1466
1886
1886
1466
1886
1815
1816
1885
1956
1886
1467
1466
1466
1397
1397
1396
2375
1397
1886
1397
2374
1397
8660
1467
1467
1396
2375
1956
1396
1397
1886
1886
2374
1466
1397
1466
1397
1885
1466
1466
1397
1397
1956
1885
1955
1467
1955
1956
2863
1397
1397
1466
1885
1397
1467
1886
1397
1886
1397
1467
1466
1885
1397
1956
1467
1955
1467
1397
1397
2864
1397
2374
2374
1466
2304
1955
1955
1886
1397
1467
1466
1956
1397
1467
1886
1396
1466
1886
1467
2794
1467
1466
1397
1466
2304
1397
1466
1397
1396
1466
1466
1886
1467
1467
1397
1397
1397
1467
2375
1397
1467
1467
1467
1397
1466
1467
1397
1467
1397
1467
1467
1397
1467
1467
1466
1396
1397
1816
1885
1956
1466
1396
1955
1466
1466
1467
1816
1397
2375
1396
1466
1397
1467
1467
1397
1397
1886
1886
1397
1886
1396
1816
1397
1397
1956
1467
1396
1467
1467
1466
1397
1397
2375
1397
2304
1396
1397
1327
2445
1396
1397
1886
1467
1956
1816
1397
1466
1396
1466
1467
1397
1885
1396
1397
1397
1466
1885
1466
1467
1397
1955
2374
1466
1466
1955
1886
1956
1396
1397
1467
1467
1396
1466
1467
1956
2305
1467
1466
908
1466
1955
1885
1467
1397
1956
1886
1956
1467
1885
1885
2374
1466
1397
1466
1956
1885
1885
1886
1466
1955
1397
1956
1955
1886
1397
1956
1956
1956
1467
1466
1467
1466
1397
1467
1397
1467
1466
1956
1397
1886
1397
1397
1466
1955
1467
1466
1467
1397
1467
1886
1397
1397
1397
1886
1397
1396
1886
1467
1397
1397
1467
1467
1467
1466
1396
1467
1397
1467
1397
1467
1397
1396
1956
1396
1397
1396
1467
1467
1396
1956
1397
1396
1397
1397
1397
1397
1467
1397
1397
1397
1397
1467
1466
1397
1886
1467
1955
2933
1396
1397
1397
1886
1885
1886
1886
1467
1467
1466
1397
1467
1885
1467
1466
1886
1397
1396
1466
1467
1397
1467
1467
1466
1397
1466
1956
2375
1467
1397
1466
1886
1466
1397
1466
1397
1466
1467
1467
1885
1885
1397
1886
1396
1397
1886
1885
1397
1397
1466
1466
1466
1397
1466
1397
1397
1956
1955
1397
1467
1467
1466
2444
1397
1467
1396
1466
1886
1397
1886
1397
2304
1955
1955
1956
1886
2375
1397
1955
1396
1466
1466
1397
2445
1466
1467
1397
2794
1397
1467
1467
1467
1886
1397
2374
1397
1397
1467
1467
1397
1396
1397
1886
1816
1397
1886
1396
1886
1397
1397
1885
1956
1466
1955
1397
1467
1466
1467
2375
1397
1397
2374
1466
1956
1955
1467
1396
1815
1397
1955
1816
1397
1396
1466
1397
1467
1397
1396
1397
1397
1397
1397
1467
1397
1467
1466
1397
1816
1397
1397
1816
1397
1955
1397
1397
1466
1956
2444
1397
1397
1396
1397
1397
1396
1397
1466
1466
1397
1956
1397
1397
1466
1397
1396
1885
1886
1816
1467
1467
1955
1397
1467
1467
1397
1467
1466
1467
1466
2374
1397
1396
1397
1886
1397
1397
2374
1397
1467
1396
1467
2444
1397
1467
908
2375
1396
1466
1396
1467
1467
1886
1397
1466
1466
907
1467
1466
1955
1396
1397
1397
1467
1397
1956
1955
1397
1467
1397
2305
1467
1397
1397
1397
1955
1467
1327
978
1886
1955
1397
1397
1466
1397
1955
1467
978
1327
1467
1466
1886
1466
1396
1396
1397
978
1396
1397
1397
1466
2375
1886
1397
1466
1397
2445
1467
1467
1466
1886
1886
1886
1467
1466
1467
1886
1397
1466
1467
1467
1466
1396
1885
1466
1397
1397
1885
2794
1955
1396
1467
1397
1466
1467
1816
1467
1956
1397
1397
1397
1466
2374
1397
1397
1956
1956
2375
1397
1467
978
1466
1955
1397
1397
1327
1397
1466
1466
1396
1396
1467
1397
1467
1955
1886
1886
1466
1397
1397
1467
1467
1466
1467
1397
1397
1396
1467
1956
1886
1397
1466
1397
2375
2374
1467
1466
1466
1397
1396
1397
1955
1467
1467
1467
1466
1397
1886
1396
1467
1467
1885
1956
1467
1397
1397
1466
1397
2375
1397
1467
1886
1397
1397
1397
1397
1396
1396
1397
1467
1886
1467
1397
1397
1467
1467
1396
1397
1955
1396
1467
1467
1886
1467
1467
1397
1397
1466
1397
1885
1467
1467
1886
978
1397
1397
1885
1466
1467
1467
1397
1467
1886
1885
1397
