1397
1887
1467
1886
1397
1398
1398
2445
1467
2306
1956
1886
1397
1397
2376
1397
1886
1397
1397
1957
1886
1397
1956
1468
1397
1397
2376
1468
1398
1397
1467
1886
1467
1397
1467
1398
1397
1397
1886
1956
1397
1397
1398
1468
1397
1468
1886
1886
1467
1467
1468
1397
1467
2446
1816
2445
978
2865
1397
2445
1886
1956
1397
1397
1397
1467
1467
2376
979
1397
1467
978
1397
1467
1398
1467
1397
1467
2375
1467
2376
1398
1467
1467
1467
1886
1398
1398
1467
1817
1397
1467
2306
1397
1397
1468
1397
2445
1817
1397
1887
1397
1467
1956
1467
2375
1398
1398
1397
1817
1887
1397
1397
1397
1467
2376
1468
1467
1468
1397
1398
1467
1467
1886
1956
1467
1467
1397
1397
2375
1467
1397
1397
1397
1886
1467
1956
5310
1467
1957
1397
978
1467
908
978
1468
1956
1957
1397
1467
1467
1397
1957
1397
1467
1886
978
1956
1467
1467
1397
1397
1397
1467
1887
978
1467
1397
1467
1467
1467
1956
1956
1398
1467
1398
2375
1467
2375
1886
1957
1398
1397
1886
1887
1467
1467
1397
1398
1397
1397
1467
978
1397
1397
1467
1887
2376
1957
1467
1468
1467
1397
1397
1397
1397
2376
1886
1397
1956
1467
1886
1397
1398
2375
1467
1887
1467
1398
1957
1398
1956
978
1397
1397
1467
1397
1397
1397
1956
1397
1467
1397
1397
1467
1397
1397
1886
978
1467
1397
1887
1397
1398
1397
1956
1887
1467
2376
1398
1467
1467
1467
1397
1467
1887
1956
1957
3424
1887
1397
1467
2306
1467
1467
1397
1397
1467
1397
1397
1468
1397
1397
1398
1887
2376
1397
908
1397
1397
1397
1397
1467
1467
1398
1467
1397
1398
1397
1886
1398
1887
1886
1956
1397
1467
1467
1887
1397
1468
1467
1397
1398
1397
1467
908
1397
1397
1467
9502
1397
1887
1397
1398
1397
1887
1467
1397
1467
1467
1397
1468
1467
1817
1397
1397
1886
1816
1468
1886
979
2376
1397
1397
1887
1397
1397
1398
1887
978
1397
1397
10620
1887
1887
1467
1886
1467
1397
979
1467
1397
978
1467
1397
1398
1467
1957
1467
1956
1398
1467
1467
1397
1467
1468
7686
1467
1397
2375
1467
1956
1398
1957
1467
1467
1397
1397
2445
1816
1467
1467
978
1397
1397
1467
1397
1467
1397
1398
1397
1467
1886
1467
1468
1398
1956
1397
1398
1398
1397
1467
978
1397
2446
1468
1398
1397
1468
978
1467
1397
1467
978
1467
1468
1957
1816
1397
1467
1468
1886
1467
1817
978
1397
1467
1886
2375
1468
978
1398
1467
1467
1886
1467
1397
1467
1398
1467
1956
1468
1887
1468
1816
1467
1957
1467
1467
1816
1467
1467
1397
1886
1398
1467
2865
1467
978
1397
1467
1887
2446
1467
1467
978
1397
1956
2375
1397
1398
1957
1886
1397
1467
1398
1467
1467
1886
1398
1886
1887
1397
1957
1467
2376
1887
1467
1398
1886
1886
1467
1397
1398
1467
1397
1398
1397
1956
1956
1398
1467
1886
1467
1398
2445
2376
2446
1467
1397
1887
1467
1397
1397
1398
1467
978
1397
1468
2865
1397
1397
1886
1957
1467
1467
1886
1397
2375
1468
1886
1467
1398
1886
1886
2376
1398
1467
1397
1467
1397
1468
1956
1398
1397
1956
1886
1398
1397
2375
1467
1397
1956
1398
1886
2376
1886
1886
1467
978
1467
978
1887
1468
1397
1397
2376
1468
1816
1397
1397
1887
1956
1467
1397
1398
1886
1397
1397
1886
1467
1886
1397
1467
978
1397
2375
1398
1468
1886
1817
2306
1886
1467
978
1397
1956
1397
1397
1467
1886
1467
1887
1468
1467
1467
1887
1397
1397
1887
1467
1398
1397
1397
1397
1467
2376
1467
908
1397
1397
1398
1467
1397
2376
8104
1467
1886
1467
1398
1397
1397
1956
1467
1467
1467
1397
1886
1467
1397
1468
1398
1467
1886
1468
1397
1398
2375
1398
1467
1397
2305
1467
1397
2375
1397
1398
978
1398
2375
978
1467
1957
1467
1886
1397
1468
1467
1956
1467
1397
1467
1468
1397
1398
1397
1886
2375
1397
1956
1397
1397
1467
1397
1397
1956
1467
1397
1467
1467
1467
2445
1467
1956
1467
1467
1886
1467
1957
1468
1886
1398
1468
1397
1887
2375
1468
1467
1398
1468
2376
1467
2375
1957
2445
1956
1467
2305
1957
1397
1398
1398
1468
1397
1957
1886
1398
1398
1397
1468
1956
2445
1467
1467
1398
1397
1398
2376
1467
1397
1397
1398
1467
1397
1467
1956
1397
1397
1467
1397
1817
1397
1886
1397
1887
1467
2445
1468
1468
1467
1887
1467
1398
2375
1887
1887
1467
2865
1467
1467
2375
909
1467
1398
1398
2375
2306
1467
1397
1467
1467
1467
1887
1816
1886
1816
1467
978
1467
1397
1467
1467
1467
1467
1397
1398
2445
1397
1887
1468
1467
1397
1397
1397
1957
1398
1886
1886
1467
1467
2375
1467
1956
1956
1397
1957
1397
1887
1398
1956
1817
1467
1956
1398
1468
1467
1467
1467
2376
1956
1887
1398
909
1467
1467
1397
1467
1398
1397
1886
1467
1467
1397
1887
2376
1468
1397
1467
1887
1956
1887
1397
1398
1467
1468
2375
1467
1397
1397
2446
1468
1397
1398
1398
1398
1467
1467
1886
1467
978
1467
1397
1887
1886
1397
1398
1816
1467
2376
1397
1467
1886
1886
1398
1468
1398
1467
1956
1886
1397
1956
2446
1397
1467
1957
1887
2446
1956
1398
1467
1956
1956
1398
2305
1397
1397
1397
2375
1397
1887
2375
2375
1397
1887
2376
1467
1468
1467
909
1397
1398
1467
1397
1397
1467
1397
1397
1467
2795
2376
908
1467
1467
1887
2376
1468
1467
1956
1397
1886
1397
1467
1886
1957
1397
1817
1956
1467
1398
1467
1467
1957
1397
1468
1398
1956
1398
1467
1468
1886
1397
1397
1467
1887
1886
1397
1467
1397
1957
1397
1397
1887
1397
1468
1397
1887
1467
1467
1398
2376
2375
1956
1467
2376
1468
1468
1398
1397
2446
1468
1467
1398
1397
1886
1468
1397
1468
1816
1467
1397
