1467
1886
1397
1467
1467
1956
1886
1397
1397
1886
1886
1816
1467
1467
1956
1956
1397
1397
1467
1886
1397
1467
1397
1467
1887
1398
1886
1886
1467
1955
1467
1466
1886
1956
1956
2306
1956
1397
1886
1887
1467
1886
1467
1956
1816
1467
1886
1467
1467
1886
1816
1467
1886
1397
1467
1467
1397
1955
1397
1886
1397
1886
1467
1886
1397
1956
1956
1886
1467
1886
1886
1397
1886
1886
1467
1886
1397
1886
1467
1467
1467
1398
1886
1886
1886
1886
1956
1467
1467
1956
1886
1397
1397
1956
1397
1956
1467
1886
1397
1956
1886
1886
1956
1467
1886
1467
1886
1956
1886
1886
1956
1886
1955
1956
1467
1886
1886
2305
1886
1956
1467
1956
1816
1956
1886
1397
1886
1956
1886
1467
1956
1886
1956
1886
1467
978
1397
1956
1886
1886
1467
1397
1397
1886
1886
1886
1816
1886
1886
1956
1955
1886
1397
1956
1397
1467
1467
1886
1956
1886
1886
1886
1886
1956
1956
1467
1886
1467
1466
1886
1886
1816
1397
1886
1467
1956
1397
1886
1886
1467
2375
1467
1886
1467
1397
1886
1467
1886
1886
1397
1955
1817
1886
1886
1886
1886
1886
1886
1886
1886
1886
1956
1816
1886
1956
1467
1956
1886
1467
1397
2375
1467
1956
1467
1467
1886
1956
1397
1956
1956
1886
1467
1467
1816
1397
1956
1816
1467
1467
1816
1956
1817
1467
1956
1467
1397
2375
1466
1956
1886
1886
1398
1886
1956
1956
1886
1397
1397
1886
1467
1886
1817
1397
1397
909
1886
1956
1467
1397
1886
1467
1886
1467
1467
1886
1397
1886
1886
1816
1886
1467
1398
1956
1956
1467
1467
1467
1956
1467
1397
1397
1397
1397
1886
1886
1397
1467
1466
1397
1467
1886
1467
1397
1886
1466
1956
1956
1397
1397
1467
1467
1467
1398
2375
1886
1956
1397
1467
1955
1956
1467
2306
1886
1956
1956
1467
1886
1886
1466
1886
1467
1398
1886
1886
1886
1397
2375
1886
1397
1397
1397
1956
1397
1467
1886
1886
1956
1886
1956
1956
1817
1397
1467
1397
2305
1886
1956
1956
1886
1467
1467
1397
1886
1886
1886
1467
1467
1397
1817
1886
1397
1886
1886
1467
1956
1956
2305
1397
1467
1886
1467
1886
1817
1956
1397
1886
1956
1467
1886
1397
1886
1956
1397
1886
1467
1397
1956
1467
1886
1886
1397
1956
1397
1467
1467
1886
1467
1397
1956
1886
1886
1467
1886
1886
1467
1397
1956
1886
1467
1397
1467
1886
1886
1467
1887
1397
1886
1886
1956
1956
1467
1886
1886
1956
1886
1467
1467
1886
1397
1816
1397
1397
1467
1886
1397
1886
1467
1886
1467
1886
1956
1955
1886
1886
1886
1886
1397
1886
1467
1397
1467
1467
1886
1886
1956
1397
1886
1397
1467
1467
1886
1886
1467
1886
1886
1886
1956
1956
1467
1397
1886
1397
1886
1886
1886
1886
1467
1397
1467
1956
1467
1467
1956
1886
1467
1886
1956
1886
1887
1887
1886
1886
1467
1886
1886
1886
1886
1886
1886
1886
1817
1467
1956
1398
1886
1886
1956
1397
1886
1886
1956
1956
1467
1956
1886
1955
1467
1886
1397
1397
1956
1397
1467
1886
1956
1886
1397
1956
1467
2375
1886
1886
1467
1397
1397
1397
1467
1956
1397
1467
1397
1397
1956
1886
1886
1466
1397
1467
1886
1397
1397
1466
1397
1467
1467
1886
1886
1467
1397
1397
1886
1398
1397
8731
1956
1886
1397
1956
1397
1397
1397
1467
1397
1886
978
1886
1467
1886
1467
1397
1467
1886
1397
1467
1397
1397
1467
1397
1467
1467
1467
1398
1886
1467
1397
1397
1886
1886
1466
1467
1886
1397
1397
1397
1467
1397
1955
1886
1397
1467
1466
1467
1397
1886
1397
1467
1886
1467
1467
1467
1467
1397
1956
1467
1467
1886
1467
1467
1886
1397
1397
1467
1397
1467
1467
1467
1397
1397
978
908
978
1466
1467
1886
1397
1467
1397
1467
1466
1467
1886
1397
1397
1886
1397
1397
1886
1467
1816
1886
1886
1397
1397
1886
1397
1397
1467
1397
1467
1956
1467
1886
1397
1397
1397
1397
1467
1467
1467
1467
1397
1397
1956
1397
1397
1466
1467
1397
1397
1397
1956
1467
1467
1397
1398
1956
1397
1397
1397
1467
1886
1467
1467
1466
1397
1467
1397
1467
2375
1956
1956
2375
1466
1886
1956
1467
1956
1467
1886
1955
1886
3283
1886
1955
1886
1397
1467
1956
1886
1397
1956
1956
1397
2306
1886
1467
1956
1467
1956
1467
1397
1886
1397
1955
2375
1956
1955
1886
1398
1886
1886
1886
1886
1467
1886
1886
1397
978
1956
17253
1955
1397
1816
1886
1886
1956
1467
1886
1956
1886
1467
1467
1886
1398
1467
1956
1886
1956
1886
1886
1397
1886
1467
1886
1467
1466
1886
1886
1956
1398
1467
1466
1886
1956
1956
1397
1466
1467
1956
1397
2375
1397
1467
1467
1886
1886
1467
1886
1397
1467
978
1397
1397
1397
1467
1956
1467
1467
1886
1886
1956
1816
1816
1467
1956
1467
1397
1397
1956
2794
1397
1886
1886
1886
1956
1397
1886
1467
1886
1397
1467
1886
1956
1886
1397
1467
1397
1956
1956
1467
1886
1956
1956
1956
1467
1398
1886
1397
1467
1467
1886
1397
1886
1886
1398
1817
1886
1955
1886
1467
1467
1956
1886
1397
1886
1886
1467
1467
1956
1886
1886
1886
1886
1467
1467
1956
1397
1397
1956
2375
1467
1956
1956
1397
1467
1467
1886
2375
1886
1467
1886
1397
1886
1886
1467
2375
1886
1886
1956
1467
1956
1466
1956
1817
1956
1886
1886
1816
1397
1886
1397
1886
2375
1467
2375
1956
1886
2305
1956
1886
1955
1886
1886
1467
1956
1886
1816
1886
1956
2305
1956
1467
1956
1397
1886
1956
1886
1816
1956
1467
1886
1467
1886
1397
1886
1956
1886
1816
1886
1956
1467
1466
1467
1886
1397
1886
1466
1886
1886
1886
1816
1956
1886
978
1886
1956
1886
1886
1886
1397
1397
1816
1467
1956
1886
1397
1467
1956
1397
1886
1886
1956
1955
1397
1816
1955
1397
1466
1956
1398
