1398
1467
1327
1397
1956
1398
2375
1398
1397
2375
1886
1886
1817
1397
1398
1397
1397
1956
1886
1956
1398
1468
1397
1397
1398
1397
1467
1467
1886
1467
1397
1467
2376
1467
1467
1398
1467
1398
2306
1467
1397
1467
1398
2375
1397
1397
1397
1467
1397
1398
1467
1467
1397
1886
1467
1397
1467
1397
2306
1398
1467
1397
1397
1886
1397
1398
1397
978
1468
2445
1467
1886
1467
1397
1398
13344
1886
1398
1397
1397
1886
2306
2375
1397
1397
1397
2305
1957
2375
1467
1467
1468
1467
1397
1886
1467
1468
1397
1817
1397
2376
1467
1397
1887
1398
1397
1468
1397
1468
2375
1397
1886
1397
1398
1398
1397
1398
1397
1467
1886
2376
979
2376
1468
1397
1467
1397
1468
1886
1467
1886
1467
1467
1467
1467
1468
2375
1467
1467
1467
1467
1467
1397
1398
1397
1467
1956
1397
2375
1467
1886
1467
1467
1467
2446
1397
1397
1467
1467
1467
1397
1956
1398
1886
1467
1398
1397
1467
1397
1397
1467
1397
1886
1398
1398
1398
1956
1397
1886
1467
1956
1887
1956
1467
2305
1398
1467
2306
1397
2375
1398
1397
1886
1397
1397
1886
2375
1886
908
2375
1397
978
1886
1397
1467
1397
978
1956
1886
1397
1956
1467
979
1397
2375
2375
1397
1397
1467
1467
2375
1397
1397
1398
1886
5799
1887
1397
1467
1467
1397
1397
1397
1467
1397
2376
1398
1956
1887
2376
1397
1957
1467
1467
2375
1467
2375
1956
2376
1817
1397
1467
2446
1398
1467
1886
2375
1398
1397
1397
1886
1467
1397
1956
1397
1956
1886
1886
1467
1886
1397
2376
1886
1886
1886
2446
1397
2376
1467
1397
1397
1397
1886
1467
1886
1397
1467
1398
1886
1398
1468
2865
978
1467
978
1398
1397
1467
1397
1887
1397
2376
1467
1467
1398
2376
1398
1956
1398
1398
1467
1397
2376
1398
1397
1398
1467
1887
1886
1886
1398
1467
1397
1467
1886
1886
1467
1398
1467
1956
1397
1397
1398
2376
1397
1397
1397
1397
1467
1397
1467
1886
1887
2375
1956
1886
1467
1398
1397
1398
1397
1886
1887
1956
1956
1467
1398
978
1397
1887
1397
1887
1468
1398
1397
1397
1956
2376
1956
1467
1397
1886
1397
1467
1397
2445
1397
1467
1397
1397
1956
1397
1397
1397
2446
1397
1467
1467
1397
1886
1956
1398
1397
1467
1467
1397
1397
1886
1886
1467
1398
1398
1956
1886
1397
1467
1467
1816
1887
1398
1397
1397
1467
1467
1397
1468
1467
1397
1397
1398
1467
1398
1467
1398
1398
1956
1467
1887
1467
1468
1467
2376
1886
1886
1468
1467
2795
1397
1886
1398
1397
1467
1397
1397
978
1467
978
2376
2375
1886
1467
1397
1397
1397
1467
1398
1956
1886
1886
1467
1467
1467
1398
1467
1467
1397
1397
1886
1467
1397
1467
1397
2375
1467
2375
1887
1956
1398
1397
1467
1467
1398
2445
2306
1397
1398
1468
1467
1398
1397
1467
1468
1467
1397
1467
1467
1957
1886
2445
1397
1467
1397
2306
1397
1398
1956
1467
1886
1397
1886
1467
2794
1397
1397
1468
1887
1886
1887
1327
1398
1467
1468
1886
1887
1956
1397
2305
1468
1467
1468
1397
2445
1398
1397
1468
1886
1887
1956
1397
1397
1886
1956
1397
1886
1397
1467
1467
1467
1398
1468
1398
1467
1397
1397
1886
1398
1397
2375
1887
2305
1397
1398
1397
1397
1467
1397
1467
1467
1398
1397
1467
1468
1397
1397
1467
1467
1397
1397
1397
1397
1467
1397
1468
1467
1887
1398
1467
1886
1467
1397
1886
1887
1397
1398
1397
1398
1397
1398
1467
1956
2376
2375
1398
1467
1956
1467
1467
1397
2446
1467
1886
1398
1956
1886
1886
1468
1467
1956
1467
1886
1886
1467
1467
1397
1398
1397
2375
1397
1397
1397
1467
1398
1467
1397
1467
1397
2306
1886
1467
1397
1468
1397
1467
1468
2445
1467
1956
2375
1467
2305
1886
2445
1397
1956
1397
1467
1397
1467
1467
1397
2795
1887
1887
1467
1467
1397
1467
1956
1887
1886
1886
1886
2305
1398
1467
1886
1886
1886
1887
2375
1887
1467
1468
2375
1398
1397
1397
1397
2375
1398
1467
1397
1397
1886
1398
2305
2375
2375
1398
1956
1397
2445
1467
1397
2375
2375
1467
1467
1397
1467
1398
1397
1397
1397
1886
1956
1397
1398
2445
1886
1467
1467
1887
1886
1467
2376
1397
2375
1467
1886
1887
1886
2375
1956
1398
1397
1467
1956
1886
1467
2306
1468
1398
1467
1886
1467
2375
1887
1397
1397
1886
1397
2375
2445
1467
2445
1397
1956
1467
2375
1397
1397
1397
1956
1397
1467
1467
1467
1956
1886
1467
2794
1397
1467
1467
1398
2375
908
1467
1886
1397
1956
2376
1886
1887
1886
1886
1956
1886
1886
1397
1467
1398
1956
1886
1887
1397
1956
1816
1956
1886
1887
1398
1956
1398
1398
1957
1887
1956
1817
1398
1886
1397
1397
1397
1398
1467
1397
1467
1467
1467
1956
1397
1397
1397
1957
1397
1467
1397
1397
1397
1397
1467
1398
1467
1397
1887
1467
1398
1467
1467
1397
1467
1468
1467
1397
1467
1886
1956
1397
1956
1467
1397
1397
1397
1397
1467
1397
1886
1886
1467
1397
1398
1886
1397
1397
1397
1886
1956
1467
1467
1397
1467
1468
1397
1467
1468
1398
1887
2446
1886
1397
1467
1397
1956
1886
1467
1467
1886
1397
1467
1467
1886
2375
1467
978
1467
1886
1817
908
1886
1467
1397
1887
1887
1467
1957
1467
1887
2375
1398
1398
1467
1467
1886
1886
2934
1956
1886
1397
1398
1468
1467
1398
1467
1398
1467
1467
1887
1398
1886
1886
1886
1467
1886
1956
1886
1467
1467
1467
1887
1956
1886
2375
1887
1886
2864
1957
2375
1467
1397
1467
1397
2794
1467
1886
1397
2375
2375
1467
1956
1886
1397
1467
1398
1397
1467
1397
1398
1398
1887
2864
1886
1397
2375
2306
2375
2446
1886
1398
1886
1467
1886
1467
1886
2305
1397
1397
1956
1467
1398
1957
1816
1397
1397
1397
1397
1398
1397
1886
