1956
1397
1955
1397
1466
1467
1886
1397
1885
1886
1467
1466
1467
2444
1466
2445
1886
1397
1886
1466
1396
1396
1396
1397
1466
1466
8660
1467
1886
1327
1467
1467
1396
2374
1397
1397
1466
1886
978
1467
2304
1397
1397
1467
1396
1956
1396
1397
1886
1397
2374
1397
1467
1467
1397
1467
1397
978
1397
1886
1396
1396
2374
1467
1397
1467
1467
1397
1396
1467
1467
1397
1467
1467
1397
1397
1397
1467
1467
1467
1397
1467
1467
1397
1886
1396
1397
2375
1397
2444
1467
1466
1397
1397
1397
1956
1956
2374
1886
1955
2444
2304
1886
1397
1397
1397
2375
1396
1467
1466
2933
1886
1397
1815
2374
978
1467
1397
1467
978
1397
1467
2375
1467
1397
1467
1397
1885
1467
1396
1885
1886
1397
1397
1467
1396
1397
1397
1467
1397
1396
1955
2305
1397
1886
1886
2374
1466
2444
1467
1886
1955
1467
1885
1397
1397
1397
1816
1467
1467
1396
1885
978
977
908
1466
1886
1467
1467
1467
1466
1397
1466
1397
1467
1397
1397
1397
977
1397
1397
1397
1467
1466
1397
1466
978
1396
1466
1466
1467
1397
1397
1397
1396
1397
1466
1397
1467
1466
1397
1467
1886
1397
1467
1467
1397
978
1396
1397
1467
1886
1955
1397
908
1466
2305
1467
1466
1397
1397
1397
1467
1397
1467
1467
1467
1467
1396
1397
1466
1397
1397
1885
1396
1466
1886
1886
1397
1955
1955
1467
1397
2374
1397
1956
978
1396
1397
977
1885
978
1397
1396
1397
1956
1467
1886
2375
1885
1396
1466
1886
1466
1886
1467
977
1397
1397
1397
1397
1886
1466
1397
1396
1466
1467
1397
1467
1466
1467
1956
1467
1397
1467
1396
1397
1467
1396
1397
1467
1467
1466
1397
1466
1467
1467
1397
1466
1466
1467
1467
1397
1467
1397
1397
1467
1396
1396
2305
1397
1397
1467
1466
1397
1397
1467
1466
1467
1396
1396
1467
1467
1467
1955
1397
1397
908
1467
1396
1397
1956
1396
1397
1466
1327
1397
1956
1396
978
2864
1886
1397
1886
1397
1467
1467
1467
1467
1397
908
1397
1466
1397
1397
1467
1396
1467
1397
1467
1397
1397
1397
1397
1466
1467
1397
1886
1467
1467
8660
1397
1327
1466
1467
1396
1397
1397
1885
1467
1885
1466
1467
1466
1397
908
1466
1466
1397
1396
1467
1396
1886
1467
1397
1466
1466
1467
1466
2375
1467
1886
1397
1396
1467
1397
1397
1397
1467
1467
1397
1397
1886
1397
1397
1467
1396
907
1467
1466
1467
1397
1396
1397
1467
1467
1467
1397
1396
1397
1397
1397
1467
1397
1467
1467
978
1397
1397
1467
1466
1397
1885
1396
1397
1816
1466
1397
1397
1467
1397
1886
1816
2793
1467
1467
1397
1397
1886
1397
1397
1397
1466
1956
1397
1467
1467
1467
1466
1467
1467
1397
1467
1397
1467
1467
2375
1467
977
1397
1467
1397
1467
1886
1955
1397
1397
1397
1466
1397
977
1467
1956
1467
1466
1467
1886
1467
1397
1397
1466
1466
1466
1956
1397
1886
1397
1397
1397
1466
1467
1397
1397
1397
1396
1396
1466
1397
1886
978
1956
1467
1467
1467
1467
977
977
1466
1397
1397
1397
1396
1467
1397
1467
1397
1397
1467
1886
1396
1466
1466
978
1466
1397
1396
1466
1397
1467
1886
1466
1397
1886
1467
1397
1955
1397
1467
1397
1396
1397
1396
1397
1396
1886
1397
1467
1397
1396
1467
1396
1466
1885
1466
1466
1397
978
1467
1466
1467
1396
1397
1397
1397
1397
1397
1467
1467
1397
1397
1397
1467
1466
1466
1885
1467
1397
908
1397
1466
1466
1397
1466
1467
1466
1467
2304
908
1397
1467
1885
1397
1396
978
1466
1397
1956
2374
1397
1397
1467
1397
1397
1886
1397
1466
2864
1466
1467
1466
1396
1397
1396
1466
1397
1397
2444
1466
1397
1816
1467
1466
1886
1466
1467
1467
1886
977
1467
1466
1397
1467
1397
1467
1467
1397
1466
2374
1396
1467
1397
1467
1886
1466
1467
1396
1397
1396
1397
1397
1466
1397
1466
1397
1955
1466
1467
1466
1396
1397
978
1467
1397
1466
1397
1397
1467
1397
1467
908
1397
1956
1955
1467
1466
1466
1397
1466
1467
1397
1886
1397
1467
1397
1396
1397
1467
1397
1396
1885
1397
1397
1397
1956
1466
1467
1396
1467
1397
1396
1397
1397
1466
2304
1467
1467
1467
1396
1397
1397
1396
1467
1466
1956
1467
1467
1885
1397
1397
1467
1467
1467
1467
1467
1467
1397
1397
977
1397
1466
1397
1467
1397
1816
1467
1397
977
1467
1466
2305
1397
1466
1466
1816
1396
1467
1397
1467
1397
1466
1886
978
1466
1467
1956
908
1467
1815
1466
1467
1467
1467
1886
1467
1397
1397
1397
1886
1885
1467
1397
1816
1397
978
1466
1886
1396
1397
1467
1397
1397
1466
1396
1397
1396
1816
1397
1467
1397
1397
1886
1466
1397
1466
29263
1397
908
1397
1467
1396
1467
1397
1466
1397
1397
1397
9498
1466
1467
1467
1467
1397
978
2375
1885
1886
1466
1397
1396
1466
1467
1397
1466
1466
1396
1397
1397
1467
1466
1467
1955
1397
978
1467
1956
2444
1466
2374
1396
1397
1466
1466
908
1397
1397
978
1467
1397
1885
2374
2375
978
1815
1397
1886
1886
1466
1466
1955
1886
978
1467
1466
1397
1396
1396
1396
1467
1956
1886
1466
1396
1397
1396
1396
1886
1886
1397
908
1467
1467
1396
2375
1397
1396
1397
1467
978
1466
1467
1466
1467
1397
1397
1397
1955
1466
1396
1467
1467
1466
1397
1397
978
1396
1886
1396
1466
1397
1467
1466
1466
1467
1397
1467
1397
1885
1467
1396
1396
1885
1885
1397
1467
1467
1886
1397
1396
1397
1467
1397
2305
1397
1467
2375
1467
1397
1397
1467
1396
1397
1467
1397
1466
1397
1467
1467
1467
1396
1467
1466
978
1466
1397
1396
1956
1396
1467
1885
1466
2305
1466
2863
2375
1397
1466
1466
1466
1397
1397
1467
2794
1467
1955
1467
1466
1467
1397
1467
1397
