1397
1886
1886
1956
1467
1886
1956
978
1956
1886
2375
1397
1467
1887
2306
1886
1956
2375
2864
1467
1956
1816
2445
1397
2375
1398
1467
1886
1956
1956
1956
1886
1956
1956
1886
1956
1956
1886
1397
1886
1956
1956
1886
1397
1956
1886
1956
1397
1887
2445
1467
2375
1397
1886
1886
1886
1467
2864
1886
1886
2306
1467
1886
1886
1956
1397
1467
1397
1886
1956
1886
1886
1886
1467
1397
978
1467
1956
1886
1956
1817
978
1886
1886
1467
1397
1886
1886
1467
1467
1397
1397
1397
1886
1467
1467
1886
1886
1887
1956
1397
1886
978
1467
1467
2375
2376
1398
1886
1467
1956
1956
1956
2375
1886
1397
2375
1887
1956
1816
1397
1397
1886
1886
1397
1886
1467
1397
1886
1467
1467
1467
1397
1397
2305
1956
1886
1397
1467
1467
1397
1887
1886
1467
1886
1467
1886
1956
1816
1397
1397
1397
1886
1886
1397
1886
1887
1467
1887
1398
1956
1886
1886
1467
1467
1467
1886
1956
1397
1956
1887
1886
1886
1956
1467
1467
908
1956
1816
1467
1956
1886
1398
1886
1816
1886
1956
1886
1467
1817
1397
1887
1886
1397
1467
1467
1467
1397
1887
1467
1467
1397
1467
1886
2375
1397
1397
2375
1886
1886
1467
1467
1397
1886
1397
1956
1886
1397
1467
1397
1956
1956
1397
1467
1956
1467
1886
1886
1467
1397
1397
1467
978
1886
1397
1397
1467
1467
1398
1956
1886
1397
1467
1397
1956
978
1886
1817
1887
1886
1467
1467
1956
2305
1886
2445
1886
1957
2375
1886
1397
2445
1398
1397
1467
1887
1467
1956
1956
1956
1398
1397
1886
1467
1956
1887
1886
1467
1397
1467
1397
2445
1886
1886
1816
1956
1956
1886
2445
1467
1467
1886
1886
1467
1956
1887
1467
1886
1816
1886
1886
1956
1956
1467
2375
2375
1467
1467
1467
1467
1886
1956
1886
1887
1886
1956
1956
1467
1397
1956
1467
1886
1956
1468
1956
1467
1816
1886
2375
1886
1886
1886
1956
1956
1467
1817
1886
1886
1886
1886
1956
1886
1397
1956
1887
1956
1956
1467
1397
1467
1886
1956
1886
1467
1397
1397
1956
1397
1467
1467
1886
1816
1397
1397
1467
1467
1467
1887
1886
1886
1887
1886
978
1467
1467
1397
1397
1886
1467
1956
1397
1397
1886
1956
1467
2864
978
1467
1467
1397
1467
1956
1886
1886
1956
1956
1467
1467
1398
1467
1956
1397
1886
1956
1886
1398
1467
1467
1886
1886
1467
1397
1886
2375
1887
1887
1886
1956
1886
1397
1467
1398
1956
1886
1886
1887
1467
1397
1886
1397
1886
1886
2445
1816
1886
1886
1886
1886
1956
1886
1467
1467
1886
1467
1467
2375
1886
1956
1956
1467
1397
1886
1956
1397
1467
1467
1397
1886
1956
1956
1956
1398
2305
1886
1956
1886
1956
1397
1467
1886
1397
1397
1886
1398
1886
1397
1886
1886
2305
1467
1956
1467
1467
1397
1467
1467
1956
1397
1397
1886
1886
2375
1467
1886
1467
2375
1956
1886
1886
1397
1397
1886
1956
1467
1467
1397
1886
1956
1886
1467
1397
1397
1467
1886
1887
1467
908
1956
1397
2445
1467
1886
1886
1886
2375
1398
1956
1467
1397
1887
1956
1397
1887
1398
1956
1886
1886
1467
1886
1467
1397
1886
1397
1397
1467
1956
1398
1956
1886
1886
1467
2376
1956
1467
908
1886
1397
1956
1886
2375
1886
1956
1886
1397
1467
2445
1467
1886
1467
1397
1397
978
1398
1956
1398
1467
1467
1397
1956
1956
1467
1467
1886
1956
1397
1467
1397
1886
1398
1886
1886
1887
1956
1467
1956
1956
1398
1956
1956
1886
2375
1467
1397
1467
1467
1397
1886
1886
1817
1956
1398
1956
1956
1397
1816
1956
1956
1956
1817
1398
1886
1816
1886
1887
1467
1467
1397
1886
1886
1886
1816
1467
1886
1956
6147
1398
1467
1956
1956
1467
1467
1956
2306
1467
1817
1467
1397
1397
1397
1956
1956
1467
1397
1397
1886
1397
1397
1956
1467
1816
1886
1887
1467
1397
1467
1467
1887
1397
908
1886
1886
1956
3284
978
1398
1956
1397
1956
1956
1398
1887
1956
1886
1956
2375
1467
1398
1397
1467
1956
1467
1886
1467
1397
1397
1467
978
1887
1397
1397
1886
1956
1467
1397
1467
1467
1956
1397
1397
1467
1956
1467
1887
1467
1886
1397
1397
1467
1397
1397
1467
1886
1397
1886
1397
1397
1886
978
1467
1887
1397
1467
1886
1886
1467
1956
1887
1397
1887
1397
1467
1816
1397
1467
1886
1467
1956
1397
1398
1467
1397
1816
1397
1397
1956
978
1886
978
1397
1957
1467
1398
1468
1956
1886
1397
1817
1886
1886
1886
1467
1816
1397
1886
1467
1397
1467
1397
1467
1397
1467
1467
1956
1886
1886
1397
1397
2375
1467
1397
1467
1397
1397
1887
1956
11875
1886
1886
2305
3283
1886
1886
2864
1956
1467
1467
1956
2376
1467
1956
1887
1886
1397
1886
1467
1886
1886
1397
1467
2865
1956
1956
1886
1956
1398
1956
1886
1397
1886
1886
1886
1886
1956
1467
1956
1956
1886
1467
1886
1397
1467
1467
1397
1467
1467
1467
1956
1398
1397
1467
1467
1886
1886
1467
1886
1887
1467
1397
1467
1397
1816
2375
1467
2375
1886
1886
1467
1467
1886
1886
1398
1956
1397
1956
1397
1467
2375
1397
1956
1397
2305
1886
1398
1956
1397
1397
8104
1886
1467
1397
1956
1467
1886
1467
1886
2305
1467
2306
1397
2376
1467
1397
1887
1956
1467
1886
1886
1886
1886
1886
1467
908
1956
1397
1956
1956
1397
1956
1397
1468
2445
1467
1886
2375
1886
1467
1398
1886
1956
1398
1886
1886
1886
1886
1887
1467
1398
1397
1886
1956
1397
1956
1886
1886
1886
1956
1886
1398
1956
1886
1397
1467
1467
1886
1397
1467
2375
1886
1886
1886
1956
1886
1467
1956
1397
1956
1956
1817
1956
2375
1817
1397
1397
1886
1886
2375
1886
1467
1467
908
1887
1467
2376
1956
1886
1886
2375
1467
1956
1467
1886
1397
1467
1886
1398
978
1397
1956
1956
1886
