1887
1887
1956
1467
1397
1467
1397
1398
1468
1397
978
1398
1467
1398
1887
1956
1886
1398
1397
1467
1887
2864
2376
1467
1398
1398
1397
1468
1887
1398
1886
1467
1397
1397
978
1467
1397
2446
1398
1886
1397
1398
1397
1467
1468
1398
2376
1397
1398
1397
1467
1467
1886
1467
2375
1956
1397
2376
1398
1397
1956
1397
1397
1397
2375
1816
1467
1887
1398
1467
1397
1398
1397
2445
1328
1397
1398
1467
1467
1467
1467
1467
1467
1467
1468
1397
1397
1397
1957
1467
1397
1467
1398
1398
2306
1467
1887
1468
9921
1398
1467
1816
1886
1887
1467
2445
1397
1397
1957
1467
1467
1467
1467
1467
1468
1397
1397
1467
978
1886
1467
1886
1467
1398
1956
1397
1467
1398
1817
1887
1467
978
1398
1467
1957
1956
1467
1957
2445
1398
1397
2375
1467
1886
1956
1467
978
1957
1397
1397
1467
1467
1398
1467
978
1468
1397
1467
1886
1467
1956
1397
1467
1887
1467
1956
1956
1398
1886
1886
1467
1398
1397
1397
1467
1886
1398
1956
1398
1397
2375
1397
1886
1887
1957
1817
1886
1397
1467
1887
1397
1398
1956
1467
1956
2375
1886
1397
1467
1956
1886
2375
1397
978
1467
2376
979
2445
1887
1398
1397
1398
1397
1397
1398
979
1397
1886
1467
1886
1467
1397
1397
978
1467
1467
1467
2795
1816
2376
1886
1398
1887
1817
2445
1467
1467
1467
1397
1398
1956
1957
1397
1467
1397
1467
2375
1467
1467
1397
1397
2375
1886
1467
1397
1886
2375
1887
1468
1816
1397
1467
1398
1886
1397
2375
1397
1397
1468
1467
1467
1467
1467
1398
2445
9503
2306
1467
1467
2376
979
1398
1467
1398
1468
1467
1398
1468
2305
1887
1886
1397
978
978
1467
1467
1467
1397
1467
2376
1398
1397
1467
1887
1956
1956
1957
1397
1398
1468
1956
1467
1467
1467
1467
1887
1397
1397
1956
1816
1397
1398
1467
1957
1887
1468
1467
2375
1397
1398
1397
1397
1468
1398
1398
1467
1468
1887
1468
1467
978
1467
1887
1468
1397
1398
1398
1467
1468
1398
1467
1397
1467
1467
1397
1886
1956
1398
1397
1397
1398
1467
1397
1467
1886
1887
978
1397
1467
1398
979
1957
1398
1398
978
1467
1887
1397
1397
1397
1398
1397
1397
1398
1398
1397
2376
1886
1467
1397
1397
2376
1397
1886
1398
1886
1956
1397
1397
1397
1816
1467
978
1397
1397
1467
978
1398
2375
1468
1956
1467
1397
1397
1887
1397
1467
1467
1467
1398
1397
1397
2376
1467
1956
1398
1467
1467
1398
1397
1398
1397
1468
1886
1398
1467
1397
1467
1467
1468
1887
2794
1956
2376
1467
1397
1886
1398
1398
1816
1467
1468
1397
1397
1398
1398
1397
1468
1397
1398
1398
1816
1467
1398
1957
1398
1397
1467
1468
1398
1397
978
1467
1397
1398
1467
1467
1467
1397
1467
1467
1397
1957
1397
1467
1397
1397
1467
1886
1887
1398
1398
1397
1468
1398
1397
1817
1467
1467
1398
1398
1817
1467
1468
1467
1467
1467
1397
1467
1467
1956
1467
1468
1467
1397
1886
1397
1467
1467
1397
1956
1468
1467
1956
1957
1467
1467
1467
1467
1398
1887
2306
1467
1467
1468
1956
1956
1468
1467
1468
1467
1957
1398
1468
1468
1886
1467
1397
1397
1398
1886
1467
1886
1887
1468
1467
1467
1398
1398
1467
1467
1467
1467
909
1887
1886
1467
1886
1397
1467
1816
1886
2306
1397
1397
2375
1398
1398
1328
1397
1957
1397
1467
2446
1467
1467
1886
1398
1887
1956
1886
1398
1397
978
1887
1887
1467
1467
1398
1398
1467
1467
1398
1467
1397
2375
1817
1957
1887
1467
1397
1468
2376
1467
2305
1956
1398
1467
1397
1887
1957
1957
1956
1468
1397
1398
1467
1397
1397
1467
1467
1886
1397
1886
1886
1468
1817
1397
1468
1467
1468
1398
1397
1956
1887
1467
1886
1886
1467
1467
1467
1397
1398
1398
2375
1397
1886
1886
1398
1397
1397
1398
1397
1397
1467
1468
1467
1467
1956
1397
1957
1397
1886
1467
1467
1398
1467
1467
1397
1468
1398
1957
1817
978
1468
1887
1886
1397
1397
1816
1397
1887
2375
1956
1467
2376
1957
1397
2376
1467
1398
1956
1397
1468
1467
1957
1816
1397
1397
1398
1956
979
1468
1957
1398
2376
1397
1398
1468
1956
2375
1956
2306
1957
1467
1397
1467
1817
978
1467
1467
1398
1468
1886
2375
1467
1398
9083
1398
908
1886
1467
1886
1397
1886
978
1468
1398
2306
1886
2795
1886
1957
1467
2376
1398
1886
1398
1817
1397
1397
1398
1397
1397
1467
1467
1397
1887
1467
1398
1398
1886
1957
1397
1397
1817
1398
1398
1468
1467
1467
1398
1956
1468
1467
1467
1467
1887
1887
1956
1956
1397
1886
978
1817
1467
1467
1468
8244
978
12786
1887
1956
1886
1398
1887
1886
1887
1468
1467
1816
1816
1397
1398
1467
1467
1886
1397
1467
1468
1467
1886
1397
2375
2375
2376
1397
1886
1886
1397
1397
1397
1467
1467
1397
1467
1397
1467
1467
1886
1467
2445
1886
1467
1397
1397
1467
1397
1467
1397
1467
1467
1398
1467
1397
1397
1957
1397
1467
1468
1468
1467
1467
1398
1468
1467
1887
1467
1467
1467
2376
1398
1467
1467
1397
1467
1886
1398
1397
1467
1398
1397
1397
1467
1467
1468
1468
1468
1886
1397
1397
1467
1397
1398
1398
1397
1467
1397
1468
1467
978
1956
1398
1397
1886
2376
1397
1397
1468
1887
1467
1468
2445
2864
1397
1467
1397
1398
1397
1956
1467
1397
1957
1467
1467
1397
979
1887
1467
1397
1397
1467
1398
2376
2305
1398
1886
1467
1468
1886
1397
1398
1398
1467
1887
1398
1397
1398
1397
2865
978
978
1397
1886
1467
1397
1397
1957
1467
1468
1467
1887
1467
2376
1886
1397
1397
1886
1467
1397
1397
1397
1886
1467
1398
1398
1887
1397
2446
1467
1397
1887
1397
1397
1397
1956
1397
1397
1398
2446
1397
1467
1398
1957
1887
1397
1467
1397
1397
1468
