1886
1885
1396
1397
1466
1467
1397
1396
1396
1397
1956
2374
1466
978
1396
1467
1466
1467
1466
1466
1397
1467
1467
1467
1467
1467
978
1467
1397
1397
977
908
1397
1397
1397
1466
1467
1397
1396
978
1886
1955
1397
1467
1396
1396
1397
1467
1397
1886
1397
1466
1467
1397
1466
1466
978
1467
1467
1397
1467
1397
1397
1397
1467
978
978
1397
1397
1886
1466
1467
1466
1955
1467
1466
1886
1397
1466
1885
1955
1397
1467
1467
1397
1397
978
1466
1467
1397
908
1396
908
1886
2374
1397
1397
1397
1885
1396
1467
1955
1955
1397
1885
1467
1397
1397
1397
978
1886
1397
1955
1397
1467
1886
1885
1397
1885
1955
978
1886
1466
1886
1466
1467
1396
1885
1886
1886
1886
1397
1467
1466
1956
1467
1467
1467
1466
1397
1467
1466
1886
1397
1397
1397
1885
1467
1956
1467
1955
1397
1467
1466
1397
1467
1467
1467
1396
1466
1396
1396
1466
1397
1467
1397
1467
1396
908
1397
1467
1397
1467
1397
1467
1397
1467
1466
1956
1955
1397
1466
1955
1885
1467
978
1397
1467
1467
1397
1467
1467
1886
1955
1955
1397
1956
1397
1886
1886
1397
1467
1397
1397
1467
1466
1397
1467
7124
2445
1886
1886
1886
1397
1466
1397
1886
7613
2793
1956
2304
1816
1885
1467
1886
1397
978
1885
1466
1397
1467
908
977
1467
1466
1467
1397
1466
1467
1397
1397
1816
1397
1396
1955
1816
1886
1956
1467
1397
1397
908
1397
2375
1466
1397
1886
977
1397
1467
978
1467
1466
1886
1397
1397
978
1467
1397
1397
1396
977
1397
1467
1467
1397
1467
2304
1886
1466
8591
1397
1955
978
7124
2934
2305
1885
1886
1956
2794
1886
908
1885
1466
1885
1397
2374
2375
1397
1886
1956
1885
1466
1885
1467
1956
1466
1956
1885
1397
1397
2375
1396
1466
1467
1885
1467
1885
1956
1886
1466
1397
1886
908
1885
2375
1467
1466
1886
978
1886
1396
1955
908
1955
1466
1885
2374
1886
1467
1397
1956
1397
1885
978
1885
2374
977
1956
1885
1956
1397
2374
1886
1816
1397
1886
1466
1886
2375
908
1467
1886
1466
978
1956
1886
1955
978
1397
2374
1397
1397
1956
1886
978
2375
1467
1467
2374
1327
1397
1397
1397
1397
1396
1397
1885
1886
1397
908
1886
1955
1396
1466
1886
1467
978
1886
978
1885
1466
1397
1397
1466
1885
1397
1397
1396
1467
1397
1467
1955
1397
1885
977
1885
1467
978
1467
1466
1396
1467
2375
1397
1955
1467
1397
1956
978
1396
1467
1397
908
1466
1467
1467
1886
1467
1466
1886
1466
978
1397
1466
1397
1397
1397
1466
1397
2374
1397
908
1885
978
1397
1467
1885
1397
1397
1885
1397
1956
1467
1396
1886
3841
1956
1956
1885
977
1467
1396
977
978
1397
9149
2793
1956
1886
1397
2375
1886
1397
1467
6635
2793
1886
2445
1955
1397
1397
1396
1886
1467
1885
1467
2444
1956
1397
1466
977
2374
1397
1885
1955
1466
1467
1467
1397
1466
1397
1956
1397
1396
2374
1956
1467
977
1886
1396
1886
1467
1467
1956
1886
1467
1397
1467
1467
1397
1886
1397
1397
2375
2374
2374
1886
1886
1885
978
2374
1467
1956
1397
978
1467
1886
1397
1396
1397
1397
1467
978
1466
1397
1397
1466
1397
1396
1397
1397
1467
1467
1397
1397
1467
978
1397
1467
2305
1466
1885
978
978
1397
978
1397
1397
1886
1397
1467
42811
1886
1466
1467
1956
1467
1886
1816
1467
1467
1886
1955
977
1466
1397
1955
1467
1886
1467
1397
1397
1467
1397
1885
1396
1886
1397
1955
1467
1467
978
1467
1397
977
1956
1397
1466
1396
1467
1397
978
1956
1397
1397
1955
1885
1886
1466
1397
2374
1397
1955
1886
978
1466
1397
1397
1467
1397
1466
1397
1466
1396
1397
1396
1397
1467
1886
1397
978
977
1397
1467
1397
1397
1397
1397
1397
1886
1397
1886
1956
1397
1397
1955
1397
1397
1816
1397
1397
1466
1467
1885
1396
1886
1397
978
1816
1467
1397
977
1955
1467
1397
1396
1466
1396
1466
1397
1886
1466
1397
1885
2444
1885
2375
1955
1397
1396
1885
1886
1885
2933
1467
1886
1397
1955
2305
1396
1885
2374
1886
1396
1397
1955
1397
1467
1886
1886
1885
1397
24723
1466
1466
1397
1955
1886
1397
1466
2374
1396
1467
1397
1397
2375
2794
1956
1397
978
1397
1886
1397
1397
1467
1466
1886
1397
1396
1397
1467
1466
1397
1397
1467
1397
1885
1397
1397
1955
1397
10126
1396
2305
2444
1467
1816
1467
2375
1397
1397
1397
1396
1397
1885
1397
1815
1397
1466
1397
1467
1466
1466
1955
1955
1467
1467
1467
978
1466
1397
1886
1396
1886
1467
1396
1466
1397
1397
1956
1466
1397
1466
1397
1466
1466
2375
978
978
1466
1886
1466
1466
1397
1466
1815
2374
1397
1467
1886
1466
978
1466
1466
1467
1396
1467
1886
1885
1466
1467
1956
1466
2374
1397
1397
1467
1396
1397
1466
1467
2374
1397
1466
1466
1397
1397
1467
1397
1397
1886
1467
1466
1467
1466
1397
1467
1396
2304
1886
1886
1955
1397
1466
1467
1467
1467
1397
1396
1466
1466
1397
1466
1466
1956
2375
1397
1467
1397
1885
1885
1397
1885
1886
1397
1467
1467
1955
1467
1885
1397
1397
1397
1466
1397
2444
1886
1955
1955
1396
1466
1955
1466
1397
2375
1886
1956
1397
2444
1396
1886
1397
1397
1466
1397
2375
1467
1467
1397
1886
1397
1397
2933
1397
1956
1467
1955
1397
1396
1396
1466
2934
2374
1396
1397
1396
1467
1397
1467
1467
1397
1885
1397
2794
1815
1467
1397
1396
1466
1467
1466
2374
977
1886
1885
1396
1956
1397
1886
1886
1466
1886
1397
1397
2374
2374
1467
1467
1467
1397
1467
1397
1955
1397
1466
1467
1956
1397
1397
1397
1397
1466
1467
2444
2375
1467
1397
1886
1886
1397
1397
1467
2444
1467
1467
1467
1467
1886
