1885
1956
1885
1397
1886
1886
1886
1886
1955
2375
3212
1886
1955
1886
1397
2374
2374
1886
2444
2305
1956
1886
1885
1956
1955
1955
2444
1956
1955
1956
1886
1886
2863
2445
2794
1816
1886
978
1955
2374
1466
2375
2863
2375
2375
1886
1467
15783
1956
1886
1885
2445
1816
2374
1816
2794
2374
1956
2863
1886
1885
1955
1955
1886
2375
1885
2793
1885
2375
1955
1956
2444
2374
1885
2864
1956
1885
1816
1955
1886
1885
1886
2933
1885
2375
1886
1396
1955
1397
1886
1886
2375
1886
1815
2933
2375
2863
2374
1886
1956
2374
1886
1956
1466
2794
1886
977
2374
1885
3772
2933
908
2793
1815
1886
1885
1886
1815
1885
1956
1816
1955
1886
978
1397
1955
1886
1886
1466
1467
1955
1956
1956
1886
3282
1816
1956
1467
2375
2864
1886
1397
1956
2305
1397
1886
1886
2863
1886
1955
2375
1955
1467
1955
1955
1886
2375
1467
1956
1886
3283
2374
1956
1956
1885
2305
1886
2305
1956
1886
24862
1955
1955
1956
1885
1955
2375
1885
1955
1815
1886
1886
1886
2375
1886
1886
2375
1955
1886
1885
1955
2374
1885
1886
1886
2933
1886
2375
2444
2793
2794
2375
1955
2864
1886
1956
1396
1955
2445
1956
1886
1955
1885
2375
1886
1886
1885
1886
1886
1886
1955
1956
1816
1467
2305
1886
2374
1886
1886
1955
1886
1955
1886
2375
1886
1956
1886
1886
1886
1886
2374
1956
1956
1955
1467
1956
1956
1885
1886
2864
1886
1956
2374
1956
1956
1886
1885
1467
1956
1956
1885
1955
1886
2374
1886
2375
1886
1886
2374
2305
2375
2375
1886
1886
1397
2863
1956
1885
1885
2794
1886
1886
1886
1467
2375
1885
1885
1815
2864
2374
2305
1886
1816
2304
1886
1886
1467
2793
2793
1955
2933
2375
2375
2794
1397
1886
2374
1886
2375
1886
1955
3772
1886
2375
2863
1955
2374
1816
1955
1885
2445
2863
2304
1956
2445
1955
2375
1886
1397
2375
1396
1886
2375
1956
1886
1885
2305
1955
2793
1885
2863
1955
1886
1955
1886
1955
1955
1816
1885
1885
1956
1396
1886
2374
1396
1956
2374
1886
1955
1466
1955
1886
1886
1956
1886
2374
1466
2794
2374
1955
2445
1816
1397
1886
1956
1886
1886
2794
1955
2305
1886
1815
2305
5238
2375
2374
1886
1886
2305
2305
1955
1886
2304
2375
4819
1885
2375
2374
2374
1885
1816
2375
1885
1885
1885
2374
1955
1885
2374
2305
1886
1955
1886
1885
2374
3212
1885
1956
1955
1885
1955
1956
1885
2444
978
2444
2444
2374
1955
1955
1886
2444
2445
1955
2374
2375
1885
1885
2375
1956
1886
2445
2445
1886
2375
2374
2374
2445
1886
1955
1956
1886
2444
1885
1885
1885
2374
1955
1886
1885
1885
1886
1816
1886
1956
2375
1886
1955
1467
1885
2375
1956
1955
2444
1955
1956
1467
1956
2864
1885
1955
2374
1955
1885
1956
1955
1466
1886
1955
1886
1816
1886
1885
1397
1886
1886
2863
1956
4400
2863
1886
1955
2445
1886
1886
1885
1955
1397
1885
2305
1886
1886
2304
2375
1886
2863
1886
1467
1956
1816
1956
1886
1397
1885
2933
1955
1886
1886
2375
2375
1956
1955
2375
1955
1397
2374
1397
1955
1956
1397
1816
1886
2933
2444
2375
1955
2375
2375
2374
1885
1956
1886
2305
1956
2445
2445
1956
1956
2375
1886
1885
1885
1955
1886
2375
2374
1885
1886
1886
1886
1956
1956
1956
1886
1397
1955
2374
1466
1956
1815
2305
1956
2444
2374
1956
1816
1885
1886
2375
1885
978
2374
2305
1956
1886
2375
1955
2375
1886
1886
1397
1956
1886
2863
1886
1885
1886
2375
1955
1885
1467
2445
1955
1885
2864
2864
1466
1956
2864
2374
2374
1886
1955
1886
18508
1956
1885
1955
1467
1955
1955
2375
1886
977
2375
1885
1956
1886
2863
1885
1955
1886
1467
2445
2305
1956
1956
1955
2445
1956
1955
2374
1816
1955
1955
1816
2304
1886
1955
1885
2444
2374
1886
1955
1886
1885
2374
1886
1885
1885
1885
1885
1815
2374
1956
1886
1955
1955
1886
2864
1886
1956
1815
1886
2793
1955
1886
1886
1955
1955
1886
1956
2374
1885
1956
2933
1955
1467
1886
1886
2375
2934
1396
2374
1816
2444
1886
1397
1955
1467
2444
2305
1955
1885
1886
2375
1956
1955
1886
1886
1886
2375
1956
1886
1886
1885
1885
1885
2933
2445
1886
1885
1956
1886
1886
1956
1955
1886
2793
1886
1886
1886
1955
1955
1467
1885
1815
1886
1956
1886
2304
1885
1955
1886
2374
1885
1466
1885
1955
1886
1886
1886
1886
1466
1955
2375
1955
2374
2445
2444
2305
1886
1886
1885
1886
1396
1885
1885
1885
2375
2304
1885
2863
1956
1886
1886
1886
1955
1886
2794
1466
2445
1885
2864
1885
1885
1956
1885
1886
1886
1467
1397
2444
2375
1885
2863
1885
1956
3352
2444
2305
1886
1885
1955
1886
1815
1886
1397
1816
1956
1886
1956
2375
1955
1955
1955
1956
1816
1886
1886
2374
2444
1885
1885
2374
1956
1885
1955
2305
1885
1885
1885
1886
1956
2374
1886
1466
1956
1886
1885
1397
1885
1467
1816
1956
1955
1885
1396
1886
2793
1885
1885
1885
1955
1956
1886
1886
1885
1886
2375
2444
2304
1955
2304
1885
1397
1885
1886
18647
1886
2864
2375
1885
2374
1467
1397
1886
1955
1816
2793
1886
1886
1955
1886
1955
1886
2304
1955
1397
1886
1885
978
1886
2374
1955
2375
2305
1816
1885
1886
1885
1885
1886
1886
1886
1955
2305
2374
1885
3701
1885
1816
1886
1955
1956
1886
1955
3282
2863
1955
1886
1885
2375
1397
1816
1886
1466
1956
1886
2863
1955
1885
1467
1816
1886
1955
1466
2864
1467
2444
1885
1886
1816
1956
2444
1397
1886
1956
1886
1885
1397
1885
2375
1886
1885
1885
1886
2863
1955
1956
2444
2305
1956
2933
1816
2444
2375
1885
1885
1955
1955
1955
1885
2374
2374
1886
1956
1886
1886
1816
1886
1466
1955
1886
9498
2444
1885
1955
2375
1467
