978
1467
1467
1467
1467
1397
1467
1467
1467
1886
1956
1886
3283
978
1467
1886
1397
1397
1956
1397
1956
1817
2305
1886
1957
1886
1886
1886
1398
1886
1467
1397
1886
1467
1467
1816
1956
1956
1816
1886
1957
1397
1397
1467
1397
1467
1397
1887
1397
1397
1956
1886
1467
1397
1397
1397
1467
1886
2446
1467
1817
1467
1467
1398
1467
1397
1467
2305
1886
1397
1397
1397
1397
1398
1397
1467
1467
1467
1467
1397
1886
1397
978
1467
1886
1467
1887
1956
1886
1468
1817
1887
1886
1886
1397
978
1886
1467
1956
1397
1467
1398
1886
1467
1956
1467
1887
1886
10968
1887
1886
1816
1467
1398
1887
1886
1397
1956
1956
1467
1467
1397
2305
1467
1397
1816
1397
1398
1397
1886
1957
1398
1816
1467
1397
1398
2445
1397
1397
1467
1467
1397
1467
1886
1397
1467
1397
1886
1467
1467
1467
2445
1467
2376
1468
1397
1398
1398
1467
1397
1886
1816
2375
1467
1467
1467
1467
1956
1397
1397
978
1467
1956
1397
1467
1467
1817
1467
1397
1468
1467
1467
1468
1886
1816
1397
1468
1397
1397
1397
1886
1956
1467
1467
5728
1397
1397
1467
2375
1467
1397
978
1886
1397
1886
1467
1397
2445
1816
1887
13483
1397
1397
1886
1467
2376
1467
1467
1886
1886
1467
1467
1886
1397
1886
1397
1886
1467
1886
1886
1817
1816
1397
1886
1886
1886
1397
1956
1398
1397
1886
1886
1887
1886
1956
1956
1956
1397
1886
2376
1398
1956
1957
1956
1886
1886
1397
1956
1956
1956
1886
1467
1886
1887
1886
1886
1886
1816
1957
1468
1886
1886
1886
1956
1467
1886
1886
1398
1816
1886
1467
1468
1397
1956
1467
2375
1397
1397
1886
1467
1816
1397
1886
1957
1816
978
15090
1398
1887
1327
1467
1467
1817
1956
1467
1467
1886
1957
1956
2375
1397
1886
1397
1397
1397
1886
1886
1886
1886
1956
1887
1816
1467
1887
1886
1886
2375
1886
1397
1886
1956
1467
1887
1886
1397
978
1956
1397
1467
1467
1886
978
1886
1398
1887
1886
1886
1887
908
1886
1886
1956
1467
1467
1956
1886
2375
1887
1397
1956
1467
908
1887
1397
1398
1467
1467
1398
1467
1886
1467
11458
1467
1886
1956
1956
1467
1467
1886
1887
2376
1398
1467
1886
1397
1467
1467
1398
1956
1886
1397
1398
1886
1468
1467
1467
1468
1397
1398
1887
1886
1957
1467
1957
1956
1397
1467
1467
1398
2375
1397
1467
1817
1398
1397
1397
1886
1398
1397
1397
1467
1397
1467
1887
1398
1816
1397
1467
1397
12994
1397
1397
1956
1468
1886
1887
1398
1397
1467
1397
1397
1397
1887
1397
1956
1956
1467
1886
1467
1397
1397
1397
1467
1397
1397
1398
1397
1398
1397
1467
1467
1397
1397
1956
1467
1397
1817
1398
1816
2375
2375
1467
1467
1397
1467
1886
1887
1886
1397
1467
1397
1397
1467
1886
1398
1397
2864
1398
1956
978
1397
1467
1467
1467
1467
1397
1886
1886
1397
1956
1467
1956
1397
1467
1467
1956
1467
1398
1398
1957
1398
1956
1468
1467
1956
1957
1467
1956
1397
1467
1467
2375
1887
1467
1397
1397
1397
1467
1886
1397
1886
1467
1467
1467
1467
1467
1956
1398
1397
2375
1397
1467
1467
1398
1397
1887
1887
1398
1467
1397
978
1467
1467
1397
978
1886
1397
978
1397
2375
1816
1397
1398
1887
1886
1467
2445
1886
1397
1467
1467
1467
1467
1398
1956
1467
1397
3284
1397
1397
1397
1467
1956
1467
1467
1467
1398
1397
1397
1887
1886
1886
1467
2445
1467
1956
1397
1467
1467
1467
1398
1398
1327
1397
1397
1467
1397
1887
1397
1467
1397
1467
1467
1397
1467
1397
1397
1886
1467
1397
1467
1816
1886
1887
1397
1816
1397
1397
1887
1886
1886
1397
1398
1397
1467
1467
1397
1467
1398
1397
1398
1467
1397
1397
1957
1398
1397
1887
1397
1467
2445
1886
1397
1467
1397
1397
1956
1397
1398
1886
1397
1886
1467
1887
1886
1886
1397
1956
1467
1397
1886
1886
1956
1886
1886
1397
1467
1397
1467
1886
2445
1398
2375
1886
2445
1467
1956
1467
1886
1886
1886
1957
1467
1886
1397
1467
1886
1816
1887
1397
1467
1467
1467
1467
2375
1886
1956
909
1816
1467
1397
1886
1397
1467
1467
1956
1886
1886
1886
2864
1397
1886
1397
1956
1397
1467
1886
1886
1956
1886
1467
1467
1887
1886
1886
1886
1886
1397
1956
1886
1886
1886
1397
1467
1956
1467
1886
1467
1397
1397
978
1397
1886
2375
978
1397
1957
1397
978
2376
1467
1956
1397
1887
1467
1467
1886
1886
1397
1816
1467
1398
2375
2864
1886
1886
1467
1397
1886
1467
1886
1397
1397
1956
1956
2934
1467
1886
1956
1467
1398
1468
1467
1398
1467
1397
1397
1397
1397
1397
1397
1398
1467
1467
1398
1397
1397
2376
1397
1397
1956
1467
1397
2375
1467
1467
1467
1467
2375
978
1398
1397
1397
2376
1467
1817
1886
1467
1397
1467
1956
1467
1398
1887
1956
1467
1956
1397
1886
1467
1956
1467
1467
2445
1886
1467
1467
1467
2376
1467
1467
1397
1397
1397
1397
1468
1886
1816
908
1887
1397
1467
1816
1886
2376
1816
1886
1397
1397
1398
1397
2376
1397
1467
1467
1397
1467
1398
1886
1817
2375
1467
1956
2375
1397
1397
1886
1467
1886
1468
1397
1467
1397
1886
1398
1397
1886
1398
1886
1817
1817
2305
1467
1886
1956
1886
1397
1467
1397
1397
1467
2375
1467
1467
1397
1956
1397
1886
1816
1397
1886
1467
1467
1397
1397
2376
1886
1468
1397
1398
1398
1886
1467
1467
1467
1886
1467
1398
1956
1886
1886
1467
1467
1467
2445
1397
1467
1886
1467
1467
1886
1397
1467
1468
1398
1397
1957
2376
1886
2376
1397
1467
1467
1816
1397
1467
2445
1956
1467
1397
1886
1956
1398
1467
1397
2376
1467
1467
1886
1467
2375
1397
1397
1467
1887
1467
1397
1397
909
2375
978
1467
1467
1467
1397
2305
1397
1397
1886
1887
