1467
978
1886
1467
1886
1397
1886
1397
2375
1956
1956
1817
1886
1397
1956
1886
1886
1956
1397
1886
2934
1956
1956
1397
1886
1886
1956
1467
1886
1398
1886
1956
1467
1397
1398
2375
1397
1816
1886
1886
1886
2375
1956
1397
1956
1956
2375
1956
1397
1467
1467
1886
1467
1886
1956
1816
1886
1955
1886
1467
1467
1397
1397
1956
1956
1956
1956
1956
1956
1467
1398
978
1467
1887
1956
1886
1956
1886
1467
1397
2445
13832
1956
1397
1956
1886
1886
1886
1816
1886
1955
1467
1886
1886
1956
1956
1956
1886
1956
1887
2306
1886
2445
1467
1886
1886
1956
1886
1467
1467
1397
1467
1397
1886
1816
1397
1886
1467
1398
1398
1467
1886
1397
1467
1886
1886
1467
2376
1397
1956
1397
1886
1956
1467
1886
1467
1397
1397
1886
1467
1467
1467
1467
2305
1467
1397
1467
1886
1467
1886
1467
1397
1956
1398
1467
1397
1956
1467
1886
1956
1467
1397
1956
1397
2306
1886
2376
1467
1397
1467
2375
1886
1956
1886
1816
1467
1956
1467
1398
1467
1467
2375
1467
978
1886
1467
1886
1467
1467
978
1467
1397
1886
1397
1467
2445
1886
1467
1467
978
1467
1467
1398
978
1886
1397
1956
1817
1956
1467
1467
1886
1467
1467
1467
1467
1397
1397
1467
1467
1397
1467
1467
1397
1397
1467
1886
1397
1886
1956
1886
1467
1886
1886
1467
1956
1956
1467
1397
1887
1467
1398
1467
1467
1397
1467
1886
1467
1397
1397
1956
2445
1956
1817
1956
1467
1467
1467
1956
1886
1467
1467
1397
1397
1397
1956
1467
908
1886
1886
1886
1397
1467
1467
1397
1467
1467
1397
1397
1397
1467
1397
1886
1816
1956
1467
1886
1467
1887
1467
1886
1467
1467
1887
1887
1956
1886
1956
1817
1956
1887
1467
1956
1467
1816
1887
1886
1886
1397
1467
1397
1886
1956
1886
1467
1467
2375
1956
1956
1956
1467
1956
1467
1467
1886
978
1467
1397
1467
1886
2375
1467
1397
2375
908
1886
1397
1886
1467
1398
1397
1467
1467
1397
1467
1886
1467
1956
1467
1397
1467
1397
1467
1956
1397
1956
1886
1467
1467
1397
1956
1397
1397
1467
1398
1466
1398
1956
1397
1467
1886
1886
1467
1397
1397
1397
1397
1956
1467
978
1467
1397
1397
1886
1887
1467
1956
1467
2794
1467
1467
1955
1398
1397
1467
1397
1886
1397
1886
1467
1467
1397
1886
1887
1397
1397
1956
1956
1886
1398
1397
1467
1467
1467
1886
1886
1886
1397
1956
1467
1956
1397
1467
1886
1467
1467
1467
978
1397
1467
1887
1467
1398
1956
1467
1886
1886
1397
1467
4820
1398
1397
1397
1956
1398
1886
1397
1467
1397
1398
1956
1956
1816
1397
1886
1956
1886
1397
1397
1886
2375
1886
1397
1886
2375
1397
1397
978
1397
2445
1467
1956
1467
1397
1956
1397
1467
1467
1956
2445
1467
1886
1956
1397
1398
1467
1467
1467
1467
1397
12504
1466
1816
1886
1397
1886
1886
1956
2375
1886
1398
1956
1886
1467
1467
1886
2306
1886
1467
1467
1886
1956
1886
1956
1956
1886
1886
1887
1467
1398
1397
1397
1886
2306
1886
1886
1886
1956
1886
1886
1816
1886
1397
1886
2864
1397
1397
1956
1467
1956
1886
1887
1467
1467
1397
1886
1886
909
1397
1467
1886
1397
1467
1886
1398
1886
1397
1886
1886
1397
1886
1956
1886
1886
1467
1886
1956
1467
1397
1398
1397
1956
1397
1467
1886
1467
2375
1956
1397
1886
1816
1886
1886
1397
1467
1956
1886
1886
1886
1467
978
1956
1816
1956
1886
1956
1816
1816
2376
2375
1887
1816
1397
1886
1886
1956
1816
2445
1398
1886
1397
1956
908
1886
1816
1956
1886
1467
2376
1956
1886
1886
1397
1467
1886
1886
1886
1956
1467
1397
1886
1397
1467
1467
1886
1397
1956
1397
1397
1397
1397
1397
1397
1887
1467
1886
1886
1887
1956
1886
1956
1886
1956
2375
1886
1886
1886
1956
1956
1886
1886
1886
1397
1467
1887
1887
1956
1886
1886
1886
1467
1886
1397
1887
1956
1886
1397
1886
1467
1886
1886
1467
2375
1886
1467
1467
1397
1956
2375
1467
1886
1397
1398
1397
1956
1467
1397
1467
908
1467
1467
2375
1467
1467
1397
1397
1397
1467
1397
1397
1397
1467
1956
1398
1886
1397
2445
1397
1397
1397
1398
1467
1467
1397
1397
1467
1397
1956
2306
1956
1467
1397
1467
1467
1817
1467
1397
1397
1886
1467
1886
1467
1467
1467
1397
1467
1397
1467
1397
1467
1467
1397
1956
1886
1397
1467
1397
1886
1398
1886
1397
1467
1398
1467
1397
978
1397
1397
1397
1886
1886
1397
1956
1467
1886
1886
1467
1886
1467
1397
1467
1467
1467
1467
1397
1467
1886
1886
1467
1886
1467
1467
1467
1467
1886
908
1886
1467
1467
1886
1886
1816
1886
1886
1397
1397
1886
1816
1467
1886
1886
1886
1886
1886
1467
1397
1886
978
1397
1467
1467
1887
1956
1397
1816
1467
1327
1397
1397
1467
1467
1467
1956
1886
1956
1397
1467
1467
1956
1467
1467
1398
1397
1956
1467
1886
1397
1886
1467
1397
1397
1397
1886
1816
1397
1886
1397
1886
1956
1467
2375
1956
1956
1887
1397
1886
1886
1467
1467
1467
1467
1467
1956
1467
1467
1397
1467
1467
1886
1816
1467
1397
1467
1956
1397
1397
1398
2934
1398
978
1467
2375
1886
1956
1467
1467
1886
1956
1397
1956
1956
1956
1467
1397
1886
1956
1397
1467
1397
1956
1397
1467
1398
1467
1886
1886
1397
1886
1467
1956
1397
1886
1397
1956
1466
1397
1397
1397
1467
1467
1886
1956
1467
1467
1467
978
1467
1397
1397
1886
2934
1467
1397
1397
1397
978
1397
1397
1467
1397
1886
1397
2375
1397
2444
1467
1467
1467
1956
1956
1886
1397
1467
1397
1397
1886
1886
1397
1397
1397
2376
2375
1467
1467
1817
1816
2445
1397
1886
1886
1467
2375
1956
1467
1397
1397
1467
1467
1956
1467
1886
1397
1467
1886
2375
1467
2306
1956
1886
1886
