1397
1886
1397
1397
1956
1398
2306
1467
1397
1956
1467
1956
1467
1956
1886
1397
1397
978
1466
1886
1467
2444
1886
1956
1467
1956
1467
1397
1886
1956
1886
1955
1886
1886
1886
1816
1886
1886
1817
1956
1886
2375
2305
2375
1397
1886
1886
1956
1816
1886
1887
1886
1956
1886
1956
1886
1467
1397
1886
1955
1886
1887
2376
1467
1956
1397
1956
1886
1886
1467
1886
1886
1467
1956
1886
1397
1886
1956
1886
1886
1817
1956
1467
978
1956
1956
1886
1886
1956
1467
1886
1956
1956
1956
2305
1956
1467
1956
2445
2445
1956
1397
1816
1397
1397
1956
1886
1956
1886
1467
1886
1397
1956
1397
1397
1886
1467
1956
1956
1956
1956
1467
1886
1816
1956
1886
1886
1397
1886
1886
1886
1886
1397
2375
1467
1397
1467
1886
1397
1467
1397
1886
1956
1886
1886
2305
1886
1886
1886
1956
1956
1886
1886
1956
1886
1886
1886
1886
1467
1886
1467
1398
1886
1886
1397
1816
1816
1886
1886
1887
1886
1886
1886
1956
1397
1467
1956
1886
1886
1397
1886
1467
1816
1817
1398
1886
1886
1816
1467
1886
1467
1467
1956
1956
1956
1467
1886
1397
1397
1886
1886
1955
1397
1886
1956
1817
1886
1467
1886
1886
1816
1956
1956
1467
1397
1397
1816
1886
1467
1397
1886
1397
1886
1397
1397
1467
1886
1956
2375
1397
1956
1397
1886
1887
977
1397
1397
1886
1467
1467
1467
1956
1886
1886
1956
1397
1817
2305
1886
1467
1467
1467
1886
1886
2306
1817
1816
1886
1886
1886
1886
1886
1467
1886
2375
1956
1816
1955
1886
1956
1397
1886
1397
1397
1467
1397
2375
1886
1886
1956
1467
1886
1816
1886
1467
1956
1467
1886
1886
1886
2794
1467
1467
1397
1467
1397
1886
1956
1397
1886
1467
1887
1816
1467
1956
1816
1886
1955
1887
1816
1398
1956
1467
1955
1816
1886
1397
1956
1467
1398
1886
1397
1886
1467
1816
1466
1467
1397
1467
1397
1397
1467
1886
1467
1886
1397
1887
1467
1467
1397
1397
2445
1466
1956
1397
1397
1886
1886
1817
1886
1886
1886
1956
1956
1886
1397
1467
1467
1467
1467
1467
1397
1398
1398
1956
1956
1886
1397
1886
1886
1886
1956
1886
1817
1886
1397
1467
1397
1956
1467
1467
1886
1467
1816
1467
4261
1397
1886
1886
1886
1886
1956
978
1467
1397
1397
1467
1397
1397
1886
1397
1886
1467
1886
1397
1886
1466
1467
1886
1467
1467
1397
1467
1816
1397
1886
2375
1398
1816
1397
1956
1397
1886
1886
1886
1397
1816
1886
1816
1467
1886
1886
1956
1886
1816
1956
1956
1397
1887
41983
978
1467
1467
1886
1467
1886
1886
1956
1886
1886
1467
1467
1886
13412
1467
2795
1886
1467
1956
1886
1467
1886
1887
1886
1886
2305
1886
1956
1886
1886
1886
1956
1956
1397
1956
2375
1886
1886
1956
1886
1886
1886
1467
1816
1886
2375
1886
1467
1397
1817
1886
1956
1956
1956
1886
1886
1955
1956
1816
1886
1886
1467
1886
1467
1466
1467
1467
1886
1886
1956
1397
2305
1886
1956
1816
1886
1886
2305
1886
1467
1956
1816
1397
2375
1886
1956
1886
1467
1886
1887
1886
1886
1955
1956
1398
1886
1886
1886
1397
2375
1886
1956
2375
1886
1467
1397
1886
1956
1886
1467
1397
1956
1397
1886
1886
1467
1467
1886
978
14879
1397
1397
1956
1886
1397
1467
1886
1817
1886
1467
1886
1886
2445
1397
1467
1886
1397
2375
1886
1886
1886
1886
1397
1467
1467
1397
1956
1886
1956
1467
1956
1886
1886
978
1886
1886
1886
1467
2375
2375
1886
2864
1397
1467
1886
1397
1886
1886
1956
1467
1397
1886
1467
1886
1886
1467
1886
1886
1467
2445
1816
2305
1956
1886
2375
1886
1886
1816
2375
2375
1886
1886
1886
1886
1467
1816
1886
1397
1886
1397
1467
1397
1886
1467
1956
1397
1886
1956
1816
1886
1956
1956
1397
1397
1817
2305
1467
2794
1956
1956
1956
1467
1467
1816
1467
2305
1397
1467
1956
1397
1397
1886
1956
1397
1467
1886
1397
1467
1397
1397
1467
1467
1397
1397
1467
1467
1886
1467
1467
1467
1886
1467
1817
1397
1397
1816
1887
1467
1467
1467
1398
1886
1397
1467
1956
1397
1467
1467
1397
1816
1397
1886
1397
1467
1467
1397
2375
1886
1886
1397
1886
1467
1886
1467
1467
1397
1397
1397
1956
1816
1467
1467
1467
1397
1397
1886
1398
1397
1467
1398
1886
1397
1816
1397
1467
1397
1467
1397
1397
1886
1397
1467
1466
1397
1397
1466
2375
908
1886
1467
1467
1397
978
1397
1466
1398
1398
1397
908
1397
1467
1467
1397
1816
1467
1397
1886
1887
1886
1467
1887
1956
1467
1467
1886
1886
908
1956
1886
1467
1397
908
1886
1397
1886
1886
1886
1886
1397
1955
1886
1397
1886
1886
1398
978
1886
1886
2375
1956
1397
1886
1467
1467
1397
1467
3353
1397
1886
1886
1956
1886
1956
1397
1955
1397
1817
1886
1467
1956
1466
1886
1397
1397
1397
1886
1886
1886
1886
978
1887
1956
1886
1886
1816
1397
1397
1886
1886
1397
1956
1887
1886
1397
1956
1886
1886
1886
1466
1956
1886
1956
1886
1886
1467
1956
1886
1886
1397
1467
1886
978
1886
1886
1886
1886
1886
1398
1956
1467
1886
1397
1956
1467
1397
1955
1397
1397
1397
1397
1397
1886
1886
1397
1397
1397
1956
1886
1886
1397
1467
1467
1397
978
1886
1397
1816
1886
1886
1467
1955
1886
908
1886
1955
1886
978
1886
1467
1886
1956
1886
1467
1886
1467
978
1397
1397
2864
1397
978
1398
1397
1397
1397
1467
1467
1398
2375
1397
1467
1397
1886
1397
1397
1397
1467
1887
1467
1397
1397
1397
1467
1397
1467
1886
978
1887
1956
1467
1397
1956
1886
1886
978
1397
1886
2375
1397
1467
1398
1397
1397
1886
1886
1886
1467
1887
1467
1397
1397
1467
1397
1467
1398
2445
1816
1467
1467
1397
1467
1397
1467
1467
2375
1467
1397
1467
1397
1397
