1397
1397
1398
1886
2306
1887
1467
1397
1956
1886
1886
1956
1887
979
1816
1397
1467
1398
1397
1467
1467
2445
1397
1887
1467
1467
1886
1398
1397
1886
1398
1398
1887
1887
1957
1817
978
1397
1398
2375
1467
1887
1467
1467
1467
1886
1398
2376
2376
2445
1398
1468
1398
2376
1397
1398
1397
2305
1398
1887
1467
1397
1467
1467
1887
1467
1886
1467
1467
1467
1397
1397
1398
1467
978
1467
1467
1398
1397
1398
1467
978
1467
1467
1467
1467
1397
978
1398
1467
1398
1397
2376
1467
1467
2306
908
1398
1886
1397
1887
978
1467
1886
1397
1467
1397
1468
1398
1398
1886
2375
1397
1398
1467
1467
2376
1886
1467
1467
1397
978
1887
1956
1398
1957
1957
1398
1397
1397
1886
1467
1468
1397
1397
1397
2376
1956
1467
1957
1816
1398
1467
1397
1468
1398
1397
978
1887
2376
1886
1398
978
1398
1398
1467
1467
1467
1467
978
1886
1887
1398
1397
1397
978
2376
1467
1467
1467
1398
1397
1886
1467
1398
1467
1467
1467
1887
1398
1398
1397
1886
1397
1467
2376
1956
1398
1886
1397
1467
1397
1398
978
1468
1397
1956
1397
1467
1467
1467
1467
1398
1468
1397
1886
1397
1956
1398
1397
1887
1467
1468
1397
1468
1467
1468
1398
1467
1397
1467
2376
1397
1398
1397
979
1886
1467
1397
1468
978
1467
1397
1397
1467
1397
1467
1467
1398
1467
1397
1397
1397
2375
1397
1467
1398
1467
1467
1398
1397
1467
1956
1398
1887
1397
1467
1397
1467
1467
1467
1467
1467
1397
1957
1398
1886
1397
1397
1887
1467
1887
1398
1397
1467
1467
1398
978
1397
1398
1468
1398
1886
1398
1398
1887
1886
1886
1468
1887
1467
1816
1397
1397
1467
1398
1956
1397
1397
1397
1468
1467
1467
1397
1398
1397
1397
1467
1467
1467
1467
1398
1886
1817
1397
1886
1467
1467
2306
1816
1467
1397
1467
1887
1887
1887
1957
1397
2376
1467
2375
1397
1957
1887
1468
1397
1886
1887
1887
1886
1397
1467
1467
1398
1887
1887
1397
1956
1398
1397
1887
1887
1887
1886
1467
1397
1398
1886
909
1886
1398
1397
1467
1887
1397
1886
1886
1398
1886
1397
1886
1467
1886
2306
1887
1397
1887
1956
1398
1397
1398
1887
1467
1467
1468
1886
1398
908
1886
1397
1467
1467
1397
1397
1397
1398
978
1397
1468
1397
1886
1467
1957
1467
1956
1886
1398
908
1397
1467
1397
1398
1397
1397
1468
1398
1397
2375
1398
1886
1398
1887
1398
1467
1468
1397
1887
1956
1956
1467
1468
1397
1816
1398
1467
1467
1887
1467
1957
1467
1397
1468
1816
2376
1956
1328
1467
1956
1397
1887
1467
1886
1887
1398
1467
1397
1398
1398
1468
1398
1467
1887
1398
1956
1398
1397
1397
1467
1886
1397
1397
1886
1467
1398
1956
1467
1397
1467
1398
1398
1886
1467
1886
1956
1886
1398
1887
1956
1467
1887
1886
909
1957
1468
1468
1468
1468
979
1887
2305
1398
1467
1397
1886
1886
1397
1397
1398
1467
1467
1398
1467
1467
1956
2935
1467
1957
1887
1467
1956
1397
1397
1467
978
1397
1397
1398
1397
909
1887
1956
1957
1467
1397
1398
1467
1467
1397
1397
1398
2376
1467
1398
1887
1398
1397
1886
1467
908
1467
1467
1886
1397
1467
1398
1467
1886
978
1397
1397
1397
1397
1956
1398
1398
1886
1397
1957
1398
978
1816
1397
1398
1397
1397
1467
1397
1398
1467
1398
1467
978
1397
1467
1467
1397
1956
1398
1886
1957
1397
1467
1887
978
1467
1467
1398
1467
1398
1397
1398
1398
1467
1397
1956
1467
1397
1467
1886
1468
1887
1398
1398
1887
1887
1397
1887
978
978
1956
1397
1397
1467
1398
1886
1887
1956
1397
908
2376
1467
1887
1398
15651
1886
1467
1957
1397
1467
1397
1467
1957
1397
1957
1957
1398
1887
1467
1957
1467
1397
1467
1397
1468
1397
1957
1398
2375
1398
1467
1398
978
1467
1397
1956
1397
1468
1467
1398
979
1397
1467
1467
1468
1398
1397
1467
978
1467
1397
1468
1467
1397
1467
1887
1398
1467
2375
1397
1467
1467
1956
1887
1397
1398
1467
1397
1887
1397
1397
1956
1398
1397
1397
1467
1957
1468
2375
1397
978
1886
1467
1398
1398
1398
1467
1398
1467
978
1397
1886
1956
1468
1468
1397
2376
1886
1467
1956
1397
1467
1887
2375
978
1397
1468
1886
1467
1886
1468
1397
1816
1887
2375
1398
1397
1886
1886
1817
1817
1467
1817
1467
1398
1467
2376
1467
1957
1397
1956
1886
1397
1956
1817
1398
1467
2445
1467
1398
1467
978
1398
1467
1467
1886
1817
1467
1397
1468
1956
1397
1468
1887
1956
1467
1886
1887
1886
1887
1887
1467
1886
1887
1397
1397
3913
1886
2795
1398
1886
1467
1956
1398
1467
1397
2375
1467
1397
1887
1468
1398
1887
1886
1398
1467
1957
978
1956
1397
1886
1887
1467
1467
1468
1397
1398
978
1467
9502
1467
1467
2375
2445
1887
1397
1887
1397
1397
1397
1468
1886
1398
1398
2376
1957
1467
1397
1886
2865
1398
1468
1467
1887
1397
1467
1397
1887
2376
1887
1398
1398
1398
1886
1467
2375
2375
1397
1468
1467
1957
1397
1397
1397
2375
2376
1397
1398
1468
1398
1398
1398
2376
1468
1957
1397
1397
1957
1957
1397
1467
1957
1397
1957
1467
1467
1467
2305
1467
1398
1467
1398
1467
1398
1886
1467
1468
1957
1397
1467
2375
1467
1397
1468
1397
1398
1467
1957
1886
1468
1467
1397
1467
978
1398
1397
1397
1887
1467
1467
1397
1467
2306
1397
1397
1397
1467
1956
1956
1467
1467
1886
1467
1397
1468
2376
1467
1467
1467
1886
1816
1467
1397
1468
1398
1467
1397
2445
2794
1887
1957
1468
1467
1398
1398
1956
1957
978
1397
1397
1467
1886
1467
2306
1397
1397
1398
979
1467
1887
1887
2376
1957
1398
1397
1467
1398
1467
1398
1468
1467
1397
1467
1467
1887
1397
1956
1887
1886
1398
1956
