2793
1886
1886
1816
2794
1886
2933
1886
1956
2934
1955
2375
2305
2794
1885
1886
2375
1955
2445
1816
1886
1885
2374
2305
1956
1886
2375
2863
2305
2794
1886
1955
1886
1956
1885
1466
3282
1886
2374
1886
1956
2375
1886
2863
1886
1886
1885
1955
1885
2444
1955
2374
2864
1886
1886
1955
1955
1397
2444
2863
2793
1886
2375
1886
2375
1886
3352
1955
1885
1816
1885
1885
2305
2444
2864
2304
2304
1885
2305
1886
1886
1955
1886
1885
2444
2863
2445
1396
2793
2794
1886
1885
1955
2374
2375
1956
1886
1886
1955
1886
2375
2305
2375
2374
1396
1886
1956
1886
1886
1956
1466
1885
1886
1885
1955
2863
1886
2305
2374
2375
2305
1956
2304
2444
2374
1885
1885
1886
1886
2305
1886
2374
1886
1885
1956
1885
1886
2864
1885
1886
2305
1885
1886
1886
2305
1885
1956
1886
1955
1955
1955
1956
2445
2374
1885
2374
2445
2374
1955
1956
1467
2864
1955
1956
2444
2305
2864
2444
1956
1956
2444
1955
1956
1886
2864
2375
1955
2374
1956
1886
1885
2374
1955
2374
2375
1956
1885
1955
1955
2445
1886
1886
1397
1956
1886
1886
1885
1956
1886
1956
1886
2863
2305
2374
2375
2444
1955
1886
1886
1886
1956
1886
1885
1886
1956
2374
1886
1886
1955
1955
1885
1956
1956
1886
2375
1886
1816
2374
2374
2304
1886
1886
1955
1885
1886
2375
2374
1886
1885
1885
1885
2305
1816
2375
1886
1955
2374
2933
978
1885
978
1956
2374
1956
1886
2375
2374
1466
2444
978
2375
1955
1886
1886
1885
1816
1955
2444
1816
2933
2445
1886
1886
1956
1885
1396
1955
1956
1885
1885
1886
2375
2375
1816
2444
1816
1886
1956
1885
2375
1955
1466
1956
1886
1886
2793
2374
1885
2794
1955
2374
1955
1397
1886
1886
1886
2375
1886
2305
2305
908
1886
1886
1955
1956
1886
2374
1886
1886
1886
1955
1466
1955
1886
1885
1886
2375
1885
1886
1886
1956
1886
1886
1886
2374
2305
1955
1955
1886
1816
1886
1886
1956
1886
1955
1886
1956
1886
2864
1885
1886
2375
1885
2375
2375
1886
2374
2374
1956
1886
1886
2375
1886
2375
2375
1885
1467
908
1956
1956
1955
1467
2864
1955
1396
1467
1955
1885
1955
1955
1886
1955
1886
3353
1955
1886
2374
2445
1816
1885
1886
1956
2793
1886
2305
1956
1885
1885
2445
1886
1885
1886
1885
1886
1886
1886
1955
2933
1886
1955
1955
1955
1885
2374
1886
1816
1956
1815
3352
2375
2375
2374
2375
1956
1886
1886
1816
1467
1956
1816
1955
1397
1956
1816
1886
1885
1886
2445
1956
1955
1886
1956
1886
1886
1956
1885
1886
2444
2375
2863
1886
2445
1885
1956
1885
1816
1886
1886
1955
1956
2794
2793
1886
1886
1886
1886
1886
2374
2374
2305
1466
2375
1956
1885
1886
1885
1885
1886
1886
2375
2374
1886
1886
1955
1885
1886
3283
1886
1956
1885
1886
1956
2374
1397
1885
1955
2444
2863
2863
2375
2444
3282
2863
2375
1886
1885
2375
1955
1956
1885
1886
1467
2794
1816
1886
2304
2375
1816
2374
1886
1956
1886
1886
1956
2863
1886
1885
1886
2375
1467
1955
1955
1397
2934
1886
1397
1886
1885
1886
1956
1886
1885
1885
1886
1885
1885
1886
1886
1885
1955
1397
1886
1955
1886
1886
1886
1885
1885
1956
1886
1955
1886
1815
1885
1956
1886
1886
1955
1885
1885
1885
1955
1885
1886
1467
1816
2375
2375
1955
1886
1956
2375
1885
1955
1885
1886
2863
2375
1955
2793
1885
2863
1467
1886
1886
2374
1886
2374
2445
1467
1885
1886
1885
1955
1955
1955
1886
1886
1955
2374
1885
1815
1886
2375
1956
1955
1956
1886
1886
1955
1956
2375
2375
1885
2444
2863
1955
2444
1885
1885
1886
2305
1816
2863
2305
2374
1955
2375
1885
2933
1955
1956
2375
2375
2375
2863
2375
2375
3352
2374
2305
2375
1955
1956
2863
1885
1886
2864
2444
1886
2375
1816
2374
1886
2374
1955
1886
1886
1956
1885
1955
2793
2863
1885
1816
2374
2374
1886
2374
2444
2933
1955
1956
2374
1886
1956
2794
1885
1886
2305
1886
2375
1956
2444
2375
2375
2374
2864
1466
2374
1956
1955
1955
2444
2794
2445
1956
2375
1886
1955
1886
2304
2374
2445
2374
2375
1955
1956
2374
1885
1885
1886
1885
2444
3283
1886
1956
1956
1956
1886
3772
2375
2374
1886
2304
2375
2444
978
1955
977
1885
2375
2444
1886
1885
2375
1886
1816
1956
1955
2374
1886
1885
2793
1955
1885
1885
2445
1955
1886
2445
1885
1956
1956
2375
1956
1885
1886
1955
1955
2934
2445
1397
1886
1955
1955
1885
1886
2444
2444
1886
1397
1956
2863
1397
1886
1886
1955
1885
1886
1886
1955
1955
1886
3352
1397
2375
2794
1956
1816
1886
1956
1885
1955
2375
2863
1956
1955
2793
1886
2863
1886
2445
2863
2374
2375
1816
1956
2864
2863
2445
2793
1885
2304
1886
1955
1886
1886
1885
1886
2374
3283
1956
2375
1885
1885
2304
1816
2864
2304
2374
1886
1885
2863
1956
1956
2375
2794
1885
2305
2863
1886
1886
1886
2375
1886
1885
1955
1396
2444
1885
1955
1885
1885
2444
1885
1955
2374
1956
2374
1955
2305
1956
1886
1886
1466
1816
1885
1956
1886
1885
1886
1955
1956
1955
2374
1956
1955
2444
2444
1955
2305
1885
1816
1885
1815
1886
1955
1956
2374
2304
1886
2375
2444
1955
1955
1886
2864
2305
1956
2933
1885
2374
2375
2375
1886
1886
1886
1956
1886
2863
1956
1886
1956
1886
1886
1885
1955
1816
2374
1886
1886
3282
1886
1956
1467
2444
2374
1955
1885
2374
1955
1816
1815
1886
2794
4330
1956
1956
1955
1886
1955
2375
2864
2374
2445
2374
2374
2374
1956
1956
1886
1886
1956
2864
2375
1397
2445
1955
1885
2374
1466
1956
2375
2375
1955
2374
1955
2374
2375
1816
1886
1467
2444
1886
1955
1955
1886
2305
1885
1886
2374
1886
2374
1886
1885
1885
1467
1885
2375
