1467
1887
1398
1468
1397
1398
2376
1816
1467
1468
1468
1397
1397
1468
1468
1397
1467
1467
1397
1398
1398
1467
1887
1467
2375
1886
1397
1467
1397
1398
1398
1467
1397
1468
1467
1397
1397
1886
1467
1397
1467
1467
1816
1956
1817
1397
1887
2376
1397
1467
1468
1397
1397
1468
1397
1397
1886
1887
1397
1398
1397
1467
1398
1397
1467
1467
1398
1467
1467
1397
1467
978
1398
1398
1467
1398
1467
1397
1467
1956
1467
1397
1397
2376
1887
1397
2375
1956
1397
1467
9153
1397
1467
1887
1468
1398
1887
1468
1957
1398
1467
1468
1467
1467
1956
1398
1397
1397
1467
1467
1956
1467
1397
1467
1397
1397
1467
1398
1397
1467
1468
1956
1467
1887
2445
1398
1956
1397
1398
1886
1887
1886
2306
1887
1398
1887
3912
1398
1956
978
1467
1398
1887
1397
1956
2375
1886
1397
1467
1397
1397
1468
1887
1397
1887
1467
1467
1397
1397
2306
1887
1398
1957
1956
1956
978
1468
2375
1467
2445
1397
1467
1397
1397
1886
1467
1467
1467
1956
1467
1886
1398
2375
1467
1467
1398
1817
1467
1397
1886
1467
1397
1467
1398
1397
1468
1397
1467
1468
1398
1468
1398
1886
1397
1397
1468
1398
1957
1467
978
1887
1887
1467
1467
1886
978
1398
1467
1887
1467
1467
1467
1398
1397
1467
1397
2305
1467
1397
1467
1467
1397
1887
2445
1467
1468
1398
1886
1467
1398
1956
1467
1467
1397
1956
1887
1467
2375
1468
1397
1467
1886
1956
1398
1467
2376
1468
1886
1398
1398
1956
2305
1468
1468
1817
1467
1467
1397
1468
1467
1886
1467
1397
1468
1887
1397
1467
1957
1467
1467
1956
1886
1467
978
1467
1467
1467
1397
1397
1467
1397
1886
1886
1397
1397
1398
1467
1886
1397
1467
1398
1397
1467
1956
1397
1887
1467
1467
978
1957
1398
1956
1397
1398
1467
1468
1886
1467
1397
1467
1468
1467
1467
1398
1468
1468
1397
1957
1467
1468
1398
2376
1887
978
2445
979
1887
1467
1887
2375
1467
1956
1397
1398
1397
1397
1397
1886
1887
1397
1398
1398
1956
1397
978
1816
1886
1397
1397
1887
1467
1886
1398
1816
1467
1398
1467
1467
2375
1956
1397
1467
1398
1397
1397
1887
1956
1397
1398
1467
1467
1467
1887
1398
1398
1468
1467
1886
1468
1467
1467
1328
1398
1398
1468
1398
1397
1467
1397
1467
1398
1467
1956
1398
1467
1398
1467
1397
1398
1467
2446
1398
1886
2446
1398
1467
2376
1398
1887
2445
1467
1397
1397
1468
1956
1397
1887
1887
1398
1397
1467
1397
1467
1467
1467
1956
1957
1397
1467
1398
1397
1397
1398
1397
1467
1886
1467
1397
1887
1467
1468
979
1956
1956
1467
1467
1397
1887
1956
1397
1957
1398
1398
2306
1398
1398
1467
1398
1398
1467
1397
1397
1398
1397
1467
1886
1467
978
1467
1467
1397
1956
1398
1956
1467
1467
1467
1398
1468
1398
1398
1398
1468
1467
1397
1397
1397
1467
1468
1398
1468
1886
1397
1397
1467
1397
1467
1397
1467
1398
1397
1397
1957
1397
1886
1468
1397
1887
1397
2375
1397
1887
908
1817
1886
1887
1398
2305
1467
1468
1887
2376
1886
1397
2306
1467
1468
2375
1397
1398
1886
1398
1467
1468
1887
1467
1467
1467
1467
1467
1467
1398
1467
1398
1467
1397
1887
1467
1886
1956
1468
1398
1398
1886
1887
2376
1397
1468
1887
1467
1956
1467
979
1467
2376
1887
1328
1886
1398
1397
1956
1886
1467
1397
1467
1397
1886
1398
1398
1886
1467
1886
1398
1398
1467
1398
1398
978
978
1956
1467
1467
1397
1468
1886
1467
1468
1887
1886
2376
1397
1468
1397
1398
1467
1397
1467
1468
1467
1467
1467
1467
978
1397
1468
1467
1397
1467
1398
1467
1397
1886
1467
1468
1397
1468
1467
1467
1467
1887
1398
1397
1886
1467
1398
1398
1398
1398
1816
1467
1467
1467
1398
1467
1467
2864
1956
2865
1467
1467
1397
1467
1397
1467
1468
1467
1467
1886
1397
1467
1887
1467
12017
1886
1886
1886
2376
1398
1398
2376
1887
1397
1397
1397
1467
1886
1468
1816
1817
1886
1467
1467
1398
1467
1397
2375
908
1467
1398
1468
1467
1467
1468
1887
1397
1886
1816
1956
1956
1397
1397
1956
1957
2376
1397
978
1398
1467
1398
2375
1398
1467
1886
1397
1957
1886
2446
2445
1886
2375
1887
2306
2375
1397
1467
978
1468
1887
1468
1817
1817
1467
1467
1397
1397
1886
1886
1467
1397
1397
1467
1397
1957
1467
1398
1398
1467
1398
1956
1887
1398
1467
1397
1397
1397
1397
1398
1397
1956
1397
1467
2375
2375
1467
1398
1467
1886
1467
1886
1886
2445
1397
1467
1468
1467
1886
2305
1397
1467
1398
1397
1886
1886
1956
1398
1398
1956
1468
1398
1468
1467
1468
1468
1817
1467
1397
1397
1398
1467
1468
1467
1397
1956
2445
1886
2375
1887
978
1467
1467
1468
1886
2375
1956
1467
1467
1467
1956
1398
1397
2376
1397
1467
1467
1467
2375
2375
2306
1816
1887
1397
1886
1467
1397
1956
1467
1397
2306
1467
1467
1397
2376
1816
1887
1398
1467
1397
1887
1397
1397
2795
1886
1887
1886
1467
1887
1467
1886
1467
1467
1467
1467
1886
1886
1956
1397
1956
1397
1397
978
1398
1467
2375
1886
1817
1398
1398
1467
1467
1468
1397
1398
1397
1397
1398
1467
1467
1467
1467
1467
2445
1467
1397
1467
1467
1398
1467
2376
1467
2375
1397
1957
1817
1467
1956
1398
1397
1398
1467
1398
1467
1468
1467
1467
1886
1468
1397
978
1398
2375
1398
1467
1467
1397
1397
1467
1467
1887
1887
1398
1467
1398
1468
1467
1886
1467
1468
1398
1397
978
1398
1397
1398
979
1397
1467
1887
2375
1467
1467
1468
978
1467
2375
1467
1398
1397
1397
1887
1468
1886
1468
1467
1397
1398
1887
1397
1468
1956
1468
1886
1397
1397
1397
1467
1398
1467
1397
1397
1397
1887
1887
2376
1397
1886
1397
1397
1397
1467
1398
