1886
1397
1467
1467
1887
1467
1398
6358
1887
1887
1467
1467
1467
1397
1956
1397
1467
1467
1467
1886
1957
1397
1397
1886
1397
1467
1886
1956
2375
1467
1467
1397
1397
1886
1956
1397
1467
1467
1886
1398
1397
1397
1467
1397
1397
1467
1886
1397
1467
1468
978
1957
2375
908
1956
1397
1817
1467
1398
1956
1467
978
1398
1467
4821
1886
1887
1956
1398
1398
978
1468
1467
2375
1886
1887
1956
1886
1468
1397
1467
1886
1467
1467
1467
1397
1957
1467
1467
1397
2375
1886
1468
1397
1397
1467
1467
1468
1817
979
1886
1397
1467
1397
1397
1398
1467
1467
1398
1886
1467
1467
1886
1467
1397
1887
1397
1397
1887
1397
1397
1397
1397
1397
1397
1398
1397
1817
1956
1467
1398
1957
1397
1957
1398
1398
1397
1398
1467
1397
1467
1397
1887
1956
1468
1397
1467
1467
1467
1467
1886
1397
1467
1397
1397
1467
2795
1467
1886
1398
1398
1468
1398
1957
1468
1397
1398
909
1467
1956
1397
1397
1398
1468
1468
1467
1467
2865
1886
1398
2376
1468
1397
2376
1467
1397
1398
1397
1397
1398
1467
1398
1398
1397
1398
2376
1397
1397
1398
1468
1398
1817
1467
1397
1397
1886
1397
1467
1397
1397
1397
1956
1398
1398
1397
1467
1467
1956
1467
1956
1886
1467
1887
2375
1397
1817
1398
1887
1467
1398
1467
1468
1467
1397
2375
1398
1398
1398
1467
1467
1886
1886
2375
1468
1467
1467
1397
1467
1397
1397
978
1397
1397
1398
1467
1467
1397
1886
1397
1467
1398
2865
1956
1467
2375
1956
908
1956
979
1956
1467
1398
1398
1956
2306
1468
1467
1397
1957
1957
1467
1467
1397
1956
1397
1398
1397
1397
2375
1886
1467
1397
1398
1397
1397
1887
1887
2306
1397
1398
1397
1467
1886
1886
1398
1886
1956
1398
1887
1398
2376
1467
1467
1468
1886
1398
1468
1467
1957
1398
1397
1468
1467
1467
1956
1886
1887
1956
1886
1467
1816
1398
1397
1887
2376
1816
2375
1887
1398
1467
2375
1887
2376
978
1467
1398
1886
1468
1397
1398
2305
1398
1467
1468
1886
1467
1887
1467
1467
2445
1467
978
1886
1467
2306
1467
1468
1468
1467
1468
1397
1397
1467
1467
1887
1468
1397
1956
978
1468
1886
1397
1467
1956
1886
1398
1886
2376
1397
1886
1467
1397
1397
1956
1887
978
1398
1886
1467
1886
1887
1957
1887
1887
1957
2376
1397
2375
1467
1956
1886
1956
1886
1397
1886
1957
1397
1398
1397
1467
1398
2445
1467
1957
1886
1467
1956
1886
1886
1887
1468
1886
1467
1467
1957
1886
1397
1397
1398
1956
1467
1956
1467
1886
1886
1467
1397
1886
1467
1467
1398
1397
1397
1397
1398
1467
1398
1467
1397
1397
1398
1397
2306
1398
1956
1467
1957
1398
1886
1398
2376
1467
1397
1467
1957
1886
1397
1467
1468
1887
1398
1468
1397
1956
1886
1468
1468
1398
1398
1956
1886
1886
1886
1398
1467
1886
1887
1467
1397
1468
1467
1886
1467
1886
1397
1398
1957
1398
1397
1397
1956
1467
1468
1397
1887
1468
1887
1468
1468
1397
1467
1467
1397
1887
1468
1467
1887
1887
2795
1397
1467
1397
1886
1467
1467
1397
978
1397
1397
1397
1467
1956
1886
1397
1467
1398
1397
1398
1887
1467
2445
1397
1956
1886
1397
978
1467
1397
1397
1886
1467
1956
1467
1467
1467
1816
2445
1398
1957
1467
2375
1397
2446
1468
1397
2375
978
1886
1886
1397
1467
2445
1398
1397
1398
2375
1397
1956
1467
1886
1886
1398
1468
2445
1957
1887
1397
1887
1886
1398
1886
1397
1467
1467
1467
1398
1397
1397
1467
1467
2376
1467
1956
1886
1956
1397
1956
1887
1398
1886
1956
1398
1887
908
1467
1398
1467
1398
1468
1887
2306
1468
1397
1956
1957
1467
1398
1956
1467
1467
1467
1398
1398
1886
1886
2306
1397
1397
979
1467
1468
1397
978
1467
1467
1956
1398
1467
1398
2376
1468
1467
1397
1398
2445
1887
1397
1956
1467
1817
1398
1397
1467
1886
1887
1467
1397
1397
978
1397
1467
1467
1397
1467
2934
1887
2376
1468
1887
1887
1886
1397
1398
1956
1956
1886
1887
1816
2864
1397
1887
1957
1887
1397
1886
1468
1397
1886
1467
1398
1397
1397
1886
1886
1886
1887
1397
1886
1887
1397
1956
1467
1467
1956
1398
1398
1467
1397
1886
1956
1467
1957
1397
2376
1397
1957
1886
1467
978
978
1886
1467
1398
9572
2445
1467
1397
1467
1397
1397
1467
1398
1467
1397
1398
1887
1467
1397
1956
1398
21589
1467
1467
1398
1887
1957
1887
1956
1397
1886
1397
1467
1398
2375
1817
1887
1398
1398
1397
978
1397
1398
2376
1397
1886
978
1467
1957
1957
1397
1398
1468
1398
1468
1467
1468
1467
1398
978
1468
2376
1956
1468
1467
1397
1467
1467
1397
1467
1467
1467
1956
1397
1467
1467
1398
1397
1887
1397
1468
1398
1398
2375
1467
1467
1886
1467
1398
1468
1886
2306
1956
1398
1467
1887
2375
1397
1467
1887
1886
1398
1397
1397
1467
1467
1468
1398
1467
1397
1817
1467
1887
1397
1886
1467
1397
1397
1886
978
1397
1467
1956
1957
1398
1397
2376
1467
1467
1398
1467
1956
1397
1468
1467
1886
1468
1397
1467
1398
1467
1398
1956
1886
1397
1398
1398
1886
1468
1398
1398
1887
1467
1398
1886
1467
1397
1467
1397
1467
2375
1957
1467
1397
1398
1956
1467
1398
1467
1397
1467
1467
1467
1398
1397
2376
1886
1886
1467
1468
1397
1886
1398
1397
1397
1886
1957
1956
1468
1468
2445
1397
1887
1467
1887
1467
1467
1468
1887
979
1467
1467
1397
1398
1398
1397
1467
1957
2375
1467
1467
1398
1397
1398
1956
1886
978
1886
1886
1467
1397
1398
1467
1467
9013
1886
1397
1467
1886
1467
1397
1467
1467
1467
1398
1467
1397
1467
1398
1467
1468
1886
2376
1397
1467
909
1886
1397
1467
1467
1397
2375
1467
1887
1887
1887
2375
1467
1397
1467
1397
