1396
1466
1885
1467
1885
1886
1397
1886
1397
1397
1396
1397
1467
1397
1466
1466
2374
1396
1955
1396
1466
1467
1467
1397
1886
1467
1467
1397
1466
978
1467
2374
1466
1467
1397
1397
1397
1467
1886
1396
1885
1467
1466
8591
1467
1467
1886
1397
1885
1886
1467
1886
1467
1397
1885
1886
1467
2304
2375
1886
1397
1397
1955
1397
1956
1885
2374
2374
1885
1397
1885
2375
1955
1885
2305
2863
1955
1466
2375
2374
1397
978
1466
1885
1956
1886
1885
1397
1397
1466
2445
1466
1467
2374
1397
1397
1397
1885
2374
1886
1397
2444
1397
1396
1955
2374
2375
1885
1397
1886
1886
1397
2304
2304
1397
2793
1466
2374
1467
1886
1467
1397
1397
2305
1397
1467
1467
1397
1467
1886
1396
1956
1396
1466
1396
1467
1396
1885
1886
1397
1397
1397
1397
1397
1467
2375
2375
2374
1886
1956
1886
1397
2375
2374
1886
2445
1955
1397
1397
1467
1467
2375
1886
1397
1397
1956
2863
1955
1886
1886
1466
2375
1956
1886
1885
2375
2374
1467
1397
1397
2305
1885
1886
1396
2305
1467
2304
1397
1885
1816
2445
1466
1956
2374
1955
2445
1397
1955
2375
1396
2374
2864
1885
1466
1466
1397
1397
2375
1466
1885
1397
1397
9568
3352
2375
2374
1885
1397
2863
1397
977
978
7613
3282
2375
2374
1955
1396
1467
1467
1466
1886
1397
1467
1466
1886
1467
1467
1396
1397
1396
978
1886
1397
1397
1397
1467
1467
1466
1397
1396
1466
1397
1467
1467
1397
1397
1397
1885
1467
1327
1885
1396
1885
1397
1397
1466
1886
1467
1886
1397
1397
1885
1467
1397
1886
1466
1466
1467
1815
1397
1397
1467
977
1467
1467
2793
2375
1467
1466
1955
1397
1886
1466
1466
1467
1397
1467
1956
1955
1467
1397
1396
1467
1467
1467
1886
2374
1467
1397
1467
1467
2374
1396
1397
1955
2444
1467
1396
1467
1956
1467
2374
1467
1467
1397
1397
1397
1466
1397
1466
1397
1397
1396
1885
1397
1397
1467
1955
1466
1397
1466
1886
1467
1885
1956
1397
1397
1466
1396
2374
1467
1466
1466
1956
2863
1397
1396
1467
1397
1467
1397
1467
1466
1467
1467
1467
1886
1397
1466
1397
1466
1466
1956
977
1397
1466
1467
1466
1397
1466
1886
1466
2374
1397
1397
1956
1397
1397
1886
1397
1397
1397
1397
1886
1466
1396
1397
1466
1397
1397
1466
1467
2375
1467
1885
1955
1397
1467
1397
1955
1397
1397
1955
1397
1467
1397
1467
1397
2444
1886
1396
1466
1466
1467
1467
1397
1467
1396
1397
1397
2305
1467
1397
977
1956
1815
1886
1397
1466
1397
1397
1397
1397
1397
1397
1467
908
1397
1397
1466
1467
1467
1886
1397
1466
1955
1816
1956
1397
1397
1397
1397
1397
1397
1886
2305
1467
1467
1886
1397
1397
1467
1467
1397
1397
2374
1885
1397
1886
1956
1467
1397
1467
1397
2374
1466
978
978
1467
1396
1467
1467
1815
1466
1466
1397
2374
1397
2444
1467
1467
1467
1467
1397
1467
1467
1885
1885
2374
1467
1466
1397
1467
1397
1467
1466
1397
1467
1397
1396
1885
978
1467
1466
1886
1397
1466
1467
1397
1397
1396
6774
2864
1955
1956
1886
1886
1397
1466
1886
1467
1885
1397
1886
1956
1467
1466
1955
1886
1397
1467
1467
1396
1467
1397
1397
1886
1886
1467
1396
1466
1467
1886
1397
6285
4330
1886
1885
1816
1467
1397
1397
1956
1397
908
1467
1466
1397
1885
1955
1466
1397
9009
1397
1466
977
1397
1396
1956
1396
1467
1467
1885
1467
1466
1886
1466
2445
1466
1886
1956
1886
1885
1397
1396
1956
1397
1467
1886
1397
1885
1467
1955
1466
1886
1886
1467
1466
1467
1397
1466
11454
1467
1467
2305
1397
1886
1466
1397
1886
1397
1397
2374
1466
1397
1467
1886
1397
1816
1396
1396
2304
1467
1397
2374
2375
1467
1466
1397
1467
1397
1956
1467
1397
1397
1397
1467
1956
1956
2305
1397
1397
1886
1467
2374
1955
1955
1396
1885
1466
1886
1397
1397
1396
908
1955
2374
8101
2374
1467
1885
1816
1397
1886
1397
1467
2374
1396
1396
2375
1397
1397
1955
1956
1466
2375
1886
1397
2374
1397
1467
1397
1396
1885
1466
1466
1397
1886
1956
1396
1397
1397
1886
1397
1397
1396
1467
1397
1467
1956
1467
1397
1397
1466
1885
1397
1467
1397
1397
1396
1815
1396
1467
1397
1467
1467
1397
1467
978
978
1397
1327
1397
1467
1467
1466
1397
1466
1886
1886
1886
1467
1397
978
2375
1467
1397
1956
1396
1467
1956
1466
1397
1397
1956
1396
2374
1466
1397
1396
1886
1467
1467
2794
1397
2444
1467
1886
1467
1466
1885
1327
2374
1396
1397
1397
2374
1956
2375
1466
1467
2445
1466
1397
1886
2304
1397
1467
1397
1816
1466
1397
1467
1886
1397
1467
1467
1397
1885
1815
2863
2793
2374
1956
1467
1816
1956
1467
1886
2305
2374
2864
1397
1886
2375
1466
4330
7612
1956
2863
1956
1396
1885
1886
1885
1886
1886
1886
1467
1467
1467
1886
1397
1886
1955
1956
1885
1955
1885
1885
1956
1397
1397
1467
1397
1396
1467
1466
1397
1885
1396
1467
1397
1397
1466
1397
1466
1397
1886
1397
1886
1396
1466
1886
1886
1397
1397
1467
2445
978
2375
1467
1397
1397
2374
1956
1467
1886
1396
1956
1397
1886
1956
1397
1397
1397
908
1397
978
2375
1396
978
1397
1467
1467
1397
1466
1466
1397
2375
1466
1467
1886
2374
1886
1885
2374
2304
2444
1886
1467
1397
1955
1466
1467
1397
1397
1397
1467
2374
1467
1396
1467
1467
1397
1396
1397
1886
1467
977
1886
1885
2374
1397
1467
977
2374
1396
2374
1467
1885
1466
1467
1397
1466
1956
1467
1467
1397
2933
1397
1886
1397
1397
1397
1467
978
1467
1467
1396
1467
1397
1956
1396
1886
1397
1397
1955
1396
1467
1467
1396
1397
1397
1466
978
1467
1955
1886
1397
978
1467
1467
1467
1396
2305
1466
1467
2374
