1467
978
1466
1397
1886
1397
1397
1467
1467
1467
1886
1398
1397
1397
1886
1817
1397
1397
1397
1886
1397
1466
1956
1467
1397
1397
1956
1467
1467
1886
1397
1397
1467
1886
1397
1886
1467
1467
1467
1886
1467
1397
1467
1467
1467
1886
1467
1467
1467
1817
1467
1886
1955
1467
1397
1467
1397
1467
1956
1397
1397
1886
1886
1467
1397
1886
1467
1397
1397
1397
1398
1886
1467
1467
1467
1886
1467
1397
1467
978
1467
1467
9430
1886
1397
1397
1467
1467
1467
1816
1886
1467
908
1397
1397
1397
1397
1397
1397
1397
1467
1467
1467
1467
1397
1466
1467
1397
1467
1886
1956
1397
1397
1397
1397
1467
1466
1467
1397
1886
1816
1328
1397
1397
1467
1397
1397
1397
1397
1397
9919
1466
1397
1397
1467
1467
1467
1397
1397
1397
1886
1467
1886
1886
1397
1467
1397
1397
1397
1397
1397
1467
1467
1397
1886
1467
1466
1327
1397
1397
1397
1467
1886
1956
1467
1466
1397
1397
1397
1397
1955
1397
1467
1467
1397
1397
1467
1956
1467
1886
2375
1886
1397
1397
1956
1467
1956
1467
1956
1956
1467
1886
1467
1886
1956
1886
978
1397
1397
1467
1397
1397
1397
1397
1886
1467
1886
1467
1397
1956
1817
1886
1398
1466
1397
1397
1397
1467
1397
1466
1467
1466
1467
1397
1467
1467
1467
1397
1397
1886
1467
1328
1466
1956
1397
908
1398
1397
1397
1397
1397
1397
1397
1467
1397
1956
1397
1397
1466
1467
1467
1397
1466
1467
1886
1397
1956
1397
1397
1467
1467
1467
978
1397
1467
1466
1397
1467
1397
1397
1397
1956
1466
1397
1886
1397
1397
1397
1397
1886
1467
1467
1397
977
1397
1397
1397
1397
978
1467
1397
1886
1397
1467
1956
1467
1397
1956
1956
1397
1397
1397
1467
1467
1397
1467
1397
1397
1397
908
1397
1466
1397
1955
1467
1466
1397
1397
1397
1397
1397
1466
1467
1397
1467
1397
1397
1467
1467
978
1397
1467
1467
1467
908
1886
1886
1956
1397
908
1886
1467
1397
1467
1397
1886
1956
1886
1886
1886
1816
2375
1397
1467
1398
1886
1397
1886
1886
1467
1886
1886
1886
1467
1955
1397
1886
1886
1886
1886
1956
1886
1886
1397
1467
1886
1467
1467
2305
1816
1397
1397
1467
1886
1886
1467
1466
1886
1886
1467
1397
1956
1886
1397
1886
1886
1467
1467
1886
1467
1466
1956
1886
1397
1956
1467
1886
1886
1397
1886
1467
1886
1397
1467
1467
1956
1816
1397
1467
1397
1886
1397
1956
1816
1397
1467
1886
1466
1467
1397
2445
1886
1397
1467
1467
1467
1956
1886
1886
1397
1397
1955
1327
1467
1816
1467
1816
1466
1466
1467
1956
1886
1397
1397
1467
1397
1467
1397
1886
1397
1467
1467
1467
1886
1466
1956
1397
1397
1886
1397
1397
1397
1467
1467
1397
1397
1466
1397
1397
1397
1467
1467
1397
1816
1397
1397
1956
1467
1886
1467
1886
1467
1886
1397
1467
1816
1886
1956
1397
1816
1467
1397
1956
1956
1467
1467
1397
1467
1886
1397
1467
977
1956
1956
1956
2375
1397
908
1886
1956
1467
1466
1955
1886
1397
1886
1956
1886
1886
1397
1886
1886
1397
1956
1956
1886
1397
1467
1816
1956
1466
1886
1397
1956
1956
1886
1956
1467
1956
1955
1886
1886
1886
1397
1886
1397
1467
1886
908
1467
1397
1886
1956
1467
1467
1956
1956
1886
1886
1886
1467
1956
1886
1397
1886
1816
1397
1397
1956
1886
1816
1886
1397
1467
1397
1467
1886
1467
1467
1467
1467
1397
1816
1397
1886
1467
1886
1955
1886
1886
1397
1467
1397
1466
1467
1956
1397
1397
1467
1397
1886
1956
1886
1886
1397
1397
1466
1886
1467
1397
1397
1886
1397
1467
1397
1886
1956
1397
1886
1397
1398
1397
1956
1467
1886
1397
1886
1397
1397
1397
1956
1467
1886
1886
1467
1467
1886
1886
1467
1467
1467
1467
1467
1886
1467
1886
1886
1467
1397
1467
1467
1467
1397
1397
1816
1956
1886
1956
1886
1467
1956
1397
1467
1466
1467
1467
1397
1886
1886
2375
1467
1956
1886
1467
1397
1467
1956
1397
1397
1886
1397
1397
1816
978
1886
1467
1397
1397
1397
978
1467
1397
1886
1397
1467
1467
1886
1955
1398
1397
1956
1397
1816
1886
1397
1886
1886
1397
2305
1886
2305
1467
1886
1467
1397
1955
2375
1397
1467
1886
1886
1467
1956
1467
1956
1397
1956
1886
1467
1886
1886
1886
1886
1467
1886
1397
1397
1886
1886
1397
1467
1886
1886
1467
1886
1886
1397
1956
1397
1397
1956
1467
1397
1397
1467
1467
1886
1467
1956
1466
1397
1397
1397
1886
1886
1397
1397
1886
1956
1955
1467
1886
1397
1885
1956
1886
1956
1886
1397
1886
1467
1467
1886
1886
1956
1886
1467
1956
1466
2305
1467
1886
1886
1886
1886
1956
1397
1886
1956
1397
1955
1886
1886
1886
1886
1816
1955
1886
1886
1816
1397
1467
1467
1397
1397
1467
1956
1886
1398
1467
1397
1886
1886
1886
1816
1397
1397
1466
1467
1886
1467
1467
1956
1956
1886
1467
1397
1467
1956
1397
1956
1398
1886
1397
978
1886
1397
1956
1467
1467
1467
1886
1466
1955
1886
1467
1397
1397
1886
1467
1886
1886
1886
1467
1467
1397
1467
1397
1886
1956
1467
1397
1886
1397
1467
1886
1886
1397
1397
1397
1886
1397
1956
1397
1956
1397
1467
1886
1816
1467
1886
1886
1466
1397
2375
1397
1886
1467
1886
1397
1397
1397
1397
1467
1886
1956
1397
908
1466
1956
2864
1886
1955
1956
1956
1886
978
1956
1886
1886
1467
1886
1886
1467
1886
1956
1886
1886
1467
1956
1886
1956
1467
1467
1956
1956
1956
1466
1397
1467
1817
8522
2305
1816
1398
1956
2375
1956
1886
1956
1397
1886
1956
1886
15158
1956
1467
1886
1397
1467
1467
1956
1956
1467
1467
1956
1467
1886
1886
1397
1467
1886
1467
1886
1886
1956
1397
1956
1397
1956
1397
1886
1886
2305
1955
1886
1886
908
2305
1397
