1397
2375
1467
1956
1955
1886
1467
1466
1886
1886
1467
2374
2445
1466
1886
1956
1956
1397
1397
1396
1397
1886
1397
1956
1956
1816
1467
2445
1397
1397
1397
1467
1397
1396
1397
1886
1467
977
1467
1886
1466
1397
2375
1397
1956
1885
1397
1396
1467
1886
1397
1467
1396
1956
1886
1886
2374
1397
1467
1397
1397
1396
1886
1885
1467
1397
1886
6774
3352
2305
1955
1955
1885
1886
1955
1466
1885
1466
6565
2374
2793
1886
1885
1955
1886
1397
1885
1397
1467
1466
1396
1467
1397
1396
1885
1886
1956
1956
1885
1397
1466
1467
1397
1467
978
1467
1467
1397
1397
1466
2304
1397
1467
1886
1466
1467
978
1886
1466
1816
1397
1886
1886
1397
1467
1956
1467
1467
978
1886
1467
1397
1397
1397
1466
2304
2444
1396
1955
978
1466
1885
2305
1816
1466
1467
1397
1396
1397
1466
1397
1816
1467
1816
1396
1397
1955
1956
1466
1397
1466
1397
1396
1397
1397
1467
1397
1885
1466
1886
1466
908
1397
1396
978
978
978
1467
1466
1397
1467
1467
1397
1466
1466
978
1466
1886
1397
2304
1397
978
1397
1397
1886
1466
1885
1396
1467
2444
1397
978
1955
1956
1397
1397
1397
2375
1397
1885
1886
1956
1396
1886
1466
978
1885
1467
1467
2374
1397
1397
2374
2375
2375
1396
1397
1396
1467
1396
1467
1397
1467
2375
1467
1397
1955
1466
978
1886
978
1466
1397
1396
1466
1466
908
1397
1467
1397
1886
1467
2375
1397
1467
1955
1397
1397
1397
1467
1466
1467
1397
1886
1466
1467
1397
1467
1467
1467
1397
2445
1467
1467
1467
1397
1467
1886
1467
1466
1396
1467
1886
1397
1397
1397
1397
1467
1396
1467
1467
1466
1467
1397
1466
1397
1397
1467
1467
1467
1397
1397
1397
1397
2375
1397
1956
1885
1467
1466
1466
1467
1467
1397
1397
1466
1397
1467
978
1467
1467
1397
1466
1397
978
1467
1397
1397
1466
1396
1397
1467
1397
1467
1396
1467
1886
2305
978
1467
1397
1466
1467
1886
1397
1956
1467
1397
1885
1467
1397
2235
1397
1397
1955
1955
1467
1466
1886
2375
1397
1467
1397
1466
1885
1397
1466
1397
1956
1396
1396
1886
1886
1397
1466
1396
1397
1466
1956
2793
2374
1396
1466
2375
2375
1397
1396
1396
1466
1397
1397
1397
1466
1466
1397
1886
1466
1397
1397
2375
1397
1955
1886
1467
1397
1397
1466
1467
1397
1467
1466
2374
1956
1466
1327
1397
1466
1885
1467
1397
1467
1396
1466
1466
1467
1466
1466
2375
1955
1396
1396
1397
1886
1467
1816
1467
1397
1397
1956
1467
1467
1397
1467
1886
2445
1397
1397
1467
1466
1466
1397
1397
1397
1886
1397
1396
1397
1885
2864
2444
1467
1397
1467
1397
1886
1466
1397
1397
1467
1885
1886
1397
1466
1885
1885
1466
1467
1815
1466
1956
2375
2304
1397
2375
1467
1466
1467
1396
1397
1816
1467
1397
1466
11454
1816
1397
1466
1397
1467
1397
1466
1396
1467
1396
1885
1467
1397
1466
1467
1397
1885
1397
1467
1397
1466
1396
1466
1467
1397
1397
1956
1397
1466
1467
1467
1467
1885
1886
1397
1816
1397
1467
1466
1396
1397
1467
1466
1396
1467
2444
2863
1396
1886
1886
1467
1467
1466
1955
1467
1397
1886
1467
2375
1955
1397
1467
1397
1467
2444
2304
1397
1466
1886
2375
1886
2444
1397
1467
1397
1397
1885
1466
1956
1886
2374
1397
1397
1956
1397
1397
1885
1396
1467
1396
1467
1397
1397
1816
1467
1397
1466
1466
1396
1466
1397
1466
1397
1466
1886
977
1397
2374
2375
1397
1396
1397
1397
1397
1816
2375
2375
1397
1955
1467
1955
1467
1955
1397
1466
1397
2375
1396
1467
1466
1466
1467
1466
908
1397
1396
1397
1467
1955
1467
2375
1467
1467
1397
1397
2864
1467
1886
1955
2375
1397
1467
1467
1466
1396
1466
1397
1397
2445
1467
1466
1396
1397
1397
908
2445
1466
1397
1397
1467
2375
1467
1467
1885
2375
1886
1467
1467
1467
1466
1467
1466
1466
1886
1467
2863
1397
1397
1467
2375
1885
1955
1956
2374
1816
1397
1397
1397
1397
1816
1956
1397
1397
1396
1467
1467
1396
1396
1885
1396
1396
1467
2375
1467
1956
1467
1955
1886
1885
1466
1466
1886
1956
2375
1397
1467
1466
977
978
1466
1886
1467
1397
1397
1467
2304
1466
1397
1396
1396
1467
1885
1956
1467
1396
1396
1397
2375
1467
1467
1397
1466
1466
1397
1956
1397
2444
1466
2374
1397
1467
1956
1397
1885
1466
1467
1886
1397
1956
2375
2445
1956
1467
1397
1467
1956
2375
2374
1467
2304
1886
2444
1886
1467
1466
1396
2444
1885
1397
1467
2305
978
1466
1467
1886
1396
1466
2933
1816
1397
1467
1466
1885
1886
1886
1955
1396
1816
2305
1397
1467
1396
1397
1886
1467
1467
2444
1396
2374
2375
1467
1886
1467
1397
1397
978
1885
1467
1396
1956
1397
1396
1467
1955
1886
1466
1467
1397
1467
1886
1397
1816
1467
1397
1397
1397
1397
1466
1466
1885
1397
1885
1886
1397
1467
1886
1397
2444
1397
1466
1397
1466
1467
1467
1396
1886
1397
1397
1886
1466
2445
1886
1466
1886
1886
1886
2375
2375
1466
1885
1466
1885
1886
1886
1886
1955
1466
1886
1466
1467
1955
1397
2863
1397
1466
1397
1467
1886
1397
1956
1955
1397
2374
2305
1397
2374
7054
3283
1885
2375
1885
2794
1816
1467
1956
1467
1467
1466
1397
1397
1467
1397
1467
1467
1955
1467
2444
1396
1886
1397
1467
1466
1467
1467
1396
1467
1467
1397
1467
1466
1467
1886
1397
1396
1467
1397
1885
2375
1466
1397
2375
1467
2375
1467
1955
1397
1397
1467
1467
1467
1396
1467
1466
1467
1397
1956
1397
1466
1955
1397
1397
2374
1886
1955
1466
1397
1467
1396
1886
1397
2304
1397
1466
1886
1397
1397
1397
1397
1886
1885
2375
2305
1466
908
1397
1886
2374
1397
1397
1886
1396
1396
13479
1397
1397
1466
