1467
1467
1467
1467
1956
1466
1467
1397
1397
1467
1956
1467
1956
1467
1886
1956
1956
1886
1397
9011
1467
1467
1397
1956
1397
1397
1467
1956
1956
1467
1886
1956
2375
1397
1467
1397
1956
1467
1886
1886
1886
1886
1467
1467
1397
1397
1467
1467
1956
1467
1467
1397
1956
1817
1467
1467
1467
1467
1886
1886
1467
1816
1956
1397
2374
1467
1467
1466
1886
1467
1956
1956
1397
1397
1467
1886
1397
1397
1467
1956
1397
1886
1467
1467
1397
1955
1467
1467
1397
1467
1397
1466
1397
1467
1397
1886
1397
1467
1397
1397
1467
1397
1397
1397
1467
1886
1397
1467
1886
1956
1397
1956
1467
1886
1466
1467
1467
1467
1467
1398
1466
1467
1467
1467
1467
1886
1886
1886
1467
1467
1397
1397
1397
1466
1397
1467
1467
1397
1467
1467
1397
1397
1467
1397
1397
1398
1886
1467
1397
1886
1816
1467
1397
1886
10967
1466
1886
1886
2375
1956
1886
1956
1886
1397
1397
1886
1397
1886
1467
1886
1956
1886
1886
1886
1886
1397
1467
978
1398
1886
1886
1467
1397
1886
1467
1466
1467
1397
1886
1467
1397
1886
1397
1397
1467
1467
978
1397
1397
1467
1956
1467
1956
1397
1467
1397
1467
1467
1886
1956
1886
1956
1397
1956
1886
1886
1397
1886
1956
1955
1886
1467
1467
1886
1956
1956
1886
1886
1886
2445
1816
1956
1956
1467
1467
1886
1886
2375
2375
1816
1467
1886
2305
1956
1956
1886
1817
1886
1886
1886
1956
1886
1886
1886
1397
1397
1467
1886
1397
1816
1397
1956
1816
1886
1398
2375
1886
1886
1397
1886
1886
1886
1397
1816
1886
1886
1886
1817
1886
1467
1886
1467
1467
1886
1817
1397
1397
1397
1886
1467
1467
1397
1467
1467
1816
1397
1886
1397
1467
1816
1467
1397
1397
1467
1956
1467
1467
1467
1886
1816
1467
1886
1397
1467
1467
1816
1956
1886
1397
1397
1397
1397
1467
1397
1956
1886
1397
1397
1397
1397
1886
1397
1397
1467
1886
1467
1397
1397
1886
1886
1397
1397
1397
1886
1397
1398
2375
1466
1467
1397
1397
1397
1466
2375
1467
1886
1467
1816
1956
1467
1886
1886
1467
1956
1397
1397
1398
1397
1467
1397
1886
1956
1816
1956
1397
1467
1397
1467
1467
1466
1886
1467
1397
1956
1397
1886
1397
1886
1467
1467
1397
1886
1467
1886
1467
1956
1886
1397
1956
1467
1397
1397
1397
1886
1467
1467
1886
1886
1956
1886
1467
1956
1467
1467
1467
1886
1886
1956
1467
1397
1886
1467
1956
1398
1886
1467
1886
1467
1397
1956
1886
1886
1886
1886
1397
1886
2375
1956
1397
1886
1467
1467
1886
1467
1956
1397
1467
1397
1466
1886
1397
1886
1956
1886
1886
1956
1816
1816
1467
1886
1467
1397
1467
1397
1886
1886
1886
1886
1886
1467
1397
1956
1397
1467
1886
1886
1397
1886
1886
1956
1955
1467
1397
1467
1397
2864
1886
1467
1397
1467
1397
1956
1886
1397
1397
1956
1956
1886
1397
1886
1886
1956
1467
1397
1886
1886
1955
1956
1886
1467
1467
1466
1956
1816
1886
1886
1886
1886
1956
1886
1956
3353
1466
2375
1886
1467
1466
1886
1886
2864
1886
1886
1397
1956
978
1886
1467
1397
1467
1816
1467
1816
1886
1397
1467
1467
1955
1397
1467
1886
1956
1467
1956
1886
1397
1467
1467
1886
1397
1886
1467
1886
1397
1955
1397
1886
1886
1956
1886
1397
1816
1466
1467
1397
1886
1956
1467
1467
1956
1886
1397
1467
1886
1956
1955
1816
1886
1816
1467
1397
1398
1397
1886
1467
1397
1886
1956
1397
1886
1956
1886
1886
1956
1956
1956
1467
1956
1886
1467
1956
1955
1886
1467
1467
1467
1886
1398
1467
1397
1886
1886
1886
1886
1467
1467
1327
1886
1397
2375
1467
1467
1956
1397
1956
1886
1467
1397
1886
1886
1397
1397
1397
1397
1467
1955
1397
1886
1886
1886
1886
1886
1956
1466
1398
1956
1467
1467
1886
1397
1467
1466
1886
1956
1816
1886
1886
1886
1467
1466
2445
1886
1467
1467
1467
1467
1956
1886
1886
1397
1397
1956
1956
1397
1467
1397
1886
1397
1467
1397
1397
1816
1886
1397
1886
1816
1886
1886
1816
1467
1955
1467
1886
1886
1467
1886
1816
1886
1397
1467
1397
1397
1397
1397
1467
1956
1397
1816
1886
1816
1397
1886
1397
1397
1955
1886
2445
1397
1956
1397
1397
1466
1397
1467
1466
1886
1467
1467
1397
1886
1466
1956
1467
1886
1397
1467
1466
1397
1467
1467
1397
1397
1467
1398
1397
1397
1467
1397
1467
1467
1467
1397
1397
1397
1467
1956
1397
1467
1467
1886
1467
978
1956
1466
1397
1886
116792
1886
1467
1886
1886
1467
1397
1886
1466
1467
1956
1886
1886
1886
1956
1397
1886
1467
1956
1886
1886
1466
1886
1956
1397
1956
1886
1467
1886
1886
1956
1816
1886
1956
1886
1886
1397
1886
1397
1397
1397
1397
1886
1397
1886
1397
1956
1467
1886
1956
1956
1955
1886
1886
1467
977
1467
1397
1956
1886
1886
1397
1886
1956
1956
1397
1467
1886
1467
1397
1886
2305
1886
1886
1886
1397
1397
1956
1467
1886
1886
1467
1397
1886
1397
1397
1886
978
1397
1956
1467
1467
1467
1467
1956
1467
1397
1467
1397
1886
1886
1816
1886
1397
1397
1466
1955
1467
1886
1467
1886
1466
1886
1397
1467
1397
1467
978
1397
1467
1886
1466
1397
1956
1397
1886
1886
1397
1467
1886
1886
1467
1816
1467
1886
1816
1467
1397
1467
1886
1397
1956
1467
1886
1397
1467
1886
1886
1956
1397
1397
1886
1886
1397
1886
1886
1467
1397
1467
1956
1466
1886
1397
1886
1467
1467
1397
1397
1886
1397
1397
1397
1397
1397
1816
1886
1886
1816
1397
1955
1467
1397
1467
1886
1886
1886
2375
2375
1397
1467
1397
908
1397
1397
1397
1397
1817
1467
1467
1397
1397
1467
1956
1886
1467
1397
2375
1397
1467
1467
1467
1886
1397
1886
1467
1467
1956
1467
1467
1397
1955
1886
1956
1397
1467
