1956
1956
1956
1467
1886
1886
1886
1956
1886
1886
1956
1397
1956
1467
1886
1956
1467
1886
1397
1886
1398
1886
1468
1956
1886
1887
1397
1397
1956
1397
1886
1886
1397
1956
2306
1467
1397
1398
1397
1956
2445
1886
1886
1956
1467
1816
1397
1887
1886
1397
2305
1887
1886
1397
1398
1816
1886
1887
1467
1397
1467
1467
1467
1816
1397
2305
1886
1397
1467
1886
1398
1467
1956
1886
1886
1886
1956
1467
1397
1887
1886
1467
1397
1886
1956
1956
2375
1467
1956
1886
1467
1886
1397
2375
1397
1887
1397
1397
1817
1956
1886
1886
1467
6776
1816
1467
2375
1397
1398
1956
1398
2375
1397
1467
1956
1886
1886
1467
978
1467
1397
1956
1887
1886
1886
1397
1886
1467
1956
1956
1956
1956
1956
978
3283
1887
1886
2375
2375
1886
1467
1467
2305
1886
1956
1817
1397
1467
2306
1886
2376
908
1956
1886
1467
1886
1886
1886
1467
1397
978
1886
1398
1956
2375
1886
1886
1886
1886
1956
1467
1886
1956
1886
1886
1886
1956
1886
1397
1467
1886
1886
1886
1886
1397
2375
1886
1956
2306
1886
1887
1956
1887
1887
978
1956
2375
1886
1467
2375
1886
1887
2375
1956
2375
1886
1467
1886
2375
1956
1886
1956
1397
1886
1886
1956
1956
1886
1886
1398
24660
1956
1887
1886
1886
1467
1467
1467
1886
1887
1887
1467
1397
1467
1886
1467
1886
2375
1887
1956
1956
1956
1397
2375
1816
1956
1886
1887
4681
1467
1397
2376
1397
1886
1467
1886
1817
1886
1467
1956
1886
1956
1956
1887
1887
1398
1816
1397
1956
1467
1887
1467
45686
1956
1956
1886
1397
1956
1817
1956
1886
2375
2305
1397
1956
1886
1886
2375
1467
1956
1956
1816
1397
1816
1886
1886
1886
1467
1886
1467
1467
1467
1956
1467
1886
1886
6148
978
1886
1467
1467
1817
1467
1397
1467
1886
1956
1956
1956
1886
1956
1887
1467
2375
1886
1886
1887
1816
1956
1398
1397
1398
2375
908
1886
1467
1956
2375
1397
1886
1886
1886
1956
1956
1886
1397
1467
1397
1956
1886
908
1956
1886
978
1886
1886
1398
1467
1467
1398
1956
1467
1886
1887
1887
2445
1886
1956
1467
1886
1816
1887
1886
1886
1467
1956
1886
1467
2445
1886
1886
1467
1467
1886
1956
1886
1467
1467
1397
2306
1816
1886
978
1886
1956
1956
1467
1397
1956
1886
1887
1956
1397
1397
1886
1886
2305
2376
1397
2445
2375
1956
1886
1956
1397
1887
1887
1816
1817
1886
1886
1467
1397
1886
2305
2375
1956
1886
1956
1467
1467
1816
1886
1956
1956
1467
1397
1397
1886
1817
1956
1956
1398
1956
1816
1397
978
1467
1816
1887
978
1397
1397
1467
1467
1886
1398
1467
1397
1886
1398
1398
978
1467
1397
1467
1398
1467
1397
1397
1397
1956
1467
1397
1956
1467
1956
1397
1956
1397
1397
1956
1397
1467
1467
1816
1467
1886
1398
1467
1956
1817
1886
1956
1886
1817
1397
1956
1397
1467
1397
1397
1397
1467
1467
1397
1467
1956
1397
1886
1956
1398
1816
1467
1467
1397
1886
1886
1886
1397
1886
1817
1887
1886
1886
1397
1467
1397
1397
1397
1467
1956
1467
1467
1886
1886
1886
1886
1397
1956
1886
2375
1886
1467
1886
1956
1886
1886
2306
2375
1886
1887
1467
978
978
1956
1397
1887
2375
1467
1956
978
1467
1886
1397
1886
1886
1398
2375
1886
1956
1398
1956
1467
1886
1467
1956
1956
2375
1886
1886
1886
1886
1816
1886
1956
1956
1467
1886
1816
2375
1467
1886
1886
2375
1886
1886
1956
1467
1397
1467
1886
1467
1397
1397
1886
908
1467
1398
908
908
1397
1397
1397
1467
1397
1467
1886
1397
1956
1817
908
1886
1467
1467
1467
1956
1886
1956
1886
1956
978
1398
1886
978
1467
1467
1886
978
1886
1886
1956
1886
1816
1467
1956
1467
1956
1956
1886
978
1397
1886
978
1956
1397
1467
1467
1467
1397
1467
1956
1887
2305
1956
978
1886
1397
978
1467
1467
1467
1397
1397
1886
1397
2376
1956
2375
1956
1467
1887
1887
1956
1816
1886
1956
1956
1956
1886
1956
1467
1956
1467
1886
2445
1887
1467
1467
1886
1886
1397
1398
1886
1886
2375
1886
1467
1956
1398
1817
1467
1886
1397
1886
2306
1397
1886
1816
1886
1886
1467
1886
1956
1886
2375
1397
1956
978
1887
2305
1467
1886
1886
1886
1886
2376
3353
1397
1956
1886
1467
1887
1886
4750
2375
1886
978
19630
1467
1886
1956
1956
1816
1886
2376
1956
1956
2375
1886
1956
1467
1886
1886
908
2376
2375
1886
1956
1467
978
1467
1397
1467
1887
908
1467
1886
2794
1886
1886
1397
1467
1467
1397
1467
1886
1886
1397
1397
1886
1397
1467
1397
1467
1467
1467
1956
1467
1467
1886
1886
1397
1397
1397
1397
1817
1397
1886
1886
1397
1398
1956
978
1397
1467
1467
1886
1467
1397
1956
1398
1397
1397
1956
1886
1467
1467
2375
1467
1886
1467
1467
1467
1467
1397
1397
1398
1397
1467
1467
1886
1398
1467
1886
1397
1397
1467
1397
1467
1816
1397
1816
1886
1956
1397
1816
1467
1398
1397
1467
1886
1467
1467
1887
1467
1397
1397
978
1397
1467
1397
1887
1397
1467
978
1397
1886
1397
1397
1886
1397
1886
1467
1886
1397
1956
1397
1817
1398
1467
1397
1467
1467
1467
1816
1397
1397
1956
1467
1467
1397
1886
1467
1886
1467
1886
1886
1467
1886
1467
1467
1397
1467
2375
1886
1886
1398
1886
1886
978
1467
1397
1887
1887
1467
1956
1467
1886
1397
1467
1956
1886
1467
1467
1397
1886
1886
1886
1956
1467
1397
1467
1397
978
1397
1467
1886
1397
1467
1886
1397
1956
2376
978
1397
1467
1397
1467
1886
1467
1467
1887
1467
1467
1886
1467
2934
1397
1955
1467
1467
1886
1467
1397
1886
1467
1397
1398
1397
1467
1886
1467
1956
1397
1467
1886
1887
1397
1467
1466
1886
1886
1956
1397
1467
1467
1886
1397
1467
