1467
1887
1398
1467
1397
1397
1886
1397
1398
1398
1397
1467
1467
1467
1397
1397
2376
2375
1887
1397
1398
1956
2305
1887
908
1397
1468
1397
1467
1957
1957
2376
1467
1886
1957
2376
2376
2306
1467
2376
1887
3772
14532
1886
1467
1886
1887
1956
1886
1397
2375
1816
1467
1468
1397
1398
2376
1398
1467
1398
1467
1397
1397
1397
1397
1468
1397
1468
1397
1467
1398
1956
1468
1398
1397
1397
1398
1467
1467
1886
978
1886
1397
1886
1887
1887
1467
1467
1397
1398
1887
1398
1467
1397
1467
1397
1397
978
1467
1467
1467
1397
1468
1468
1467
1397
1397
1886
1397
1397
1467
1467
1468
1398
908
2305
1467
1468
1886
1398
1467
1397
1398
1886
1467
1397
1397
978
1956
1467
1467
1397
1397
1467
1398
2375
1956
1398
1398
1886
1397
1886
908
1397
1467
1468
1397
1397
1397
1398
1467
2306
1398
1886
1397
1467
1467
1398
1467
1467
1467
1467
1397
1397
1817
1398
1397
1467
1467
1397
1887
1397
1467
2376
1398
1397
1397
1467
908
2375
1887
1886
1467
1397
1467
1397
1397
2375
1956
1397
1886
1467
6638
2376
1468
1887
1886
1887
2376
1397
1467
1956
1467
1397
978
1887
1397
1467
1467
1397
1467
1398
1886
1887
1397
1397
1467
1467
1468
1397
1467
1467
1468
1398
1398
2375
1956
1467
1397
1468
1887
1887
1467
1468
1467
1886
1956
1956
1886
1956
1467
2446
1397
1886
2375
1956
1817
1467
1956
2305
2376
1887
1887
1886
908
1887
1886
1956
1467
1397
1957
1956
1956
1817
1398
1887
1956
1886
1886
1886
1956
1886
1467
1467
1468
1887
1887
1956
978
1886
1887
1887
1886
1886
1887
1887
1957
2864
1886
1957
1816
1468
1886
1886
1956
1467
1957
1886
1398
1817
2864
1397
1398
1886
1397
1397
1397
1397
1956
1887
1467
2376
1397
1887
2445
1397
1956
1468
1886
1887
2376
1397
1467
1956
1467
1467
1817
1887
1397
2376
1467
1467
1467
1398
1398
2375
2375
978
2376
1397
1887
1467
1467
1467
1956
1886
1397
978
1468
1467
1398
1886
1467
1467
1887
1398
2375
1467
1468
2306
2375
1467
1397
1887
1886
2795
1467
1397
2305
909
1886
1397
1817
1467
1957
1887
1467
1467
1467
978
978
1468
1397
1467
1468
2375
2795
1397
1817
1956
1397
2445
1467
1468
1956
1398
1468
1886
1467
1397
1397
1886
1886
1957
1398
1467
1956
978
1956
1467
1398
1887
1397
1467
1398
1468
1467
1398
2376
1467
1817
1886
1398
1887
1397
1887
1468
1887
1886
1467
1467
1468
1397
2375
1397
1467
1467
1887
1467
1467
1467
1398
1886
1467
1467
1398
1467
1957
2376
1398
1397
1467
1956
1397
1956
1398
1398
1886
1397
1467
1886
1397
1467
1397
1886
1397
978
1467
1468
1886
1397
1886
1467
1468
1468
1467
1886
1397
1956
1887
1467
1397
1397
1887
1468
2376
1467
1467
1467
1467
2375
1887
1397
1397
1397
1468
1398
1398
1467
1887
1467
2376
2376
1887
1886
1397
1397
1398
1397
1467
978
1467
1887
1467
1397
1398
1467
1398
1467
2375
1887
1397
1397
1467
2305
1467
1398
1398
1467
1467
1467
1397
1397
1886
1467
1397
1398
1468
1467
1397
1398
1887
1397
1397
1467
1467
1467
1957
1467
2375
1398
978
1397
1468
1957
1468
1467
1467
1397
1467
1398
1956
1467
1467
1467
1467
1468
1887
1887
1397
1467
1467
1398
1816
1398
1397
1816
1467
978
1397
1468
1467
1956
1887
1397
1398
1468
1886
1467
1468
1467
1398
2376
1468
1887
1467
1398
1956
1397
1887
1398
1956
1887
1397
1467
1398
1468
3284
2376
2446
1398
2375
1467
1956
1467
1467
1886
1886
1397
1398
2305
1816
1467
1886
1887
1467
1887
1397
1398
1956
1887
1956
1887
1816
1886
1397
1886
1467
1468
1956
2375
1816
1467
1397
1467
1467
1887
1467
1467
1467
1816
1397
1467
1467
1467
1398
1887
1398
1467
1887
1398
1398
1397
1467
1886
1468
1398
1468
1467
1467
1397
1886
1397
1467
1397
1467
1467
2445
1887
1887
1467
1397
1467
1887
1397
1467
1467
1886
1887
1886
1397
1397
1467
978
1468
2376
978
1886
1467
1886
1467
1467
1467
1467
1397
1886
1397
1886
2376
1467
1467
2376
1956
3284
1397
1467
2375
1397
1467
1467
1467
1886
1397
1467
979
1397
1468
1887
1397
1467
1397
1467
1468
1886
1467
1467
1887
1817
1467
1467
1467
1467
1397
2375
979
1467
2376
1398
1398
1467
1397
1398
1467
1398
1398
1398
1956
1886
1467
1468
2375
1398
1397
1467
1398
2376
1887
1398
1467
1397
1398
1467
1397
1398
1398
1397
1397
1467
1467
1397
1397
1468
1397
1467
1398
1397
2305
1467
1468
1817
1886
1467
1397
1956
2306
1467
1467
1956
1397
1887
2375
908
1397
1398
1397
2306
1886
908
2865
1397
1467
1467
1397
1956
2376
1887
1467
1398
1467
1467
1467
1467
1467
1468
1468
1397
1398
1467
1398
1467
1957
1397
2305
2376
1467
1467
1397
1397
1397
1886
7266
978
1468
1398
1887
1467
2375
1397
1467
1397
6078
1397
1397
1467
1817
2934
1398
978
1467
1956
1397
1398
1397
1467
2306
1957
1467
1956
978
2445
1467
1467
1398
1467
1467
1398
1467
1956
1397
1397
1467
1398
1397
1887
1397
1468
1467
909
1956
1397
1398
1397
1467
1467
1397
1467
1886
1467
1397
1467
1886
1887
1467
1468
1397
1468
1397
1887
1887
1398
1467
1397
1467
1397
1887
14463
1467
1467
1397
1468
1467
2375
978
1886
1467
1397
1956
1397
1397
2306
2375
1886
1467
1398
1397
1398
1467
1397
1398
1468
2375
1397
1467
1817
1397
1467
1887
2376
1886
1467
1957
1956
1887
1397
1397
1467
1467
1398
1397
1887
908
1887
1956
1468
1398
1468
1886
1886
1467
1467
1887
1398
1397
1957
1887
2445
1468
1956
2865
1886
1886
1886
1886
1886
1957
1397
1467
1956
1956
1956
1956
1468
1956
1467
1397
1397
1398
1398
1397
1887
