1467
1396
978
978
1466
1397
1397
1396
1467
1397
1467
1466
1467
1955
1397
1466
1397
2374
1467
1885
1955
1955
1397
1467
1466
2793
1396
1886
2375
1955
15225
1467
1397
2444
1956
1397
2375
1466
1466
1467
2374
1396
1396
1886
2375
1466
1397
1885
1815
1467
1956
1886
1397
1397
2374
1397
1397
1396
1397
1396
1886
1466
1955
1886
1397
1397
1397
1396
1397
1466
1467
1397
1397
2304
1397
1467
1397
1466
1396
1886
1467
1467
1397
1397
1885
1396
1467
1467
1397
1956
1467
1397
1397
1467
1467
2863
1397
1396
1955
1397
1955
1956
1397
1956
1397
1466
1397
1886
1467
1467
1396
1397
1397
1397
1396
1397
1467
1397
1467
1886
1816
1467
1467
1467
1396
1397
1466
1467
2374
1467
1397
1467
1467
1467
1466
1397
1397
1467
1467
1467
1467
1397
1397
1397
1467
1397
1397
1467
1467
1466
1467
1397
1955
1397
1397
1886
1466
1466
1397
1397
1467
1396
1886
1397
1397
1466
1397
1397
2863
1956
1467
1397
1396
1397
2444
2375
1467
2374
1467
978
1466
1466
1467
1467
1397
1396
2444
1397
12362
1467
1467
1466
1467
1467
1467
978
1466
977
1467
1466
1467
1396
1885
1397
1397
1397
1397
1467
1397
1397
1397
1466
1466
1396
1396
1397
1397
1955
1467
2374
1955
1466
1886
2444
1885
1466
1397
1467
1467
1397
1467
1397
1397
1956
1396
908
1467
1397
1397
1397
1466
1885
1466
978
1466
2375
1467
908
1466
1466
1466
1816
1397
1397
1886
1467
1397
978
1467
1466
1397
1955
1397
1466
1467
2374
1397
1397
1466
1397
11384
1466
1397
1397
1885
1466
1466
1397
1886
1397
1397
1467
1467
1397
1886
2375
1886
1397
1396
1397
1397
1397
1397
1467
1396
1467
1467
1397
1886
1397
1397
1396
1466
1885
1396
1467
1466
2374
1467
1886
1467
1467
1886
1466
1396
1396
1467
1466
1885
1466
1397
1397
1397
1397
1397
1467
1396
1467
1397
1886
1397
1397
1466
1397
1467
1466
1397
1397
1397
1396
1467
1816
1467
978
1885
1397
1467
1466
1396
2444
1397
1466
1467
1467
1467
2444
1467
1466
1397
1956
1886
1396
1956
1397
1397
1886
1886
1467
1396
1397
1397
1886
1467
1396
1467
1466
1397
1397
2444
1886
2444
1466
1956
1467
1956
1885
1886
1886
1955
1886
1467
1955
1885
1466
1886
1886
1397
1955
1467
1886
1396
1397
1955
1886
1467
2445
1956
1397
1467
1396
1396
1956
1466
1885
1397
1466
1396
1467
1397
2445
1397
908
2305
978
1956
1467
1397
1397
1466
1466
1885
1467
2305
1397
1466
2375
1396
1956
1396
1397
1397
1466
1397
1467
2375
1466
1467
1397
1396
1955
2375
1467
1466
1466
1885
1397
1886
1396
1467
1397
1466
2375
978
1467
1466
10685
1467
1396
1467
1397
1397
1396
1397
1397
1467
1397
1467
1397
1397
1397
1396
1467
1396
1396
2375
1397
1467
1467
1466
1397
1886
1466
1467
1467
1397
1955
1466
1467
1397
1467
1466
1467
1467
2304
1466
1396
978
1397
2374
1467
1885
1396
1885
1397
2305
1955
1466
1467
1397
1397
1396
2374
1466
2444
1466
1956
1956
2375
1467
1397
1885
1396
1467
1397
1886
1397
2374
1467
1397
1397
1467
1886
1467
1396
1397
1816
1885
1467
1397
1396
1467
1466
1467
1397
1467
1397
1397
1467
1396
1467
1467
1466
1466
1467
1397
1397
1886
1397
1467
1396
1397
1816
1467
1467
1466
1467
1396
2374
1397
1397
1397
1467
1466
1396
1467
1397
1886
1397
1397
1467
1397
2445
1467
1397
1397
2374
1886
1467
1396
1956
1397
1466
2445
2304
1397
1886
1396
1467
1397
1396
1467
1467
1397
1396
1885
1397
1397
1886
1956
1467
1885
1397
1397
1886
1396
1397
1397
1466
1397
1396
1815
1397
1397
1466
1466
2374
1956
1397
1467
1397
1397
1397
1397
1885
1955
1886
2445
1467
1397
1397
2374
1466
1886
1816
1955
1956
1885
1397
1467
1467
1466
1467
1397
1467
1467
1397
1396
1396
1886
1397
1467
1467
1886
1466
1956
1397
1467
1885
1397
2374
1467
2793
1467
1397
1397
1955
1956
1467
1466
1467
1467
1397
1397
1956
1886
1466
2305
1955
2375
1397
1397
1467
1466
1467
1466
1885
2445
1467
1886
1397
1466
1397
1467
1397
1466
1467
1466
1466
1956
1466
3283
1397
1886
1396
1466
2375
1397
977
1397
1466
1397
1397
1397
1467
1886
1466
1397
1466
1466
1466
1467
1397
1397
1885
1466
1467
1397
1397
9638
1886
1466
2445
1397
1397
1466
1396
1466
1466
1467
1886
1466
2304
1397
1467
1397
1397
1467
1397
1397
1396
1466
1466
1467
1955
1467
1397
1467
1467
1816
1467
1397
1397
1886
1396
1467
2375
1397
1467
1397
1397
1467
1397
1886
1466
1467
1396
1956
1466
1955
1467
2375
1467
1467
1396
1397
1467
1396
1467
1467
1396
1397
1886
1397
1886
1397
1467
1467
1397
1467
1397
1397
1467
1397
1467
1956
1466
1397
1467
1397
1397
1467
1956
1467
1467
978
1467
1466
1397
1956
1467
1396
2445
1885
11383
1886
1397
1467
1886
1397
1397
1467
1955
1467
1467
1466
1816
1397
1466
908
1397
1466
1466
1955
1397
978
1397
1397
1397
1886
2375
1397
1466
1397
1397
1396
1397
1396
1397
1885
2305
1397
1467
1467
1396
1397
1955
1397
1886
1397
2374
1397
1397
1466
1886
1397
1466
1885
1467
1466
1466
1397
1396
1467
1397
1397
1885
1467
1397
1886
2793
1397
1467
1397
1886
1396
978
1397
1466
2305
1467
1467
1467
1397
1955
1397
1956
1816
2305
1467
1467
1396
1397
1886
1397
1885
1467
1397
1397
1397
1397
1466
1467
1466
978
1397
978
1397
1467
1955
1467
1467
978
1397
1396
1886
1467
1467
1397
1885
1397
1955
1886
1397
1467
1467
1467
1466
1466
1467
1467
1466
1467
1397
1396
1396
1467
1397
1466
1397
1397
1397
1956
1397
1397
1467
978
1466
1467
1466
1397
1467
1397
5727
1466
1886
1467
1467
1397
1467
1467
