1466
1396
1467
1466
1397
1885
1397
1467
1397
1397
1397
1397
1466
1397
1466
1886
1467
1467
1467
1886
1467
1885
1466
908
1466
1467
908
1955
1885
1397
1886
1885
978
1466
1397
1397
1397
1467
978
1467
1397
1466
1956
1396
1466
1397
1466
1466
978
1397
908
1885
908
908
1886
1467
1396
1467
1397
1397
1397
1466
1956
1397
1397
1397
978
1467
1467
1397
1886
908
1397
1885
1396
1397
978
1467
1396
1397
1816
908
1955
1467
1467
1397
1397
1396
1467
1467
1466
1956
978
9568
1886
1466
1397
1396
1886
908
1397
1467
1397
1466
1397
1397
2305
1467
1466
1956
1397
1467
1397
1397
1467
1397
978
17251
1397
1397
1885
978
1467
1467
1466
1816
1467
1397
978
1885
977
977
1467
1886
978
1885
1397
1467
908
978
1816
1466
1466
1467
1397
978
1956
1397
1886
1397
908
1886
1396
978
1397
1885
1886
1467
1396
978
1397
15295
1467
1467
1467
1397
908
1885
1467
1467
1956
1397
1955
978
978
1886
978
1467
1397
1886
1467
1467
1397
978
1397
1467
1396
908
1397
977
977
1467
1397
978
1466
1467
1396
1397
1467
1467
1397
1397
1397
978
1466
2305
1397
1956
1885
1956
1397
907
1467
1397
1397
1885
1467
1466
908
1816
1466
1397
1466
1467
1397
1397
977
978
1467
1397
1467
1396
978
978
1397
1886
1467
1886
1396
1466
978
1886
1397
2375
1396
1466
1397
977
1956
1466
1466
1885
1397
1467
1397
977
1397
1955
1396
908
1885
1396
1397
1397
1397
1396
1886
1396
1885
1886
1885
908
1955
1885
1467
978
1886
1956
1885
1467
908
978
1466
1886
978
1397
1885
1466
1886
978
1397
978
1397
1396
1467
1886
1397
1467
1396
1397
1885
1466
1815
907
1467
1955
1397
1397
977
1886
1886
1886
1397
1466
1397
978
1397
1886
1956
1467
1397
1397
1467
908
1956
1466
1467
978
978
908
1467
1397
1885
1397
978
1956
1467
1886
1397
1467
1956
1397
978
1397
1886
1886
977
1466
1467
1467
1467
1397
1466
978
978
1397
1467
1397
1397
1397
1397
1466
1397
1466
1397
1397
1397
978
977
1467
1397
1396
1397
1467
978
1467
1886
1467
1886
1396
1467
1466
1397
1397
1885
1816
1956
1955
1397
1467
1816
1885
1396
1397
908
1396
1396
1467
978
1397
1467
1397
1466
1467
1467
1467
978
1397
1396
1397
978
1397
978
1397
978
1467
978
908
1466
978
1397
1397
1397
1466
1467
1955
1396
1885
1466
1467
1397
977
1396
1956
978
1397
1466
1397
1397
1467
2444
1886
977
1886
977
1886
907
1956
1956
1886
1397
977
978
1467
1397
978
1466
10965
1466
1397
1397
1397
1467
1396
1397
1397
1397
1397
1885
1397
1886
1466
1955
1955
1397
1816
1466
1397
1467
1467
1397
1467
1397
1955
977
978
1886
978
1955
1466
1397
1397
1466
1397
1467
1466
1467
1397
1955
1396
1467
1886
1397
1397
1885
1397
1467
1397
1886
1397
908
1397
908
1397
1397
1466
1396
1396
1467
1467
1397
1956
1467
1816
1467
1467
1397
1467
1886
1467
1956
1956
978
1397
1397
1467
1466
2444
1467
1397
1467
1397
978
1396
11384
908
1956
1397
1397
1466
1396
1886
1466
977
1467
1397
1467
1886
1885
1467
1467
1886
1955
1396
978
1467
1397
1886
1396
1397
908
978
1955
1467
1397
1955
1885
1467
1816
1886
1466
1397
1886
1397
2374
1466
1396
1397
1886
1467
1397
1886
978
977
1466
1397
908
1466
1397
1466
908
1467
908
1397
1397
1467
1397
1397
1397
1467
1467
1397
1397
978
1397
977
1467
1466
1467
1467
1955
978
1397
978
1885
1956
1467
1466
977
1397
978
1466
1397
1397
1885
1467
978
1467
1397
1397
1467
1955
1397
1467
11803
1397
1467
1397
1886
1397
1886
1397
1467
1397
1886
1467
978
1396
1467
1397
1467
1467
1466
1397
1467
1467
1467
1467
908
1466
977
1467
1467
1397
1956
1886
1397
1397
1886
1397
1467
1397
1397
1467
978
1397
1396
1397
1397
1467
1467
978
1466
1467
1397
1397
1466
978
908
16063
978
1467
978
1397
1397
1397
1466
1397
1397
1396
1397
1816
1885
2374
1397
1397
1956
1397
1886
1397
1467
1466
1467
978
1886
1816
1466
1466
1397
1956
1466
1397
977
1955
1397
1397
1467
1397
1397
1396
1885
978
1467
1467
1396
1397
1397
1396
1466
1397
1466
1397
1397
1396
1397
1467
1397
1397
1466
1396
1397
1396
1397
1397
1466
1467
977
1467
1467
1397
1956
1467
1467
1467
978
1396
1397
1467
1886
1466
1466
1466
978
1956
12501
1397
1955
1397
1467
1397
908
1467
2374
1956
1396
978
1956
1466
1816
1466
978
978
1397
908
1397
1467
1397
1397
1466
1397
1397
978
1397
1397
1467
1467
1467
21441
1397
1397
1397
1396
1956
1397
12851
1397
1397
1467
1466
1467
978
1467
1397
1467
1397
1886
1467
978
1467
1397
1397
977
1397
1397
908
1397
1466
1466
1466
908
1397
978
1397
1467
1467
1397
1396
1397
1466
1467
1396
1816
1397
1397
1956
1397
1886
1467
1886
1886
1886
1886
908
978
1397
1397
1467
1466
978
1396
1397
1467
1467
1397
977
1886
1397
1467
978
1397
1397
1396
10476
1467
1397
1396
1467
1466
1467
1466
1397
1467
1466
978
1397
1397
978
1467
1396
1467
1397
1467
1467
1397
1397
1467
1397
908
1467
1467
1467
1956
1397
1397
1396
1396
1397
977
1466
1397
2305
1467
1467
1956
1467
1466
1466
1467
978
1886
1397
1467
1885
1885
10336
978
1396
1397
1397
978
1397
1397
1397
908
1397
1467
1885
1397
1467
1397
1397
1886
1955
1467
1467
1397
1397
1396
1397
1467
1886
1467
978
1397
1466
1466
1467
1466
1467
1397
1467
1397
1397
1886
908
1397
1397
1397
1397
1397
1467
1397
1467
978
1466
1466
908
1467
1467
1466
