1886
1467
1467
1397
1886
1956
908
1467
909
1467
1397
1956
1467
1467
1467
1397
1885
1467
1466
1955
1397
1397
1886
1467
1956
1397
1955
1816
1397
1956
1467
1886
1466
1397
1467
1886
1886
1817
1816
1467
1397
1886
1956
1397
1955
1467
1397
1816
1886
1955
1956
1886
1956
1467
1886
5309
1886
1886
1466
1816
1886
1467
1956
1956
1886
1467
2445
1886
1467
1397
1886
1886
1886
1956
1397
1816
1886
1886
1886
1397
1956
1467
1886
1467
1955
1886
2375
1467
1397
1885
1397
1886
1886
1886
1956
1467
1397
1466
1816
1956
1397
1467
1397
1397
1466
1467
1886
1397
1397
1886
1886
1466
13062
1397
1466
1467
1467
1467
1467
1397
1397
1467
1467
1467
1397
1396
1467
1466
1397
1397
1397
1397
1467
1397
1397
1467
1885
1466
1467
1467
21584
1397
1397
1467
1397
1397
1397
1466
1467
1467
1397
977
1886
1467
1397
1397
1397
1397
1467
1956
1467
1467
1397
1956
1397
978
1467
1467
1816
2375
1397
1397
1397
1466
1466
1397
1397
1397
1467
10058
1397
1397
1886
1467
1397
1816
1467
1956
1397
1397
1886
1467
1397
1886
1466
1397
1397
1467
1467
1397
1886
1466
1397
1467
1467
1467
1886
1397
1467
1886
1467
1397
1467
1816
1886
1397
1397
1467
1816
1816
1885
1816
1397
1886
1886
1467
1956
1955
1397
1886
1816
1397
1886
1397
1467
1956
1397
1886
1467
1467
1397
1467
1886
1886
1397
1397
1886
1886
1886
1886
2375
1956
1467
1956
1886
1886
1466
1397
1397
1816
1956
1467
1397
1956
1467
1956
1886
1397
1397
1886
1956
1886
1886
1886
1886
1955
1397
1956
1467
1467
1886
1396
2305
1397
1956
1467
1956
1956
1886
1956
1467
1956
1886
1956
1886
1956
1467
1886
1956
1956
1886
1466
1885
1467
1467
1956
1886
9430
1956
1467
1886
1397
1467
1466
1397
1467
1886
1886
1397
1397
1467
1886
1956
1886
1886
1397
1397
978
1397
1466
1886
1886
1956
1886
1886
1886
1466
1467
1397
1467
1466
1886
1397
1467
1956
1467
1467
1397
1466
1397
1467
1467
1467
1955
1467
1886
1956
1467
1467
1886
1397
1467
978
1467
1467
1886
1467
1956
1467
1397
1886
1467
1886
1467
1397
1886
1467
1886
1886
1956
1956
1397
1397
1955
1886
1397
1955
1886
1467
1467
1397
1397
1956
1397
1467
1886
1886
1397
1886
1956
1466
1467
1467
1956
1886
1397
1956
1397
2374
1467
1397
1885
1886
1397
1467
1467
1397
1886
1467
1467
1886
1886
1467
1467
1886
1397
1956
1886
1886
1886
1956
1886
1956
1956
1886
1397
1467
1466
1886
1955
1467
1886
1467
1886
1956
2374
1466
1397
1956
1467
1886
2445
1467
1397
1467
1397
1466
1886
1886
1886
1886
1886
1956
1467
1466
1397
1816
1956
1397
1886
1886
1397
1467
1397
1467
1956
1956
1467
1397
1886
1956
1886
1886
1956
1886
1816
1956
1397
978
2375
978
1397
1466
1956
1467
1467
1397
1397
1397
1397
1467
1397
1397
1397
1397
1397
1397
1886
1816
1466
1467
1956
1397
1816
1956
1467
1397
1397
1886
1816
1397
1956
1397
1467
1886
1397
1467
1467
1886
1467
1397
1397
1397
1466
1467
1467
1955
1886
1397
1886
1886
1886
1467
1467
1956
1467
1397
1467
1886
1467
1886
1955
1886
1397
1886
1397
1956
1886
1816
1816
1886
1886
978
1886
1956
1955
1886
1397
1886
1886
1886
1886
1886
2375
1816
1886
1886
1955
1956
1886
1885
1886
1956
1955
1956
1397
1956
1397
1397
1956
1397
1467
1956
2375
1467
1397
1886
1886
1955
1886
1886
1886
5658
1397
1397
1816
1886
1886
1467
1397
1397
1886
1886
1467
1886
1397
1886
1397
1397
1886
1886
1886
1467
1467
1397
1467
1956
1397
1467
1466
1467
1956
1466
1397
1467
1467
1956
1397
1886
1397
1467
1397
1467
1397
1467
1467
1466
1467
1397
1467
1397
1467
1397
1467
1397
1467
1397
1467
1467
1397
1397
1467
1397
1886
1466
1886
1397
1397
1467
1466
1397
1467
1956
1956
1956
1397
1886
1466
1397
1467
1397
1397
1956
1467
1397
1956
1397
1817
1397
1397
1886
1397
1886
1397
1397
1397
1467
1397
1956
1397
1397
1886
1397
1397
1397
1467
1397
1886
1467
1886
978
1397
1467
1397
1466
1397
1467
1397
1956
1397
1397
1466
1467
1397
1886
1397
1886
3353
1886
1816
1955
1886
1467
1467
1955
2794
1467
1397
1885
1956
1816
1886
1956
908
1886
1956
1886
1886
1816
1467
1955
1886
1885
2374
1886
1397
1397
2445
1955
1956
1886
1886
1467
1467
1956
1956
1886
1467
1467
1467
1467
1817
1886
1467
1886
1886
1397
1467
1886
1886
1886
1397
1956
2445
1955
1397
1397
1467
1467
2445
1397
1886
1397
1956
1467
1466
1886
1467
1956
1397
10547
978
1467
1467
1955
2375
1886
1886
1886
1466
1397
1397
1956
978
1466
1397
1886
1886
1956
1886
1886
1956
1397
1817
1467
1466
1397
1397
1397
1467
1956
1397
1397
1886
1466
1397
1467
1467
1397
1467
1886
1886
1886
1397
1467
1467
1886
1886
1467
1397
1956
1397
1467
1886
1466
8732
1397
1886
1397
1886
1956
1956
1886
1885
1886
1466
1886
2375
1467
1467
1467
1466
1467
1397
1467
1397
1467
1886
1397
1886
1467
978
1467
1397
978
1397
1886
1466
1397
1466
1956
1886
1397
1467
1467
1956
1956
1956
1466
1397
1467
1956
1886
1467
1467
1467
1956
1467
1467
1886
1886
1397
1886
1886
1397
1886
1397
1467
1466
1817
1956
1886
1397
1886
1467
1397
1467
1467
1817
1397
1397
1466
1397
1397
1397
1397
1467
1886
1467
1467
1397
1397
1467
1956
1397
1467
1886
1955
1886
1816
1886
1397
1886
1467
1397
1955
1886
1467
1886
1467
1886
1467
1467
1956
1467
1466
1397
1397
977
1397
1886
1397
1397
1886
1397
1467
1467
1397
1397
1467
2305
1467
1956
978
1886
1397
1886
1397
1466
1397
1466
1956
1467
1397
1816
1886
1886
1397
1956
1397
