1886
1467
1396
1467
1397
1467
1397
1467
2375
1467
1467
1467
1397
1397
1467
1466
1397
1396
1467
1397
2375
1397
1466
1397
1396
1466
1397
1396
1397
1397
978
1885
1397
1397
1467
978
1397
1467
1466
15225
1467
1397
1397
1466
1397
1467
1467
1466
1397
1886
1397
1467
1467
1466
1467
1397
1885
1396
7054
1327
1466
1397
1397
1397
1397
1397
1396
1397
1396
1397
1397
1466
1397
1396
1396
1466
1467
1397
1466
1886
1886
1397
2375
1956
1886
1397
1467
978
1816
1467
1466
1467
1397
1886
1397
978
1467
1397
1397
2445
1886
1467
1397
1397
1397
1467
1466
1466
1467
1886
1886
1886
1467
1397
1396
1466
1467
1467
1396
1397
1467
1466
1397
1467
1396
1466
1467
1397
1397
1467
1467
1396
1467
1466
1397
1397
1397
1466
1466
1466
1397
1396
1466
1397
1467
1467
1397
1816
1396
1466
1466
1397
1397
1397
1886
1397
1467
1397
1466
1396
1397
1397
1815
1956
1467
1467
1396
1397
1816
2445
1397
2444
1397
1397
1397
978
1467
2375
1467
1397
1467
1886
1466
1886
1467
1397
1955
1397
2375
1886
1397
1467
1467
1467
1397
1467
2374
1467
1396
1397
1397
1467
978
1467
1955
1397
1956
1956
1397
1466
1397
2375
1467
1466
1956
1397
1397
1397
1396
1397
1466
1885
1397
1956
1885
1467
1467
1397
1467
1397
1466
1956
1397
1466
1467
1467
1955
1466
1816
2375
1397
1886
2445
2374
1467
1956
1397
978
1397
1885
1467
1397
1466
1397
1467
1397
1397
1467
1397
1886
1467
978
1886
1397
1466
1956
1466
1955
1956
1397
1955
5308
1467
1397
1467
1397
1466
1467
1397
1886
1466
1397
1466
1955
1397
1467
1397
1396
1397
1396
1396
1886
1396
1397
1466
1397
1885
1466
1886
1397
1886
1397
1466
1816
1467
1467
1885
1397
1397
1397
1467
1397
1397
1886
1467
1397
1397
1396
1467
1467
1467
1467
1397
1397
1816
1397
2374
3353
1397
1397
1397
1467
1467
1956
1396
1467
1396
1397
1955
1886
2375
1396
1886
1397
1466
1466
1397
1886
1466
1885
1467
1886
1466
978
1467
1467
1955
1397
1466
1466
1397
1466
1397
1886
1397
1397
1397
1396
1466
1397
978
1397
1397
1397
1396
1466
1467
978
1467
1467
908
1466
1466
1955
1816
1886
1816
2375
1466
1955
1886
1886
1397
1396
14178
1466
978
1467
1467
978
1886
1886
2375
1397
1397
1467
1397
1397
1467
1467
2375
1956
1466
1467
1467
1467
1466
1467
1815
1397
1886
1956
1397
1466
1397
1397
1397
1885
1467
1956
1886
1956
1397
1466
1397
1466
978
1467
1467
1466
1397
1467
1467
1397
1467
1466
1397
1466
1397
1466
1467
1467
1397
1467
1467
1467
1466
1886
1397
1397
2374
1396
1467
1397
1467
1397
1467
1886
1467
1956
1467
1467
1397
1397
1467
1466
1466
1397
978
1886
1397
1397
1397
1396
1396
1397
1397
1396
1397
1397
1397
1466
1467
1467
1397
1467
1397
977
1466
1397
977
1467
1467
1466
1886
1397
1397
1396
1466
1397
1396
978
1397
1397
1397
1397
1397
1885
1466
1956
1467
1397
1886
1397
1467
1467
908
1467
978
1396
1466
1955
1467
1467
1955
1467
1397
1467
1397
1397
1886
1467
1397
1396
978
977
1397
1397
1397
1397
1467
1467
1397
1466
1397
908
1397
978
1467
1956
1467
1466
1885
1397
1467
1397
1467
1886
1466
1397
1467
1466
1397
978
1397
1397
1397
2305
1397
1397
1397
978
1397
1467
1466
1886
1885
1955
1467
1816
1885
1466
1397
1396
1815
1397
1467
1886
1466
1466
1466
1397
1467
1397
1467
1886
1885
7194
1466
1397
1467
1886
1397
1396
1956
1955
1466
1956
1397
1886
1397
978
1816
1397
1397
1397
1886
1467
1955
1466
1816
1885
1396
1397
1816
1396
1956
1885
1396
1886
1956
1886
1467
908
1956
1886
1467
1466
1467
1397
1466
1955
1396
1467
1397
1466
1396
1397
1467
1397
1397
978
1397
1886
1397
1885
1886
1886
1955
1397
1397
1397
1886
1956
1466
1466
1886
1885
1397
1886
1397
1886
978
2374
1886
1816
1397
1467
1886
1466
1397
1397
1467
1467
1886
1466
1397
1396
1397
1397
1885
2374
1467
1397
1397
1467
1466
1816
2375
2375
1396
1885
1397
1885
1397
1886
1466
2375
1466
1816
1467
1467
1397
1467
1885
978
1397
1396
908
978
1466
1467
1396
1397
1397
978
1397
1397
1396
2374
978
978
1397
1397
1467
1955
1467
1467
1397
1466
1467
2375
1397
1816
978
977
1467
1397
1466
1397
1467
1466
1397
1467
1466
1466
1466
1396
1466
1886
1885
1396
1467
1397
1396
1397
1466
1396
1955
1467
1466
1467
1397
1397
1466
1397
1397
1397
1397
1467
1397
1396
1397
1466
1467
1397
978
1397
1397
1886
978
1397
1397
1467
978
1466
1397
908
1467
1396
978
1466
10965
1397
1466
1397
1467
1397
1466
1466
1397
1397
1397
1397
908
1467
1885
1467
1397
1397
1397
1955
1467
1467
1397
1467
978
1886
1397
1467
1397
1467
1397
1397
978
1397
1397
1886
1397
9848
1397
1397
1397
1397
978
1397
1467
1397
1466
1955
1397
1467
4609
1466
1467
1467
1886
1467
1397
1955
977
2933
1396
978
1397
1467
1466
1466
1397
1467
1886
1397
1466
1396
1396
1397
1397
1467
1466
1467
1956
978
1396
1397
1886
1397
1467
1467
1467
1886
1396
1467
1467
977
1467
1397
978
1467
1885
1885
1467
978
1466
1397
1397
1955
2305
1397
1886
1397
1397
1467
1956
1397
2374
1397
1397
1397
1397
1397
1467
1467
1467
1956
1467
1955
1955
1466
1396
978
1466
1397
1467
1466
1466
1466
1467
1467
1397
1467
1466
1467
1397
1467
1397
1467
1397
1466
1397
978
1397
977
1466
1467
1467
1396
1466
1397
1397
1467
1467
1466
1467
1397
1467
1397
4749
1885
1397
1397
1467
1886
1467
1466
1467
1396
1397
1467
1885
1467
1885
1397
1467
1816
1466
1466
1467
1397
1397
1397
