1397
1886
1886
1886
1887
1816
1956
1397
1886
1398
1956
1397
1467
1467
1397
1397
1398
1467
2375
1886
1886
1397
1467
1886
1467
1397
1397
1467
1467
1886
1886
1467
1467
1887
1467
1886
1886
1887
1467
1397
1466
1397
1397
1467
1397
1467
1467
1467
1467
1467
1467
1817
1467
1467
978
1467
1467
1467
1398
1397
1397
1467
1467
1956
1886
1886
1397
1467
1467
1887
2445
1467
1466
1886
1467
1467
1467
978
1467
1397
1467
1397
1956
1467
2375
1886
1397
1397
1397
1397
1886
1816
978
1397
1397
1397
1886
1397
1397
1467
1467
1467
1467
978
1397
1397
1397
1467
1467
1467
1397
1467
1467
1886
1467
1397
1397
1467
1397
1398
1397
1467
1397
1397
1397
1467
1467
1397
1467
1467
1397
1886
1467
3842
1467
1397
1467
1886
1467
1397
1467
1397
1886
1886
1397
1816
1886
1398
1397
20957
1397
908
1887
1467
1467
1467
1886
1466
1467
1397
1397
1397
1397
1397
1467
1397
1467
1397
1397
1397
1887
1397
1397
1466
1886
2306
1397
1397
1467
1397
1467
1397
1397
1886
1886
1467
1467
1956
1397
1886
1467
1467
1467
1397
1398
1817
1397
1956
1397
1397
1398
1467
1467
1398
1467
1397
1886
1397
1467
1397
1397
1886
1886
1467
1467
1397
1467
1467
1397
1397
2375
2864
1886
1397
1397
1467
1816
1887
1397
1467
1886
1397
2375
1816
1397
1886
1398
1467
1466
1467
1467
1886
1467
1467
1467
1887
1956
1397
1467
1886
1398
1886
1467
1956
1397
1397
1467
1886
1886
1397
1467
1467
1467
908
1467
1886
1956
1397
1397
1886
1467
1816
1886
1887
1956
1467
1956
1956
4261
1886
1886
1886
1467
1467
1467
1816
1467
1887
1467
1467
1817
1397
1887
1956
2445
1397
1467
1467
1397
1397
1467
1397
1886
1397
1956
1956
1467
1397
1816
1397
1467
1956
1467
1467
1397
1467
2375
1397
1956
1397
1397
1397
1397
1467
1397
1397
1397
1397
1956
1956
1956
1397
1466
1817
1467
1397
1467
1467
1886
1887
1467
1886
2305
1467
1397
1467
1467
1397
1467
1397
1467
908
1397
1467
1886
1956
1397
1398
1467
1467
1397
3912
1467
1467
1397
1397
1816
1467
1467
1886
1467
1397
1467
1467
1467
1467
1397
1467
1956
1467
1398
908
1467
1397
1467
1397
1397
1467
1817
1397
1467
1467
1397
1886
1956
1887
1467
1467
1397
1397
1467
1886
1397
1467
1397
978
1397
1397
1886
1397
1467
1398
1467
1816
1467
1397
1467
1886
1398
1956
1467
1467
1397
1467
1397
1467
1397
1397
1467
1397
1467
1886
1397
1397
1886
1467
1467
1397
1397
978
1467
1886
1398
1467
1397
1397
1397
7684
1467
1467
1467
1398
1886
1467
1886
1467
1886
1467
1467
1886
2864
1397
1397
1467
1956
1887
1467
1956
1467
1887
1397
1397
1397
1887
1467
1397
1816
1398
1467
1397
1956
1467
1467
1397
1467
1397
1467
1467
1886
1886
1397
1956
1397
1397
1467
1397
1956
1886
1397
2375
1956
1956
1467
1467
1397
1956
1956
1887
1956
1886
1816
1397
1816
1397
1467
1956
1467
1886
1467
1886
1886
1397
1397
1397
1956
1467
1886
1397
1467
2375
1397
1467
1467
1467
909
1886
1397
1397
1956
1886
1886
1887
1816
1886
1886
1467
1886
1886
1467
1397
2445
1467
1886
1886
1956
1956
1956
1956
1956
1397
1886
1886
1467
1397
1467
1467
1817
1467
1467
1887
1886
1816
1886
10967
1467
1886
1886
1397
1886
1886
1886
1467
1886
1467
1397
1397
1956
1886
1816
1467
1397
1397
1467
1467
1886
1397
1886
1886
1466
1397
1467
1467
1397
1397
2445
1886
1886
1956
1886
1467
1467
1467
1467
1467
1886
1397
1397
1956
1467
978
1467
1467
2375
1467
1467
1397
1398
1467
1886
1398
1397
1467
1886
1397
1887
1398
1887
1886
1467
1397
1467
2445
1397
1886
1397
978
1467
1467
1467
1397
1397
1467
1467
1397
1467
1886
1467
1886
1886
1886
1956
1397
1467
1467
1397
1886
1467
1397
1886
1467
1886
1956
1397
1467
1397
1397
1397
1397
1886
1397
1956
1886
1397
2445
1886
1886
1886
1327
1956
1398
1886
1467
1397
1886
1956
1817
1956
1886
1886
1467
1467
1397
1467
2375
1467
1467
1397
1467
1467
1397
1467
1467
1886
1886
1397
1886
1467
1467
1816
1886
908
908
1467
1397
1886
1397
1467
1886
1467
1886
1397
1886
1887
1467
1956
1886
1886
1397
1397
1397
1467
1467
1886
1397
1467
1467
1397
1397
1397
1398
1886
1397
1397
1467
1467
1467
1397
1467
1397
1467
1397
1467
1398
1467
909
1397
1886
1397
1397
1886
1397
1398
1816
1467
1467
1397
1467
1886
1467
1956
1467
13901
1956
1466
1886
1817
1467
1886
1886
1956
1397
1886
1397
1886
1397
1467
1467
1467
1398
1467
1467
1467
1397
1467
1467
1886
1467
1467
1397
1467
1327
1956
1397
1397
1956
1397
1397
1467
1397
1816
1956
1397
1887
2375
2375
1467
1467
1817
1467
1886
1886
1398
1886
1397
1956
1467
1467
1467
1467
1956
1467
908
1467
2375
1398
1397
1887
2375
1467
1887
1467
1467
1467
3842
1397
1397
1397
1886
1467
1467
1398
1397
908
1467
1397
1467
1467
1397
1466
1886
1397
1397
1886
2445
1886
1886
1397
1397
1467
1397
1886
1467
1886
1886
1886
1886
1467
1467
978
1886
1398
1397
1467
1467
1397
1466
5379
1397
1467
1467
1397
1397
1887
1397
1956
1886
1397
1886
1397
1397
1397
1467
1467
1467
1467
1467
1886
1397
1467
1467
1398
1886
1467
1886
1886
1397
1397
1886
1467
1467
1886
1467
1397
1467
1467
1397
1467
1397
1467
1956
1467
1817
908
1397
1886
1886
1886
1886
1398
1397
1886
1397
1397
1816
1467
1398
1397
1956
1886
1886
1956
2375
1956
1886
1886
1886
1467
1467
1887
1398
1886
1467
1956
1955
1397
1397
1886
1467
1956
1956
1397
1397
1466
1886
1816
1956
1397
1467
1886
1466
1467
1886
978
1397
1467
1467
1467
1397
1886
1956
