1467
1397
1467
1397
1397
1397
1398
1467
1887
1467
1467
1397
1886
1397
1467
1467
1886
1886
1886
1397
1467
1397
1467
1397
1397
1467
1467
1467
1467
978
1397
978
1397
978
1887
1397
1956
1397
1397
2445
1467
1397
1467
1398
1397
1467
1467
1398
1467
1887
1886
1468
1467
1467
1467
1397
1886
1467
1397
2305
1397
2306
2375
1886
2864
1467
1397
2376
1886
1887
1467
1397
1467
978
1467
1467
1467
2376
1467
1467
1956
1397
2375
1467
1467
1467
1956
1956
1397
1397
1886
1886
1956
1956
1397
908
1467
1468
1467
1886
1886
1956
1397
1886
2375
1886
1468
1397
1886
1468
1886
2375
1886
1398
1887
1467
1397
1467
1397
1467
1956
1467
1397
1397
1397
1467
1467
1467
1398
1467
1887
2375
1397
1397
978
1467
1956
1398
1467
1467
1397
2794
1467
1397
1397
1467
1886
2306
1467
1397
1467
1467
1956
1467
1397
1467
1467
1397
1397
2934
1467
1398
2375
1397
1397
1467
1467
1397
1467
1467
1397
1467
1467
1956
1956
1397
1397
1467
1397
1397
1467
1887
2795
908
2306
1468
1467
1467
1467
1398
1397
1467
1467
2306
3284
1467
1467
1467
1398
2306
1956
1397
1397
1397
1886
1397
1397
1956
1397
1887
1956
1397
1397
1886
1956
1397
1467
1397
1467
1467
1467
1398
2375
2376
1398
1397
1467
1467
2445
1398
1397
1467
1467
978
1956
1886
1398
2375
1398
1467
1398
1397
1467
1886
1956
1886
2375
1397
2375
1956
2375
1467
1398
1397
1397
1397
1398
1956
1398
1957
1398
1397
1467
1397
2445
1887
1467
2305
1467
1956
1397
2375
1398
1468
1468
1467
1397
1397
1886
1467
1398
1956
1468
1886
1397
978
909
1886
1886
1397
1467
1467
1467
1956
2375
1397
978
1468
978
1467
1467
1467
1397
1467
1957
1397
1467
1467
1467
1957
1397
2305
1468
8243
1886
2305
2376
1467
1467
1467
1467
1467
1398
1467
1956
1398
1397
1397
1467
1467
1397
1467
1956
1468
1397
978
1886
1887
1467
1886
1886
1397
1817
1467
1956
1467
1467
1467
1887
1397
1467
1397
1886
1467
1887
2306
1886
1886
1467
1956
1397
1397
1397
1397
1397
1957
1397
1467
1467
1397
1467
1887
978
1397
1886
1398
1397
1467
1467
1397
1397
1467
1886
1886
1397
1467
1467
1397
1887
1397
1886
1397
1467
1397
1886
1887
1397
1886
1397
1398
1467
1467
1467
1397
1886
1397
1397
1397
1467
1956
1467
1467
1467
1887
1467
1467
1397
1467
1886
1467
1397
1468
1467
1467
1397
1467
1397
1467
1886
1467
1397
1397
1956
1886
1398
1397
1467
1467
1467
1886
1398
1467
1886
1467
1397
1327
1467
2445
1467
1468
1467
1467
1467
1398
1467
1886
1398
1956
1957
1886
1467
1956
1817
2305
2445
1886
2376
1817
1957
1467
1886
1467
1467
1467
1467
1397
1886
1886
1886
1467
1467
1467
1886
1886
1397
1397
1886
1886
1397
1886
1397
1957
1397
1887
1886
1468
1397
1467
1467
1887
1397
1397
1397
1886
1467
1467
1397
1956
1957
1956
1397
1397
1886
1397
1397
1398
1397
1468
1886
1467
1886
1887
1397
978
1886
1467
1398
1467
1886
978
1886
1397
1467
1397
1467
908
1467
1397
1886
1957
1397
1397
1956
1468
1397
979
1467
1397
1467
1398
1397
1397
1467
1397
1886
1467
1467
1397
1467
1886
1467
1398
1397
1467
1467
1887
1886
1467
1886
1956
1398
1398
1397
1397
1468
1398
1397
1886
1397
1467
1397
1468
1887
1886
1398
1467
1397
1467
1397
1467
1468
1397
1886
1397
1397
1467
1397
1468
1467
1886
1397
1467
1398
1398
1887
1397
1887
2445
909
1397
1816
1886
1397
1467
1886
1397
1397
1887
1398
1397
1467
1397
1467
1398
1397
1956
1887
1887
1397
1467
1397
1467
1397
1467
1397
1397
1467
1816
2445
978
1467
1467
1397
1467
1397
1886
1886
1956
1467
1956
1886
1468
1886
1397
1887
1816
1467
1398
1886
1886
1397
1397
1886
1467
1467
1886
1887
1886
1887
1886
1956
1887
1886
1956
1467
1956
1886
1397
3353
1397
1397
1467
1397
1467
1886
1467
1467
1956
1887
1467
1887
1398
1397
1467
1397
1956
1467
1468
1887
1886
1397
1887
1397
1886
1956
1956
1887
1886
1467
1956
1957
1398
1956
1816
1397
1956
1467
1467
1956
1467
1468
1956
1397
1398
1887
1886
1467
1886
1956
1467
1467
1397
1956
1467
1468
1886
1467
1398
1397
1886
2795
1887
1886
1397
1816
1397
1886
908
1887
1886
2865
1397
1397
1397
1468
1398
1467
1956
1956
1886
1886
1886
1467
1956
1397
1397
1886
1886
1397
1398
1467
2306
1467
1886
1886
1468
1467
1467
1397
1397
1398
1397
1397
1886
1467
1817
1887
1397
978
1886
978
1468
1886
1398
1467
1397
2375
908
1397
1467
2445
1467
1468
1467
1467
1397
1468
1816
1816
1397
1467
1397
1956
978
978
1886
1467
1398
1397
1397
1398
1467
1397
978
1468
1398
1816
1397
1467
1397
1956
1956
1397
1397
1397
1886
1467
1886
1886
1886
1886
1467
1397
1886
1467
1886
1397
1956
1397
1397
1886
1397
1886
1886
1467
1397
1398
1467
1397
1467
978
1467
1397
1887
1467
1887
1956
1467
1467
1886
1467
1467
1886
1467
1467
1467
2375
1397
1887
1397
1398
1397
1886
1467
1467
1956
1397
1886
1397
909
1956
1886
1886
1467
1397
1468
1886
1468
1468
1886
1398
1886
1886
1397
1398
1397
1886
1886
1887
1956
1467
1816
2375
1886
1956
1468
1397
2445
1467
1398
1886
1467
1956
1467
1886
1467
1957
1397
1467
1886
1398
1887
1886
1467
1886
1886
1956
1886
1956
1467
1397
1397
1887
1957
1956
1886
978
2306
1398
1886
1468
1397
1886
1817
1397
1886
1886
1886
1956
1886
1886
1886
2375
1886
1886
1886
1468
1886
1398
1887
1886
908
1886
2375
1886
2445
1886
1397
1956
1956
1887
1956
1886
2375
1467
2375
1887
1956
1886
1886
1886
2306
1886
1397
1956
1886
2375
1816
1886
1468
