1467
1816
1466
1886
1886
1956
1886
1886
1397
1956
1467
1467
1328
1956
1886
1467
1467
1816
1956
1397
1397
1956
1956
1397
2375
1956
1397
1467
1467
1886
1886
1886
1956
1886
1956
1467
1956
1886
1886
1956
1956
1956
1956
1467
1886
1956
1886
1467
1397
1397
1886
1467
1956
1816
1397
2305
1886
1886
1886
1956
1397
1956
1956
1397
1956
1886
1956
1816
1956
1397
1467
1886
1886
1886
1467
1467
1467
1886
1327
1886
1886
1466
1956
1886
2375
1467
1886
1886
1466
1956
1956
1397
1956
1956
1956
1467
1467
1886
1397
1397
1886
1886
1397
1886
1886
1886
1956
2445
1467
1955
1467
1397
1885
1467
1886
1817
1816
1886
1397
1467
1956
1466
1886
1886
1816
1886
1886
1886
1886
1397
1886
1885
1955
1886
1467
1467
1397
1886
1956
1956
1955
1816
1397
1397
1467
1397
1467
1886
1467
1467
1467
2375
2305
1886
1886
1886
1467
1467
1397
1886
1397
1467
1397
1467
1886
1467
1397
1886
1467
1397
1956
1886
1467
1467
1467
1467
1467
1467
1886
1467
1397
1886
1397
1466
1467
1956
1956
1956
1397
1466
1886
1886
1886
1466
1467
1886
1956
1956
1956
1467
1885
1466
1886
1886
1956
1397
1397
1397
1397
1886
1467
1816
1886
1886
1886
1955
1467
1886
1397
1886
1397
1955
1467
1397
1467
1467
1885
1886
1397
1886
1886
1397
1397
1397
1956
1467
1956
1467
1816
1886
1956
1397
1466
1886
1397
1956
1397
1467
1467
1467
1886
1886
1397
1886
1816
1886
1956
1816
1467
1886
1886
1397
1467
1955
1397
1816
1397
1956
1955
1467
1886
1467
908
1886
1467
1397
2375
1467
1885
1467
1886
1886
1886
1886
1397
1956
2375
1886
2375
1397
1467
1397
1466
1816
1886
1886
1886
1956
1397
1397
1467
1886
1886
1397
1816
1816
1397
1956
1397
1467
1397
1466
1816
1467
1886
1886
1467
1397
1816
1886
1397
1886
1956
1886
1467
1955
1886
1956
1956
1467
1467
1397
1886
1467
1886
1886
1397
1956
1397
1467
1397
1466
1886
1467
1397
1397
1467
1397
1467
1886
1327
1467
1467
1397
1467
1466
2375
1467
1467
1886
1467
1466
1397
1886
1466
1956
1956
1397
1956
1467
1397
1467
1886
1397
1467
1397
1397
1467
1397
1886
1467
1397
1397
1397
1466
1397
1467
1467
1956
1397
1467
1467
1397
1397
1467
1397
1886
978
9081
1467
1467
1467
1886
1467
1467
1397
1397
1467
1956
1397
1467
1466
1467
1956
1467
1467
1886
1886
1467
1816
1466
1955
1886
1397
1886
1397
1397
1397
1467
1956
1397
1467
1466
1956
1397
1397
1397
1467
1397
1956
1397
1467
1467
1886
1397
1397
1397
1397
1397
1467
1397
1467
1467
1466
1467
1397
1467
1886
1956
1886
1397
1467
1886
1886
1956
1397
1886
1886
1955
1397
1467
1397
1955
2375
1397
1397
1397
1956
1467
1955
1956
1886
1397
1886
1816
1886
1886
1886
1886
1886
1466
1885
1886
1397
1466
1397
1816
1467
1886
1467
1886
1886
1886
1467
1886
1886
1397
1956
1956
1956
1816
1956
1955
1955
1467
1397
1467
1467
1886
1466
1886
1467
1467
1467
1467
1467
1886
1397
1886
1886
1886
1955
1467
1467
1956
1816
1956
1886
1816
1886
1467
1397
1466
1467
1956
1397
1886
1466
1467
1886
1886
1886
1886
1467
1397
1886
1956
1467
1886
1467
1956
1397
1467
1956
1886
1886
1956
1886
1467
1956
1886
1397
1397
1955
1397
1886
1886
1886
1466
1467
1467
1467
1886
1886
1955
1397
1467
1467
1467
1467
1467
1956
1467
1956
1886
1956
1397
1886
1397
1886
1397
1886
1467
1467
1886
1956
1467
1466
1886
1886
1886
1886
1467
1397
1397
1955
1956
1467
1397
1816
1885
1886
1886
1886
1467
1886
1467
1886
1956
2375
1816
1886
1886
1886
1467
1886
1467
1397
2445
1956
1886
1467
1955
1397
1956
1816
1397
1886
1397
1467
1397
1467
1886
1467
1397
1886
1467
1886
1466
1886
1886
1816
1397
1467
1886
1886
1956
2375
1886
1886
1816
1886
1397
1956
1466
1467
1886
1956
1886
1886
1467
1886
2375
1467
1956
1397
1886
1956
1886
1397
1886
1886
1397
1467
1886
1397
1956
1886
1956
1886
1397
1467
1397
1886
1467
1467
1467
1956
1886
1955
1467
1956
1886
1886
1397
1956
1397
1886
1467
1397
1885
1397
1467
1397
1956
1956
1397
1816
1398
1956
1397
1886
1397
1397
1886
1467
1397
1886
1397
1886
1886
1886
1467
1397
2864
1956
1397
1467
1397
1397
1467
1886
1466
1467
1467
1955
1467
1467
1466
1467
1956
908
1956
1467
1466
1397
1466
1467
1886
1397
1397
1397
1467
1397
1467
1397
1467
1397
1467
1397
1467
1467
1816
1397
1467
1397
1467
1467
1467
1467
1397
1466
1467
1466
1467
1397
1397
1886
1816
1956
1956
1467
8661
1397
1886
1886
1956
1886
1886
1956
1467
1886
1956
1467
1397
1886
1955
1467
1886
1886
1466
1886
978
1397
1816
2375
1886
1467
1886
1816
1817
1955
1467
1886
1816
1955
1397
1886
1956
1956
1956
1397
1397
1466
1816
1397
1956
1467
1886
1397
1467
1886
1466
1397
1397
1466
1886
1956
1956
1956
1397
1956
1467
1397
1886
1397
1467
1397
1956
1397
1466
1886
1467
1956
1466
1397
1955
1397
1397
1397
1397
1397
1467
1956
1397
1397
1886
1397
1467
1397
1886
1467
1397
1886
1956
1397
1956
1397
1467
1467
1397
1886
1397
1886
1397
1467
1886
1397
908
1397
1816
1467
1397
1397
1467
1467
1397
1886
1467
1397
1397
1886
1397
1397
1467
1466
1397
1397
1816
1397
1467
1466
1466
1467
1397
1886
1467
1397
1397
1467
1397
1886
1467
1397
1397
1466
1467
1397
1397
1467
1397
1467
1886
1397
1467
1886
1466
1467
1466
1397
1467
1467
1955
1467
1467
1397
1956
1467
1886
1467
1466
1467
1397
1397
1397
1397
1886
1467
1397
1467
1886
1955
1886
1397
1886
1956
1886
1886
1886
1956
1397
1886
1886
1466
1816
1397
1886
1886
1885
2794
