1467
1467
5798
1956
1886
1467
1398
1886
1467
1467
1397
908
1886
1886
1816
1816
1886
1467
1397
1816
908
1886
1887
1886
1956
1887
1886
1886
2375
1956
1886
1887
1956
1397
1956
1956
1467
978
2305
1886
1886
2306
978
1397
1467
1956
1886
1886
1467
1397
1956
1397
1956
1886
1467
1956
1886
1886
1467
1956
1467
1467
1397
1886
1956
1467
1467
1467
1886
908
1956
1467
1956
12854
1886
1886
1467
1956
1467
1467
1467
1886
2445
1956
1397
1467
1467
1886
1886
1467
1467
1397
1467
1956
1886
1397
1886
1397
1467
1887
1886
1886
1467
1886
1467
1887
1467
1467
1886
1956
1816
1886
1886
1886
1816
1397
1887
1887
1886
1397
1467
1397
1887
1397
1956
1886
1886
1956
1886
1956
1467
1817
1397
1467
1956
1467
1955
1467
1467
1886
1887
1886
1886
1816
1397
1397
1956
1887
1956
1886
1886
1467
1956
1886
1886
1398
1886
1956
1397
1886
1956
1886
1467
1398
1886
1397
1467
1956
1816
1397
1886
1816
1397
1397
1956
1397
1887
1886
1886
1886
1886
1397
1956
2375
1886
1886
1886
1886
1397
1956
1886
1397
1886
1397
1956
1886
1886
1956
1467
1467
1886
1956
1956
2375
1886
1886
1956
1817
1397
1886
1886
1956
1467
1886
1467
1956
1886
978
1956
1956
1397
1886
1956
1886
2445
1886
1397
1397
1956
1816
1397
1467
1886
1397
1887
1886
1956
1467
1467
2445
1956
1886
1397
1886
1397
1467
1467
1886
1467
1467
1397
1467
1886
1467
1467
1956
2445
1886
1467
1886
1956
1467
1817
1956
1467
1886
1467
1886
1467
2305
1956
1956
1886
1467
1886
1956
1886
1887
1956
1886
1467
1886
1467
1956
1467
1397
1956
1886
1886
1886
1397
1886
1886
1397
1467
908
2376
1467
1956
1467
1886
1886
1886
1886
1956
1956
1467
2375
1467
1467
1397
1956
2375
1467
1886
2445
1956
1956
2794
1886
1467
1467
1886
1397
1956
1956
1886
2375
1886
1467
1816
1886
1956
1956
1886
2445
1886
1467
1886
1886
2375
1887
1816
1956
1886
2375
1887
1956
1886
1886
1956
1886
1886
1816
2375
1887
1467
1886
1886
1467
1886
1886
1956
1397
1886
1886
1956
1887
1886
2375
1956
1467
1397
1956
1397
1956
1467
1886
1886
1886
1397
1886
1467
1467
1956
1886
1467
1886
1467
2375
1886
1956
1467
1956
1397
1886
1886
1467
1887
1886
1886
1886
1887
2375
1886
1886
1887
1956
1886
2445
1886
1886
14740
1467
1886
1886
1956
1886
1397
1956
2305
1886
1887
1886
1956
1467
2375
1886
1956
2306
1956
1956
1886
2375
1886
1886
1397
1397
1956
1397
1956
1886
1467
1956
1886
1886
1816
1397
1956
1397
1467
1816
978
2305
1956
1886
1467
1467
1956
1956
1956
1467
1886
1956
1816
1397
2375
1886
1886
1956
1886
1397
1886
1886
1886
1467
2376
1886
2305
1887
1956
1956
1397
1886
1467
1397
1956
1886
1956
1956
1398
1886
1956
1467
1886
1886
1816
1956
2445
1956
1886
2376
1886
1817
1467
1886
2375
1956
1886
1887
1886
1956
1886
2864
1956
1887
2376
2375
1467
1886
2375
2305
1886
2375
1956
1887
1956
1816
2376
1886
1956
1467
1886
1816
1886
1397
1886
1886
1886
1467
1886
1886
1886
1956
978
1397
1956
1886
1887
2934
1886
1397
1956
1886
1886
1886
1886
1886
1887
2445
1397
1467
1886
1886
2445
1956
2305
1886
1886
1956
2375
1886
1886
1467
1886
1816
2375
1886
1956
1467
1397
1467
1956
1467
1816
1397
1956
1467
1467
1886
1467
1886
1886
1886
1886
1467
1467
1956
1397
2375
978
1886
1956
1956
1886
2375
1887
1956
1886
1956
1886
1955
1886
1467
1467
1886
1956
2305
1956
1956
1397
1886
1886
1955
1467
1956
1816
1886
1397
1467
978
1886
2375
1956
1886
1886
2305
2375
2445
1956
1956
1327
1397
1886
1397
1467
1397
1956
1956
1886
1467
1397
2376
1886
1887
1886
1886
1886
1886
1467
1467
1956
1886
1956
1816
2375
1956
2375
1956
1886
1886
1956
1956
1956
1886
1886
1886
1956
1467
1816
1816
3353
1886
1886
1887
2305
1467
1886
1956
1886
1397
1467
2445
2375
1886
2375
1956
2375
1397
1956
1886
2375
1886
1887
1886
1886
1886
1467
7544
1397
1886
1887
1886
1886
1887
1467
1886
1397
1397
1956
1886
1398
1956
1886
1467
1886
2306
1398
1887
1397
1397
1956
1467
1887
908
1886
3283
1467
1886
1816
1956
2445
978
1886
1955
1467
1886
1467
1467
1397
1467
1956
1956
2445
1397
908
1956
7125
2376
1956
1956
1887
1886
1887
1956
908
1956
909
1956
1886
1816
1886
1467
1956
1956
1467
1886
2864
1956
1466
1886
1397
1886
1397
978
1886
1886
1398
1956
1886
1956
1886
2864
1886
1886
1467
1816
1397
1886
1886
2445
1956
2375
1886
1887
1397
1955
1886
1886
1886
1886
1467
1397
1886
2376
1886
1886
2375
1398
1886
1397
1467
1886
1887
1956
1887
1956
908
1397
908
1956
1397
1886
1467
1956
1956
1887
1886
1886
1397
1816
1956
1956
1886
1816
1397
1816
1397
1467
908
1956
1467
1956
1398
1467
1467
1398
3283
1886
2375
3284
2375
1816
1467
2376
1956
1398
978
1887
1886
1397
1886
1956
1886
2376
1467
1886
4750
1886
1956
1886
978
1886
1956
1887
1816
2375
1886
2375
1886
1956
908
1956
1956
1886
1467
1467
1397
1886
1886
1887
1886
1886
1956
1886
2305
1886
1956
978
1886
1817
1887
2375
2375
1817
2376
2445
1886
1887
1397
1816
1886
1886
1467
1956
1956
2305
1886
1467
1397
1397
2375
2375
1886
2375
1886
1886
1467
1886
1886
2306
1467
1956
1956
1886
1886
1467
2375
1956
1956
1397
1886
1887
2375
1956
2375
2375
1886
2375
1816
1886
2375
1956
1397
1467
1886
1467
1467
1397
1886
1886
1886
1886
1886
1956
1956
1956
1886
1886
1886
1467
1467
1816
1397
1886
1397
1397
1956
1886
1467
1886
1956
1467
1397
1886
1467
2375
1886
1886
1886
