1397
1886
1398
1817
1398
1397
978
1398
1468
1398
1887
978
1467
1468
1956
1398
1398
1886
1887
1398
1467
1467
1467
1887
1467
1397
1398
1956
1467
2375
908
1468
2306
1397
1887
1467
1398
1468
1397
1887
1397
1887
1886
2865
1398
1957
1467
1398
1468
2375
1397
1467
1956
1467
1467
1398
1467
1886
1467
1467
1467
1467
1397
1817
1467
2376
1817
1467
1887
1467
978
1467
978
1956
1887
1397
1398
2306
1467
1468
1956
1397
1397
1468
1398
1886
1467
1887
1397
1398
1467
1398
1397
1467
1887
1467
1467
1398
1886
1957
1468
1467
1467
2376
978
2306
1397
1467
1398
1467
1398
979
1397
978
1397
1397
1956
1468
1398
978
1398
1397
1886
1397
1397
1398
1397
1468
1397
1956
1397
1398
1887
1398
1467
1467
1887
2376
1887
1887
1887
1398
1397
1397
1467
1467
1467
1467
1467
1886
1886
1816
1816
1467
1887
1398
1398
1957
978
1467
1468
978
1887
1467
1398
1397
978
1398
1397
1468
1397
1467
1468
1887
2446
1467
1398
1467
1467
1398
1817
1397
1957
1467
1398
908
1467
1398
1398
1398
1468
1887
1467
1397
1397
1397
1397
908
1887
1887
1467
1397
1956
1467
1468
1467
1397
1397
1468
1467
1467
909
1468
2446
1887
1957
1886
1468
1467
1468
1398
1398
1467
1886
1886
1398
1467
1468
978
1398
1398
978
2376
1887
1397
1467
1468
1467
1398
1398
1467
979
1467
1397
1467
1397
1887
1886
1886
1397
1467
1398
1887
1817
1887
1886
1397
1467
978
1397
1467
1956
1957
2446
979
1887
1886
2376
1467
1957
1886
1467
1956
1398
1468
1886
1956
1467
1468
979
1467
1397
1397
1468
1468
1467
1398
1467
1398
1886
1398
1816
1397
1397
1398
1467
1887
1467
1467
1886
1467
1397
1957
1886
1468
1956
1887
1397
1886
1956
1467
1397
1467
1886
1398
1956
1397
1398
1956
10900
1467
1397
978
1398
1397
1468
1467
1467
1397
1467
1467
1467
1397
978
1886
1467
1397
1397
978
1398
908
1887
978
1397
2376
1397
1956
978
1467
1467
1887
2445
978
2376
1467
978
1887
1887
1887
1817
1886
1886
1956
1467
1397
1956
979
2306
1467
1467
1398
1468
1397
1886
1886
978
1397
1957
1886
1957
1957
1397
1397
1398
1956
1887
1467
1468
1397
1398
1397
1397
1886
1397
1956
1467
1887
1398
1468
2306
1397
978
1467
1887
1397
1398
1467
1817
1467
1397
1467
1468
1467
1397
978
1467
1886
1467
1398
1398
1398
1397
1467
1397
1468
1957
1397
1398
908
1956
1468
1397
1956
1468
1398
1397
1887
1468
1467
1397
1468
1397
9362
1956
1467
1397
1467
1467
1397
1886
1887
1398
1468
1397
1886
1398
1397
1886
1886
1468
1468
1468
1886
978
1397
1467
1887
1957
1397
1398
1468
1467
1887
1468
1397
1397
1397
1467
1397
1397
1468
1397
1397
1467
1398
1467
1397
1468
1467
1398
1468
1956
1957
978
978
1467
1468
1398
1398
1467
1956
1397
1467
1398
1397
1817
1956
1887
1887
1397
1467
908
978
1398
1397
1397
1398
1397
1467
1398
1467
1397
1398
1397
1468
1397
1886
1397
1467
1467
1398
1468
1468
1886
1398
2375
1816
1468
1468
1467
2446
979
1398
1887
1398
1467
1398
1887
1397
1397
1467
1467
1467
1468
978
1467
1398
1397
1397
2306
1397
978
1468
1467
1468
1328
1468
1397
1467
1397
1467
1397
1467
978
1467
2305
1957
1887
909
1398
1467
1397
1398
1398
1397
1398
1468
1467
1468
1468
1398
1886
979
1398
1467
1398
978
1467
1887
1468
1397
1467
1467
1397
1887
1467
1468
1397
1957
1467
1887
1887
1398
978
1398
1467
1467
1397
1398
1467
1467
1398
978
2375
1467
1398
1467
1397
1397
1467
1957
1398
1468
1398
1467
1397
1956
1468
1398
1468
1467
1467
1816
1398
1467
978
1467
1887
1468
1467
978
1398
1397
1397
1397
1397
1397
1468
1467
1397
979
1397
1398
1467
978
1467
1398
1398
1886
1957
1957
2376
1956
978
1468
1956
1397
1467
1467
1467
1468
1397
1468
1398
1887
1397
1467
1397
1397
1468
1467
2376
1468
1397
1467
1468
1468
1398
1468
1886
1956
1467
1468
1397
1398
1467
1468
908
1886
1397
1886
1956
1397
1397
1398
1398
1886
1467
1467
1398
1817
1886
14603
1397
1957
978
1886
1398
1467
1887
1397
1397
1398
1398
1468
1816
1467
1398
1468
1397
1397
1397
1467
1468
1467
978
1468
1467
1398
1398
1398
978
1467
1468
1957
1397
1467
1397
1397
1467
1398
1467
1887
1887
1467
1398
2306
1957
1467
1467
1398
1468
1397
1398
1397
2376
1887
1468
1468
1398
1397
1398
2445
1467
1957
1398
9922
1397
1397
1886
978
1398
1887
1468
1467
978
1886
1467
1467
1467
1467
1956
1956
1467
1467
1467
1467
1887
1398
979
1397
1887
1397
1397
1887
1397
1398
1397
1398
978
1887
1397
1468
1467
1467
1467
1886
1467
1887
978
1397
979
1398
1398
1397
1467
1467
1398
1398
1887
1468
979
1887
979
1467
1397
1467
1398
1397
1467
1398
1398
2375
1397
1816
1398
1397
2305
1467
1397
1398
1397
1957
1397
1467
1468
1398
1887
1956
1397
1467
1397
1397
1467
1956
1467
1397
1398
979
1468
1467
1468
1397
1397
1887
1887
1467
1467
1397
1398
1398
1468
1467
1397
978
1816
1886
1398
1397
1397
1397
1468
908
2375
1467
1468
1468
1817
1887
1467
1398
1886
1886
1397
1398
1467
1398
1468
2306
2376
1956
1398
1467
1468
1397
1397
1468
1467
1397
1398
1467
1397
1887
1397
1397
1956
1398
1398
1467
978
1956
1468
978
1467
1887
1398
1398
1468
1398
1397
1957
1468
978
1398
1397
1886
2306
2375
978
1398
1467
1887
2375
978
1467
978
1397
1467
1398
1956
1956
1887
1956
1397
1397
1467
1467
1467
1886
1886
1397
1467
1397
1468
1887
1467
1886
2376
1397
1957
978
1467
1398
1398
1468
1887
1467
1397
1468
1397
