2374
1955
1886
1955
1466
2375
1397
1885
1956
1885
2375
1885
1816
1955
1886
1886
1886
1397
1886
1816
2445
1467
1955
1886
1816
1955
1886
1955
1885
1955
1466
2863
1955
14945
2864
1886
2863
2375
1886
1466
1816
1886
1955
1885
1885
1886
1467
1397
1955
1467
1886
1955
1396
2305
1956
1886
1816
1816
1397
1396
1466
1956
2374
1466
2305
1397
1885
1467
2375
1396
1886
1955
1956
1885
1816
1467
1886
1956
1886
2305
1885
1816
1397
1396
1467
1397
1466
1467
2375
1885
2374
1955
2863
1886
1397
2305
2374
1886
1467
1885
1397
1467
1955
1885
2794
1466
1886
1467
2374
1886
1397
1956
1886
1885
1886
1816
1886
1956
2445
1396
2934
1885
1886
1886
1886
1466
2864
1886
1885
1886
1955
1956
2444
1397
1396
1885
2863
1886
1886
1956
2375
1886
1885
1886
1397
1956
1886
1956
1886
1397
1956
1886
1886
1466
1397
1467
1467
1886
1397
1885
1396
1956
1397
1467
1886
1466
1466
1956
1956
1467
1886
1886
1397
1885
1885
1885
1466
2375
2793
1396
1885
2374
1467
2375
1886
1466
1886
3422
1886
1886
2794
1886
2374
1955
1885
1466
2374
1397
2444
1956
1885
1955
1885
1466
2375
1955
1397
1397
1886
1886
1885
1956
978
1466
1886
18927
1885
1886
1886
1467
1886
1466
1885
1397
1886
1886
1886
1886
1397
1816
1886
1955
1886
2375
1886
1886
1956
1886
1397
1886
1885
1816
1955
1467
1955
1886
1885
1886
1397
1955
1466
1467
1467
3352
1886
1955
1885
1885
2375
1885
1466
1816
1886
1956
2374
1467
1885
1816
1397
1886
1886
1955
2374
1467
1886
2864
1816
1956
1885
1956
1397
1466
1886
1397
1886
1956
1886
2374
1886
1396
1886
1886
1956
1886
1885
1467
978
1955
1885
1466
1397
1467
2375
1466
1886
2794
2375
1885
1397
1886
1955
1467
1816
1397
1886
1955
1886
1886
1397
1467
1886
1467
1467
1956
1886
1886
1886
1956
1397
1886
2375
2444
1816
1397
1816
1397
1886
1467
1886
1956
1397
1955
1956
13688
1886
1885
1815
1885
1886
1886
1397
1885
2444
1885
1467
2375
1816
1956
1886
1466
2445
1885
1396
1885
1396
1885
1396
1466
1467
1885
1886
1955
1396
1886
1397
1886
1885
1885
1886
1885
1397
1886
1467
1396
1467
2375
3352
1467
2375
2445
2863
2793
2374
1886
2444
1885
1886
1467
2374
2305
1956
1467
1885
1467
978
1885
2304
1886
1886
1955
1397
2794
2305
1467
1397
2793
1467
1397
978
1397
2304
1466
1467
1466
1956
1886
1886
2375
1467
1396
1885
2445
2863
1467
1886
1467
1467
1886
1886
1886
1467
1886
2864
2375
1467
1467
1467
2374
1396
1956
1396
2375
1397
1886
1467
2374
2444
1467
1467
1467
1885
1886
1956
2445
2794
1467
1956
1886
1886
1956
1397
2305
1397
1396
1397
2375
2444
2375
2374
2375
2794
1885
1467
1397
2375
2374
1397
1397
1886
1955
1886
1886
1397
2444
1397
1886
1467
1816
2375
1816
1397
1466
1467
1885
1885
1397
1396
1396
1396
1396
1956
1466
1467
1886
1886
1397
1467
2375
1467
1886
2375
2374
1467
2374
1955
1885
1466
1466
1886
1886
1396
1467
2374
2794
1955
1885
2374
3353
1885
1885
1886
2305
1816
1816
1956
1815
1815
1467
1885
1955
1886
1955
1816
1885
1885
1956
1466
1885
1885
1956
1466
1955
1467
1956
1467
1886
1886
1885
1397
1397
1397
1467
1816
1467
1955
1466
1955
2444
2374
1886
1956
1816
1955
1886
1956
1955
1397
1955
1956
1466
1467
1467
1955
2445
1955
1467
1816
1397
1955
1397
1397
1886
1816
1886
1885
1885
1886
1955
1886
1396
1955
1886
1397
1885
1467
1885
1466
1886
1886
1886
908
1816
1466
1956
2374
1396
1886
1886
1466
2864
1467
1467
1397
1955
1886
1466
1467
1886
1955
1886
2305
2374
1955
1396
1816
1886
1397
1466
1397
1886
1397
1397
1886
1886
1467
1886
1886
1886
2444
1956
1397
1396
1886
1885
1467
1467
1397
2305
1467
2374
1816
2375
1467
1466
1956
1956
1885
1466
1467
1467
1886
1886
1885
1956
1886
2304
1467
1886
1956
1397
11383
1815
1956
2375
908
2375
1885
1956
1467
1467
1886
1467
1466
1466
1397
1467
1955
2374
1886
1396
978
1886
1466
1397
978
1886
1955
1397
1397
2374
1397
1956
1397
2864
1885
1886
1886
1467
1816
1955
1956
2375
1396
1815
2374
1467
1885
2304
1885
1956
1956
1396
1466
1466
1397
1467
22418
1886
1885
1885
1956
1467
1955
1466
1466
1397
1886
1467
1885
1885
1815
2374
1397
2445
1467
1886
2374
1467
1466
1397
1885
1886
1886
1396
2374
1886
1955
2374
2445
2374
1467
1886
1396
1886
1466
1955
1885
1466
2374
1397
1396
1956
1956
1467
1886
1885
1466
1886
1956
1886
1397
1397
1956
1816
1886
1956
1956
1467
1956
1466
2375
1886
1885
1886
1956
1467
1885
1885
1955
1886
1467
1467
1956
1956
1467
1885
2375
2374
1886
1466
1467
1955
1885
1467
1955
1955
1956
1885
1466
1466
1397
2445
978
1886
1956
1466
1956
1956
1886
2444
2375
1467
1955
1886
1396
1886
1397
1956
1886
1955
1466
2375
1396
2375
1956
1466
1397
1397
1886
1396
1816
1955
1885
1397
2374
1886
1467
978
1467
1466
1885
1466
1956
1466
1467
1467
1467
1956
1467
1955
1467
1885
1956
1885
1816
1885
1397
1397
1885
1886
1467
1467
1886
1885
1816
1467
1466
1396
1467
1397
1885
1885
1397
1397
1956
1885
1466
1467
1955
1816
977
1886
1886
1466
1885
1466
1886
1397
1467
1955
1397
1467
2444
1956
1955
1466
1885
1467
1396
1466
2374
1886
1955
1397
1466
1956
1955
1885
1397
1467
2444
1815
1397
1467
1886
1466
1886
1396
1397
1467
1955
1886
1397
1397
1467
1956
2375
1886
1397
1467
1955
1885
1466
1886
1397
1956
1467
1955
1467
1397
1466
1467
1886
1885
1397
1886
1816
1955
1955
1467
1886
2375
2445
1467
1885
1397
1397
1886
1467
1397
