1397
1467
1467
1956
1467
1816
1886
1398
1467
1467
1467
1467
1397
2375
1467
2445
1467
1398
1887
2375
2375
1397
1467
1398
1397
1397
2375
1397
1468
1397
1397
1398
1467
1398
1397
1886
1397
1397
2445
1467
1467
1397
1467
1397
1467
1467
2794
1467
1397
2375
1886
1467
2446
1467
1467
1467
1397
1398
1467
1397
2376
2376
1398
1397
1467
1467
1397
2375
1397
1467
1886
1468
1397
1397
1467
1397
2376
1398
1467
1467
1957
1398
1816
1397
1886
2445
1397
1467
1398
1397
1467
1467
1467
1467
1467
1397
2375
1397
1467
1397
1956
1397
1886
1397
2375
1467
1398
1398
14392
1397
1467
1467
1397
1467
1397
1398
1398
1467
1467
2445
1397
1397
1467
1397
1467
1398
1397
1397
1397
1467
2375
2445
1468
1467
1397
1467
2445
1397
1467
1467
1397
1956
1887
1468
2375
1397
2306
1467
1397
1467
2376
1467
1398
1467
1397
1467
1467
2445
1886
1397
1467
1887
1467
1397
1398
1468
1886
1397
1398
1467
1467
1397
2376
1887
1886
978
1887
1467
1467
1467
1817
1817
1397
1467
1398
1886
1467
1467
1397
1467
1886
1956
1956
2375
1956
1467
1886
1397
1887
1397
1467
908
1886
1397
1398
1467
1397
2306
1398
2445
1467
1468
1467
1887
1467
1398
1397
1467
2376
1956
1397
1468
1398
2375
1468
1397
3912
1397
1397
1398
1397
1956
1398
1467
1886
1957
1398
1398
1467
2306
1887
2375
1886
1467
2864
1397
2445
1397
1397
2445
1467
1468
1398
1398
1397
1398
1398
1886
2375
1887
1467
1397
1397
1467
1467
1467
2376
1467
1397
1467
1467
1467
1397
1467
1467
1468
1886
1398
979
2446
1467
1467
1467
1467
1467
2445
978
2306
2306
1887
7266
1398
1956
1397
1397
1886
1397
1467
1956
1887
1956
1956
1467
1467
1397
1397
1468
1397
1397
1397
1956
2306
1467
1398
1467
1467
978
1467
1467
2376
1397
1886
978
1467
1398
1397
1887
978
1467
2445
1886
1397
1467
1397
2375
1467
1816
1957
1886
2445
1467
1467
2375
1467
1467
979
1886
1886
1397
2375
1397
1398
1397
1397
1467
1397
1817
1397
2445
1397
1956
1886
2306
1467
2375
1467
1886
1467
1957
1397
1467
1887
1397
1397
1397
2375
1886
1467
1397
1887
1467
1956
1886
1397
1887
1397
2375
1886
1397
1886
1398
1887
1397
1397
1397
2375
1886
2376
1886
1467
1468
1467
1397
2445
1956
1956
1886
1887
1397
1398
1887
1467
1467
1397
1397
1397
1467
1467
1957
1468
1467
1468
1398
1397
1467
1886
2375
1467
1467
1956
978
1467
1398
1397
1467
1397
1397
1467
1397
1467
1467
1397
1398
1397
1956
2375
1468
1956
1467
1398
1398
1467
1398
1397
1468
1397
1397
1398
2375
1467
1956
1397
1397
1886
1957
1887
1398
1398
2864
1467
1886
1397
1467
979
1467
1397
1467
1467
1397
978
1467
2375
1467
1398
908
1397
1467
1467
1397
1397
1468
1398
1886
1887
2375
1467
1397
2306
1397
2376
1467
1398
1397
1467
1397
2445
1467
1467
1886
2376
978
1957
1956
1467
1886
1468
1397
1398
1397
2864
1398
1467
1467
1467
1397
978
1467
1397
1468
1397
1467
1397
1398
1886
1467
1467
1397
1397
1397
1467
1467
1467
1468
1886
1886
1398
1397
1398
1397
1328
1397
1398
1467
1397
1397
1468
1467
1467
1397
1956
1468
2375
2376
1817
1397
2305
1468
1886
1467
1886
1817
1886
1397
1467
1467
1957
1886
1886
1397
1397
1467
1468
1397
2446
2375
909
1886
1397
1467
1397
1467
1397
1467
1467
1886
1468
1886
1397
1886
1467
1886
1397
2375
1956
1956
1887
1886
1467
1886
1956
1397
1467
1397
1467
1887
1817
1467
1397
1467
1397
2375
1467
1397
1398
1467
1398
1397
1397
1467
1397
1467
1957
1886
1467
2375
1397
1397
1467
1956
1397
1467
1467
1397
1467
1397
1397
1397
1398
1467
1467
1467
1398
2375
1468
1467
1467
1397
1886
1886
1467
1397
2375
1397
1397
1887
1397
1397
1467
2376
2445
1467
1397
1397
1467
1467
1467
1468
1397
1398
1467
2305
1397
1886
1467
1887
1467
1397
1398
1887
1887
1398
1397
1467
1397
1397
1398
1467
1467
1397
1957
1397
1467
1956
1886
1887
1468
1397
1467
1467
1397
1397
1398
1817
1397
1467
1398
1397
1397
1397
1467
978
1397
1468
2376
1467
1397
1397
1467
1467
1886
1467
1467
1397
1398
1397
1397
1886
1397
978
1886
1397
1397
1956
2446
1886
1467
1398
1467
1956
1467
1397
1467
1397
1397
1467
1816
1467
1467
1397
1398
1467
1467
1467
1886
1467
1816
1956
1467
1467
1397
1398
1467
2375
1398
1467
1467
1397
1956
1956
1886
1887
1397
1397
1398
1397
1956
1886
1468
1467
1397
1467
1467
1956
1467
1467
1397
1467
1467
1398
978
1886
1397
1467
1398
1886
1397
1467
1397
1467
1886
1397
1397
1398
1397
1397
1467
1956
1467
1467
1956
1886
1397
1398
1397
1956
1956
1397
1397
1397
2375
1397
1886
1397
1467
1467
1467
1956
1467
1467
1467
2375
1397
1886
1397
1467
1886
1956
1397
1886
1467
1397
1397
1397
1886
1468
1397
2445
1957
1956
1398
1397
1957
1467
1398
1887
1398
1956
1397
978
1397
1468
1398
1467
1397
2445
1956
1467
1397
1397
1398
2376
1886
1397
1397
1397
1467
1397
1467
1397
1956
1398
1397
1467
1886
2375
1467
1397
1397
2375
1468
1467
1886
1886
1397
1467
2376
1887
1397
10899
1467
1467
1467
1467
1468
1397
1886
1397
1397
2305
1467
1467
1398
1397
1398
1467
1887
1468
1956
1467
2376
3354
1397
1887
1467
1886
1397
1397
1467
1398
1467
1397
1397
1468
1397
1398
2864
1398
1467
1467
1467
1467
1397
1468
1467
1467
1467
1397
1467
1397
1397
1467
1397
1467
1397
1397
2446
1886
2445
1397
1397
2375
1467
1467
1397
1397
1886
1886
1467
1467
1886
1467
1467
1398
1397
1398
1467
1398
2375
2375
2375
1397
1886
1886
1886
1887
2375
1467
1467
1467
1397
