1467
1397
1467
1397
1397
1397
1397
1467
1397
1467
1956
1397
1886
1956
1397
1397
1397
1397
1397
1886
1467
1467
1816
1397
1397
1466
2375
1397
1956
1397
1397
1397
1397
1397
1397
1397
1466
1466
1467
1397
1955
2445
1467
1467
1467
1467
1397
1467
1397
1467
1397
1467
1956
1397
1466
978
1886
1886
1886
1886
1467
1397
1816
1467
1955
1955
1816
2375
1956
1956
1886
1816
2375
1886
1886
1886
1886
1886
1886
1886
1955
1886
1955
1955
1886
1816
1886
1886
1956
1467
1467
1397
1886
1886
1956
1816
1467
1955
1397
1467
1397
1467
1816
2863
1886
1955
1397
9011
1467
1467
1467
2375
1886
1467
1956
1467
1466
1397
1886
1467
1467
1886
1397
1467
1467
1397
1396
1467
1467
1397
1467
1886
1467
1397
1886
1397
1397
1886
1397
1467
1467
1397
1397
1397
1397
1397
1467
1397
1397
1886
1886
1467
1397
1397
1886
1886
1467
1955
1956
1886
1397
1885
1397
1466
1397
1886
1467
1467
1467
1397
1467
1397
1956
1467
908
1397
1397
1467
1886
1467
1397
1467
978
1397
1467
1467
908
1466
1466
1466
1885
1467
1467
1886
1397
1397
1397
1886
1956
1397
1816
1397
1467
1467
1467
1467
1467
1886
1886
1886
1886
1397
1956
1886
1886
1397
1397
1886
1886
1956
1886
1467
1467
1886
1885
1956
1816
1466
1956
1397
1396
1397
1886
1397
1885
1396
1467
1956
1816
1397
1397
1956
1886
1397
1885
1956
1397
1956
1956
1886
1467
1956
1886
1886
1886
1886
1397
1886
1886
1467
1955
1886
1397
1397
3353
1816
1467
1886
1956
1397
1886
1885
1886
1886
1886
1397
1956
1886
908
1886
1467
2375
2375
1467
1396
1886
2305
1397
1816
1467
1467
1397
1467
1397
1397
1397
1886
1955
1886
1886
1956
1886
1956
1886
1886
1886
1886
1886
1886
1467
1885
1956
1397
1956
1886
1886
1886
1467
1886
1886
1467
1396
1886
1816
1397
1467
1396
1397
1397
1885
1955
1886
1397
1886
1816
2375
1466
1886
1886
1956
1886
1886
1956
1467
1397
1956
1397
1467
1956
1886
1467
1886
1886
1886
1397
1886
2375
1397
1886
1886
1886
1466
1955
1886
1886
1886
1467
1467
1397
1467
1956
1467
1467
1886
1467
1397
1885
1397
1467
1397
1886
1956
1955
1886
1467
1886
1466
1885
6636
1467
1467
2374
1886
1397
1886
1467
1467
1885
1886
1886
1886
1886
1397
1396
1956
1956
1397
1816
1816
1956
1467
1886
2375
1816
1886
1885
1956
1886
1886
1467
1885
1886
1956
2374
1886
1467
1397
1397
1886
1886
1467
1956
1397
1886
1886
1956
1816
1467
1466
1397
1956
1816
1886
1886
1886
1397
1885
1397
1467
1397
1886
1886
1467
1397
1467
1397
1397
1397
1467
1886
1956
2375
1467
1466
1397
1466
1397
1397
978
1397
1886
1467
1397
1956
1397
1466
1886
1956
1397
1467
1886
1467
1397
1397
1397
1397
14948
1397
978
1467
1886
1467
1886
1467
1956
1816
1467
1886
1956
1955
1955
1397
1886
1886
1886
1466
1466
1397
1397
1955
1886
1467
1467
1467
1886
1467
1466
1467
1467
1397
1886
1467
1956
1886
1886
1467
1955
1467
1467
1397
1956
1397
1397
1397
1397
1886
1396
1397
1955
1397
1467
1956
1886
1467
1467
1397
1886
1397
1397
1397
1956
1466
1956
1467
1886
1886
2375
1467
1886
1886
1886
1955
1886
1467
1955
1886
1467
1397
1467
1956
1397
1886
2375
1956
1885
1817
1466
1886
1955
1886
1397
1886
1397
1886
1467
1956
1886
1466
1397
1397
1886
1956
1886
1467
1886
1467
1886
1956
1886
1955
1885
1886
1886
1955
1885
1886
1467
1397
1397
2445
1467
1955
1886
1467
1397
1886
1467
1956
1467
1885
1816
1467
1397
1956
1397
1886
1467
1886
1886
1466
1397
1886
1886
1466
1467
1886
1467
1956
1467
1886
1397
978
1397
1467
1397
1467
1397
1886
1397
1466
1886
1397
1467
1886
1886
1466
1466
1955
1886
1466
1467
1467
1397
1467
1397
1956
1467
1397
1467
1397
1467
1956
1397
1886
1956
1467
1886
1956
1467
1467
1816
1397
1886
1467
1886
1467
1467
1885
1397
1886
1466
1467
1397
1467
1467
1886
1886
1886
1886
1886
1466
1466
1886
1467
1397
1886
1397
1397
1956
1397
1466
1955
1886
1886
1816
1816
1956
1467
1397
1397
1397
1397
1886
1397
978
1467
1467
1467
1396
1467
1466
1886
1397
1886
1397
1886
1467
1397
1956
1397
1397
1956
1956
1466
1467
1886
1886
1885
1955
1886
1886
1956
1397
1886
1397
1467
1886
1397
1886
1396
1886
1816
1397
1956
1886
1467
1886
1397
1956
1466
1816
1886
1956
1816
1397
1886
1886
1956
1397
1956
1397
1397
1467
10128
1396
1816
1397
1886
1467
1467
1886
1886
1956
1397
1467
1886
1956
1886
1886
1886
1816
1467
1886
1466
1467
1956
1886
1956
1956
1956
1956
1886
1397
1467
1885
1956
1467
1956
1397
1886
1956
1397
1956
1886
1397
1467
1467
1885
1397
1467
1886
1466
1467
1886
1886
1467
1466
1397
1397
1956
1467
1467
1467
1816
1956
1467
1956
1466
1885
1397
1886
1886
1886
1467
1886
1885
1467
9429
1886
1397
1467
1886
1886
1467
1886
1397
1886
1886
1886
1816
1956
1397
1956
1886
1956
1885
1467
1397
978
1955
1956
1886
1466
977
1816
1955
1467
1886
1467
1886
1467
1886
1467
1886
1816
1397
1886
1885
1467
1397
1956
1816
1886
1467
1397
1397
1397
1397
1955
1956
1397
1956
1397
1885
1885
2375
1886
1956
1467
1955
1467
1466
1885
1467
1397
2375
1886
1467
1886
1956
1467
1467
1397
1467
1466
1816
1397
1467
1467
1467
1397
1886
1397
1956
1397
1467
1466
1397
1886
1886
1886
1397
1955
1955
1956
1885
1467
1467
1397
1466
1467
1397
1466
1467
1886
1397
1885
1816
1955
1886
1397
1397
1466
1397
1397
1886
2305
1397
1466
1467
1955
1886
1956
1467
1466
1956
1956
1886
1397
2934
1467
1466
1397
1885
1885
1886
1397
1467
1467
1397
