1886
1956
1955
1886
1955
1816
1467
1955
1397
1886
1956
1956
1397
1886
1467
1956
1397
1956
1467
1397
1886
1886
1466
1956
1886
1956
1397
1467
1397
1886
1466
1467
1886
1886
1886
1886
1396
1956
1467
1886
1886
1816
1886
1886
1956
1466
1886
1956
1956
1886
1955
1816
1886
1467
1467
1886
1467
1886
1467
1397
1397
1397
1467
1467
1886
1816
1956
1886
1886
1467
1397
1467
1397
1467
1467
1956
1397
1886
1885
1467
1467
1397
1886
1816
1956
1956
1955
1956
1886
1397
1817
1467
1466
1467
978
1886
1886
1956
1956
1467
1956
1956
1816
1466
1886
1886
1886
1397
1816
1467
1886
1886
1467
1397
1956
1467
1886
1397
1886
1956
1956
1467
1886
1397
1886
1467
1886
1886
1956
1467
1886
1816
1466
1886
1467
1886
2305
1397
1886
1956
1885
1397
1397
1886
1956
1956
1956
1467
1467
1886
1956
1886
1886
1467
1467
1397
1886
1467
1886
1886
978
1886
978
1956
1955
1886
2305
1397
1886
1397
1466
1397
1955
1397
1467
1956
1397
1886
1886
1886
1886
1397
1816
1816
1886
1956
2375
1886
1956
1467
1886
1397
1467
1397
1955
1886
1955
1397
1956
1886
1886
2375
1397
1955
1467
2305
1886
1886
1466
1956
1956
1955
1885
1467
1397
1886
1955
1467
1956
1955
1886
1886
1467
1816
1886
1886
1886
1397
1886
1956
1467
1885
1955
1467
1397
1886
1397
1467
1467
1397
1886
1397
1467
1466
1466
1956
1467
1886
1886
1467
1956
1886
1397
1397
1467
1397
1956
1955
1397
1467
1886
1956
1886
1466
1955
1467
1885
1397
1397
1466
1397
1467
1886
1886
1956
1467
1956
2445
908
1816
1467
1397
1397
1886
1956
1955
1886
1397
1886
1467
1816
1397
1467
1886
1886
978
1886
1816
1956
1886
2375
1886
1886
1886
1956
1886
1886
1886
1817
1886
1816
2375
1956
1886
1886
2375
1886
2375
978
1886
1886
1955
2306
1956
1397
1397
1397
1397
1397
2375
1886
1466
1956
1886
1397
1956
1956
1886
1886
1886
2375
1886
1886
1467
1467
1886
1886
1886
1955
1466
1886
1886
1397
1886
1886
1467
1467
1886
1955
1466
1956
2375
1956
1886
1886
1886
1467
1397
1956
1816
1397
1886
1956
1956
1885
1886
1886
1886
1397
1397
1956
1886
1467
1397
1467
1397
1886
1886
1467
1885
1886
1397
1886
1956
1467
1467
2375
1886
1886
1397
1397
1397
1956
1886
1886
1397
1956
1397
1816
1955
1467
1886
1397
1467
1956
1467
1885
1886
1956
1956
1886
1886
1955
1956
1886
1397
978
1816
1886
1397
1885
1816
1886
1956
1885
1886
1886
1955
1886
1817
1886
1466
1396
1956
1885
1956
1886
1886
1467
1397
1466
1467
1397
1956
1886
1467
1886
1467
1397
1886
1467
1886
1397
1467
1956
1956
1886
1956
1467
978
1886
1886
1956
1886
2305
1886
1886
1886
1886
1886
2375
2374
978
1885
1467
1397
1886
1467
1956
1886
1956
1467
1466
1956
1886
1467
1816
1816
1886
1886
1886
2375
1397
1466
1467
1817
1886
1956
1956
1886
1397
1956
1397
1956
1885
1956
1397
1397
1397
1886
1886
1816
1886
1886
1886
1956
1466
1467
1886
1956
1467
1886
1467
1467
1956
1467
1816
1397
1956
1956
1886
1886
1886
2375
1956
1956
1467
1885
1886
1886
1817
1886
1397
1956
1956
1886
1467
1956
1886
1886
2375
978
1955
1886
1466
1467
1397
1397
1397
1956
1467
1396
1397
1467
1467
1467
1467
1467
1886
1956
1397
1397
1467
1886
1886
1467
1886
1397
1467
1956
1467
1397
1886
1467
1467
1886
1397
1886
1886
1885
1467
1816
1467
1956
1956
1467
1397
1886
1886
1886
2445
1886
1956
1955
1886
1886
1886
1397
1886
1955
1886
1886
1956
1955
1956
1397
1397
1955
1397
1886
1886
1886
1466
978
1467
1886
1467
1397
1956
1956
1886
1886
1886
1467
1886
1955
1886
1816
1956
2375
1397
1467
1956
1886
1467
1397
1956
1816
1397
1467
1886
1956
1956
1467
1467
1467
1956
1467
2375
1467
1886
1397
1886
1886
2375
1886
1397
1886
1955
1886
2375
1886
1886
1956
1956
1886
1886
1886
1956
1886
1467
1886
1956
1956
1886
1467
1956
1397
1956
1956
1955
1466
1886
1886
1886
1816
1956
1886
1467
1886
1956
1397
1886
1956
1956
1466
1955
1397
1886
1886
1886
1816
1886
1886
1467
1956
1886
1956
1955
978
1467
1886
1397
1886
1956
908
1466
1397
1397
2375
1886
1886
1397
1817
1886
1816
1397
1956
1886
1956
1956
1397
978
1886
1885
1397
1816
1956
1886
1886
1886
1886
1467
1397
1956
1467
1467
1467
1886
1886
1886
1467
1467
1467
1467
1956
1467
1885
1886
1956
1467
1467
1886
1397
1397
1956
1466
1956
1467
1886
1467
1886
1886
1467
1816
1816
1886
1467
1466
1886
1956
1467
1467
1886
1466
1467
1397
1886
1956
978
1886
1466
1955
1886
1467
1956
1886
1885
1886
1467
1397
1886
1886
1886
1955
1886
977
1956
1467
2444
1956
1816
1397
1817
1397
1397
1956
1467
1886
1956
1885
1816
1956
1886
1467
1956
1467
2445
1886
1886
1956
1886
2235
1397
1397
1397
1886
1886
1397
1397
1397
1816
1886
1886
1397
1397
1955
1467
1397
1467
1956
1956
978
1466
1886
1467
1886
1397
1397
1886
1397
1467
1397
1397
1467
1467
1886
1886
1886
1467
1886
1466
1397
1467
1397
1397
1397
1467
1886
1397
1886
1397
1467
1467
1397
1397
1467
1467
978
1467
1956
1467
1467
1397
1467
1397
1466
1397
1466
1886
1467
1885
1467
1886
1467
1397
1467
1466
1397
1397
1397
1467
1397
1397
1397
1886
1397
1397
1466
1886
1397
1956
1397
1466
1956
1956
1397
1886
1467
1397
1397
1467
1397
1397
1397
1886
1956
1397
1397
1886
1955
1397
1467
1397
1886
1397
1955
1397
1397
1466
1956
1397
1467
1467
2375
1397
1397
1886
1955
1467
1956
1886
2375
1956
2375
1397
1816
1956
1886
1397
1886
1956
1955
1397
1467
1886
2445
2445
1886
1397
