1397
1886
1397
1886
1397
1956
1886
978
1397
1467
1467
1467
1467
1886
1886
1397
1886
1467
978
1887
1886
1467
1816
1467
1397
1397
1397
1467
1467
1398
1886
1397
1886
1886
1886
1397
1886
1397
1397
1397
1886
2375
1886
1956
1956
2376
1397
1467
1397
1467
1397
1956
2445
1397
2445
2445
1397
1467
1397
1397
1467
24241
1467
1397
1467
2375
1397
1886
1887
1397
1886
1468
1886
1467
1886
1467
1886
1467
1886
1886
1956
1467
1956
1886
1886
1398
1886
1467
1467
1956
1467
1467
1886
1467
1397
1397
1467
1467
1467
1397
1467
1467
1886
1397
1887
1887
1956
1886
1886
1467
1467
1886
1397
1397
1886
1397
1467
1886
1467
1398
1467
2305
1397
1467
1467
1397
1467
1467
1397
1467
1467
1467
1397
1467
1886
2375
1886
1397
1886
1467
1397
1956
1397
1467
1467
1398
3423
1397
1398
1886
1887
978
2305
1398
1467
1956
1398
1397
1467
1467
1398
1467
1887
1887
1397
1467
1956
1886
1397
1467
1398
1398
1886
1886
1887
2864
1956
1467
1887
1467
1397
1398
1467
1397
1397
1397
2934
1397
1397
1467
1397
1886
1398
1956
1467
1467
1467
1467
1956
1887
1467
1397
1467
1886
1886
1886
1397
1467
1956
908
1816
1397
1956
1397
1467
2375
1886
1397
1397
1397
1886
1397
2375
2375
1397
1397
1467
1467
1397
1886
1397
1467
1886
1886
2375
1886
1467
1397
1397
978
1467
1467
1956
1467
1467
1467
1467
908
1397
1397
1397
1956
1886
1956
1467
1397
1467
1886
1397
1467
2376
14950
1398
1397
978
1886
1467
1467
1397
2375
1467
1397
1467
1467
1886
1397
1886
1397
1467
1467
1397
1467
1886
1397
1886
1467
1467
1467
908
2445
1398
1467
1886
2376
1467
1956
1467
1467
1397
1398
1398
1467
2375
1397
1467
1397
1397
1397
2375
1398
1817
2445
1467
1467
2375
1397
1467
1468
1397
1886
1886
1467
2375
1467
1467
1467
1397
1467
2375
1467
1467
1467
1397
1397
1467
1467
1467
1467
978
1467
1956
1397
1397
1468
2445
908
1467
1467
1397
1397
1397
1467
1397
1886
2306
1397
1467
2934
1467
1398
1467
1397
1467
1816
1467
1397
2305
1397
1467
1887
1398
1956
1397
1467
1886
1467
1886
1398
2305
1886
1887
1467
1467
1886
1956
1398
1467
1467
1887
1467
1467
1397
1397
1467
1467
1468
1886
1887
2306
1397
1467
1468
1467
1397
1467
1467
978
1467
1397
1398
1397
1397
1957
2795
1397
1398
1887
1886
1397
2375
908
2445
1467
1468
1886
1398
1397
1467
1397
1397
1956
1467
1467
1886
1397
1397
1397
1397
1886
1886
1468
2376
1886
1397
2375
1397
1467
1887
1886
1397
1397
1886
2445
1817
978
1397
1887
1398
1467
2305
1957
1397
1467
1956
1887
2305
1398
1956
1397
1467
1467
1397
1816
1398
1398
1467
1467
1467
1397
1397
1467
2445
1886
1467
1886
1397
1956
1397
1397
1398
1397
1467
1956
1957
1886
1398
1398
2306
1397
1886
2375
1467
1397
1467
1397
1887
1886
1956
1886
1467
2445
1467
2305
1467
1397
1956
2375
1397
1957
1816
1956
1467
1467
1956
1956
1886
1467
1467
1816
1397
1398
1467
1886
1956
1467
1397
1467
1397
1397
1467
1397
1397
1467
1956
1887
1816
1397
1467
2865
1397
1397
1397
1467
1816
1397
1886
1467
1467
1397
1467
1467
1467
1467
1956
1467
1397
1467
1886
1467
1398
1886
1467
1467
1467
1956
1397
1467
1467
1397
1397
1467
1467
1467
1397
1816
1397
1956
1397
1467
1886
1397
1397
1397
1886
1397
1467
1398
1467
1886
1467
1467
1887
1956
1467
1886
1467
1886
1467
1887
1398
1398
1397
1817
1816
1397
1886
1398
1397
1398
1467
1467
1956
1467
1397
978
1398
1467
1397
1467
1397
1467
1467
1956
1397
1467
1397
1887
1467
1467
1467
1886
1467
1467
1467
1467
1397
1397
1397
1397
1397
1956
1887
1886
2375
978
1886
1398
1886
1467
1397
1467
2376
1467
1467
1397
1886
2376
1467
1397
1398
1956
1467
1397
1397
1467
1397
2445
1467
1397
2306
1397
1886
908
1887
1397
1886
1956
1397
2376
1467
1467
1467
1467
1886
1467
1467
1468
1397
1467
1397
1467
1886
1467
1467
1398
1467
1398
1397
1398
1467
1397
1397
1397
1398
1397
1467
2375
1886
1467
1397
1397
1467
1467
1468
2375
1887
1397
1467
1397
1467
1467
1397
1467
1397
1397
1467
1467
1467
1467
1467
1397
1397
1397
1397
1397
1467
1467
1397
1397
1397
978
1397
1467
1397
1467
1467
1467
1397
1397
1467
1467
1468
1467
1467
978
1467
908
1467
2375
1467
978
1886
1467
1468
9151
1467
1886
1467
1467
1397
1397
1467
1956
1467
1467
1467
1467
1467
1468
1397
1956
1467
1397
1397
1467
1397
1397
1886
1956
1467
1398
1816
1467
1887
1397
1467
1397
1397
1467
2306
2864
1467
1397
1887
1467
2445
1886
1397
1397
1397
1397
1467
979
1467
1467
1886
1398
1956
1397
1397
1887
1956
1397
1467
1467
1817
1467
1956
1397
1397
1886
2375
1467
1467
1467
1467
1957
1398
1956
1397
978
1467
1956
1467
1956
978
1397
1467
1398
1886
1397
1468
1886
1397
1886
1467
978
1397
2375
1886
1467
1397
1397
1467
1397
1398
1467
1467
1467
1887
1886
1467
1956
1886
1467
2375
1397
1397
1397
1956
1467
1887
2375
1467
1398
1397
1886
1467
1956
1397
1467
1398
1467
1956
1397
1887
1467
1398
1397
1467
1397
1398
1397
1398
1397
2445
1397
1397
1398
1467
1886
1397
1398
1397
1397
1467
1397
1397
1887
1467
1467
1398
1886
1397
1816
1956
1467
1467
1467
1397
1398
1467
1886
1397
1398
1397
1398
1467
1397
1467
1398
1397
1956
978
1887
1397
978
1887
1397
1467
1467
1467
1956
1397
2445
1467
1886
1397
1886
2306
1398
1397
978
1397
1467
1397
1467
1398
1397
1886
1467
1467
1467
1957
1397
1886
1956
1886
1397
1886
1397
1467
1467
1467
1886
1398
1467
1467
1397
1886
