1466
1396
2793
2933
1397
1397
1396
2374
1885
1397
2444
1885
1885
1886
1396
1397
1467
2304
1397
1466
1397
1466
1396
1956
1956
1886
1885
1886
1397
2374
1466
1886
1466
1467
1956
1397
1467
1467
1885
1886
1397
2375
1885
908
908
1466
1885
1955
1396
1466
1886
2375
1397
1396
1397
1955
1467
1466
1886
1955
1886
1467
1466
1397
1396
1956
1397
1397
1397
8101
1467
1467
1397
1466
1396
1466
14247
1397
1885
1397
1956
1396
1397
1396
1886
1397
2374
1886
1886
1885
1467
1467
1466
1885
977
1396
2374
1886
1955
1467
1397
1886
1397
2375
1396
1466
1397
1886
2375
1467
1396
1397
1466
1466
1397
1396
1955
2305
1467
1956
1956
1467
1466
1466
2374
1396
1396
1466
1885
1396
1397
1467
1956
1397
1397
1467
1467
1467
1466
1397
1397
1396
2374
1466
1396
1467
1397
1397
1467
1396
10266
1396
1466
1467
1397
1466
2305
1467
1467
1466
1397
1467
1396
1466
1397
1397
1396
2864
1397
2304
1397
1397
1396
2445
1467
1885
1467
1467
1397
1466
1466
1397
2305
1815
1955
1397
1466
1397
908
1466
1397
1397
1397
1885
1886
978
1397
1397
2445
1397
1397
1396
1885
1396
1886
1955
1397
1397
1956
1816
1467
1467
978
1397
1467
1467
1467
1397
1467
1397
1467
2374
1466
2374
1397
1397
1886
1397
1885
1397
1955
2445
1397
1467
1397
978
1397
1397
1466
1397
1396
1467
1396
908
1467
1467
1886
1466
1396
1397
1467
1466
1397
2794
1467
1816
1396
1396
1397
1396
1467
1466
1467
2374
1816
1467
1396
1397
978
1396
1397
1885
1396
1885
1466
1886
1397
1467
1467
1467
1467
1397
1467
3283
1397
1397
1467
1397
1467
1397
1885
1397
1397
1955
1396
1397
1467
2375
1886
1466
2375
1956
1397
1466
1397
1467
1467
1397
1397
1397
1886
1397
1397
1397
1886
1467
1466
1397
1467
1886
1397
2374
1467
1466
1955
2445
1397
977
2793
1885
1886
1396
1815
1466
1397
1467
1397
1396
1885
1886
1396
1886
1396
1397
1466
1955
1397
1397
1467
1956
1956
1397
978
1467
1467
1886
1467
1467
1397
1467
1397
1397
1397
978
1397
2304
1397
1396
1885
1955
1396
1467
1466
1885
1396
1886
1467
1397
1956
1816
1466
1467
1397
1466
1467
1955
1955
1885
1467
2444
1396
1397
2445
1467
1466
2375
1955
1466
1397
1467
1886
1955
2444
1886
2305
1886
1466
1467
1467
1466
1466
1467
1397
1397
1885
1397
1467
1397
1467
1396
1886
1467
1466
1397
1396
1467
1466
1397
1396
1466
1397
1467
1466
1467
1886
1397
1467
1397
1467
1397
1467
1397
1467
1467
1956
1466
1467
1466
1816
1397
1467
1397
1397
1397
1956
1467
1396
1397
1397
1886
1466
1396
1396
1397
1467
1397
1886
1885
1397
1396
1397
1467
1467
1396
1397
1885
1466
1397
1466
2374
1885
1467
1467
1397
1397
1397
1397
1955
2374
1886
1397
1886
1396
1466
1466
1467
1467
1467
1397
1397
1466
1396
1397
1467
1467
1397
1397
1467
1466
2305
1467
1466
1466
1397
1396
1466
1467
1467
1467
1397
1467
1467
1397
1466
1466
1466
1397
1397
1467
1397
9847
2375
2374
1397
1467
1397
1467
1397
1397
1467
1467
1466
1396
1467
977
1397
1886
1397
2375
1397
1466
1396
1397
2374
1886
1466
1397
1397
2375
1467
2374
2304
1467
2794
2375
2305
1955
1397
1956
1885
1397
1397
1397
1955
978
1956
1956
1396
2375
1467
1466
2305
1467
1397
2375
1955
977
1467
1956
1397
2374
1467
1886
1397
1397
908
1467
1466
1467
1886
1327
1397
1467
978
1467
1886
1955
1885
977
1886
1397
1955
1816
1396
1955
1955
1397
1466
2445
1885
1466
1397
1467
1397
1397
1886
1467
1886
1397
2305
1466
1396
1885
1467
1467
1467
2305
1466
1885
1955
1397
1397
2444
1467
1467
1885
1397
1396
1397
1467
1397
1466
1466
978
8939
2305
1885
1886
1396
1885
1397
2375
2375
7543
2444
2375
1467
1886
1956
1885
1886
1885
1466
1396
1397
1466
1397
7194
2864
2863
1886
1886
1886
1885
1466
1467
1396
1397
1467
1397
1886
1397
1467
1466
1466
1466
1397
1397
1397
1467
1397
1467
1397
1397
1397
1467
1467
1397
1397
1816
1397
1397
1467
1955
1397
1397
1397
1396
1397
1397
1466
1397
1397
1467
9638
1397
1397
1466
1396
1886
1467
2374
1467
1397
1467
1466
1466
1886
1397
1397
1467
1466
1397
1466
1466
1397
1397
1397
1397
1397
1467
1396
1397
1466
1886
1466
1467
1466
1467
1467
1397
1885
1397
2863
2375
1397
1397
1886
1397
1956
1816
1886
1467
1467
1396
2445
1886
1886
1955
1397
1397
1397
1467
1397
1886
1467
1466
1397
1466
1466
1397
1467
1956
1397
1397
1467
1397
1397
1886
1467
1397
1466
1466
1885
1396
1397
1397
1397
1886
1397
2444
2374
2374
1397
1397
1955
2374
2375
1885
1886
1397
1886
1397
1397
2375
1816
1397
1397
1397
1397
1397
1466
1467
1816
1466
1397
1397
1885
1467
1467
1397
1397
2374
1466
1885
1467
1816
1886
1466
1467
977
2444
1467
978
1397
1467
1397
1467
1397
1466
1397
1396
1466
1397
1955
1397
1467
1397
1466
1396
1396
1396
1467
1955
1396
1467
1397
1397
1397
1397
978
1396
1397
1467
1467
1397
977
1467
1396
978
1397
1397
1397
1466
1467
1397
1467
1467
1467
1397
1466
1467
1467
1396
1467
978
1885
1397
1466
978
1397
1886
1397
15085
2374
1466
1466
1956
978
1466
1397
1466
1466
1397
1467
1396
1466
4330
2793
2374
1886
1956
1467
1467
1956
1466
908
1397
1397
1466
1467
2375
1886
1467
1397
2444
1886
1956
1885
1467
1955
2374
1886
1955
1397
1467
1467
1467
1467
1467
1467
1467
2374
1397
1467
1397
1397
1886
1467
977
1397
1396
1397
1466
1467
1396
1885
1467
1397
1467
1467
1397
1397
1466
1466
1467
1956
1886
1467
2305
978
1466
1397
1397
908
1397
1397
1397
1955
1396
