1398
1467
1397
1398
1467
1398
978
1397
9641
1397
1467
1467
1397
1886
1886
1467
1467
1887
1467
1886
1886
1397
1467
1467
1397
1397
1397
1397
1467
1397
1398
1468
1397
28715
1397
1956
1467
1887
1467
1397
1397
1886
1956
1887
1397
1397
1467
2376
1397
1887
1467
1398
2305
1397
1886
1467
1956
1467
979
1397
1398
1886
1886
1467
1467
1467
1397
1886
1886
1397
1398
1398
2445
1467
2306
2306
2305
1397
1398
1956
1886
1397
1398
1886
1468
2375
1397
1957
1467
1956
1467
1467
1397
1398
2306
1398
1956
1467
1886
1886
1397
1397
1956
1398
2376
1397
2375
1886
1467
32628
1468
1467
1817
1397
1397
1467
1398
1467
1467
1397
1397
1467
1397
1467
1397
1397
1398
1956
1468
1398
1886
1398
978
1397
1886
1467
1397
1886
1467
1398
1398
1957
1468
1467
1397
1467
1397
1956
1467
1886
1957
1468
1467
2375
1397
1398
1397
1397
1467
1467
1468
1886
1397
1467
1468
1957
1467
1887
1887
1398
1398
1467
908
1816
1397
1397
1467
1887
979
2376
1397
1886
1467
1398
1886
1956
1886
1467
1467
1397
1398
1397
1397
1467
1397
1397
1887
1886
1467
1467
1397
1468
1468
1887
1398
1467
1467
2376
2376
1886
2306
1398
1887
1467
1397
1398
1467
1467
1468
1397
1398
1397
1468
1398
1957
2376
1397
1397
1887
1467
979
1467
2375
1887
1887
1886
1886
1817
1956
1467
1397
1397
908
1397
1467
1397
1956
1468
1397
1467
1397
1397
1397
1956
1397
1957
1956
1956
1886
1957
1397
1467
1397
1397
1956
1397
1467
1468
1886
2445
1467
1467
1398
1397
978
1398
1468
1956
1397
979
1398
1817
1467
1816
2375
1397
1468
1397
1467
1468
1468
1467
1397
1467
1397
1886
1467
1467
1397
1956
2306
2306
1816
1397
1397
1956
1956
1397
1887
2375
1467
1886
908
1467
1397
1956
1467
1397
1397
1886
1397
1956
1887
1467
1467
1467
1467
1398
1398
1398
1398
1887
1886
1956
1397
1467
1817
1397
1467
1467
1397
1397
1397
1956
1397
1467
1468
1887
2446
1398
1467
1398
1397
1956
1467
1397
1398
1468
1397
2376
1397
1886
1467
1397
1467
1886
978
1397
1957
1398
1467
1468
1956
1397
1397
1398
1467
1467
979
1397
1467
1397
14322
1397
1398
1467
1397
1887
978
1397
1468
1468
1467
1467
1467
1397
1397
1467
1887
1468
1397
1468
1397
1886
1397
1467
1397
2375
2376
1956
2375
1397
1397
1468
1398
1397
1398
1397
1956
1467
1817
1397
1468
1467
1467
1887
1398
1956
1467
1467
1398
1467
1957
1398
1886
1397
1398
2445
1398
1397
1398
1468
1886
1468
1397
1397
2376
1886
1886
1398
1398
1398
1398
978
1887
1886
1467
1817
1397
1467
1398
1397
1398
2376
1886
1886
1398
1468
1397
1397
1467
1397
1886
1886
1397
1467
1398
1956
1816
1398
1467
1956
1467
1397
1467
1467
1397
1468
1467
1398
1957
1467
1397
1468
1467
1397
1887
1398
2376
1467
2376
1467
978
1397
1468
1397
1468
1397
1398
1398
1467
1467
1398
2375
1467
2375
1398
1467
1397
1467
1397
1467
1398
1467
1886
979
1398
1397
908
1467
1467
1398
1397
1467
1398
1887
1397
1467
1886
1467
1467
1956
1397
1467
1956
1397
1467
1886
1467
1397
1397
1398
1398
1886
1397
1468
2375
1397
1398
1397
1467
1956
1467
1956
1397
1467
1467
1397
2445
908
1468
1468
1467
1467
1397
1467
1397
2305
1398
1887
1397
1397
978
1467
1397
1887
1397
1468
1398
1467
1398
1467
1886
1398
1397
1467
1886
1397
1397
1468
1397
2305
1468
1397
1398
1467
1397
1467
1886
1397
1467
1467
1817
1467
1886
1397
908
1467
1397
1397
1468
1887
1397
1886
1467
1398
1467
1467
1397
1397
1397
1397
1887
1398
1397
1397
1467
1397
1467
1467
1397
1467
1398
1397
1887
1397
1886
2375
1957
1467
1467
1467
1397
1397
1467
1397
1956
1467
1816
2795
1467
1817
1467
1397
1887
2865
1467
1817
1467
1397
1467
1468
1397
1397
1397
1887
1397
1398
1397
2445
1886
1467
1886
1467
1397
1397
1956
1887
1467
1328
1816
1467
1957
1397
1397
1398
2376
1468
1886
1956
1467
1468
1397
1956
1467
1398
1397
1467
2305
1397
1397
1467
1468
1467
1467
1397
2305
1467
1957
978
1467
1398
1886
1467
978
1397
1467
1397
1886
1397
2445
1397
1467
1956
1467
1887
1397
1398
2375
1956
1397
1467
1887
1956
1398
1398
1467
1468
1397
1397
1467
1467
2445
978
1397
1468
1398
1957
1397
1467
1397
1397
2305
1887
1887
1467
1817
1398
1397
1397
1398
979
1886
1887
1397
1397
1397
1468
1397
1467
1817
1467
1886
1467
1886
2306
1467
1467
1467
978
1397
1886
1467
1397
2376
978
1956
1397
1467
1468
978
1397
1886
1398
1957
1397
1468
1397
1468
1886
1467
1397
1397
1398
2376
1467
1467
1467
1467
1886
1886
1467
1397
1468
1468
1886
1397
1398
1398
1887
1397
1398
1397
1468
1886
1398
2376
1887
1886
1467
1467
1398
1398
2306
1397
1397
1817
1887
1467
1887
1398
1467
1467
1398
2375
1467
1397
1397
1397
1887
1887
908
1467
1468
1468
1467
1397
1956
1886
1398
1398
1886
1956
1887
1397
3284
1397
1398
1397
1468
1886
1467
1886
1467
1886
978
1467
1467
1398
2865
1886
1467
1398
1467
1397
1957
1956
1467
1467
1467
1887
2375
1398
1467
978
1398
1398
1397
1468
1468
2376
1467
1886
1817
1398
1468
1397
1397
2375
1467
1468
1398
1397
1886
1397
1467
1468
1398
1397
1467
1397
1468
1397
1397
1397
1397
1397
1887
1956
1956
1956
1467
1397
1468
1468
1397
1886
2376
1467
1398
1956
1886
1467
1886
1397
1398
1467
1467
1397
1397
1397
2446
1397
1887
1398
1956
1397
1397
4332
1886
3284
1397
1467
1467
1397
1397
1467
1468
1956
2305
1467
1467
1467
2376
1397
1467
1398
1467
1956
1467
1886
1398
1467
1886
2445
1397
1886
1397
1886
1467
