2863
2375
2374
1955
2863
2444
1955
2445
1886
2375
1955
1885
1885
1956
1886
1885
1955
2375
2863
3352
1886
1816
2864
1815
1886
1956
2375
1885
2444
2305
1955
2445
1955
1885
1886
1956
1886
2375
2794
1886
2375
1886
1885
2374
1816
2934
1955
1956
2374
1956
1955
1956
1955
1955
2305
1885
1886
1886
1467
1956
2374
1886
1955
2794
1956
1886
1955
2374
1955
2375
1886
2375
1816
1885
1885
1885
3422
2374
2375
1956
1956
1886
1955
1886
1885
2375
2374
1956
1885
1956
1956
1956
1886
1955
2793
1885
2794
2305
2374
2444
2375
1885
1956
2374
2374
2374
1956
1885
1886
1886
1886
1885
1886
2375
1886
2235
2934
2374
2374
1956
1886
1885
1955
1956
2375
2375
1955
2375
1886
2375
1956
1886
1955
2374
1886
1886
2933
1886
2305
1956
2794
2305
1886
2374
2863
2374
1956
1955
1886
1886
1816
1955
2374
1886
1886
1955
1886
1885
1885
1886
1886
1886
1955
2445
1956
2375
1955
2864
1886
1886
1886
1886
1397
2374
1956
2374
1886
1955
1956
1886
1885
1885
2864
1956
1886
1885
1815
2374
2375
1885
1955
1886
1956
2374
1885
2305
1885
1886
1886
1955
1886
1956
2794
2374
1955
2374
1955
1885
1467
2863
1885
1955
1955
1956
1956
2374
2305
1886
1885
2934
1886
2375
1467
2375
1886
1955
1886
1955
1956
2444
1956
1885
2864
2864
3911
1816
2794
1816
2863
1956
2304
1956
2724
2794
2794
1885
2374
2374
2375
2793
1885
2374
2444
2305
1886
2794
2444
2794
2375
2375
1886
2374
1886
1956
1886
1956
1956
1885
1955
1955
1885
1955
1956
2444
1816
2375
2793
2444
1956
1885
1885
1885
1956
2793
1886
1885
2374
2933
2864
2374
1955
2374
1886
1886
1886
1886
1956
2375
2794
2375
1886
1885
2863
2374
1816
2445
3212
1955
1955
2375
2864
1816
1956
1885
2793
1955
1955
1886
1886
1956
1886
2375
1816
2444
2305
1886
2864
2304
2375
2863
2863
2375
1955
1886
2794
2793
1956
2375
1956
2793
1955
2444
1956
2375
2375
1955
1467
22627
3282
1956
2444
2444
1815
2793
1955
2374
1885
2934
1466
1956
2793
1886
1466
2445
1886
1816
1955
908
1886
1956
1885
1956
2304
1886
2375
1956
1886
1885
1886
1885
1886
1886
3283
2444
1886
2375
1956
2863
1886
1885
1886
1816
1885
1886
1886
1886
2375
2374
1955
1955
2374
1816
2375
1885
1956
2375
2793
1955
1955
1886
1956
1956
2374
1885
2375
1886
2375
2864
1956
2374
2794
2305
2374
2374
1955
1815
2375
1956
1885
1886
1956
1886
1885
2375
1955
1955
2863
1956
2305
1956
1467
1955
1955
1816
1886
2374
1955
1467
1885
1886
1885
2794
1955
2864
1885
1816
1886
1886
1886
2863
1956
1956
1816
1816
2445
1886
1886
1955
1956
1885
1885
3423
2444
1955
2305
1886
1886
1886
908
1885
1886
1886
1886
1816
1885
1885
1956
1886
1885
1885
1886
1885
1886
1886
1956
1886
1885
1956
1886
2305
1885
1955
1955
1886
1886
1955
1885
1885
1815
1886
1885
1886
2375
1955
1885
1886
1886
1885
1885
1885
1955
1886
1886
1886
1886
2374
1885
1886
2375
2374
1885
1885
1886
1467
1956
1886
1885
1885
1885
2864
2863
1885
1886
2374
1886
1885
1886
1956
1885
2374
1956
1885
1886
1466
1956
2374
1885
1886
1467
1956
1956
1467
1886
2374
1885
1886
1886
1886
1886
1955
2374
1956
1886
2864
1885
1886
1956
1886
1886
1816
1955
1885
1886
1886
1956
1886
1955
1956
1955
1956
1886
1816
1885
1886
1955
1886
1956
1886
1886
1956
1886
1956
1886
1956
1956
1886
2375
1816
1885
1956
2444
1956
2445
1885
1956
1955
1816
1956
1956
1885
1886
1955
15713
1886
2864
1886
1886
2864
3352
2374
1955
1397
1886
2934
2374
2305
1397
1885
1955
1955
1886
1885
1886
1886
1885
1885
1886
1816
1886
1466
1955
2445
2375
1885
17041
1956
1956
1886
1886
1886
1886
1956
1885
1886
1397
1816
1956
2374
1886
1886
1955
1886
2375
1886
1885
2864
1885
1956
2864
1885
1886
1886
1886
1885
1885
1955
1886
1956
1885
1956
1885
1955
2305
2864
1956
2374
2375
2375
2375
2863
2794
2375
2863
1885
2863
1955
2375
1886
2374
1886
1886
2444
2374
2375
1955
1886
2863
1885
2445
2375
1955
1955
1886
1886
1955
1955
1886
2375
1886
1956
2374
2863
1885
1397
2305
1955
2304
2444
1956
1886
1886
1816
1886
2374
1956
2304
1886
1886
2375
1886
1956
2933
2864
1816
1885
1886
1885
2864
1955
2445
1886
1886
2934
2374
2934
1885
2374
3352
1885
1886
1955
1885
2444
2375
1885
1886
2304
1886
1886
2444
1885
1885
2793
2933
1886
2374
1886
2444
2374
1955
1956
2864
2793
2375
1956
2444
2374
1955
1885
1886
1956
2863
1886
1886
1886
2374
1955
2375
2863
1397
1886
1955
2375
1885
1886
1886
1955
1886
2793
2444
2305
2375
2375
1815
2375
1955
1885
2305
1956
2374
2863
2375
2445
1956
1886
2863
2374
1955
1885
2375
1886
1955
1955
2305
1886
2374
2933
1956
1885
1885
2864
1955
1885
2375
2374
1886
3842
2793
2375
2444
1466
1886
2374
1886
2305
1955
1885
2374
1956
1886
1885
1816
1886
2375
2863
1886
2864
2934
1956
2374
1955
2444
2305
2374
2374
2375
2374
1467
1467
1885
2374
1885
1816
2305
1886
2445
2305
2445
1955
2375
2375
2444
2375
1885
1955
2374
1466
1886
1886
2375
1956
2305
1885
1886
1886
1955
1956
2934
2374
2374
1886
2444
2375
1886
1885
1955
1955
1956
2374
3282
2374
2444
2375
2444
2375
2864
1467
2375
1885
1885
1956
1956
1886
1886
1955
1955
1955
1885
1955
1955
2305
1886
2305
1886
1467
1885
1886
2375
1886
2375
2374
2444
2375
2444
2374
2444
2374
2374
1466
2444
1886
2445
2305
1886
1956
1886
1886
2374
2793
2305
2444
2304
2374
1886
1815
1885
1955
1816
1815
1886
2863
1816
2304
2375
2933
2375
2374
1886
2375
2444
