1397
1397
1396
1886
1466
1467
978
1467
1467
1467
1397
1467
1396
2374
1466
1467
1467
1397
1397
1396
1885
1397
1397
1397
1396
1885
1467
1955
9568
1397
1466
908
1397
1397
1397
1397
1397
1467
1466
1467
1467
978
908
1467
1467
1466
1396
1397
978
3282
1816
2445
1886
1397
1467
1467
1466
1956
1397
1397
1467
1396
1467
1467
1467
1397
1397
1397
1397
1397
1466
2445
1467
1397
1885
1397
1467
1397
978
1467
1396
1886
1466
3283
1467
1955
1467
1397
908
1397
1466
1397
1396
1467
1467
1466
1886
1396
1397
1885
1466
1467
1467
1397
978
1397
1816
1397
1956
1956
1397
1467
1397
1955
1397
1467
1397
1396
1396
1397
1886
978
1466
1397
1467
1467
1397
5727
1467
1466
1397
1397
1397
1397
1397
1397
1396
1396
1467
1466
1886
1886
1467
1467
1466
1467
1885
1886
1397
2374
1466
1955
2445
1466
1396
1397
1467
2794
1397
1397
1397
1466
1397
1467
1466
1466
1466
1467
1467
1467
1466
1886
1397
7054
3352
2374
1885
978
1397
1467
1397
1466
1397
1956
2375
1466
978
1397
1397
1396
1466
1467
1467
1397
1397
1466
1886
1396
1397
1396
1396
1467
1955
1397
1396
1466
1886
1466
1467
1466
1397
1467
978
978
1955
1397
978
1467
1397
1397
1467
977
2375
1466
1397
1397
1397
1396
1955
1397
1886
1396
1397
1467
978
1397
1467
978
1816
1466
1466
1397
1397
1467
1467
1466
1397
1397
1956
1396
1397
1397
2375
1466
1467
1885
2374
1886
1397
1397
1956
1467
978
1466
1396
1467
1397
978
978
1397
1397
1467
1467
1467
1396
1886
1466
1397
1955
1396
1466
1397
1397
1397
907
1467
1467
1467
1467
1886
1397
977
1397
1466
1466
1955
1467
2375
1955
1955
978
1956
978
2375
1397
1397
1885
1467
1885
1816
1397
1396
1396
977
1886
1397
2444
1467
1397
1467
1467
1886
1956
1466
1397
1467
977
1466
978
1397
1955
1397
1396
1396
1397
1397
1466
977
1397
978
1467
1467
1397
978
2375
1397
1466
1885
1466
1885
1397
1467
1396
1397
1956
1397
1885
1885
1467
1466
1467
1397
1397
1466
1467
2375
2374
1397
2374
2375
1885
1956
1466
1397
1397
1466
1397
1467
1955
978
1397
2445
1886
1397
1396
1397
1396
1397
2445
2305
1397
1885
978
2374
1956
1397
2374
1397
1467
978
1886
1397
978
1396
1397
2374
1396
1885
1397
1885
1396
1885
2864
1466
1466
1397
2444
2305
1466
1467
1396
1397
907
1467
1396
1467
1396
2375
1467
1467
1397
1397
2375
1397
1396
5238
2863
2374
1885
1955
1956
1396
1397
1466
1396
1886
8101
4400
2374
2374
1886
1956
1885
1955
1885
1397
1396
1467
1397
8241
3353
2375
1885
1886
2304
1885
1397
4749
2793
1886
1885
1956
1886
1467
1466
1397
1467
1397
1396
1466
1886
1466
1397
1467
1397
1467
1397
1955
1397
1466
1396
1397
1397
1886
1467
1397
1467
1885
1816
1396
1397
1397
1397
1955
1956
1397
1397
1397
977
2375
1466
1466
1886
1397
1397
1467
1397
977
1397
1467
1885
1956
1397
1886
1885
2375
1397
1955
1886
1397
1467
1397
1397
1397
1466
1466
1885
1467
1397
1396
1955
1956
1956
1956
1397
1467
2374
1396
1466
1397
1467
1885
1956
1886
1397
1466
1467
1397
1466
1467
1467
1397
1467
1467
3911
1886
1397
1467
1397
1397
1397
1886
908
1397
1467
1886
1886
1396
1397
1397
1466
1396
1467
1466
1397
1466
1396
1397
1467
16901
1886
1397
978
1886
1397
1396
1885
2305
2375
1466
1467
3422
1466
1467
1467
1397
1396
1466
1886
2375
1467
1397
1466
1467
1397
1397
1397
1397
2444
1466
2375
1397
1885
1467
1397
1397
1467
1466
1397
1396
1886
1956
1466
1397
2374
1885
2444
1467
1466
1397
1466
1397
2445
1397
1397
1466
2375
1397
1397
1397
1467
1885
1467
1397
1467
1467
2374
2374
2375
1885
1467
1467
1467
1956
1886
1397
1955
1466
1467
908
1466
1466
1397
1467
1397
978
1466
1397
1816
1396
1467
1467
1397
977
1467
1397
1467
1397
2444
1397
1885
1886
1466
1396
1397
1466
1466
1396
1886
1467
1467
1397
1466
1467
1955
1467
2374
1397
1467
1886
1956
1396
1467
1397
1397
1467
1397
1467
1467
1397
1886
1885
1466
1466
1955
1397
1885
1397
1467
1466
1397
1467
1467
2375
1397
1466
1397
2444
1956
978
2375
1467
1467
1466
1466
1397
1397
1397
1815
1397
1886
1466
1467
1467
8171
1816
1396
1466
1886
1467
1397
1397
1467
1397
1397
1397
1397
1397
1467
1397
1397
1467
1467
1467
1467
1467
1467
1397
1467
1886
1466
1466
1886
978
1396
1466
1467
1397
1397
1466
1396
1467
1955
1397
1886
1886
1886
1466
1467
1397
1467
1467
1466
1397
1397
1397
1466
1397
1467
1467
1467
1886
1955
1397
1886
1397
1467
1466
1886
1397
1397
1397
3422
1467
1467
1397
2444
1467
978
1397
1397
1467
1396
1467
1886
1886
1396
1816
1397
1466
1956
1956
1467
2374
1886
1886
1466
1956
978
1467
1467
1466
1466
1397
1467
1396
1467
1886
1467
1955
1816
1885
1886
1396
1397
1396
1466
1397
1397
1956
2374
1956
1466
1956
1466
1466
2445
1955
1397
1397
1886
1396
1396
2375
1397
1467
1397
1886
1467
1397
1397
1397
1885
1396
1467
1955
2375
1467
1397
1955
1397
1397
1467
1396
2375
977
1397
1397
1886
1466
2444
2375
978
1886
1467
1396
1397
1467
1886
1886
1886
1467
978
1396
1467
1955
2445
1467
1397
1467
1397
1885
1955
1396
1397
1467
2375
1467
1397
1955
1396
1467
1466
1397
1397
1886
1467
1397
1466
1886
1467
1467
1885
1397
1467
1397
1396
1466
1956
1467
1467
1397
1466
1397
1466
1397
1886
1467
1397
1396
1467
1397
1396
1397
2304
1466
1397
1397
2304
1467
1467
1397
1816
1886
1886
1466
1397
1467
1467
1956
1397
1397
2863
1397
1397
1467
2863
1885
1397
2375
