1956
1955
1466
1397
1886
1467
1397
1466
1397
978
1886
1886
1886
1467
1886
1467
1467
1467
1886
1397
1467
1397
1956
1886
1467
1397
1817
1397
1886
1887
1886
1816
1886
1466
1886
1397
1467
1467
2445
1397
1397
1467
1886
1397
1886
1398
1955
1467
1886
1886
1467
1956
1816
1816
1816
1816
1886
1886
1397
1467
1397
1467
1886
1397
1397
1956
1467
1397
1397
1816
1397
1397
1397
1886
1466
1397
1886
1397
1886
1397
1886
1397
1467
1397
1397
1886
1398
1886
1397
43588
1397
1467
1467
1956
1397
1397
1886
1956
1956
1467
1886
45615
1956
1397
1886
1467
1816
1886
1886
1397
1467
1397
1886
1886
2305
1467
1397
1467
1467
1956
1467
1467
1467
1397
17044
1397
1956
1467
1397
978
1956
1467
1466
1467
1397
1467
1467
1397
1886
1397
1886
1467
1466
1467
1886
1886
1816
1956
1956
1397
1466
1886
1886
1886
1397
1397
1956
1397
1397
1397
1467
1467
1397
1956
1886
1887
1397
1467
1886
1886
1886
1886
1397
1397
1887
1886
1397
1886
1397
1467
1397
1397
1397
1955
1398
1886
1467
1956
1397
1467
1467
1397
1397
1887
1397
1467
1467
1397
1397
977
1397
1467
1397
978
1397
1956
1397
1886
1886
1467
1886
1886
1397
1397
1398
1397
1398
1398
1467
1956
1397
1467
1886
1467
1467
1886
1886
1956
1467
1397
1886
1397
1398
2305
1397
2375
1397
1467
1397
1467
1397
1467
1467
1467
1398
1397
1956
1886
1467
1397
1467
1397
1886
1397
1886
1397
1397
1397
1397
1886
1886
1956
1956
1886
1397
1397
1886
1955
1956
1886
1397
1955
1467
1397
1886
1397
1467
1886
1956
1467
1397
1886
1397
1467
1886
1397
1467
1886
1887
1886
1956
1467
1467
1467
1467
1397
1886
1466
1397
1397
1886
1886
1397
1467
1956
1397
1467
1956
1955
1467
1397
1886
1887
1886
1467
1467
1956
1956
1886
1956
1886
1467
1956
1886
1956
1886
1397
1397
1816
1886
1817
1955
1816
1467
1397
908
1887
1886
1397
1467
1886
2445
1467
1955
1886
1956
1886
1327
1467
1467
1816
1467
1467
1886
1886
1467
1886
1956
1956
1886
1956
1886
1956
1956
1467
1397
1886
1886
1956
1956
1886
1397
1886
1886
1467
1955
1886
1886
1886
978
1816
1886
2305
1886
1956
1817
1886
1886
1467
1886
1816
1397
1956
1886
1397
1467
1467
1886
1956
1956
1886
1886
1397
1397
1816
1467
1886
1467
2864
1467
1397
1886
1886
1397
1397
2306
2306
1956
1886
1886
1956
1397
1467
1817
1886
1467
1886
1886
2934
1467
1886
1886
1886
2375
1956
1397
1886
1397
1886
1816
1886
1886
1956
978
1816
1956
1886
1956
1956
1467
1467
1398
1886
1467
1467
1816
1886
1886
1886
1397
1397
1886
1397
1886
1886
1886
1887
1886
1397
1467
1886
1397
2375
1956
1467
1397
1886
1886
1887
1956
2306
1886
1956
1397
1886
1397
1466
1397
1956
1466
1886
1886
1467
1467
1467
15088
1886
1886
2375
1886
1956
1886
1886
1817
1956
1467
1886
1956
1886
1886
1467
1467
1886
1886
1886
1887
1886
1816
1397
1397
1956
1467
1956
1887
1956
1886
1886
1887
1886
1886
1886
1956
1956
1886
1397
1956
1397
1397
1397
1886
1467
1886
1886
1886
1397
1956
1886
1886
1467
1956
1956
1886
1467
1886
1956
1886
1397
1397
1955
1886
1886
1886
1956
1886
1397
1467
1467
1886
1886
1817
1816
1886
1886
1467
1956
1887
1886
1887
1886
1956
1397
1467
1887
1886
1886
1886
1886
1886
1397
1956
1467
1886
1397
3702
1397
1816
1467
1467
1397
1886
1397
1886
1467
1886
1467
1467
1886
1886
2375
1466
1467
1886
1886
1397
1467
1397
1467
1956
1956
2376
1397
1886
1467
1886
1887
1956
1886
2375
1886
1886
908
1467
1886
1956
1397
1956
1467
1466
1817
1956
1956
1397
1467
1397
1956
1956
1956
1886
1886
1467
1886
1886
1956
1466
1398
1397
1467
1467
1397
1955
1397
1466
1886
1397
1956
1467
1467
1467
1886
1886
1467
1467
1467
1397
1397
1467
1956
1956
1886
1467
1886
1886
1467
1397
1886
1467
1397
1816
1956
1886
1397
1886
1397
1467
1886
1397
1886
1956
1886
1816
1397
1467
1467
1817
1886
1886
1956
1955
1956
1886
1467
1886
1886
1397
1886
1467
1886
1886
1886
1956
2305
1886
1816
1886
1956
1886
1467
1886
1397
1886
1956
1397
1466
1886
2375
3423
1886
1467
1397
1886
1886
1956
1397
1467
1886
1956
2375
1467
1886
1397
1956
1886
1886
1886
1467
1886
1956
1816
1886
1886
978
1397
1886
1467
1816
1886
1886
1397
1467
1886
1467
1886
1886
1886
1397
1886
1886
1887
1397
1467
1956
1816
1466
1956
1886
1467
1886
1467
1467
1816
1397
1397
1956
1467
1397
1956
1467
1397
1397
1397
1467
1886
1467
978
1467
1956
1397
1467
978
1398
1886
1467
1956
1816
1467
1956
1886
1886
1886
1397
1467
1467
1886
1956
1956
1397
1467
1886
1467
978
1467
1397
1886
1886
1956
1886
1397
1956
1397
1467
1467
1886
1956
1397
1886
1955
1887
1956
1467
1956
1886
1466
1397
1467
1397
1886
1467
1397
1886
1886
1398
978
1397
1467
1397
1467
1816
1397
1886
1886
1397
1467
1397
1886
1956
1956
1467
1397
1956
1397
1956
1397
1956
1956
1467
1397
1397
1397
1886
1886
1466
1466
1467
1886
1816
1886
1467
1467
1886
1467
1397
1886
1886
1956
1886
1886
1398
1397
1956
1398
1956
1397
1467
1886
977
1467
1887
1886
1467
1397
1956
1956
1466
1886
1886
1886
1886
1886
1956
1467
978
1955
1956
1816
1956
1466
1956
1886
1886
1886
1467
1886
1956
1397
1886
1886
1467
1466
1955
1467
1886
1397
1886
1886
1886
1956
1956
1397
1886
1397
1956
1397
1397
1467
1886
1956
1467
1886
1956
1398
1397
1886
1467
1886
2375
1956
1886
1467
1467
1956
1467
1886
1467
1467
1467
1467
1956
1886
1886
1467
1886
1886
1886
1397
1886
2306
1956
1886
1467
1397
