1886
1467
1467
1397
1467
1886
1397
1467
1467
1467
1467
1467
1397
2376
2375
1817
1467
2865
1887
1886
1887
1398
1956
1886
1397
1467
1398
1467
1397
2375
1397
1467
1886
1467
1397
1886
1468
908
1398
1467
1467
1397
1468
1467
1397
2445
2376
1887
1956
1956
1397
1887
1467
1397
1468
1467
1886
1398
1886
1397
1397
1956
1887
2865
1887
1397
1887
978
1467
1397
1398
1467
1886
1468
1398
1886
1887
1398
1467
1397
1397
1467
1467
1467
1887
1467
1398
1467
1817
2375
1467
1886
1467
1956
1397
1397
1397
1397
2445
1887
1467
1468
1956
1397
1467
1397
1467
1397
1468
1398
1397
1467
1397
2445
1467
1467
1468
1398
1467
978
1887
1467
1398
1397
1886
1886
1397
1397
1956
1467
1886
1467
1467
1956
1397
1398
1467
1467
1467
1397
1397
1467
1886
1887
1467
1397
1956
1467
1397
1397
2376
2445
1467
1886
1956
1398
1468
1467
2375
1887
1398
1886
1467
1956
1397
1887
1397
1467
2376
2376
1398
1956
1956
1956
1397
1887
1467
1398
1397
1397
1397
1397
1467
1397
1397
1957
2445
1467
2375
1817
1397
1886
1398
1467
1467
1468
1886
1397
1468
1467
1467
1467
9083
9432
1468
1886
1397
1886
1467
1397
1467
1327
1887
1467
1467
1467
2305
1467
1467
1397
979
1397
1468
1816
1397
1467
2376
1467
1886
2375
1398
1397
1467
1886
1956
1397
1887
1956
1397
1468
1887
1467
1467
1468
1397
1468
1468
1467
1467
1397
1957
1467
1397
1398
2306
1467
1467
1956
1398
1468
1397
1467
1397
1956
1956
1397
1397
1886
8593
1467
1397
1397
2864
1468
1467
1397
1398
1468
1467
1468
2446
1397
1467
1467
1887
1467
1467
1816
1398
1816
1956
1468
1467
1397
1398
1397
1468
1397
1397
2375
1467
1817
1467
2306
1467
1397
1397
1397
1397
1886
1886
2794
2445
1956
1397
1467
2306
1467
1467
1467
1468
1397
1886
1467
2376
1397
1397
1467
1468
1467
1956
1467
1467
1886
1397
1956
1397
2305
1887
1397
1397
1468
1397
1467
1397
1467
1467
1467
1398
1467
1886
978
1467
1467
1397
1886
1397
1397
1886
1467
1467
1397
1468
1397
1467
1397
1886
1467
1397
1397
1467
1468
1886
1467
1467
11528
1397
1817
1398
1397
1397
1956
1397
1468
1467
1887
978
1467
1467
1397
1397
1397
1397
1467
1886
1467
1467
1397
1397
1397
1397
1467
1397
1887
1467
1467
1467
1467
1467
1397
979
1467
1467
1398
1468
1397
1397
1397
1397
1397
1398
1467
1467
1956
1398
1397
1886
1397
1467
1887
2445
1398
1467
2375
1398
1886
1467
1467
1886
1957
1468
1467
1398
1397
2445
1887
1467
1956
1957
1956
1397
1397
1886
1397
1398
1467
1887
1886
1467
1467
1397
1467
1886
1398
1397
1467
1816
1887
1398
2795
1468
1468
1816
1956
1887
2865
1956
1886
2375
1467
1467
1467
2375
1467
1467
1397
1467
1956
1398
1397
2375
1956
1397
1397
978
1398
1467
1397
1467
1467
1467
1397
1956
1467
1397
1397
2376
2794
2375
1887
1956
1398
1398
1467
1467
978
1887
1887
8104
1398
1887
1886
1398
1956
1817
1467
1398
1956
1397
1397
1467
1956
1397
1467
1886
1887
1398
2305
1397
1467
2375
1816
1467
1397
1397
1887
2375
1467
2445
1467
2306
1397
1397
2445
1887
1398
1468
1397
1397
1468
2376
1887
909
1397
1467
2445
1886
1886
1398
1398
1467
1468
1886
1887
1467
2446
1398
1467
1467
1398
1467
1467
1467
2446
1467
2375
1467
2375
1467
1468
1397
1467
1397
1467
1467
1467
1816
1468
1397
1398
1956
1397
1397
1886
1956
1956
2376
1886
2375
1956
2376
978
1467
1468
1467
1467
1397
1886
1468
1886
1397
1467
1397
1467
1467
1467
1467
1397
2376
1467
1467
1397
1886
1956
1398
1397
2864
2445
2375
1886
1886
1398
1397
2446
979
1397
1398
1467
2376
1397
1397
1398
1398
1467
1397
1468
1467
1467
1467
1887
1467
978
1397
1886
1467
1397
1397
1397
2445
1397
1467
1468
1398
1467
1467
1397
1398
1397
1397
1467
978
2375
2305
1886
1468
1467
1467
1397
1397
1467
1397
1398
1467
1467
1397
978
1398
1397
1886
1956
1467
1886
1956
1957
978
1397
1467
1468
1398
1957
1467
2375
2375
1886
2445
2376
1886
1467
1398
1467
1398
1468
1397
1467
1397
978
1397
1468
1397
1467
1467
1397
2376
1467
1467
1467
1467
1467
1397
1887
1467
1467
1398
1956
1467
1397
1397
1468
1467
1398
2376
2306
1467
1397
1397
1468
1397
1398
1397
1467
8943
1398
1886
1467
1397
1397
1467
1467
1468
1886
1467
1397
978
978
1467
1467
1397
1398
1468
1467
1398
1398
1467
908
978
1467
1886
1398
1398
1397
1397
1467
1397
1467
1467
1468
978
1467
1468
1397
1887
1468
1886
2375
1467
1467
1467
1467
1467
1956
1467
1467
1397
978
1467
1397
1467
1467
1468
1397
1467
1467
1398
1467
1467
1397
1467
1398
1397
1398
2446
1467
1397
1398
1397
1467
1467
1468
1468
1397
1467
1887
1467
1467
1467
1398
1467
1467
1397
1398
1397
1398
1397
2445
1398
1467
1467
1816
1886
1886
1398
1467
1397
1397
1397
2375
1397
1468
1398
1467
1397
1397
1467
1886
1398
1467
1468
1467
1397
1887
1887
1467
1467
1397
1398
1397
1467
1398
1467
1397
1467
1467
1397
1397
1397
1467
978
1886
1467
1468
1467
1397
1398
1398
1467
1397
1397
1397
1397
1468
1398
1397
1397
1886
1467
1467
1397
1467
1397
1816
1467
1467
1397
1956
1397
1397
1886
1467
1467
1397
1397
1467
1817
1886
1467
1397
2305
1398
1887
1397
2376
1397
1467
1467
1398
1398
978
1467
1397
1397
1397
1467
978
1468
1467
1397
1397
1467
1468
1887
1886
1886
1467
1887
1397
1467
1886
1467
1467
978
1397
1886
1398
1468
1398
1956
2445
1817
1956
1397
1887
1397
1467
1468
1467
2306
1397
1467
1467
1467
1956
1817
1886
1957
2306
1467
1397
978
1468
1467
