1887
1467
1397
1467
2445
2864
1397
2376
1467
1397
1397
1467
1398
1467
2446
1886
1467
1397
1817
1886
1398
1887
1397
1468
1397
1957
1887
1398
2375
1467
1887
1468
2445
2306
1467
1468
1397
1397
1467
1468
1467
1468
1887
1397
1467
1467
1887
1467
1397
1467
1397
1398
1467
1397
1328
1397
1467
1468
2375
1468
1398
1956
1467
1467
908
1397
1468
1887
1467
1397
1467
2446
1467
1397
1467
1467
2376
1397
1467
1397
1398
1886
2375
1397
1467
1397
1816
1887
1467
1468
1887
1398
1467
1397
1956
1397
1886
1397
1398
2376
978
1817
1397
1956
1886
1467
1398
2375
1397
1397
1398
1467
1887
1397
2445
1956
1397
1398
1467
1397
1467
1956
1467
2375
1887
1467
1468
1397
1467
1397
1886
1886
1467
1886
1467
1467
1397
2376
1956
1398
1467
1467
1397
1467
1956
1467
1398
1467
1398
1468
1467
1468
1957
1468
1398
1397
2375
1467
1467
2445
1397
1886
1957
1886
1467
1467
1468
1467
1398
1397
2375
1397
2375
1886
1397
1467
8524
1956
978
1468
1467
1957
1467
1957
1887
978
1467
1468
1467
1887
1467
1956
1397
2864
1468
1467
1398
1886
979
1467
1886
1468
1467
1397
1956
978
1817
1468
1467
1886
1398
2375
1397
1887
1467
1397
1467
1886
1467
978
1957
1467
1468
1468
1467
1467
1398
1467
1468
1398
1886
1397
1398
1468
1887
1467
1467
1397
1397
908
1397
1398
1957
1397
978
1398
1397
1467
978
1467
1468
1887
2306
1887
1468
1887
1397
1467
1887
1398
1467
1467
13345
1467
1398
1328
1886
1468
1397
1467
1467
1397
1397
1886
1397
1398
1887
1397
1397
1467
1467
1467
1886
2375
1467
1397
1886
1467
1398
1398
1397
1886
1957
1398
1467
1467
2446
2376
1957
1468
1467
1467
1397
1886
1956
1397
1468
1397
1467
1467
1467
1397
1887
1398
1467
1397
1397
1397
1887
1398
1817
1467
1886
1397
1467
1886
1397
1397
1397
1467
1397
1467
1467
1886
1397
1397
1397
1467
1887
1397
1398
2376
2376
1886
1397
1397
1467
1398
1398
978
1467
1468
1467
1397
1887
1398
1957
1467
1467
1468
1956
2375
1467
1467
1887
1398
1886
1397
1887
1956
1397
1467
1398
2795
1467
1468
1467
1467
1886
1468
1467
1397
1397
1397
1467
1956
1467
1467
1468
1467
1398
1397
1886
1468
1467
1467
2375
1397
1467
1956
1816
1398
1467
1398
1398
1467
1467
1467
1467
1887
1397
1397
2375
1467
1886
1468
1397
1467
1397
1467
1397
1467
2376
1467
1468
1467
1397
1397
1397
1397
1467
1467
1468
1886
1397
1397
1886
1397
11598
1397
1397
1397
1887
1957
1886
1467
1468
1398
1467
1886
1397
1817
2376
2445
1398
1467
1467
1398
1397
1397
1467
1467
1956
1887
1468
1398
1397
1467
1398
1467
1886
1468
2375
1956
1397
1398
2865
1817
1397
1468
1398
1467
1468
1467
1886
1468
1467
1398
1467
2375
1887
1398
1398
1397
1398
1397
1886
1467
1467
1467
1467
1886
1886
1467
1398
1887
1397
1398
1956
1397
1956
1398
1467
1887
1467
1467
2376
1957
1887
1467
1887
1957
1467
1467
1467
1397
1956
1468
2864
1467
1956
1957
1886
1817
1398
1957
1886
1816
1887
1467
1397
1397
1397
1467
1397
1467
1467
1957
1397
1467
1887
1398
1956
1887
1467
1397
1816
1397
1397
1398
1397
1397
1468
1887
1467
1398
1467
1467
1467
1887
1956
1467
1468
2376
1398
1467
1467
1956
1397
16628
1467
17676
1397
1887
1467
1397
1468
1467
1468
1467
1886
2306
1398
1467
1397
1397
2376
1468
1467
1467
1956
1397
1467
1398
1397
1398
1397
1467
1467
1887
1467
1397
1397
1887
1397
1468
909
1397
1397
1397
1468
1887
1467
1887
1397
1467
1397
1887
2376
2306
1957
1887
1886
1467
1398
1397
1467
1468
1468
1398
1397
1398
2376
1887
978
1398
1398
1467
1398
1467
1398
1467
1398
1397
1887
978
1397
1887
1397
1397
1467
1467
1956
1467
1398
1467
1467
979
1467
1398
1398
1398
1467
1397
1467
1398
1397
2376
1398
978
1397
1398
1398
1468
1397
1398
1467
1467
1887
1397
1397
1398
908
1467
1397
1398
1467
2376
1886
1886
1886
1467
1397
1398
1886
1886
1467
1467
1467
1468
1467
1467
1886
1397
1397
1887
1398
978
1886
1398
1467
1467
1397
1467
1467
1398
1468
1397
1467
1886
1398
1397
1467
1956
1397
1467
1398
1397
1467
1886
1398
1886
1467
1956
1886
1887
1467
1398
1467
2306
2375
1886
2375
1467
1817
1398
1397
2376
1468
1886
1886
1467
1816
1886
1467
1397
1467
1397
1398
1468
1397
1397
1397
1886
1397
1468
1956
13484
1398
1397
1467
2306
1467
1957
2376
1467
1887
1467
1398
1467
1468
1467
1397
1467
2376
2375
1398
1468
1397
1956
1886
1886
1397
1398
1956
1886
1956
1397
1467
1956
1467
1467
1467
1956
2445
1397
1467
1886
1468
1467
1886
1467
1397
1397
1886
1467
1468
1397
1397
1398
1468
1398
1468
1468
1467
1816
1957
1956
1886
1887
1397
1397
1398
1467
1397
1397
1467
1467
1467
1397
979
1886
1397
1817
1468
1467
1467
1956
1467
1817
1467
1467
1467
1886
1398
2375
1397
1468
1956
978
1398
1397
2306
1397
909
1886
908
1886
1886
1397
1886
1956
1467
1887
1467
2376
1467
2306
1397
1468
1957
1398
1886
1887
1398
1398
1467
1467
1886
1467
1467
1957
1467
978
2375
2375
1397
1468
1467
1467
1467
1468
1468
1398
1397
1956
978
1886
1467
1467
1398
1886
1467
1886
2375
1886
1468
1467
1887
1956
1467
1816
1397
1887
1398
1468
1467
1467
1397
1398
1468
1467
1887
1886
1397
1397
1398
1398
1467
1467
1397
1397
1886
1397
1397
1397
1398
1467
1886
1956
1817
1886
1467
1886
2375
1467
1817
1468
1886
1467
1887
1886
1398
1886
1397
1467
1397
1886
1886
1887
1887
1887
29135
1398
2375
1467
1397
978
978
1398
1468
1956
1397
1467
1397
1397
1397
1467
1887
1886
