1397
1886
1886
1886
1397
1886
1886
1467
1956
1886
1397
1886
1956
1886
1397
1397
1467
1816
1467
1467
1816
1467
1397
1816
1467
1956
1397
1956
1397
978
1956
10898
1467
1467
1887
1886
1397
1397
1956
1956
1886
1397
1956
1397
1886
1886
1397
1397
1467
1816
1817
1886
1886
1886
1467
1886
1397
2375
1956
1956
1397
1886
1467
1467
1397
1886
1887
5728
1398
1467
1467
1467
1956
1467
1816
1397
1956
1397
1398
1467
1887
1467
1397
1467
1398
1467
1397
1467
1956
1398
1397
1398
1397
1467
1467
1398
978
2375
2375
1397
1886
1886
1886
1397
1956
1467
1397
2375
1467
1956
1956
2305
1467
1397
1397
1397
1397
1397
1397
1886
1887
1397
1398
1398
1886
1816
1467
1467
1956
1467
1398
1467
1957
1467
1886
1397
1397
1956
1467
2305
1956
1817
1397
1397
1886
1886
1397
1397
1956
1397
1886
1956
1886
1886
1956
1956
1887
1398
1956
1956
1886
978
1467
1817
1467
2375
1467
1956
1886
1887
1397
1467
1886
1467
1397
1816
1956
1397
1467
1886
1397
1956
1886
1467
1887
1397
1887
1956
1397
1467
1886
2375
1886
1956
1887
1886
1886
1886
1886
1467
1397
1397
1467
1956
1397
1887
1467
1397
1467
1886
1397
1467
1467
1397
1887
1467
1886
1467
1467
1467
1886
1886
2305
978
978
1887
1886
1886
1886
1467
1397
1467
1467
1887
1956
1956
1467
1886
1886
1397
2375
1467
1467
2375
1467
1886
1816
1956
1467
1956
1956
1956
1886
1398
1467
61755
1887
1886
1886
1467
1816
1467
1887
2375
1467
1467
1886
1397
1887
1956
1886
1956
1887
1398
1886
1886
1467
1816
1397
2375
1886
1886
1467
1886
1886
1397
1886
1467
1397
1887
1397
1397
978
1956
1467
1886
2375
1398
1467
978
1467
1886
1467
1397
1886
1467
1397
1397
1397
1816
1886
908
1467
1886
1397
1467
1398
2375
1398
1887
1397
1397
1467
1956
1467
1886
1956
1397
1397
1397
1467
1467
1398
1398
1467
1956
1956
1886
1886
1467
2305
1886
1816
1886
1956
1886
1397
1467
1886
1467
2795
1398
1467
1886
1397
1886
1956
1468
1886
1886
1397
1467
1886
1467
1467
1467
1397
1397
1956
1467
978
1956
1397
1886
1398
1887
1467
1467
1886
1467
2375
1886
1956
1467
1397
1467
1467
1467
1956
1467
1886
1956
1467
1467
1886
1397
1467
1956
1397
2445
1886
1886
1397
1397
1956
1397
1467
1397
1398
1886
1467
1397
978
978
1816
9012
1956
1886
1956
1956
1886
1467
1956
1467
1397
1397
1956
1956
1467
1467
1886
1398
1886
1397
1397
1886
1886
1886
1467
978
1956
2375
978
1956
1467
1886
1956
1397
1467
1956
1887
1467
1397
1397
1887
1397
1956
1467
1467
1467
1398
1816
1397
1956
1398
1397
1886
1816
1467
1956
1398
1886
1956
1886
1886
1467
1397
1887
1886
1467
1397
1467
1887
1886
1468
978
1886
1886
1467
1956
1397
1956
1956
1817
1886
1886
1956
978
1397
1886
1886
2794
1886
1887
1887
1467
1886
1956
1886
1816
1397
2864
1816
1886
1467
1816
1467
1956
1887
978
1886
1886
1816
1956
908
1956
978
2375
1956
1887
1956
1398
1397
1886
1886
2375
1956
1397
1956
1956
1887
1956
1956
1816
1397
1956
1886
1956
1886
1467
1816
1817
1886
1467
1397
1397
1886
1956
1886
1467
1467
1956
1467
1886
1397
1887
1397
1467
1467
1467
1956
1886
2375
1467
1467
1886
1956
1886
1886
1467
1956
1887
1956
1397
1887
1956
1397
1467
1886
1886
1397
1397
1467
1467
1397
1886
1397
1886
1398
1467
1397
1886
2375
1886
1397
1886
1398
1397
1467
1467
1956
1886
1956
2375
1886
2376
1397
1397
1467
1886
1398
1956
1467
1467
1886
1886
1467
1467
1397
1956
1886
1886
1886
1467
1397
1887
1956
1886
1886
1397
1467
1886
1956
1397
1886
1886
1467
1886
1467
1886
1887
1467
1886
1886
1886
1397
1467
1887
1467
1398
1887
1886
1886
1956
1886
1467
1467
1467
1467
1467
1397
1886
1397
2934
1467
1956
1886
1467
1886
1467
1467
1397
1467
1887
1467
1887
2376
1467
1467
1467
1467
1886
1956
1397
978
1467
1467
2306
1886
1397
1467
1886
1398
1886
1397
1397
1886
1397
1886
1886
1467
1467
1397
1467
1397
1886
1397
1397
1467
1886
1886
1956
1956
1467
1397
1398
1467
1886
1886
1397
1397
1886
1956
1467
1397
1886
1886
978
1886
1956
1886
978
1467
1467
1956
1397
1886
1397
1467
1397
1397
1887
1467
1886
1467
1397
1886
1397
1886
1887
1467
1956
908
1467
1397
1886
1398
1398
1886
1886
1467
1956
1956
1886
1398
1397
1887
1956
1398
1467
1397
1956
1956
1956
978
1886
1956
1467
2375
1816
1887
1467
1956
1467
1398
1886
1956
1886
1886
1956
1956
1956
1956
1956
1886
1467
1467
1467
2375
1397
1886
1886
1398
1886
1397
1886
1467
1956
1467
1887
1886
1887
1397
1956
1467
1886
1398
1468
908
1467
1886
1397
1397
1956
1817
1956
1956
1956
1397
1956
1887
1467
1397
1397
1956
1397
1816
1886
1397
1886
1886
1956
978
1956
1817
1467
908
1397
1398
1886
1886
1956
1398
1467
1886
1817
1397
4401
1467
2375
1886
1467
1467
1956
1956
1886
2864
1397
1467
1397
1467
1467
1467
1397
1397
1886
1397
1467
1887
1467
1886
1467
1467
1887
1397
1817
1467
1467
1886
978
1467
1467
1467
1397
1398
1397
1467
2375
1956
1886
1467
1467
1886
1397
1467
978
1957
1467
1956
1467
1886
1398
978
1397
978
1886
978
1467
1886
1397
1397
1886
1956
1816
1467
1816
1886
1886
1886
1956
1467
1397
1398
1398
1467
1397
1398
1887
1467
978
1467
1467
1956
1886
1397
1467
1467
1816
1467
1886
1467
1397
1467
1956
1467
1886
1956
1467
1956
1398
1886
909
978
1886
1887
2306
1886
1467
1397
1887
1956
2375
1886
1886
1887
1956
1886
1398
2375
1397
1397
1398
1886
1397
1397
1887
1886
1467
1467
1467
