1886
2375
1467
1467
1886
1816
1886
1886
1816
1467
1956
1886
1467
1956
1886
1955
1956
1956
1887
1886
1886
1886
1886
1956
1886
1956
1397
1886
1886
1397
1956
1397
1886
1467
1886
1956
1467
1886
1886
1956
1886
1467
1886
1956
1886
1886
1886
1887
1886
1956
1886
8941
1956
1467
1956
1397
1397
2305
1816
1467
1886
1397
1956
1397
1886
2375
1886
1886
1467
1467
2375
1886
1956
1956
1886
978
1886
1886
1886
1886
1397
1956
1956
1467
1956
1886
2375
1886
1886
1956
1886
1466
1886
1956
1886
1956
1886
1397
1886
1955
1467
1956
1956
1886
1956
1397
1886
1886
1467
1955
1816
1467
1886
1886
1956
1956
1886
1887
1886
1817
1467
1467
1955
1467
2375
1886
1956
1956
1886
1886
1956
1816
2864
1467
1816
1956
1886
1956
908
1816
1886
1956
1956
1466
1886
1467
1397
1397
2375
1816
1397
1886
1397
1956
1886
1467
1816
1467
1956
1886
1886
1886
1886
1467
1956
2375
2306
1467
1956
1397
1467
1816
1467
1956
1886
1397
1397
1886
1886
1397
1956
1467
1886
1886
1467
1397
1467
1886
1467
1886
1467
9151
1467
1956
1467
1886
2375
1466
1467
1467
1397
1397
1886
1956
978
1956
1466
11247
1467
1886
1467
1956
1886
1886
1886
1886
1956
1397
1397
1886
1467
1886
2444
1956
1886
1886
1886
1886
1467
2305
1886
1956
1397
1886
1886
1956
1886
1956
1956
1467
1886
1956
1955
1886
1956
1816
1886
1467
1397
1886
1886
1886
1397
1397
1956
1886
1956
1956
1956
1816
1956
1886
1886
1886
1397
1886
1956
1886
1886
2375
2375
1955
1886
2375
1467
1886
1816
1956
1956
1956
2375
1956
1956
1397
1886
1886
1886
1956
1397
1886
1886
1956
1397
1397
1955
1956
2375
1886
1886
1955
1467
1397
1467
1397
1886
1956
1886
1398
1886
1886
1956
1397
1467
1467
1397
1467
1467
1955
1956
1886
1397
1397
1467
1397
1398
1886
1886
1397
1886
1816
1886
1397
1886
1398
1816
1886
1397
1886
1467
908
1467
1467
1397
1397
1886
1397
1956
1397
1956
1397
1886
1397
1886
1956
1886
1397
1886
1956
1398
1886
1886
1397
1816
1886
1886
1886
1397
1397
1467
1467
2375
1467
1397
1397
1886
1886
1956
1886
1467
1886
1886
1467
1956
1467
1886
1956
1886
1467
1397
1467
1886
1397
1467
1886
1467
978
1397
1886
1887
1886
1467
1397
1467
1886
1816
1397
1467
1886
1956
1956
1886
1886
1467
1956
1955
1886
1886
1466
1956
1886
1886
1397
1467
1955
1886
1816
1467
1886
1816
1886
1886
1397
1397
1467
1397
1886
1467
1956
1956
1886
1956
1956
908
1886
1886
1467
1886
1886
1816
1886
1956
1886
1886
1466
1956
2864
1397
1886
1956
1886
1886
1886
1467
1886
1397
2306
1956
2375
2375
1467
1816
1467
1886
1886
2445
1886
1886
1956
1887
1886
2375
2305
1467
1467
1397
2375
1886
1886
1886
1886
1956
1956
1955
1397
1956
1956
1886
1886
1886
1956
1886
1397
1956
1886
1886
1886
1886
1956
2445
1397
1886
1886
1886
1816
1886
1466
1886
1886
1397
1886
1467
1886
1467
1397
1466
1397
1886
1816
1886
1397
1397
1886
1886
1956
1955
1467
1397
1887
1886
1956
1397
1886
1397
1887
1886
2375
1886
1956
1467
1956
1956
1886
1956
1886
1955
1956
908
1956
1816
1886
1397
1886
1467
1956
1886
2375
1886
1886
2375
1467
2375
1397
1397
1886
1817
1886
1886
1886
1956
1467
1886
1886
1886
1886
2375
1956
1956
1886
1886
1397
1397
1886
1397
1956
1956
1886
1886
1886
1886
2375
1955
1956
1886
1886
1397
1886
1956
1467
1956
1816
1397
1467
1816
1886
1886
1467
1955
1886
1886
1956
1397
1467
1886
1397
2305
1467
1886
1886
2375
1397
1397
1397
1886
1886
1886
1886
1397
1816
2375
1886
1956
1397
1886
1467
1397
1467
1397
1886
1956
1955
1886
1886
1886
1467
1956
1886
1886
1467
1956
1467
1886
1886
1886
1397
1397
1467
1886
1886
1886
1467
1886
1467
1956
1467
1466
1955
1956
1397
1886
1467
1886
1886
1956
1886
1956
1467
2934
1886
1816
1816
1467
1886
1956
1466
1886
1956
1886
1467
1956
9640
1397
1467
1397
1886
1956
1886
1397
1397
1956
1467
1397
1956
1886
1397
1886
1467
1886
1397
1467
1467
1956
1467
1397
1886
1816
1397
1467
1467
1886
1397
1398
1886
1397
1467
1467
1467
1467
1397
1397
1887
1397
1467
1956
1467
1886
1397
1467
1886
1955
1956
2375
1816
1467
1816
1886
1886
1467
1956
1467
1467
1886
1467
1886
1886
1816
1886
1397
1886
1397
1397
1397
1886
1956
1886
1886
1886
1467
1467
1397
1398
1466
1886
1886
1886
1886
1467
1467
1956
1466
1886
1816
1467
1467
1467
1886
1886
1467
1467
1397
1397
1817
1467
1886
2375
2375
1467
1956
1467
1886
1397
1397
1467
1956
1397
1467
1886
2375
9150
1397
2305
2375
1886
1886
1467
1467
1956
1886
1956
1886
1467
1956
1955
1955
1397
1467
1397
1886
2305
1955
1467
1886
1397
1956
1956
1466
1956
1886
1956
1956
1956
1467
1816
1886
1886
1467
1397
1397
1956
1956
1397
1467
1397
978
1886
2375
1816
1886
1467
1886
2375
1467
13132
1886
1886
1886
1886
1467
1886
1886
1397
1886
1397
1886
1397
1886
1886
1956
1467
1956
1886
2305
1886
1466
1886
1467
1886
1397
1397
1467
1956
1397
1956
1956
1397
1467
1886
1886
1398
1956
1398
1467
1956
978
1886
1886
908
1886
2864
1886
1466
978
1397
1816
1886
1886
1886
1955
1397
1886
1397
1397
1467
1467
1397
1956
1467
1956
1467
1955
1467
1467
1886
1816
1886
1886
1956
1955
1816
1886
1467
1886
1886
1886
1467
1886
1956
1397
1956
1467
1886
1886
1886
1816
1397
1956
1466
1397
1886
1397
1467
1467
1467
1467
1467
1886
1955
1886
1467
1956
1886
1397
1886
1467
1886
1886
1467
1956
1886
1886
1887
1955
1467
1467
1467
1816
1956
2445
1467
1886
1955
