1397
1956
1397
2375
1467
1467
1467
1467
1397
1466
1466
1467
1886
1467
2375
1397
1397
1397
1467
1397
1466
1467
1397
1467
1467
1397
1467
1467
1398
1467
1467
1397
1886
1397
1397
1886
1397
1816
1397
1467
1467
978
2375
1397
1397
1886
1467
1886
1398
1398
978
1956
1467
1467
1397
1397
1397
1397
1397
1397
1397
1467
1466
1397
1956
1467
1886
1886
1467
1397
1397
1397
1886
1397
978
978
1467
1467
1397
1886
1467
1466
1467
1886
1397
1397
1397
1397
1397
1467
1886
1886
1816
1956
1467
1886
1956
1816
1467
1886
1956
1397
1956
1886
1887
1955
1467
1397
1956
1467
1467
1886
1466
1886
1956
1886
1467
1886
1397
1956
1886
1467
2375
1467
1886
1956
1467
1467
1956
1956
1956
2305
1886
1397
1816
977
1467
1956
1467
908
1467
1398
1397
1956
2375
1397
1816
1467
1886
1467
1467
1397
1817
1956
1397
1886
1955
1886
978
1467
1397
1886
1467
1397
1816
1467
1397
1467
1397
1467
1397
1886
1397
1397
1397
1397
1467
1467
1467
1886
1397
1397
1467
1886
1467
1467
1467
1397
1397
1397
1886
1886
1466
1467
1397
1816
1397
1886
1397
1956
1467
1397
1398
1467
1398
1467
1467
1467
1397
1886
1886
1467
1397
1397
1467
1467
1466
1467
1467
978
1397
1886
1397
1397
1956
1397
1956
1467
1397
1886
1397
1397
1886
1397
1398
1467
1467
1397
1467
2375
1397
1467
1467
1397
1816
1397
1467
1467
1886
1467
1886
1886
2375
1886
1467
1886
1397
1467
1397
1956
1467
1397
1467
1467
1397
908
1467
1398
1956
1397
1886
2375
1397
1886
1467
1397
1467
1467
2375
1886
1467
1397
1467
1467
1886
978
1816
1467
1467
1816
1397
1397
1397
1886
1397
1466
1886
1467
1956
1886
1886
1467
1397
1956
1467
1397
1467
1397
1467
1466
1397
1467
1956
1397
1886
1397
1886
1467
1467
1956
1466
1467
1397
1467
978
1397
1397
1817
1886
1397
1466
1397
1397
1886
1467
1956
1397
1397
1397
1956
1956
1397
1467
1397
2445
1467
1467
1467
1398
1956
1955
1956
1467
1397
1467
1886
1886
1886
1886
1467
1397
1956
1467
1397
1886
1467
978
1886
1886
1886
1956
1467
1467
1887
1886
1816
1467
1467
2375
1886
1956
1397
1956
1397
1956
2375
1886
1467
1816
978
1467
1886
1397
1886
1886
1398
1886
1397
1886
1886
1956
1397
978
1886
1886
1397
1886
1886
1397
1397
1956
1886
1886
1467
1467
1886
1397
1886
1397
2375
908
1397
1886
1956
1886
2445
1956
1956
1956
1886
1886
1467
1886
1886
1886
1886
1886
1887
1886
2305
1886
1816
1956
1817
1886
1887
1886
1467
1816
1956
1956
1397
1397
2375
1398
1397
1956
1886
2375
1467
1886
1397
978
1886
1956
1886
1886
1397
1886
1467
1886
1397
1956
1956
1467
1956
1816
1467
1886
1886
1886
1956
1956
1886
1467
1467
1886
1467
977
1886
1816
2375
1886
1886
1467
1467
1886
1887
1467
1467
1886
1886
1886
1467
1886
1886
1397
1467
1397
1467
1956
1886
1886
1886
1816
1956
1397
1397
2375
1397
1886
1886
1886
1886
1956
1886
1467
1886
1886
1886
1467
1886
1886
1886
1956
1956
1886
1397
1398
1956
1886
1886
1955
1467
1886
1466
1956
1886
1956
1886
1886
1467
1956
1467
1466
1886
1467
1397
1397
1886
1467
1886
1467
1467
1886
1955
1397
1886
1886
1397
1397
1956
1956
1956
1886
1467
1397
1467
1886
1956
1467
1397
1886
978
1397
1886
1886
1467
1397
1956
908
1886
1816
1956
1467
1816
1397
1817
1887
1397
1886
1466
1397
1397
1467
1886
1886
1397
1956
1467
1397
1886
2864
1397
1467
1467
1467
1467
1397
1467
1467
1467
1956
1467
1466
1397
1467
1397
1956
1397
1397
1467
1817
1467
1397
1397
1397
1467
1886
1886
1467
1956
1467
1467
1886
1886
1397
1956
1397
1397
1397
1956
1467
1467
1886
1816
1397
1467
1397
2445
1398
1816
978
2305
1886
1397
1398
1397
2375
1956
1467
1467
1886
1886
1397
1467
1397
1467
1397
1956
1467
1956
1886
1886
1956
1886
1886
1886
2375
1886
1397
1886
1397
1397
1398
1397
1886
1886
1467
1397
2794
1886
1466
1397
1467
1886
1886
1397
2305
1397
2376
2375
1956
1886
1886
1397
1886
1886
1467
1886
1886
1955
1886
1886
1886
1886
2933
1397
1467
1956
1955
1886
1956
1397
1397
1886
1886
1886
1886
1956
1956
1397
1467
1467
1886
2933
1466
1397
1886
1886
1397
1886
6147
1886
1397
2445
1886
1397
1956
978
1467
1886
1886
1886
1956
1956
1816
1886
1956
1956
1886
1397
1397
1467
1886
1397
1398
1397
1816
1817
1397
1467
1397
3353
1467
1886
1956
1398
2306
1467
1956
1467
1956
1886
1886
1467
1397
1467
1397
1956
1956
1467
1886
1467
1886
1886
1467
1467
1956
1397
1467
1397
1467
1397
1467
1886
1467
1886
1887
1886
1467
1956
1956
1956
1467
1398
1886
1886
2375
1886
1886
1956
1397
1397
1886
1956
1397
1886
1397
1886
1397
1397
1467
1397
1956
1398
1886
1467
1886
1886
1397
1467
1956
1467
1816
1467
1397
1956
1956
1467
1956
1466
1467
1886
1886
1397
1886
1397
1886
1956
1397
1886
908
1397
1397
1467
1397
1886
1886
1956
1467
1956
1467
1397
1466
908
1886
1467
1956
1886
1397
1956
1467
1467
1886
1467
2445
1886
1467
1397
1397
1886
1886
1397
1956
1956
1397
1956
1955
1467
1886
1397
1886
1397
1955
3283
1816
1886
1956
1467
1817
1886
1886
1886
19070
1886
1816
1397
1467
1887
1467
1886
1886
1467
1886
1886
1886
1886
1886
1397
1397
1467
1886
1886
1397
1886
1816
1816
1956
1956
1886
1466
1956
1467
2375
1397
978
1956
1397
1886
1397
1467
1397
1397
1955
1886
1956
1886
1397
1398
1886
1886
1886
1467
1467
1956
1956
1956
1956
1886
1886
1956
3423
1956
1467
1956
1467
1955
8592
908
1397
1466
1467
1397
1397
1397
1397
1467
1956
1886
