1956
1956
1397
1397
1887
1397
1398
1397
1467
1468
1397
1398
1467
1467
1398
1397
1397
1397
1886
1887
1887
2445
1886
1467
2306
1886
1956
1397
1467
1398
1398
1886
1398
1398
1467
1467
1886
1397
1817
1957
1467
1398
1397
1398
1887
2376
1467
1398
1467
1397
1398
1397
1398
1957
1467
1887
1817
1956
1467
1398
1887
1397
1467
1468
1468
1397
1467
1467
1467
1397
1397
2375
1817
2446
1886
1956
1886
1397
2376
1467
1398
2375
1467
1886
2306
1397
1467
1468
1467
1467
978
1886
1397
1328
1397
1397
1397
2376
1397
1817
1956
1468
1468
1956
1887
1467
1397
1467
1397
1397
1886
1887
1467
1397
1398
1397
2376
1397
2864
1468
1398
1887
1886
1467
1398
1397
1398
978
1397
1886
1886
1397
1398
1467
2306
45066
1886
1886
1397
1398
1468
1398
1467
1467
1397
1467
1397
1397
1467
1886
1397
1468
1467
1957
1397
1468
1467
2795
1398
1467
1397
1886
2375
1468
1397
1398
2376
1467
1397
1816
1468
1397
1398
1398
1956
1467
1467
1398
1397
1467
1467
1886
1397
1956
1397
1467
978
1467
2376
1398
1957
1398
1468
1397
1467
1397
1397
1887
2795
1887
1467
1817
1397
1398
1886
1398
1957
1887
1398
1467
1397
1397
2375
1398
1397
978
1467
1467
1957
1886
1886
2375
1397
1956
1467
1956
1467
2376
1817
1887
2376
1398
978
1957
1397
1886
1468
1887
2376
2375
1887
978
2375
1468
1887
1467
1816
1397
1398
1467
978
1467
1887
1397
1467
1467
1398
1886
1398
1956
1956
1397
1397
1397
1397
1397
1468
1886
1467
1887
1957
1468
1887
1957
1397
1468
1397
1957
1886
1397
1956
1397
1468
1467
1467
1398
1398
1467
1467
1467
1398
1397
1468
1956
2305
1397
1468
1467
1467
1397
1467
1398
1467
1957
1467
1467
1468
1398
1398
1886
1397
1886
1467
1397
1398
1468
1467
1397
1397
1467
1467
2375
1467
1467
1468
1467
1886
1398
1397
1397
2376
1467
2376
1467
1397
1887
1467
2376
1468
1956
1467
1397
1467
1398
1398
1397
1467
1397
1467
1468
1397
2446
1467
1397
1468
1467
1468
978
1467
1467
1467
1467
1398
1467
1468
2376
1397
1886
1468
1468
1886
1467
1397
1397
1467
1467
1956
1887
1956
1397
1397
1398
1397
1467
1468
1397
1467
1398
1398
1398
2445
1398
1886
1467
1467
1468
1397
1467
1886
1468
1397
1397
1467
1956
1886
1467
1956
1467
1398
1397
1468
1886
1398
1817
1397
1398
1886
1467
1886
1467
1398
1398
1467
1468
1467
1398
1398
1467
1956
1398
1887
1397
1887
1398
1397
1397
2306
2376
1397
1467
1397
1398
1467
1398
1817
1397
1398
1397
1467
1397
1467
1397
1468
1397
1467
1468
1467
1467
1467
1467
1468
1397
1468
1887
1886
1886
1887
1957
2376
1468
1887
1956
1398
1957
1397
1397
1468
1397
1397
1398
1467
1467
2306
1887
1468
1468
1397
1467
1467
1397
1956
1397
1467
1397
1397
2376
1467
1398
2375
1957
1397
1467
1397
1467
1467
2376
1956
1397
2375
1887
1398
1467
1397
1467
1397
1397
2376
1467
1887
1397
1397
1887
1886
1398
1887
1467
1397
978
1398
1467
1467
1468
1397
1397
1397
1467
1887
1398
1398
1467
1397
1397
978
2376
1467
1467
1468
978
1467
1887
1887
978
1468
1467
1467
1397
1397
1467
2376
41363
1887
1467
1397
1886
1468
1886
2375
1956
1956
1398
1956
1467
1397
2376
1467
2376
1956
1886
1397
2375
1397
1467
1467
1956
2375
2306
1398
1398
1956
1467
1398
1956
1397
1467
1397
1886
2795
1397
1468
1467
1467
1397
1886
1886
1398
2375
1956
1397
1467
1956
1398
1468
1886
1467
1397
1468
1467
2446
1397
1467
1467
1398
1886
1467
1886
1397
1468
1398
1467
2376
1467
1398
2376
1398
1467
1467
1816
1397
1398
1468
1886
1956
1957
1886
1956
1467
1886
1467
1887
1397
1956
1467
1397
1397
1467
1397
1467
1397
1886
1398
1957
1887
1468
2375
1468
1468
1398
2376
1467
14254
1956
1887
1887
1887
1467
1957
1397
1397
1398
1397
1468
1397
1397
1397
1397
1398
1468
1397
1956
1468
1398
1397
1398
1468
1398
1468
1397
1468
1397
1467
1467
1397
1957
1468
2446
1397
1397
1397
2376
10550
1398
1817
1467
1467
1468
1467
1817
1398
1467
1397
2445
1468
1467
1467
1887
1467
1957
1467
1397
908
2376
1468
1467
978
1467
1467
1467
1397
2445
2446
1397
1886
1956
1397
1397
1398
1467
1467
1887
1397
1467
1467
1397
1887
1467
1887
1467
1467
1397
1956
1468
1398
1887
1397
1467
1397
1397
1467
1467
1886
1397
1398
2306
1467
1886
1397
1398
1956
1468
1467
1467
1467
1886
1467
1956
1468
1397
1467
1468
1397
1956
1467
1398
1397
1397
1956
1468
2376
1397
1957
1467
1956
1957
1467
1398
1886
1468
1467
1398
978
908
978
1467
1397
1468
1398
1467
1398
1886
1887
1886
1467
2446
1468
1327
1398
1468
1468
1397
1957
1397
1956
1398
1886
1468
1467
1467
1468
1397
1887
1956
1398
1887
1887
1397
1956
1397
1468
1887
1467
1887
1397
1468
1886
1956
1886
1467
1467
1468
1468
1467
1398
1467
1886
1397
1467
1886
1468
1467
1467
1397
1887
1817
1397
1397
1887
1397
1467
1467
1956
1467
1397
1956
1956
1887
1886
1467
1887
1956
1467
1467
1398
1467
1398
1887
1887
1398
1397
1468
2445
1467
1397
1467
2376
1467
1956
1467
2375
1817
1398
1956
2795
1397
1397
1957
1887
1397
1467
2376
2376
1397
1468
1468
1467
1398
2305
1957
1467
1887
1467
2445
2376
1956
1467
1467
1467
1886
1467
1397
1468
1467
1956
1886
1467
1397
1467
1887
1957
1956
1398
1397
1397
1467
1467
2376
1467
2795
1957
1886
1886
1887
1398
1887
1816
1397
1467
1886
1886
1467
1468
1957
1397
1467
1397
1956
909
1956
1397
1397
1817
1957
1468
1816
1398
1887
1816
1467
1957
1886
1397
1467
1467
1956
2376
1887
1397
1468
1467
1468
1887
