1956
1467
1467
1467
978
1467
1398
1886
1467
1467
1886
978
1887
1956
1467
1956
1467
1397
1397
1397
1886
1398
1467
1467
1397
1397
2375
1397
1467
1467
1397
1397
978
1398
1956
1467
1956
1397
1886
22424
1467
1886
1398
1956
1467
1398
1397
1816
1398
1467
1886
1397
1397
1467
1886
1886
1886
1467
1467
1398
1467
1397
1467
1886
1397
1467
1397
1397
1398
1397
1398
1397
1467
1886
1956
1467
1467
1398
1956
1397
1397
1397
1956
1397
1467
1956
1397
1467
1398
1467
1397
1886
8522
1956
1397
1956
1467
1397
978
1397
1467
1467
1816
1886
1398
1397
1956
1816
1467
1397
1397
1816
1467
1816
1467
1467
1397
69997
1467
1467
1886
1816
1397
1397
1886
1956
1397
1397
2864
1397
1467
1467
1467
1956
1467
1886
1467
1886
1397
1397
1887
1398
978
1886
1397
1467
1467
1398
1467
1467
1467
1886
1397
1397
1397
1886
1956
1886
1467
2306
1886
1467
1397
2794
1467
1397
1467
1887
1956
1467
1467
1397
1956
1886
1886
1886
1886
1956
1467
1886
1886
1956
1467
1467
1467
1956
2375
1397
978
1956
1956
1397
1956
1467
1956
1887
2375
1467
1398
1467
1886
1956
1397
1816
1886
1398
1956
1397
1886
1397
1467
2445
1816
1467
1886
1886
1886
1886
1886
1397
1956
1887
1887
1886
1886
1956
1467
1886
1956
1397
1886
1886
2445
2375
978
1886
1886
1397
1886
1886
1886
2864
1886
1887
1956
978
2305
1886
1956
2445
1886
1956
1887
1956
2445
1397
1817
1887
1886
2375
1467
1956
2375
1398
1956
1886
1817
1467
1886
1397
1956
1886
1956
1956
1956
1886
1886
1397
1886
1886
1956
1887
1956
1956
2375
1886
1467
2445
1956
1886
1956
1956
2375
1886
1956
1956
1467
1886
1956
1886
1886
2375
2375
1467
1956
1886
1956
1956
1956
2375
1467
1886
1467
2864
1956
1397
1887
1886
1886
1886
1886
1397
1886
1886
1397
1817
1886
1467
1886
2375
1886
1467
1887
1886
1886
1956
1397
1886
1886
1956
1886
1816
1887
2306
2375
1956
1817
1886
2375
1886
1886
1956
1956
1956
1467
1956
1887
1397
1467
1886
1886
1956
1467
1886
1467
1887
1397
1886
1467
1956
1886
1956
1886
1467
1467
2375
1887
1886
1886
1956
1467
1886
1467
1397
1467
1467
1397
1886
1397
1467
1817
1398
1397
1397
1398
1397
1397
1886
1467
1816
1886
1397
1397
1467
1397
1397
2375
1887
1397
1467
1397
1467
1956
1886
1397
1956
1956
1956
2375
1397
1397
1467
1956
1467
2445
1886
1397
1886
1886
1816
1886
1467
1886
1886
1886
1886
1397
1886
1397
1467
1398
1467
1886
1397
1886
1886
1886
1397
1467
1886
1886
1956
2445
1886
1886
1886
1886
1397
1956
1397
1397
1467
1886
1887
1398
1467
1397
1397
1956
1397
1467
1467
1397
1467
1397
1956
1398
1886
1397
1397
1886
1397
1467
1397
1467
1467
1817
1467
1397
1467
1886
1886
1467
1816
1467
1397
1467
1467
1886
1397
1956
1886
1886
1467
1398
1397
1397
1397
1397
978
908
1886
1398
1467
1397
1467
1398
1956
1886
1886
1467
1467
1397
1887
1886
1886
1467
1816
1886
1397
1816
1397
1467
1886
1886
1467
1886
1886
1956
1956
1956
1956
1397
2305
1467
1817
1956
1467
1956
1956
1816
28781
1886
1816
1956
1397
1886
1956
1397
1887
1956
1398
1397
1886
1886
1397
1886
1398
1886
1886
1956
1887
1467
1886
1886
1397
1956
1886
1398
1886
1887
1397
1467
1886
1397
1887
1397
1886
1886
1956
1886
1467
1886
978
1886
1397
1397
1398
1886
1397
1886
1886
1467
1397
1397
1467
1467
1397
1467
1467
1397
1467
1886
1467
1397
1397
1467
1467
1956
1956
1467
1886
1956
1886
1397
1886
1886
1886
1467
1467
1397
1467
1886
2376
1467
3353
1397
1397
1467
1887
1886
1956
1886
1956
1956
909
1886
2375
1397
1887
1397
1467
1467
1956
1467
1886
1467
1467
1817
1956
1886
1467
1397
1467
1887
1467
2864
1817
1397
1886
1956
1397
1886
1397
1956
1397
1886
2864
1886
1397
1467
2375
1956
2445
1467
1886
1886
1397
1956
1467
1886
1397
1467
1467
1887
978
1467
1397
1398
1467
1467
1467
1398
1886
1886
1467
1886
1467
1467
1467
1956
1467
1467
1886
1397
1956
1886
1467
1886
1398
1956
1397
1886
1398
1886
2445
1886
1816
1397
1956
1886
1887
1956
1467
1886
1397
1886
1956
1886
1886
1886
1467
978
1467
1817
1956
1956
1956
1397
1397
2445
1886
1397
1467
1886
1886
1397
1397
1886
1886
1397
1397
1956
1956
2375
908
1467
1467
1467
1397
1886
1467
1817
1467
1397
1956
1956
1886
1956
1956
1886
1397
1397
1397
1397
1397
1886
1467
1467
1397
1886
1467
1467
1467
1956
2375
1467
1397
1886
2934
1397
1956
1397
1956
1397
1887
1816
1467
1886
1398
2444
1467
1886
1956
1956
1886
2375
2445
1956
2305
1886
1956
1397
1886
1886
1467
1886
1886
1467
1397
2445
908
1397
1886
1886
1956
1816
978
1886
1956
1817
1816
1816
1886
16766
1956
2375
2306
1467
1956
1886
1816
1467
1397
1467
1467
1397
2376
1956
2375
1956
1467
1397
1886
2376
1467
1816
1886
1397
1467
1886
1817
1886
1467
1398
1816
1398
1886
1886
1956
1398
1398
1886
1467
1886
1467
1886
1397
1956
1817
1397
1467
1328
1816
1397
1467
1397
1467
1397
1467
2375
1467
1467
1397
1398
1886
1886
1398
1467
1886
1397
1886
1467
1956
1397
1816
1397
1886
1397
1397
1467
1466
1467
1886
1886
1955
1886
1886
1398
1467
1467
1397
1956
1397
1956
1886
1467
1467
1467
1397
1397
1956
1956
1467
1467
1467
1886
1397
1397
1397
1467
1887
1886
1956
1467
1397
1886
1886
1398
1956
1886
1397
1467
1467
1467
1397
2375
1397
1467
1886
1397
1956
2305
1397
10339
1886
2445
1397
1817
1956
909
978
1397
1467
1397
1467
1397
1467
1397
1467
1397
1397
1397
1398
1467
2375
1956
1467
1886
1886
