1886
1886
1467
1886
1397
1467
1886
1887
1398
1398
1397
1467
1886
1468
1398
1398
1397
1817
1467
1397
1397
1467
1397
1397
1467
1398
1397
1467
2375
1397
1467
1817
1467
1887
1467
1397
1397
1467
1398
1468
1467
1397
1467
1397
1467
1397
1467
1467
1886
1397
1467
1467
1467
2375
1467
1886
1467
1468
1397
1397
1886
1397
1956
1397
1467
1468
1467
1467
1467
1397
1397
1397
1397
1397
1467
1467
1397
1467
1467
1397
1467
1467
1467
1397
1397
1887
1397
978
1468
1397
1887
1467
1467
1886
1467
1956
1467
2794
2445
1886
2445
1887
1397
1467
1886
2376
1956
1397
1398
1397
1397
1397
1956
1886
1467
1467
1467
1397
978
1467
1956
1886
1467
1397
1467
1467
9012
1397
1467
1398
1397
1397
1467
1467
1397
1397
1467
1397
1397
1467
1467
1468
1397
978
2865
1467
1467
1467
1817
978
1467
1398
1397
1467
1397
1467
1397
2375
1467
1467
1398
1397
1467
1397
1397
1397
1467
1397
1467
1886
2445
1957
1467
1397
1398
1886
1397
1467
1398
1467
1956
1397
1467
978
1467
1397
1886
1467
1397
1397
1956
1467
1397
1397
1887
1398
1467
1467
1467
1817
1886
1467
1886
1397
1467
1467
2375
1397
2795
1397
1467
1397
1467
2306
1467
1398
1397
1397
1397
1467
1887
1397
1397
1398
1397
1397
1467
1467
2375
2306
978
1956
1467
2375
1398
1467
1468
1467
1397
1397
1467
1398
1397
1467
1467
1886
1956
979
2864
1886
1886
1887
1886
1886
1467
1397
1468
1468
1887
1956
2445
1467
1397
2375
1467
2375
1886
1397
2376
1397
1467
1886
1397
1468
1397
1397
1886
1397
1886
1397
2445
1886
1397
1467
1398
1397
1886
1467
1397
2376
2375
1886
3353
1467
1397
2445
2376
1468
1467
1467
1398
1467
2376
1468
1398
1397
1467
1887
1397
1467
1886
1957
1397
1397
1467
1467
1398
1467
1467
1397
1397
1467
1397
1467
1956
2445
1467
1397
1467
1397
1397
1467
1397
1398
2445
1397
1468
1397
1467
1397
1467
1467
2305
1467
1397
1397
1467
1397
1467
1467
1398
1467
1467
978
1467
1397
1467
1397
1397
1397
1956
1468
1467
1467
2375
909
1398
1467
1467
1467
1397
1398
1397
1467
1397
1467
1397
1397
1886
978
1467
1467
1468
1956
1398
1467
1397
1397
1467
1887
1397
1886
1886
1467
1398
2375
1467
1887
1397
1397
1398
1397
1467
1468
1398
1397
1886
5380
1397
1397
1956
2375
1886
1467
1467
1886
1397
1467
1397
1467
1398
1397
1886
1468
1887
1397
1956
1467
1886
1398
1816
1467
1397
1397
2445
1887
1397
2305
1886
1887
1956
1397
1956
1886
1886
1467
1398
1886
978
1397
1468
1397
1467
978
1398
1957
908
1467
1397
1956
1817
1886
1956
2375
1397
2375
1886
2375
1397
1467
2445
1398
1886
1886
1957
1956
1956
1956
2376
1467
978
1816
1886
1886
1467
1956
1397
1397
1817
1956
1886
1887
1398
2934
2376
1467
1468
1397
1886
1398
1957
1886
1886
1816
1886
1467
1398
1467
1397
978
1956
1886
1467
1467
1397
1467
1468
1397
1397
1886
1468
1956
1397
1467
1397
1467
1397
1956
1467
1467
1398
1957
1887
1398
2375
1398
2375
2865
1467
1956
1397
1397
11039
1886
1467
1887
1467
1817
1397
1397
1398
1467
1397
1467
1467
1398
1886
1397
1467
2376
1397
2305
1397
1467
1886
1327
1467
1397
1397
1397
1887
1397
1816
1397
1468
1397
1467
1397
2795
1397
1398
1886
1467
1398
1397
1328
1467
1816
1397
2445
1467
1398
1887
1467
1397
1397
2864
1397
1398
1467
1398
1467
1397
1467
1397
1956
1956
1397
1467
1467
1956
2375
1886
1397
1956
1397
1956
1467
1467
1397
1397
1467
2305
1397
1467
1467
1397
1467
1397
1887
1397
1467
1467
1397
1886
1397
1467
1398
1467
1467
1467
1886
1467
1467
1397
1397
1467
1397
1887
1468
1398
1397
1398
1397
1467
1467
1468
1956
1467
1467
1886
1398
1397
1397
1887
1886
1467
1397
1467
1397
2375
1956
1468
1467
2445
1467
1886
1816
2375
2306
1467
1397
1467
2375
1467
1467
1467
1887
1886
1467
1886
1468
1886
1397
978
1956
1467
1467
1397
1467
1467
978
1956
1467
1398
1397
1397
1397
1467
1397
1468
10410
1467
2446
2375
1468
1887
1397
1467
1956
1468
1467
1467
2864
2375
2445
1397
1397
1956
1397
1957
1397
1468
1467
1467
2934
1886
1397
978
1887
2306
1397
1467
1397
1398
1397
1886
1468
1467
2864
1816
1397
1398
1397
1957
1467
2446
1467
1397
1887
1397
1956
1887
978
1467
1467
1887
1468
1467
1468
1467
1397
1887
1467
1397
2376
2865
1886
1467
1886
1957
1397
1397
1398
1467
2445
1467
1397
1398
1398
1467
1397
1397
1398
1397
1467
1467
1886
1398
1467
1398
1397
1467
1467
1397
1467
1467
1398
1397
1397
1468
1467
1467
1397
1467
1397
1886
1816
1886
2306
1398
1467
2864
1886
1397
1467
1398
1397
1467
1886
1398
1467
1397
1467
1398
1886
1397
1467
1397
1397
2375
1467
2306
1886
1397
1886
1467
1398
1397
1398
1397
1397
1467
1467
1816
1397
1397
978
1398
1886
2306
2375
1956
1956
1956
1887
1468
1397
1467
1398
2795
1398
1467
1956
1956
2375
2375
1467
2446
1397
1468
1398
1467
1398
1468
1467
1467
1397
2375
2445
1886
1397
1397
1467
1467
1467
1397
1397
1467
1398
1956
1467
1467
1398
1398
1887
1398
1468
1397
1397
1397
2375
1397
1467
1467
1397
1467
1467
1467
1467
2306
1956
2305
1397
2375
2376
1467
1467
1467
2305
2375
1887
1467
1398
1467
1398
1397
18234
1467
1887
1886
1467
1817
1886
1397
1956
1956
1887
1467
1467
1467
2375
1956
2375
1467
1886
1887
1886
1886
2376
1467
1397
1398
1467
2376
1467
1467
1467
1398
1398
1397
1956
2376
2375
1467
2305
1468
1397
2375
2445
1886
1397
1397
1467
1886
2445
1956
1398
1467
1467
1397
1467
1467
1886
1397
1467
1398
1397
1397
1397
