1397
1397
1956
1397
1397
1397
1397
1397
1397
1397
1886
2375
1886
1467
1467
9220
1466
1466
1886
1397
1467
1956
1397
1397
1955
1397
1466
1397
1467
1397
1467
1467
1886
1397
1467
1467
1886
1397
1886
1886
1397
1397
1466
1886
1886
1886
1467
1886
1467
1467
1467
1467
1885
1397
1885
1466
1397
1467
1467
1886
1886
1956
1467
1886
1955
1397
1886
1467
1467
1956
1397
1397
1397
1816
1467
1467
1956
1467
1467
1467
1397
1886
1397
1397
2374
1467
1886
1886
1886
1466
1466
1397
1467
1397
1397
1467
1397
1397
1397
1397
1467
1467
1467
1397
1466
1397
1397
1467
1886
1466
1397
1397
1397
1467
1467
1466
1397
1467
1886
1397
1886
1397
1467
1467
1467
1886
1886
1397
1397
1467
1397
1397
1885
1467
1956
1397
1397
1886
1466
1397
1467
1466
1467
1467
1467
1466
1397
1956
1955
1397
1885
1886
1397
1397
1397
1396
1956
1955
1397
1466
1397
1467
1886
1816
908
1397
1397
1467
1397
1467
1467
1397
1397
1886
1397
1466
1467
1466
1955
1467
1467
1467
1467
1467
978
1397
1467
1397
1397
1817
1397
1467
1397
1956
1886
1467
1956
1467
1397
1397
1467
1886
1467
977
1397
1886
1886
1397
1886
1397
1396
1885
1885
1886
1886
1886
1396
1886
1397
1886
1956
1816
1886
1466
1886
1466
1886
1886
1886
2305
1956
1885
1955
1886
1397
1886
1816
1397
1956
1886
1397
1886
1886
1886
1886
1886
1397
1956
2375
1817
1397
1397
1886
1956
1816
1397
1886
1956
1885
1885
1886
1885
1886
1816
1886
1886
1397
1327
1956
1886
1886
1956
1886
1886
1467
1886
1886
1397
1885
1816
1956
1397
1816
1467
1397
1886
1886
1466
1886
1956
2444
1396
1886
1467
1886
1467
1467
1816
1397
1886
1467
1397
1397
1956
1956
1886
1396
1467
1467
1886
1885
1467
1816
1956
1467
1467
1467
1956
1886
1886
1886
1397
1886
1397
978
1886
1956
1886
1956
1886
1886
1467
1955
1886
1397
1956
1397
1397
1955
1467
1886
1955
1886
1397
1396
1886
1886
1886
1397
8592
1467
1397
9080
1956
1956
1467
1886
1467
1886
1886
1817
1397
1886
1886
1886
1955
1397
1886
1466
1956
1816
1886
1397
1886
1886
1467
1886
1397
1886
1397
1466
1956
1467
1466
1467
1467
1467
1397
1956
1886
1956
1467
1886
1886
1467
1885
1466
1467
1466
1956
1397
1956
1886
1886
1956
1397
1885
1956
1397
1886
1886
1467
1885
1956
1397
1466
1886
1397
1886
1885
1956
1467
1956
1886
1886
1955
1397
1886
1886
1466
1886
2375
1885
1466
1467
1886
1886
1467
1956
1397
1886
1886
1467
1886
1397
1886
1397
1467
1886
1886
1397
1886
1397
1956
1886
1885
1886
1886
1397
1886
1886
1467
1956
1956
1886
1955
1886
1816
1955
2444
1886
1885
1397
1886
1956
1886
1956
1816
1955
1466
1886
1886
1467
1956
1397
1467
1397
1886
1956
1466
1467
1397
1466
1886
1886
1886
1397
1886
1886
1397
1955
1956
1467
1886
1467
1467
1397
1886
1886
1397
1467
1886
1886
1397
1816
1885
1886
1956
1956
1885
1956
1956
2375
1886
1886
1956
1816
1956
1467
1956
1886
1886
1467
1886
1467
1886
1886
1397
1397
1466
1886
1397
1956
1956
1886
1886
1955
1466
2375
1886
1956
909
977
1397
1886
1955
1885
1956
1886
1956
1886
2374
1886
1886
1397
1467
1956
1466
1886
1955
1397
1885
1956
978
1886
1885
1467
1467
1886
2375
1886
1467
1886
1886
1886
1886
1956
908
1955
1397
1955
1886
1886
1397
2375
1467
1466
1956
1955
1886
1956
2305
1467
1885
1886
1886
1467
1397
1956
1886
1885
1467
1886
1397
1467
1886
1886
1886
1467
1467
1397
1886
1886
1397
1397
2375
1816
1955
1885
1886
1397
1397
1956
1467
1886
1885
1956
1886
1886
1467
1467
1956
1467
1467
1397
1397
1886
1397
1886
1886
1397
1886
1956
1467
1467
1397
1886
1886
1886
1886
1955
1397
2375
1467
1886
1816
1886
1466
1397
1396
1466
1467
1886
1466
1467
1886
1956
1467
1886
1955
1467
1397
1397
1886
1886
908
1886
1397
1886
1467
1466
1397
1397
1886
1886
1397
1397
1817
1816
1886
1397
1397
1467
1467
1467
1956
1886
1467
1466
1886
1955
1397
1397
1397
1816
1397
1886
1397
1886
1397
1816
1886
1955
1467
1886
2305
1886
1886
1886
1955
1467
1886
1397
1466
1955
1885
2375
1816
1467
1397
1886
2375
1886
1467
1956
1886
1816
1886
1886
1955
1886
1956
1467
1816
1397
1885
1397
1467
1886
1955
1467
1817
1816
1886
2305
1956
1886
2375
1886
1956
1956
1886
1885
1886
1397
1466
1956
1886
2305
1886
1467
1886
1466
1466
1955
1886
1956
1397
1956
1397
1955
1397
1956
1397
1886
1467
1956
1886
1467
1886
1886
1886
1397
1397
1886
1397
1397
1955
1886
1816
1886
1816
1467
1397
1886
1816
1886
1886
1956
1467
1397
1886
1467
1956
2305
1466
1956
1397
1956
1886
1886
1886
1886
1886
1955
1956
1886
2934
1956
1886
1467
1886
1886
1467
1955
1886
1467
1397
1886
1397
1886
1467
1397
1886
1886
1397
1886
1886
1956
1886
1397
1397
1397
1397
1397
1397
1397
1886
1397
1466
1467
1955
1467
1955
2305
1467
1816
1397
1397
1886
1467
1397
1886
1956
1397
1886
1397
1886
1397
1886
1466
1885
1466
1956
1397
1397
1397
1397
1397
1467
1467
1397
1397
1397
1397
1467
1466
1467
1886
1956
1467
1467
1397
1886
1467
1956
1467
1467
1467
1956
1467
1397
1467
1816
1886
1467
1466
1886
1466
1886
1956
1397
1397
1886
1467
1397
1397
1397
1886
1467
1886
1397
1397
1467
1956
1886
1956
1956
1397
1397
1886
1956
1885
1397
1886
1397
1886
1886
1467
1886
1886
1397
1397
1956
1397
1956
1886
1886
1467
1397
1467
1467
1467
1397
1397
1885
1397
1956
1956
1397
1466
1397
1886
1467
1397
1886
1886
1886
1885
1886
1467
1886
1886
1466
1956
1467
1886
1397
1886
1955
