1817
1886
1956
1956
1886
1467
1467
1886
1886
1956
1467
1397
1816
1886
1886
1397
1886
1956
1956
1956
1397
1397
2794
1956
1886
1467
1956
1886
1397
908
1956
1886
2375
1467
1886
1397
1956
1886
1467
1956
1886
1467
1886
1467
1397
1886
1886
1397
1886
1397
1397
1397
1956
1466
1397
978
1467
1956
1397
1467
1467
1466
1397
1467
1885
1886
1886
1397
1467
1398
1467
1955
1886
1886
1886
1886
1466
1397
1467
1397
1956
1467
1397
1467
1886
1886
1886
1886
1956
1397
1467
1886
1886
1467
1955
1397
1955
1956
1886
1397
1816
1397
1886
1397
2864
1886
1886
978
1397
1886
3353
1467
1397
1886
1886
2375
2374
1956
1397
1886
1886
1886
1956
1397
1956
1467
1955
1886
1816
1397
1886
1886
1886
1467
1886
1956
1956
1467
1955
1467
1886
1886
1886
1397
1956
1467
1886
978
1886
1886
1956
1956
1886
1397
1467
1886
1467
1955
1886
1466
1397
1956
1397
1397
1956
1885
1886
1467
1816
1886
1956
1397
1397
1816
1886
1397
1466
1467
1956
978
1886
1467
1467
1467
1955
1956
1886
1397
1397
1956
1956
1467
1955
1467
1956
1397
1467
1886
1956
1467
1466
1886
1956
1886
1956
2305
1467
1886
1886
1955
1886
1956
1886
1467
2374
1956
1467
978
1956
1886
1467
1956
1956
1886
1886
1467
1955
1956
1816
1886
1886
1397
1886
1886
1467
1467
2375
1886
1955
1466
1397
1886
1955
1886
1467
1886
1886
1955
1886
1886
1397
1956
1956
1816
1467
1467
1956
1397
1816
1956
1886
1886
1956
1397
1956
1467
1886
1886
1886
1397
1886
1397
2305
1955
1397
1397
1397
1467
978
1467
1397
1397
1886
1397
1467
1467
978
1886
1886
1397
1467
1956
1397
1397
1886
1397
1886
1886
1467
978
1467
1886
1467
1886
1397
1397
1886
1886
1397
1397
1397
1886
1886
1467
1466
1397
1397
1397
1467
1467
1397
1397
1466
1466
1467
1467
1886
1467
1397
1397
1397
1397
1467
1467
1956
1886
1955
1956
1397
1397
1886
1467
1397
1467
1886
1886
1956
1467
1397
1397
1467
1397
1397
1886
1886
1886
1467
1398
1467
1397
1886
1816
1397
1397
1886
1397
1886
1397
1956
1467
1886
1956
1886
1397
1467
1886
1467
1886
1397
1956
1466
1467
1886
1397
1886
1886
1466
1956
1886
1956
1886
1397
1467
1956
2445
1397
2375
1467
1397
1956
1886
1886
1467
1886
1397
1467
1956
1467
1816
1886
1467
1397
1397
1467
1467
1886
1467
1817
1816
1467
1956
1816
1886
1886
2375
1955
1397
1397
1956
1886
2375
1467
1467
1397
1397
1467
1886
1956
1956
1467
1467
1956
1886
1397
1886
1886
1886
1885
1467
1467
1467
1886
1467
1956
1397
1467
1467
2375
1397
1886
1467
1886
1467
1886
1886
1397
1467
1397
1397
1397
1886
1466
1397
1467
1397
1467
1397
1467
1397
1397
1956
1956
1467
1467
1397
908
1886
1467
1886
1397
1397
1397
1467
1467
1956
1956
1466
1886
1397
1397
1397
1886
1397
1886
1397
1397
1955
1467
1956
1467
1397
1467
1886
1397
1467
1466
1886
1886
1886
1886
1466
1467
1886
1397
1467
1886
1956
1956
1397
1397
1467
1886
1956
1397
1886
1467
1816
1956
1886
1466
1397
1397
1397
1467
1886
2375
1886
1397
1886
1397
1467
1955
1955
1956
1397
1886
1397
1397
1956
1956
1466
1467
1886
1956
1956
1397
1467
1467
1817
1886
1886
978
1886
1467
1467
1886
1467
1886
1886
1467
1467
1397
978
1397
1397
1397
1466
1886
1467
1816
1397
1467
1397
1397
1466
1467
1397
1886
1956
1466
1886
1886
1397
1467
1397
1397
1397
1397
1467
1397
1886
1397
1397
1397
1467
1956
1467
1466
1467
1397
1956
1467
1397
1397
1955
1397
1467
1886
1955
1397
1886
1956
1956
1466
1467
1886
1466
1467
1397
1467
1467
1397
1397
1886
1397
1467
1397
1397
1397
1467
1397
1397
1397
1886
1956
1397
1397
1397
1397
1467
1397
1397
1397
1467
1467
1397
1467
1956
1886
2375
978
1398
1397
1467
1956
1467
1467
1466
1886
1397
1467
1397
1397
1816
1467
1397
1467
1397
1397
1397
1397
1397
1467
1397
1886
1886
1467
1467
1397
1466
1397
1467
1397
1467
1886
978
1397
1467
1397
1397
1467
1397
1467
1397
1397
1886
1886
1467
1397
1886
1397
1397
1397
1397
1397
1467
1397
1467
1467
1467
1467
1466
1467
1467
1397
1397
1886
1466
1397
1466
978
1467
1397
978
1397
1467
1467
1467
1956
1467
1467
1816
1467
1467
1397
1397
1467
1466
1816
1397
1467
1397
1397
1886
1467
1467
1467
1467
1956
1467
1886
1467
9080
1467
1467
1397
1467
1466
1397
1397
1467
1467
1397
1397
1397
1397
1397
1397
1467
1397
1397
1467
1397
1466
1397
1467
978
1467
1467
1397
1397
1397
1397
1886
1397
1466
1397
1467
1886
1467
1397
1467
1397
1397
1467
1397
1467
1467
1397
1398
1397
1467
1397
1397
1886
1467
1397
1886
1467
1467
1816
1397
1397
1467
1467
1397
1397
1397
1467
1397
1397
1397
1886
978
1398
1397
1397
1467
1397
1467
1467
1466
1466
1467
1467
1467
1397
1397
1397
1397
1886
1467
1398
1397
1397
1397
1397
1467
1886
1886
1397
1397
1397
1397
1467
978
1397
1886
1397
1397
1397
1397
1467
1397
1467
1397
1467
1886
1397
1467
1467
1397
1397
1466
1397
978
977
1467
1467
1397
1886
1467
1886
1397
1956
1397
1886
1886
1467
1467
1397
1467
1397
1397
1886
1397
1397
1397
1397
1397
1466
1467
1397
1397
1886
1467
1467
1398
1397
1397
1397
978
1886
1397
1397
1397
1467
1467
1467
1397
1397
1397
1397
1397
1467
1397
1466
1397
1397
1467
1467
1397
1467
1467
1467
1467
1467
2305
1397
2305
1886
1397
1397
1467
1467
1956
908
1886
1397
1397
1466
1397
1397
1956
1397
1397
1467
1886
1956
1467
1886
1467
1467
1886
1467
1467
1397
1397
909
1397
1467
1886
1397
1467
1886
1466
1886
1467
978
1466
