1955
1396
2305
1886
2375
1885
1885
1886
1466
1886
1816
1956
1955
1886
1886
1466
2445
2375
2305
1816
1816
1886
2375
1885
1466
1886
1885
1886
1955
1885
1886
1885
1956
1955
978
1816
1955
2374
1886
1886
1955
1955
1885
1886
1885
1885
1885
1886
2374
1956
1885
1956
1886
1886
2794
1956
1955
1955
1885
1886
1886
1955
1885
1886
1885
1955
1886
2863
1397
1886
1955
1956
1956
1885
2375
1956
1886
1955
1955
1955
1815
1955
2864
1886
1886
1956
1956
2374
1956
2374
1886
1886
1955
1955
2444
1956
1886
1886
1956
1886
1886
1466
1886
1886
1886
1956
2375
1886
1886
1886
2375
2305
1885
2445
1955
1886
2305
1956
1885
2863
2375
2374
1886
1956
1885
2375
1885
1886
1886
1955
1886
2304
2793
2375
1956
1885
2444
1955
1886
2444
2375
1885
1886
1955
1956
1956
1955
1956
1956
1885
1886
1955
1956
1886
1885
1955
2864
1886
1885
1955
2444
1955
1955
2374
2375
1886
1885
2794
1885
2444
1467
1886
2374
1885
2794
2863
2863
1886
2863
1885
1956
1886
2375
1886
2793
1955
1886
2375
2374
1397
1466
1956
1886
1956
1955
1955
1886
1956
1885
1885
2375
2374
1886
1816
2305
1885
1885
1397
1816
1886
1886
1955
1955
2375
1886
1816
1956
1885
1886
1816
1886
2374
2794
1955
2445
1886
2305
2375
1885
2374
1885
1886
1886
2375
1956
1956
1886
2375
1886
1955
1886
1886
1956
1955
1956
1886
2445
1886
2445
2375
978
1885
1397
2374
2374
1885
1886
1886
1885
2374
1885
1886
2374
2375
1886
1955
2375
2375
1956
1955
1886
1816
2375
1885
1397
1956
1885
2375
1886
1885
2375
1956
1815
1886
1886
2374
1886
2304
1956
1955
1397
3283
1885
1956
2863
2374
1956
2375
1467
2444
1886
1955
1467
2374
1956
1956
1955
2374
1886
1816
1886
1956
1886
1885
1956
1956
1886
1955
1886
1467
2374
1886
2863
1955
1885
2374
2374
2374
3352
1955
1885
1885
1886
2445
1886
1397
1955
1886
2375
2375
2375
1885
2375
1885
2444
1885
1956
1886
1956
1955
1956
1397
1885
1816
1816
1886
1885
1885
2375
1885
1886
1955
2375
1885
2304
1886
2445
2304
1886
2374
2375
2375
2375
2374
1885
1956
1886
1955
1955
2444
1885
1886
1886
3352
1955
2864
1886
1955
2374
908
1396
1886
2305
3283
2375
1886
978
1955
2444
1956
1956
2794
1886
2445
1886
1886
2445
2863
2445
2793
1886
2374
978
2444
1885
2375
2445
2794
1886
1886
1467
1956
1886
2375
1886
978
1886
2305
1886
1955
1397
1885
2375
2305
1956
1956
2444
1956
1886
2374
1956
1955
2864
1886
1885
2375
2794
2794
977
2375
2793
1396
1886
2374
1956
1397
2374
1955
1955
1955
2374
1955
1886
1955
1885
2445
2305
1956
1955
1885
2375
1885
2793
1956
2374
1885
2374
1956
1466
2444
1885
1886
1955
1956
1955
2444
2304
1397
1955
2864
1886
1885
2374
1955
2375
1956
1886
1886
1956
1886
1886
1886
1956
1955
1886
1885
1886
1815
1885
1885
2444
1955
1955
2304
2305
1886
1885
1885
1886
2864
2375
2444
2933
1886
2374
1816
2374
1886
1955
1886
2375
1885
1886
2374
2863
1886
1956
2304
2445
1956
1886
2374
1885
2374
2375
1885
1886
1816
1886
1956
1885
2305
2444
1886
1816
1955
978
2444
1885
908
2375
1955
2304
2304
1467
1886
1956
2445
3282
1956
14178
1886
1956
1886
2863
2444
1955
1886
1886
908
2374
1956
1886
2375
1886
2305
1886
1886
1816
2374
2933
1886
1956
1886
1885
1956
1886
1956
1886
1886
1815
1885
1886
2305
908
1955
1886
2304
1955
1466
1885
1955
2794
1956
1955
2304
1886
1955
2444
2374
1886
1886
1955
2374
2863
1886
1885
1955
1956
1955
1886
2863
1886
1886
2305
2445
1885
1886
2444
2374
1956
1886
1956
1886
2374
1886
1955
1955
2374
1956
1886
1886
2794
1886
1886
1885
1955
2375
1885
2445
1816
1956
1955
1886
1885
1956
2445
1886
2374
1397
1885
1467
1816
1886
1885
2374
1467
2374
1886
1956
1885
1886
1886
2305
1885
1886
1397
1886
1956
1886
1955
1956
1886
1886
1955
1885
2305
1956
1955
1955
2794
3283
1886
1956
1885
1886
1885
1885
1956
1886
1886
1885
1886
2375
1885
2374
1885
1886
1956
2374
1886
2374
2374
1956
1956
1886
1885
2375
15155
2305
1466
2375
1885
1885
1466
1956
2375
1955
2304
1886
1885
2375
1886
1886
1955
1886
1885
1956
1956
2375
2375
1886
2375
1885
2445
1886
2304
1816
1955
1885
1885
1886
1955
1886
2444
2445
1885
1885
2375
1885
2374
1956
1956
2304
2374
1956
1955
1955
2375
1955
2933
1956
1955
1886
2374
2375
1885
1956
1886
1885
2794
1886
1886
1816
1467
1886
1955
2304
1816
1886
2375
1955
1886
1956
2374
2863
1816
2864
1885
2863
1955
1885
1956
1956
1886
1956
1886
1885
2444
1955
2375
1397
2794
1956
2445
4261
1886
2374
1886
1955
1886
1956
1955
2445
1885
2375
1886
2375
1885
1885
1885
1956
2445
2863
2374
2374
1886
2374
1956
1886
1815
1885
1816
1886
1956
1956
2444
2444
1885
1956
1886
2375
1886
2793
2374
1885
1885
1956
1886
2305
1956
1467
1955
1885
2374
2445
2374
1885
2445
1886
1956
2445
3352
2864
1885
2374
1956
1397
1886
1955
1885
1955
1886
1886
1397
1885
1956
2864
2305
1955
1956
1885
1466
1955
1885
2444
1886
2793
1886
1886
1886
1885
2445
2305
1886
1467
978
1815
1886
1816
1956
1955
2374
1886
1885
1816
1886
1955
1956
2794
1467
1816
2794
2305
1886
1886
1886
1885
1886
1886
1956
1885
2374
1467
1955
1886
1956
1885
1816
1885
1885
1955
1816
1886
1955
1955
1816
2863
1467
1886
1955
1886
1885
1467
1956
1955
1885
1816
1886
1955
1886
2375
1885
1955
1885
1885
2863
1886
1885
1956
1886
1466
1467
1886
1955
1885
1956
2374
1956
1397
1886
1886
1885
1955
2863
1885
2375
1956
2374
1955
