978
1467
1468
1887
1467
1886
1886
1398
1467
978
1467
12507
1886
979
1467
1887
1957
1886
1397
1398
1887
1467
1887
1397
1467
1397
1468
1398
1468
1397
1467
1397
1468
1397
1398
1398
978
1886
1397
1398
1398
1398
1397
1398
978
1397
1467
1398
1817
1398
1956
1468
1398
978
1886
1398
1468
1398
1397
1398
1398
1956
1887
1467
1397
1956
1467
1397
1887
1397
1398
1398
1397
1467
1398
1327
3424
1397
1886
1467
1468
1468
1467
1398
1886
1398
1886
1467
1397
1397
1468
1887
979
1887
2375
1397
14813
1467
1887
1397
1397
25782
1398
978
1887
1467
1467
1397
1886
1467
1467
1397
1467
1398
1467
1398
1397
1467
1468
1467
1887
979
978
1957
2376
1397
1467
1397
1397
1887
1397
2446
1398
1467
1467
1887
1398
1397
908
1887
1468
1886
1468
1886
1398
1467
1468
1467
1398
2375
1468
1397
1397
1467
1398
1397
1957
1467
1886
1467
1398
1467
978
1397
1468
1397
1467
1397
1398
1816
1467
1397
1817
1398
979
1397
1397
1467
1886
2375
1397
1398
1398
1468
1398
1467
1397
1468
1467
1468
1397
1398
1956
2376
1468
1956
909
1397
978
1467
1398
1398
1397
1468
1467
1397
1398
1467
1887
1467
1398
1397
1468
1398
1397
1398
1398
1468
1398
979
1397
1397
1397
1887
1467
1398
1887
1397
1398
1468
1467
1397
1467
1328
1398
1397
1467
1397
1397
1816
1467
1956
1467
1886
1467
1467
1397
1467
1398
1398
1397
1467
978
1398
1956
1397
1398
1398
1957
1886
1467
1467
1467
1398
1957
1467
1398
1886
1886
1398
1467
1467
1398
1887
1397
978
1468
1398
1467
1467
978
1397
1398
1398
1398
1467
1397
1398
1397
2446
1398
1467
1467
1397
1398
1398
978
1397
1467
1397
1397
1467
1398
1467
1397
1467
1398
1887
978
1468
1397
1467
1398
1467
978
1397
1887
1397
1397
1467
1398
1397
1398
978
1397
1397
1957
979
978
1398
1397
1397
1397
1467
1467
2376
978
1397
1467
1397
1397
978
1467
1398
1887
1467
1887
978
1468
1887
1957
1397
1886
1468
1468
1397
2306
2375
1467
1886
978
1467
1397
1886
908
1397
1467
1467
978
2795
1398
1467
1817
1397
1956
1398
1397
1467
1467
1886
1467
1956
1397
1817
1956
1397
1398
1887
1398
1398
1398
1398
1467
1467
1467
1398
1397
2445
978
2305
1397
1956
1956
1887
1887
1887
1467
1398
1467
1468
1398
1398
1397
1468
1467
1956
1957
1328
1397
1398
1398
1467
1468
1398
1956
978
1467
1397
1398
1467
1886
1397
1398
2446
1887
1468
1397
1468
1398
1397
1468
1398
1886
1886
1956
978
1467
1467
1398
1956
1397
1467
1467
1957
1956
1468
1397
1398
1398
1398
1467
1817
1467
1956
1887
1397
978
1957
1397
1887
1468
1397
1467
1398
1468
1398
1398
1398
1467
1467
1887
1467
1397
1398
1467
1397
1468
1468
1397
1467
1467
1956
1397
1328
2375
1397
1467
1886
1398
1397
1467
2375
1397
978
1467
1468
1397
1397
1886
1956
1957
1398
1887
1467
1467
1467
1398
1398
1468
1467
2375
978
1467
1886
1886
1467
2306
1398
1467
1398
1397
978
1467
1467
908
1397
1467
1467
1467
1817
1886
1886
908
1817
1956
1467
1467
1397
1887
1956
1956
1817
1397
1467
1467
1886
1886
1886
1467
1397
1397
1887
978
1817
1887
1398
1397
1398
1816
1887
1956
1397
1467
1397
1467
1397
1467
1886
1397
1398
1467
1397
1957
1467
2446
1957
1816
1816
1397
1398
1398
1887
1397
1398
1817
1467
1467
1397
1468
1887
2376
1397
1467
1397
1467
1398
1467
2376
1468
1468
1886
1467
1886
1886
1398
2375
1468
1886
1467
1816
1467
1467
1397
2376
1397
1398
1468
1887
1887
1467
1957
1397
1397
978
1467
1467
1467
1397
1957
1887
2376
1956
1886
1887
1886
1957
1886
1397
1887
1467
1467
1468
1956
909
2865
1398
1398
1956
1398
1398
978
1467
1956
1397
1398
1468
1398
1398
1887
1467
1397
2934
1398
1956
1887
1887
1887
1398
2376
1467
1397
1468
1468
1886
1467
1468
1467
1886
1886
1398
1397
2376
2794
1887
1468
1398
1467
1467
1887
1467
1467
1886
1467
1397
1887
1397
1397
1468
1398
1397
1467
1467
17747
1467
1467
1397
1398
1398
1957
1468
978
1398
1886
1397
978
1327
1397
1956
1397
1467
1467
2376
2376
1467
1397
1398
1887
1467
1397
1467
1397
1468
1957
1887
1467
1956
2306
1816
1887
2376
1397
2376
1467
978
1397
1397
1398
1886
1397
1467
1397
1886
2375
1956
1957
1468
1957
1397
1956
979
1397
1397
1467
1956
1956
1397
2864
1956
1886
1467
1467
1398
1397
1467
1398
1887
1887
1467
1887
2375
1887
1397
1467
1398
1467
1957
1468
1956
1398
1468
1398
1468
1887
1397
1397
1398
1397
1956
16839
1468
1467
1886
1467
1467
1397
909
1886
1398
2375
2376
1398
1817
1957
1467
1887
1398
2376
1397
4332
1468
1467
1886
1468
1887
1957
2376
1957
1398
1467
1467
1887
1397
1956
2376
1398
1397
1467
1467
1887
1467
1467
1956
1397
1467
1397
1468
1886
1957
1886
1887
1397
1887
1467
1397
1398
1886
1398
1887
1468
1398
1467
1956
1887
2375
1956
1398
1467
1398
1887
1817
1467
1398
1397
1467
1397
1467
978
1468
1468
1887
1397
1468
1468
1397
2376
1467
1886
1886
1467
1886
2446
1887
1398
1467
1398
1887
2376
1397
1956
1397
1397
1467
1468
1397
1397
1467
1397
1397
1887
908
978
1467
1886
1398
1398
1467
1887
1467
1397
1467
1816
1398
1398
1956
1397
1886
1886
1397
1887
1816
1956
978
1468
1956
1468
1467
1887
1398
1467
1397
1956
1397
1467
1397
1467
1397
1887
1397
1817
1886
1886
1467
1397
1397
1957
1887
1887
1887
1397
1467
1887
1886
1467
1467
1886
1467
1397
1957
1886
1887
1957
1956
1886
1887
1467
1887
2376
1887
1467
2376
1397
1397
1467
1467
1886
1397
1397
1467
1397
1397
