1956
1887
1886
1886
1956
2375
978
1398
2305
1956
1467
1956
908
1397
1886
1886
1886
909
1886
1467
1956
1886
1886
1886
1956
1467
1886
1886
1886
1886
1886
1956
1886
1886
1467
1886
1886
2305
1397
1397
1397
1467
908
2445
1467
1397
1956
1956
908
1397
1467
1467
1467
2375
1886
1887
1886
1887
1886
1956
1886
1956
1397
1886
1467
2375
1956
1886
1397
1956
1886
1955
1956
1956
1397
1956
2445
1956
1956
1886
1956
1886
1397
1467
1886
1467
1397
1886
1398
2794
2375
1816
1397
1887
1886
1886
1956
1397
2375
1467
1887
1397
1956
1886
1956
1467
1816
1886
1956
1956
1467
1397
1886
1398
1886
1397
1886
1956
1467
1886
1886
1886
1886
1397
1886
1886
1955
1886
1397
1467
1886
1886
1467
1886
1467
1886
1886
1467
1397
1886
1467
1817
1467
1397
1956
1467
1886
1467
1467
1467
1886
1956
1467
1467
1956
1397
1886
1886
1887
1816
1887
1397
1467
1956
1886
1886
1956
1886
1397
1467
1956
1956
1397
1467
1886
1886
1886
1397
1817
1467
1397
1955
2445
1956
978
1956
1397
2375
1956
1886
1467
1886
1397
1397
1397
1886
1956
1398
1886
1886
1956
1467
1397
1397
1397
1886
2375
2375
1886
1886
1397
1467
1467
1886
908
1956
1467
1956
1886
1466
1886
1397
1467
1397
1467
1816
1886
1467
1467
1886
1467
1397
1467
1397
1397
1397
1887
1956
1467
978
1467
1397
1886
1886
1466
1398
1886
1955
1397
1886
1467
1467
1397
1467
1816
1397
1886
1956
1886
1397
1816
1467
1886
1397
1467
1398
1398
1467
1886
1467
1467
1887
1398
1397
1467
1467
1467
1886
908
1956
1467
1467
1956
1886
1397
1816
1816
1467
1956
1397
1397
1398
1397
1886
1956
1397
1467
1886
1886
1397
1397
1887
1397
2375
1467
1397
1886
1467
1467
1956
1397
1887
1886
1397
1467
13342
1397
1467
1397
1886
909
1956
1956
1887
1397
1397
1467
1467
1397
1397
1956
1816
1956
1886
1467
1886
1887
1467
8523
1467
1956
1467
1886
2444
1816
1467
1467
1467
1397
1467
1398
1956
1397
1467
1467
1467
1398
1397
1467
1397
1467
1956
1956
1886
1887
1467
1397
1397
1397
1886
1467
1397
1467
1397
1816
1467
1886
1397
1467
1397
1397
1397
1956
1886
1816
1886
1397
1886
1467
1816
1397
1467
1816
1398
1397
1467
1886
1467
2376
1467
1397
1397
1886
1467
1397
1956
1886
1886
1886
1398
1467
1886
1397
1467
1886
1397
1956
1467
1887
1956
1956
1956
1816
1467
1467
1956
1467
1467
1956
1397
2445
1956
1886
1956
2375
1956
1816
1886
1397
9081
1816
1397
1397
1467
908
1886
1467
1467
1956
1956
978
1956
1467
1397
1467
1397
1817
978
908
1886
1397
1397
1467
1886
1397
1397
1397
1398
1886
1397
1467
1467
1397
978
1397
1886
1467
1467
1467
1886
1467
1816
1956
1467
1886
1886
1886
1886
1397
1397
1956
1467
2445
1467
1817
1467
1397
1886
1467
1397
1397
1467
1886
1886
1397
1397
1467
1467
1397
1397
1467
1467
1886
1467
1397
1397
1467
1467
1886
1956
1467
1397
1886
1397
1467
1467
1886
1397
1397
1397
1467
1467
1467
978
1397
1397
1397
1467
1816
1467
1397
1467
1397
1467
1467
1886
1397
1397
1467
1397
1467
1467
1467
2375
1397
1886
1467
1397
1467
1397
1397
1467
1397
1397
1956
1398
1467
1467
1398
1397
1467
1467
1886
1467
1398
1956
1956
1397
1467
1886
1467
978
1467
1467
1467
1397
1467
1886
1467
1397
1886
1467
1467
1397
1886
1397
1886
1886
1467
1956
1467
1467
1397
1467
978
1886
1397
1467
1467
1397
1886
1467
1467
1886
1886
1466
1467
1467
1467
1467
1397
1886
1467
1886
1816
1397
1397
1467
1397
1397
1397
1887
1886
1467
908
1398
1956
1397
1886
1397
1886
1397
1886
1397
1956
1397
1398
1956
1886
1816
1467
1467
1467
1397
1397
1467
1467
1467
1467
1887
1467
2444
1467
1467
1467
1886
1397
1816
1956
1886
1886
978
1886
1467
1467
1886
1816
1397
1467
1886
1956
1397
1886
1886
1467
1467
1467
1467
1817
1467
1398
1467
1398
1956
1886
1467
1467
1817
1887
1397
1398
978
1467
1467
1467
1956
1397
1886
1398
1816
1397
1886
1956
2376
1467
1886
1467
1886
2864
1467
1397
1467
1467
1886
1886
2934
1467
1816
1956
1887
1467
1397
1467
1956
1886
1886
1397
1397
1886
1397
1956
1467
1467
1397
1887
1816
978
1886
1887
1397
1886
1886
1956
1397
1467
1467
1397
909
1467
1467
1886
1467
1886
1886
1467
1397
1956
1397
1886
1956
1886
1956
2305
1886
1397
1956
2375
1816
1956
1886
1886
1467
1886
1886
1886
1467
1886
1467
1817
1956
978
1886
1886
1467
1397
1397
1887
1397
1956
1886
1467
1956
1467
1816
1886
1956
1887
908
1956
1397
1816
1817
1886
1887
1887
1956
1467
1397
1397
1467
1956
1886
1886
1397
1886
1956
1467
1956
1328
1467
1397
1467
1397
1956
908
1886
1886
1467
1886
1886
1397
1956
1467
1886
1886
1397
1956
1467
1956
1956
1397
1397
1467
1467
1887
1886
1956
1467
1467
1467
1467
1467
1886
1886
1466
1467
1956
1956
1467
1956
1397
1956
1467
1467
1398
1467
1886
1886
1467
1887
2375
1956
1398
1956
1886
2376
1397
1467
1956
1886
1886
1886
1466
1886
1886
1886
1397
1467
1397
1956
1817
1956
1467
1956
1886
1956
1467
1467
1956
1886
1886
1956
1467
1886
1956
1886
1886
1956
909
1886
1467
1886
1816
1956
1886
1467
1467
1397
1397
1467
908
1956
1467
1816
1467
1886
1467
1886
1956
1886
1956
1817
1397
1397
1886
1398
1886
1886
1886
1887
1397
1397
1467
1467
1467
1886
1886
2445
1397
1397
1956
1816
1886
1467
1886
2375
2375
1956
1956
1886
1397
1398
2375
1397
1886
1467
1397
1887
1398
1956
5240
1397
908
1397
1467
1886
1886
1397
1467
1467
2444
1886
1467
1467
1886
1397
1397
908
1467
1886
