1467
1398
1467
1956
1467
1467
1397
1397
978
1397
1886
1467
1398
1398
1886
1397
1398
1397
2305
1956
1397
1467
1887
1956
1397
1397
1956
1956
1886
1467
1397
1887
1397
1887
1467
1887
1956
978
1887
1956
9990
1467
1467
1398
1956
1397
1886
1467
1467
1886
1397
1397
1467
1816
1467
1467
1887
1467
1397
978
1398
1398
1816
1886
1886
2375
1886
1467
1398
1397
1956
1467
2375
2375
1467
1886
1467
1956
1886
1467
1886
1816
1398
1468
1467
1467
1397
1956
1886
1467
1467
1397
2864
2864
2445
1886
1956
1886
1956
1956
1467
1467
1887
1467
1467
1956
1887
1467
1886
1956
1467
1397
2376
1398
978
1467
1956
1886
1956
1397
2375
1467
1467
1397
2305
1886
1467
1887
1886
1467
1956
1886
1397
1887
1887
1397
1467
2375
1886
1467
1397
1816
1397
1886
1397
1397
1886
2375
1886
1886
1887
1956
1467
1397
1887
1467
1886
1467
1886
1886
1397
1886
1397
1886
1886
1397
1886
1397
1397
1956
1886
1956
1467
2375
1886
1468
908
1956
1467
1397
1397
1816
1467
1467
1956
1397
1817
1816
1886
1886
1956
908
1467
1467
1467
1397
1397
1956
1397
1467
1467
1397
1397
1886
1467
1956
1398
1397
1398
1467
1467
1398
1886
1397
1956
1467
1467
1397
1886
1886
1886
1886
1887
1956
1398
1956
1956
1397
1467
1467
1397
1397
1956
1956
1956
1467
1397
1397
1886
1397
1956
1886
1467
1956
1397
1886
1397
1956
1816
1397
1397
1467
1886
1886
1956
1886
1397
1397
978
2375
1956
1397
1886
1467
1886
1956
1956
1887
1467
1398
1397
1886
1467
1886
1886
1467
1467
1956
1397
1397
1467
1397
1816
1956
1397
1467
1397
1886
1886
1467
1467
1817
2864
1886
1397
1468
1816
1398
1886
5170
1467
908
1956
1397
1467
1467
1467
1397
1886
1886
1816
1397
1956
1886
1956
1467
978
1467
1398
1886
1886
1886
1956
1886
1467
1397
1886
1956
1467
1886
1467
1817
1397
1467
1467
1956
1397
1886
1956
1817
1397
1467
1886
1886
1397
1956
1886
1467
978
1886
1887
1397
1886
1956
1467
1468
1887
1886
1397
1886
1886
1956
1397
1956
1956
1397
1886
1467
1886
1886
1467
1887
1467
1467
1397
1398
1467
1886
978
1956
1816
1397
1467
1397
1956
1397
1397
1467
1817
1467
1887
1397
1886
1467
1467
1467
1467
1957
1397
1886
1397
1467
1467
1397
1397
1398
1398
1887
1956
1467
1956
1956
1467
1467
1467
1397
1956
1467
1956
1886
1397
1397
1886
1886
1956
1956
1397
1398
978
1467
1886
1467
1956
1467
1467
1467
1398
1467
1398
1398
1886
1397
1467
1886
1467
1397
1398
1467
1397
2865
1956
1887
1467
1397
1956
1397
1397
1397
1397
1397
1397
1397
1467
1397
1886
1467
1467
1886
1886
1467
1397
1467
1468
1886
1956
1816
1397
1956
1886
1467
1887
1956
1886
1467
1886
1397
1467
1397
2375
1467
1397
1467
1467
1397
1397
1886
908
1886
1886
1398
1956
1956
1397
1467
1957
1397
1816
1397
1397
1398
1886
1956
1956
1398
1398
2375
1956
1398
1397
1397
1397
1467
1886
1397
1886
1886
1397
1887
1467
1467
1816
1886
908
1397
1397
1886
1397
1886
1397
1886
11596
1956
1397
1956
1397
2375
1957
1397
1886
1397
1397
1886
1956
1397
1956
1397
1816
1397
1467
1467
1397
1956
1397
1467
978
1467
1397
1397
1886
1398
1397
2375
1467
1397
1397
1467
1398
1467
1886
1397
1817
1467
1467
1886
1467
1467
908
1467
1397
1886
1886
1957
1467
1886
1467
1397
1468
1397
1886
1467
1467
1467
1816
1467
1397
1467
1397
1397
1397
1886
1397
1956
1817
1886
1397
1886
1467
1886
1467
1467
1467
1468
1887
1467
1956
1467
1956
1956
1467
1397
1397
978
1398
1817
1397
1397
1397
1397
1467
1397
1397
1467
1886
1467
1467
1886
1397
1397
1467
1397
1887
1467
1467
1886
1397
1467
1467
1886
1467
1956
1467
978
1467
1467
1956
1467
1398
1886
1468
1886
1397
1467
1467
1467
1957
978
1886
1886
978
1886
1956
908
1886
1886
1467
1467
1397
1886
1467
1467
1467
1467
1886
1886
1467
1397
1467
1886
1397
1397
15369
1887
1886
1467
1467
1397
1467
1816
1467
1397
1886
1467
1397
1397
1886
1467
1886
1467
1816
1467
1397
1886
1397
1467
1397
1886
1467
1956
1397
1886
1887
1467
1467
1467
1467
1956
1887
1957
1886
1398
1886
1956
1467
1886
11317
1886
2375
1886
1397
1397
1886
1467
978
978
1886
1886
1956
1886
1886
1886
1398
1467
1956
1467
1397
1956
1886
1956
1956
1886
1886
1886
978
1886
1467
2306
1397
1467
2305
1467
1886
1467
1816
1397
1956
978
2375
8034
978
1397
1468
1467
1887
1467
1397
1956
1956
1467
1397
1956
1397
1397
1397
1956
1886
1956
1886
1956
1956
1397
1817
1467
1397
1956
908
1886
1467
1886
1886
1467
1397
1467
1886
1398
1467
1467
978
1886
1817
1886
1467
2375
1467
1957
1886
1886
1397
2375
1957
1467
908
1887
1886
1956
1956
1397
1956
1467
1956
908
1886
1886
1886
1956
1886
1956
1886
1956
1467
1956
1886
978
1887
1397
1397
1467
1467
1817
1956
2375
1397
1886
1887
1886
2305
1886
1956
1886
978
1886
1467
1887
2305
1956
1886
1956
1886
1956
1467
1467
1886
1886
2934
1957
1886
1467
1817
1886
1886
2375
1467
1886
1397
1397
1886
1886
1397
1956
1886
1886
2375
2375
1956
1956
1956
1956
1886
1956
1398
1956
1956
1886
1956
1467
1956
1397
1467
1816
1956
1956
1887
1886
1397
1397
1397
27175
1467
2375
1886
1957
1956
1956
1467
1887
1467
2445
978
1886
1886
1886
978
1886
1397
1397
1397
1956
1467
1956
1886
1816
1397
1398
1887
1886
1886
1887
1467
1816
1886
1398
1956
1886
1467
1467
1467
1397
1886
1886
1467
1886
1956
1467
1956
1397
2445
1887
1956
1887
1956
1886
1886
1886
1397
1956
1886
1886
1467
1467
1397
1886
