1467
1467
1886
1398
1887
1887
1468
1467
1397
1467
1467
1397
1397
1397
1397
1467
1397
1397
1468
909
978
1817
1467
1467
2446
1956
1467
1467
1397
1887
1467
1398
1886
1467
1887
1467
1467
1887
1398
1468
1467
1398
1467
1887
1397
1398
1467
1398
1397
1398
1398
1397
1397
1397
1398
1468
1467
1397
1397
1468
2376
1467
1956
1468
1398
1398
1886
1887
1468
1397
1467
1467
2376
1398
1397
1397
1467
2376
1397
1398
1886
1886
1886
1468
1467
1468
1397
1467
1397
2376
1467
1468
1467
1398
1468
1887
2445
1398
1398
2305
1467
1398
1468
1397
1398
1398
1467
1468
1467
1467
1397
2446
1886
1397
1397
1397
1886
1397
1957
1468
1398
1397
1467
1467
1468
24314
1467
1467
1397
1397
1398
1467
1886
1467
1886
1468
1886
1887
1817
1397
1956
1397
1467
1468
1467
1467
1467
908
1468
1468
1467
1956
1956
1956
1886
2375
1398
1397
1468
1887
1467
1398
1397
1467
1397
1467
1397
1398
1956
1467
1467
1397
1467
1817
1397
1398
1397
1398
1887
1398
1467
1397
1398
1397
1397
1397
1468
1887
1887
1467
1398
1467
1886
1467
1467
1468
1468
1467
1468
1397
1397
1887
1887
1397
1397
1397
1397
1886
2376
1468
1398
1956
978
1887
1397
1886
1887
1467
1397
1397
2306
2376
1467
1467
1398
1398
1467
1956
1468
1398
1467
1467
1398
1467
1467
1956
1397
1817
1467
1467
1468
1956
1467
909
1398
1467
1886
1397
1467
2375
1956
1467
2306
1886
1468
1398
908
1398
1397
1467
1397
1467
2376
1886
1467
1397
1398
1467
1467
1887
1397
1817
1887
1468
1397
1957
2375
1467
1468
1397
1467
978
1467
1397
1467
1887
1468
1467
1886
1397
1886
1956
1956
1886
1397
1397
1398
1397
1398
1468
1398
1886
1468
1397
3353
1397
1467
1397
1397
1397
1397
1467
1467
1467
1467
1887
1887
1398
1397
1467
1887
1886
1468
1956
1887
1397
1467
1398
1886
1398
1397
1467
1468
1467
1398
1957
1467
1397
1468
1397
1886
1886
1397
1397
1397
1956
1887
1468
1468
1397
1956
1886
1397
1467
1397
1398
1467
1397
1467
1886
1886
1957
1886
1468
1886
1398
1886
2376
1467
1468
1397
1467
1467
1886
2375
1397
1397
1886
1397
1397
1956
1467
1467
1467
1468
1886
1887
1467
1886
2376
1328
1397
1886
1397
1398
1468
2445
1467
1468
1886
1397
2305
1398
1398
1467
1956
1397
1467
1956
1397
1398
1467
1397
2375
1887
1398
1887
1467
1398
1397
1887
2865
1467
1467
1467
1886
1398
1397
1816
1398
1467
1468
1398
1397
2376
1398
1398
1468
1397
1886
1398
1467
1886
1467
1398
1956
1816
1886
1887
1886
1887
1817
1886
1468
1467
1816
1467
2306
1467
1886
1887
1467
1467
1397
1467
1886
978
1468
1886
1397
1398
1398
1886
1887
1397
1887
1956
1956
1817
1887
1467
1956
1886
1956
1467
1468
1467
1468
1467
1398
1398
1467
1398
1467
1398
1467
1468
1887
1468
1467
1957
1397
2375
1886
1468
1398
1467
1886
1467
1467
1468
1397
1467
1467
1956
1467
1956
1397
1467
1398
1886
1468
1468
1398
1397
1397
1397
1468
1397
1956
1467
1397
1397
1397
1398
1886
1467
1398
1467
2864
1467
1467
1397
1957
1886
1886
1467
1397
1398
1467
1468
1397
1397
1397
1467
1468
1397
1957
1467
1397
1467
1886
1886
1956
1467
1887
2306
2376
1397
1467
1467
1398
2376
1467
1467
1887
1956
1887
1816
1886
1957
1887
1887
978
1467
1397
1467
1887
1467
1398
1398
1887
1468
1398
1467
1468
1398
1398
1468
1397
1467
1467
1467
1886
1397
1398
1397
1397
1398
2306
1468
1398
1468
2445
1887
1397
1887
1468
1397
1397
1468
1397
1468
1468
1397
2376
1398
1467
1397
1398
1468
1468
1886
1468
1887
1467
1397
1887
1468
1887
1468
1467
1398
1467
1397
1397
1957
1817
2375
1467
1467
1398
1398
1398
1467
1397
1467
1398
1467
2375
1468
2446
1886
978
1956
1886
1467
1886
1397
1887
1467
1467
1817
1397
1397
1468
1817
1398
1397
1398
1467
1467
1467
1956
1468
1468
1398
1467
1397
1467
1467
1397
1886
1467
1887
1467
1398
1817
1468
1467
1397
1468
1956
2376
1467
1956
1397
1886
1886
978
1467
1397
1468
1467
1886
1886
1957
1467
1468
1398
1887
1398
1397
1397
1398
1397
1467
1398
1397
1467
1398
979
1398
1467
1397
1467
1468
1468
1397
1817
1467
1398
1467
1398
1397
1467
1468
1397
1468
1398
1467
1468
1467
979
1397
1398
1398
1397
1397
1398
1956
1397
1397
1467
1887
1817
1468
1467
1468
1887
1468
1397
1398
1468
1397
978
1397
1397
1397
1467
1398
1397
1468
1397
1397
978
1397
1398
1467
1468
1468
1397
1397
1398
1397
1886
1397
1397
1397
1398
1886
1887
1468
1467
979
1398
1956
1467
2375
979
1398
1397
1467
1397
1398
1887
1468
1398
1397
1467
1398
1467
1886
1467
1467
1397
978
1397
1817
1398
1467
1467
1398
1397
1468
1467
1467
1397
1468
1887
1397
1467
1397
1467
1467
1467
1397
1468
1397
14254
1886
1467
1397
9013
1467
1887
978
1468
1398
1397
1467
1397
1468
1397
1467
1397
1398
1467
1397
2445
1467
1467
1467
1467
2375
1397
1397
1397
1956
1956
1397
1887
1467
1886
1816
1398
1397
1886
1887
1397
1468
1467
1956
2446
1956
1397
1887
1956
1467
1467
1886
1886
1886
1887
1887
1956
1957
1886
1886
1468
1467
1398
1398
1887
1398
1956
1886
1886
1467
1467
1956
1467
1886
1397
2376
978
1956
1467
1886
1467
1398
1467
1956
1886
1467
1886
1956
1398
1956
2446
1887
1467
1397
1467
1397
1397
1956
1886
1397
1398
1956
1398
1467
1467
1886
1887
1397
1957
1467
1467
1886
1887
1886
1887
1467
1886
1397
1467
1887
1398
1887
1887
1468
1467
1398
1887
1468
1398
1467
1467
1398
1397
1398
1467
1887
1468
1467
1817
1468
1397
2445
2376
1467
1887
1398
1467
1887
1467
1397
1887
