1467
979
1816
1397
1397
1398
1398
1887
1816
1398
2375
1397
1467
1467
1397
1887
2306
1467
1887
1467
1467
1887
2376
1467
1398
1397
1467
1397
1467
2375
1397
1468
1398
1397
1467
1467
1817
1467
1467
1467
1886
1467
1397
1397
2305
1467
1467
1398
1467
1468
1397
1397
1467
1886
1398
1886
1397
1817
1956
1887
1467
1467
2445
1887
1398
1397
1467
1468
1887
1467
1398
1956
1956
1886
1886
1887
1886
1467
1398
1397
1817
1468
1886
1886
1816
1816
1467
1956
1467
1886
1467
1467
1397
1887
1397
1956
1957
1886
1886
1956
1397
1467
1398
1397
1956
2445
1886
1398
1468
1398
1886
1397
1398
1957
1886
1397
1397
1397
1467
1887
1468
1468
1467
1397
1467
2446
2376
1398
2375
1467
1467
1397
2306
1397
1467
1467
1397
1886
1397
1467
1398
1886
1467
1886
1397
1887
1467
2795
1467
1397
1467
1397
1397
1467
1467
1397
1397
1397
2445
2375
1397
2375
1886
1887
2445
1886
1397
1398
1397
1817
1467
1467
1467
1467
1886
1397
1817
1467
1467
1887
1467
1817
1957
1886
1956
2375
1467
1467
1397
1397
2445
1397
1467
1397
1397
1468
1397
1467
1397
1467
1467
1398
1467
1816
1467
1467
1467
2375
2375
1887
1886
1397
1467
1397
1956
1956
1397
1468
1397
1398
1467
1956
1397
1887
1886
1398
1467
2445
1956
1397
2375
1468
1467
1397
1468
1956
1398
2375
2375
1956
2375
1397
1467
2305
1887
2376
1467
1956
1397
1467
1397
1398
2864
1468
1397
1467
1397
2375
1397
1397
1467
1956
1467
1398
1887
1397
1467
2375
1467
1467
1397
1886
1397
1886
1467
1467
1467
1397
1397
1397
1397
1398
1398
1467
1956
1886
1467
1397
1467
1887
1467
1468
1467
1886
1397
2375
1397
1467
1467
1956
1467
1886
1398
1467
978
1397
2376
1398
1398
1886
1397
1467
1397
1467
1467
1397
1467
1398
1397
1467
1397
1467
1397
1468
1467
1398
1397
1467
1398
1397
978
1467
1398
1398
1397
1398
1956
1467
1398
1397
1886
1398
1956
1467
1397
1397
1397
1397
1467
1467
1397
1398
1397
1467
1467
978
1397
1397
1467
1956
1397
1467
1886
1398
1398
1397
1887
1397
1467
1468
1467
1397
1468
1467
1467
1397
1467
2376
1886
1886
1467
1957
1397
1397
1886
2375
1957
1887
1956
1467
1956
1467
1467
1886
1887
1467
1398
1886
1887
1957
1887
1468
1957
1956
1956
1886
1887
1887
1398
2445
1397
1467
1398
1397
1397
1467
1397
1886
1467
1397
1887
1468
1397
1398
1467
1397
1398
1397
1397
1397
1468
1397
1397
1956
1887
1467
2375
2375
1467
1886
1467
1398
1467
1887
1397
1468
1957
1887
1467
1397
1397
1467
1397
1397
978
1398
1467
2865
1398
1467
1467
1467
1467
1397
1397
1397
1467
1397
1397
1956
1467
1397
1397
1398
1886
2375
1468
1397
1467
1886
1397
1956
2375
1397
1397
1397
1467
1887
1397
1887
1397
2306
1397
1886
1397
1397
1956
1467
1397
1397
1397
1886
1886
978
1467
1956
1887
1398
2445
1886
1467
1397
1467
1397
1467
1397
1397
1467
1397
1398
978
1886
1886
2305
1467
1467
1467
2445
1397
1816
1957
1467
1467
1467
1817
1467
978
1467
1886
1467
1956
1397
1467
1397
1467
1887
1467
1886
1468
1397
1956
978
9571
1467
1467
1467
1467
1397
1468
1956
1886
1886
1397
1467
1886
1467
1468
1397
1467
1467
1397
1467
978
1467
1467
1397
1467
1887
1467
1397
1467
1397
1397
1397
1398
1398
1467
1467
1467
1397
1397
1467
1397
1397
1467
1398
1397
1397
1467
1467
1468
1397
1886
1467
1468
1398
1816
1397
1467
1398
1816
1397
1397
1468
1468
1467
1398
1467
1397
1397
1397
1467
1397
1398
1956
2305
1467
1397
1467
1467
908
1397
1467
1886
1886
1887
1467
1398
1467
1467
1397
1398
1467
1397
1467
1397
1886
1397
1397
1467
1467
1886
1887
1886
1397
1467
1398
1397
1398
1467
1397
978
1886
1397
1467
1398
2375
1467
1467
1467
1397
1467
1957
1397
1886
1397
1957
908
1398
1467
2376
1398
1886
1397
1397
978
1397
1397
1956
1886
1886
1398
1397
1398
1887
1398
1956
1886
1886
1397
1467
1956
1397
2376
1467
1886
1886
1887
1398
1397
1397
1398
1467
1467
2375
1886
1467
1467
1467
2376
1887
1397
1398
1467
1887
1397
1467
1467
1397
2375
978
1397
1887
1467
1887
1886
1467
1467
1887
1957
1397
1956
1886
1956
1397
1467
1397
1886
1397
1467
1886
1887
2445
1397
1467
1397
1468
1398
1887
1886
2865
1467
1397
1467
1397
1397
2375
1397
1397
2375
1467
1397
1397
1398
1398
1467
1397
1467
1397
1956
1886
1467
1398
1397
1397
1398
1467
1956
1886
1397
1397
1397
1397
1397
2305
979
1467
1468
1886
1397
1398
8942
1397
2375
1887
1957
1886
1956
1398
1397
1467
1397
1956
1397
1397
1397
1467
2376
1397
1397
1467
1397
1816
1467
1397
1397
1397
1956
1956
1468
1886
1886
1467
1468
1467
1956
1816
1397
1468
1468
1467
1397
1467
1467
1956
1398
1956
1957
1886
1397
1397
1398
1467
1467
1397
1397
1468
1467
1397
1397
1467
1397
1467
1398
978
1467
1467
1467
1467
1398
1816
1397
978
1397
1397
1398
1397
1886
1398
1467
1398
1398
978
978
1467
1397
1467
2306
1467
1467
1467
1398
1886
1467
1397
1467
1397
1956
1956
1467
2446
1397
1886
1886
978
1397
1397
1467
1467
1956
1397
1397
1467
1467
1397
2445
1467
1397
1467
1467
1397
1468
2375
1397
2306
1397
1887
1397
1398
1467
1397
1397
1467
1397
1467
1467
1467
1397
2376
1467
1397
1467
1467
1886
1397
1398
1467
1467
1886
1398
1467
1886
1397
1397
1467
1817
1886
1886
1397
1398
1817
1816
1467
1397
1397
1886
1886
1397
1467
1397
1397
1886
1467
1397
1886
1397
1956
1887
1327
1956
1956
1886
1398
1467
1467
1398
1467
1398
1956
1467
1397
1467
1467
2375
1887
1956
2376
1467
1397
1467
