1397
2234
1955
2304
1955
2794
1955
1886
2375
1885
1956
1956
1886
2863
1816
1956
1955
1886
1885
2864
1955
2375
1956
2374
2305
2863
2863
1956
2794
2375
1956
2863
2304
2374
1886
1886
1955
1886
2933
1955
2444
1397
2305
1885
1886
1956
1956
2374
2863
2863
2374
2444
1955
1956
1886
2863
3282
1816
2864
1955
1886
1885
1955
1886
1885
1816
1956
1885
1885
1816
1886
1886
2375
1886
1886
1956
2444
2444
1886
1816
1885
1886
2933
1885
2375
1885
2304
2375
2933
2864
2445
1885
2864
2375
1886
1886
1956
1956
1886
1886
1886
1886
1956
1886
1886
1956
1886
2793
2304
2374
1886
1885
2375
1886
1885
1955
1955
1886
1956
2445
2374
2724
1956
1886
1886
1956
1956
2375
2863
1886
2374
2374
1886
1886
17180
2864
2933
1955
2374
2375
1886
3353
1886
2375
2305
1886
1955
1886
2374
1886
1886
2375
2375
2374
1886
1886
2304
1886
1816
1816
1885
2374
1956
1955
1886
1885
1886
1467
1816
1955
2375
2445
1886
1956
1955
1886
1467
1956
1955
1886
2444
1955
1886
1885
2445
1816
2375
2445
1886
1955
2375
977
1886
1815
1955
1466
1955
1955
1886
2305
1886
2374
2374
1886
1955
1885
2305
1956
1816
1955
1886
1956
1955
2375
1885
2933
1885
2445
1886
2375
1886
1886
1886
1886
1885
1816
1956
1886
1955
2444
1815
1955
1955
1956
1886
1816
1885
1885
1886
1956
1885
2375
1886
1886
2305
1885
2933
1885
1956
1955
1955
2375
1885
1886
2375
1466
2444
1956
1397
1956
1956
1955
2444
1886
1886
1885
2794
2863
2374
2864
1886
1956
1955
2374
1886
2374
2444
1885
2444
1956
1886
2445
2445
1885
2375
1886
1886
1885
1886
1886
1886
1955
1885
1886
1886
1955
1885
1886
1886
1885
2305
1816
2794
1956
1955
2444
1956
1955
2444
1956
1886
1955
1886
2375
2375
1885
1886
1956
2375
2375
2374
1885
2374
1886
1956
2305
2445
1886
1816
1956
1815
1466
2374
1885
1956
2304
1466
1886
1885
2375
2375
1885
1885
2374
2374
2375
1885
1396
3283
1955
1886
2374
1886
1955
1955
2375
2304
1956
1956
2374
1885
1885
1955
1955
1886
1885
2305
2374
1955
1467
1885
1955
1885
1886
2375
1886
1886
1886
1885
1885
2304
2445
1886
2374
1886
1886
2863
2305
1885
1885
1886
1886
2445
1955
1886
1886
1955
1956
1955
1886
1885
1956
1885
1886
1956
1815
1816
2933
2374
1885
1956
1955
1885
1886
1955
1956
2374
2375
1886
1956
1886
1955
2375
2863
1955
1816
1816
1467
1955
1886
1955
1886
1956
1886
1955
1886
2933
1956
1955
1886
1955
1956
2375
1956
1886
2933
1885
1885
1956
1886
1886
1956
1816
1956
1955
1956
1815
1955
2375
2863
2934
1956
1885
1886
1886
2375
2793
1886
978
2444
1955
2375
2305
1955
2793
1885
1886
1816
1885
1886
1955
1885
1886
1467
1886
1955
2375
1886
1886
2375
2375
2375
1885
1955
2375
2374
2305
1955
2304
1886
1886
1955
3701
1956
1886
2444
5168
2374
2375
1955
1816
1886
1955
2374
1886
1886
1886
1955
1955
2375
1956
1886
2304
2375
1886
1955
1886
2374
1886
2374
1956
2305
1956
1956
1816
2375
1955
1886
2375
2375
2374
2375
1886
2444
2305
1956
1885
1955
1885
2444
1886
1955
1885
2375
1955
2375
1885
1886
1956
2305
3282
1956
1886
2375
1886
1886
1885
2864
2375
2374
2375
1955
1885
1886
2863
1956
2863
1816
2374
1955
2374
1886
1886
1956
1955
1886
1955
1885
2374
1886
1956
2445
2375
1467
1955
16062
1886
2864
2375
1955
1956
1886
908
1885
2374
1955
1885
2445
1885
2445
2444
1885
2374
1956
2863
1955
1956
2794
1886
1886
1816
2444
2305
1886
1885
1956
2863
1886
2375
1886
1886
1886
1886
1886
2374
1955
1885
1956
1886
3911
1955
1955
1886
2305
57756
1885
2794
1955
1816
1885
2374
1955
2304
1467
2445
1885
1956
1956
2374
1956
1885
2305
1955
2374
3841
2304
2374
2305
1815
1885
1955
1956
1886
1955
2863
2374
2863
2375
2375
2374
1956
2794
2445
1885
2304
1886
1886
2374
1955
2793
1956
2444
1886
1886
1886
1886
1955
2305
1956
2863
1885
1886
1886
1885
1886
2445
2375
2305
1955
1886
1886
3352
1886
2445
2863
1886
1886
1885
2304
2375
1886
2374
1955
2374
1955
1885
1956
2304
1886
2374
1816
2305
1956
1886
1885
2375
1955
1886
1955
1955
3282
2444
2793
1885
1816
2933
1886
2375
2375
1886
2863
2793
1886
1956
2444
2864
1885
1397
1816
1886
1955
1955
1815
1886
1885
2863
2864
1956
1886
1956
1955
2375
1886
2444
1956
1886
1955
1955
1815
1886
1955
2375
1397
1956
1815
1885
2374
2445
2374
2444
2794
1956
1886
1956
2375
1955
2933
1885
2444
2444
1886
1885
1955
1886
2375
1885
1886
1885
1885
1885
19555
1886
1885
1955
2305
2863
2374
1886
1886
1886
1955
1886
1886
1886
2374
1955
2375
1955
2305
2305
1886
1886
1955
2374
1885
1886
2305
2375
2374
1955
1815
1467
1955
1886
1886
3352
1956
2375
2374
1886
1956
1955
2794
2374
1886
1886
1955
1886
1886
1886
1886
1886
1955
1886
2863
1885
1956
2375
1955
1955
2375
1955
2444
1955
1886
1886
1955
1816
2304
1816
1885
1885
1886
1955
1815
1886
1955
1956
1885
2445
2864
1885
1885
1885
2375
1956
1885
2375
2374
2375
1886
1816
1886
1886
1886
2375
1955
1886
1955
1885
1886
1886
1886
1956
2445
1885
3352
3282
2305
2445
1955
1955
1886
1956
1886
1886
1466
1956
1885
2793
2374
2864
2375
2375
1955
1885
1885
2375
2305
2375
2374
1886
1886
1885
1886
1955
1886
1956
2444
1886
1886
1886
1956
2305
1885
1886
1885
2445
1886
2375
2305
3352
1955
1467
14178
1956
1955
1886
2864
1886
1885
1885
1885
1886
1956
1956
2375
1955
2374
1955
2304
2374
1885
1397
2374
2305
1886
1955
1886
2375
2793
1886
1886
2305
1955
1466
1886
1956
2374
2863
