1397
1397
1467
1886
1956
1467
1397
1886
1886
1956
1956
2375
1887
1886
1397
1467
1956
1887
1467
1886
1467
1956
1467
1397
1397
1886
1956
1956
1886
1886
1886
2375
1886
1397
1956
1816
1956
1886
1397
1886
1886
1467
1397
1397
978
1886
1886
1955
1467
1467
1956
1886
1467
1886
1398
1467
1956
1956
2864
1397
1956
1887
1886
1955
1956
1886
1886
2375
1956
1398
1467
978
1955
2305
1886
1886
1467
1467
1467
1886
1956
1886
1816
2375
1956
1467
1886
1886
1887
978
4750
1955
1467
1956
978
1817
1886
1956
1886
1817
1886
1886
1397
1886
1886
1886
1467
1956
1886
1886
1886
1397
1397
1886
1887
1886
1886
1956
1467
1467
1956
1397
1886
1467
1886
1956
978
1956
1397
2375
1397
1886
1397
1956
1886
1467
1397
1886
1886
1467
1955
1886
1886
1886
1467
1467
1397
1467
1397
1886
1397
1397
1467
1397
1886
1886
1398
1886
1397
1956
1467
1886
1886
1955
1886
1397
1886
1467
1397
1886
1467
1956
1886
1886
1886
1887
1887
978
1467
1397
1398
1886
1398
1956
1467
978
1955
1956
1886
1467
1466
1886
1467
8662
1467
1886
1817
1887
1397
1816
1397
1467
1467
1467
1956
1397
1467
1886
1956
1397
1886
1956
1956
1886
1397
1467
1886
1467
2375
1397
1467
1886
1467
1956
1956
1956
1467
1886
1886
1467
1398
1397
1886
1886
1467
1397
1886
4191
978
1397
1886
1956
908
1956
1886
978
1886
1956
1956
1886
1886
1886
1956
1886
2375
1397
1886
1467
1956
1467
1886
1886
1397
1956
1467
1467
1886
1886
1467
2375
1886
1397
1397
1397
1467
1398
1467
1397
1397
1886
1886
2445
1467
1467
1887
1816
1817
1397
1467
1886
1886
1956
1397
1467
1816
1886
1397
1886
1886
1955
1467
978
1956
1467
1886
1467
1467
1886
1397
2375
1467
1886
1817
978
1886
1956
1886
1956
1816
2375
1886
1956
1886
1887
1956
1467
1397
1956
1886
1467
2306
1886
34857
1467
1886
1886
1397
2305
1886
1886
1886
1816
1398
1467
1886
1956
1886
1887
1886
1886
1886
1886
1886
1886
1467
1816
1886
1816
1886
1887
1886
1956
1397
2375
1816
1467
1397
1886
2375
1887
1816
2445
1956
1956
1956
1956
1397
1886
1886
1397
1886
1816
1956
52880
1886
1886
1887
1956
1467
1886
1397
1886
1956
1816
1398
1467
1886
1886
2375
1886
1956
1397
1816
1956
1886
1956
1467
1956
1467
1467
2445
1467
1956
1956
1467
1397
1887
1467
1467
1956
1886
1397
1886
1886
1956
1886
1886
1467
1886
1886
9500
1886
1886
1816
1956
1956
1886
1886
1886
1397
1886
1816
1467
1886
1956
1886
1956
1887
1886
1887
1397
1956
1956
1467
2445
1956
1886
1467
1887
1955
1397
1956
1886
1398
1397
1467
1467
1886
1956
1886
1956
1467
1886
1398
1886
1956
1816
2795
1467
1886
1397
1886
1467
1397
1816
1398
1886
1397
1886
1467
1397
1466
1956
1956
1467
1886
1886
1956
1886
1397
1886
1886
1887
1397
1886
1397
1886
1467
1886
1956
1886
1467
1397
1817
1397
1467
1886
1467
1886
1956
1886
1886
1467
1397
1956
1886
1397
1956
1886
1886
1467
1886
1956
1886
1886
1956
1397
1397
1397
1397
1886
1467
2375
1886
2375
1886
1956
1397
1886
1956
1956
1886
1398
1956
1397
1956
1467
1887
1886
1467
1886
1956
1956
1467
1467
1887
1956
1886
1398
1886
1886
1887
1956
2305
1886
1886
1467
1397
1956
1397
1816
1467
1956
1467
1886
1397
1816
1467
1886
1886
1467
1817
1467
1397
1467
1397
1467
1397
1398
1467
1467
1467
1467
1397
1397
1956
1886
1956
1467
1397
1467
1956
908
1467
1467
1467
1467
1467
1886
1467
1397
1467
1956
1886
1397
1467
1886
1467
1886
1886
1397
1397
1467
1397
1467
1467
1887
1886
978
1886
1397
1397
1467
1398
2305
1886
1956
1467
5309
1956
1886
1886
978
1467
1886
1886
1397
1886
1886
1467
1467
1816
1886
1956
1467
1467
1816
1886
1886
3772
1467
1956
1956
1956
1956
1956
1467
1956
1467
1886
1397
1397
908
1886
1956
1397
1467
1886
1467
1886
1886
1886
1397
1886
1397
1467
1956
1467
1956
1886
1886
2375
1886
1467
2375
1886
1467
1956
1397
1467
2375
1956
1886
1956
1886
1397
1816
1956
1397
1397
1886
1886
1467
1886
1886
2305
1886
1467
1886
1397
1816
1397
1886
1467
1397
1467
1397
1886
1397
1397
1956
1956
1956
1886
1886
1886
1467
1467
1397
1397
1397
1467
1886
1887
1886
1886
1956
1467
1467
1397
1886
1816
1886
1956
1956
1397
1397
1467
1467
1886
2375
1397
1956
1467
1397
1397
1886
1467
1467
1886
1886
1467
1397
1886
1886
1887
1467
1886
1398
1886
1956
1956
1886
1397
1886
1956
1956
1467
1886
1467
2376
1467
1467
1886
1467
1467
1956
1886
1886
1886
1956
2375
1467
1397
1816
1956
1397
1467
1886
2305
1397
1886
1816
1397
1467
1886
1886
1467
2375
1956
2375
1955
1886
1886
2375
2375
2375
1886
1816
1817
1886
1886
1886
2375
1886
1956
2375
1397
2305
1886
2445
2445
2375
1886
1956
1886
1886
1397
1956
1467
1467
1467
1467
1955
1886
1816
1956
1397
1886
1886
1886
1956
1886
2305
1886
1886
1467
1397
1956
1886
1956
1956
1886
1397
1886
1886
1467
2375
1886
1956
1886
1467
2305
1816
1886
1956
1466
1956
1956
1467
1886
1886
1956
1955
1467
1886
1886
1816
1397
1467
3353
1397
1956
1397
1467
1467
1886
1467
2375
1397
1886
1467
1886
1467
1397
1397
1886
1397
2375
1886
1956
1956
1956
1466
1886
1956
1397
1397
1397
1397
1467
1886
1467
1397
1467
2375
1956
1955
1886
1467
1467
1466
1467
1886
1397
1886
1886
1467
1886
1397
1467
2375
1397
1816
1397
1397
1956
1886
1467
1886
1397
1887
1887
1887
1886
1816
978
2445
1886
2934
1467
1467
1467
1397
1397
1397
1886
1467
2375
1956
1397
1886
1886
1397
1397
1397
1886
1886
1467
1397
