1886
1467
1886
1886
1397
1467
2445
2865
1467
1886
1886
1887
1398
1397
1467
1887
1886
1886
1886
1887
1887
1886
1956
1956
1886
1956
1956
1886
2375
1467
1397
1886
2375
1887
1956
1887
1886
1886
2375
1467
1467
1886
1397
1886
1887
1956
1956
1886
978
1956
1956
2445
1886
1886
1956
2375
1397
1397
1886
2794
1886
2375
1886
1956
2375
1886
1467
1887
1397
1956
1467
2375
1397
1956
1397
1397
1887
1887
1397
1957
1467
1886
1467
1467
1886
1886
1886
1886
1397
1467
1886
1887
1397
1397
1467
1398
1468
1886
1956
1956
1397
1397
1467
1467
1397
1886
1956
1956
2934
1886
1886
1956
1956
1886
1397
1886
1956
1956
1887
1957
1467
1886
1956
2445
1886
1398
1956
1467
1397
1397
1887
978
1886
1467
1397
1816
1956
1397
1887
1886
1956
1397
1468
1956
1398
2794
1467
1467
1886
1398
1467
1467
1886
1397
5798
1956
1467
1956
1398
1398
1397
1397
1816
1467
1397
1397
1467
1956
1397
1886
1467
1397
1398
1817
1397
1956
1467
1467
1468
1467
1397
1956
1398
1886
1956
1467
1956
1397
978
1467
1397
1397
1467
1397
1956
2375
1398
908
1467
1887
1887
1816
1398
838
1397
1956
1397
1397
1887
1887
1468
1398
1467
1398
1886
1397
1886
978
1397
1397
1467
1397
1397
1397
1886
1397
1817
1886
1397
1886
1887
1887
1887
1886
1886
1397
1956
1886
1886
1886
978
978
1886
1886
1816
1467
1397
1886
1817
1886
1956
1468
1816
1956
1887
1956
1886
1887
1886
1956
1956
1956
1397
1886
1467
1886
1398
2375
1398
1397
1467
1468
1886
1886
1886
1956
1886
1887
2375
1886
1397
1956
1467
2375
1397
1886
1956
1398
1956
1397
1886
1467
1468
1956
1887
1956
1886
1467
1887
1886
1887
1398
1467
11876
1398
1398
1397
1467
1397
1467
1397
1956
1467
1467
1886
908
1816
1397
2375
1467
1467
1817
2375
1398
1397
1397
1467
1956
1397
1467
1886
1886
1467
1467
1956
1398
1398
1886
1397
1467
2376
1397
1886
1467
1956
1467
1886
1467
1467
1398
1397
1886
1398
1398
1397
1467
1886
1467
1397
1397
1397
1886
1467
1397
1397
1467
1398
1397
1467
1397
1817
1467
1397
1886
1956
1467
1468
1397
1397
1397
1397
1957
1397
1468
1467
1397
1467
1397
1467
1397
1397
1956
1397
1398
1467
1397
1467
1467
1467
1327
1467
1397
1467
1398
1397
1398
1467
1887
1397
1467
1886
1467
978
1397
1468
1467
1886
1956
1397
1397
1886
1467
1398
1467
908
1467
1467
1397
1886
1886
1956
908
1397
1886
1467
1467
1886
1397
1467
1397
1467
2445
1886
1398
2375
1886
1397
1397
1467
3772
1886
1467
1886
1467
978
1886
978
1397
978
1467
1397
978
909
1467
1467
1398
1467
1397
1397
1467
1467
1397
1886
1887
1467
1397
1886
1886
1886
1397
1886
1886
1398
1467
1397
1887
1397
1397
1398
1956
1956
1956
11946
1397
1397
1956
1467
1887
1397
1397
1886
1467
1467
1397
1397
1397
1467
1886
1956
1397
1817
1397
1886
1398
1397
1467
1467
2375
1817
1816
2375
1467
1467
1956
1467
1887
2375
1886
1467
1886
1467
1956
1468
1467
2446
1467
1467
1467
2375
1956
1467
1397
1886
1467
1816
1886
1398
978
1817
1886
1397
908
1956
1887
1956
978
1467
1397
1886
1397
1886
1467
1467
1467
1956
1887
1886
1886
1887
1467
1956
1886
1397
1956
1887
1956
1816
1886
1397
2375
1467
1886
1956
1886
1397
1956
1397
1956
1956
1886
1956
2445
1397
1467
1886
1398
1467
1956
1956
1467
1398
1397
1467
1467
978
1886
1397
1467
1467
1886
1397
1468
1886
1397
1397
1467
1467
1467
1467
2375
1956
1467
1467
1886
1886
1398
1956
1467
2795
1887
1467
1467
1397
1398
1467
1886
1467
978
1397
978
1886
1817
1397
1397
1886
1816
1397
1886
1397
1467
1886
1397
1886
1956
1397
1468
1467
1397
1467
978
1397
1467
1398
1397
1397
1397
1467
1397
1397
1467
1398
1467
1956
1398
1886
1398
1467
1397
1397
1467
979
1467
1397
1397
1398
1956
1886
1886
2375
1397
1398
1397
1467
1886
1467
1886
1956
1467
1816
1886
1886
1467
1398
1467
1886
1886
1467
1397
1398
1886
1886
1886
1886
1886
1467
1398
1467
2934
2305
1468
1467
1887
1886
1397
1397
1397
1887
1398
1397
1886
1886
1886
1817
1467
1398
908
1397
1467
1397
2375
1886
1467
1467
1467
1397
1956
1398
1957
1397
978
1467
1467
1886
1397
1397
1397
1886
1886
1956
1397
1397
1956
1467
1957
1397
1886
1956
1467
1887
2375
1886
1887
1467
1886
1467
1397
1397
1887
1887
1467
1397
1956
1467
1886
1397
2375
1467
1886
1397
1956
1887
1397
1397
1886
1397
1467
2306
1956
3773
1956
1886
1887
1956
1467
1886
1397
6217
1467
1467
1467
1467
1467
1397
1397
1887
1467
1816
1397
1398
1397
1397
1397
909
1397
1467
1397
1397
1398
1397
1467
1397
1467
1887
1467
1467
1397
1397
1467
978
1467
1467
1817
1886
978
1467
1467
1887
1886
1397
1397
1467
1397
1397
2445
1398
1397
2795
1397
1817
1467
1398
1397
1956
1397
1397
1397
1886
1397
1467
1397
1886
1467
1886
1468
1957
1397
1886
1887
1956
1467
2375
1956
1397
1467
2375
1886
1467
1887
1887
1886
1397
1397
1397
1397
1887
1467
1467
1397
1397
1467
1397
1397
1886
1398
2375
1886
1398
1397
1397
1397
1886
1886
1886
1887
1397
1397
1397
1886
1467
2375
1397
1957
1397
1398
1817
1467
1468
1467
2445
1956
1467
1397
1956
1467
1467
1467
1397
1397
2375
1467
1956
1467
1398
1886
1467
1397
1468
1817
1397
1467
1886
1397
1886
1397
1957
909
1467
1467
1467
1468
1467
1467
1886
1467
2305
1397
1397
1886
1397
1467
1397
1956
1467
1887
1886
1887
1467
1397
2375
2445
1397
1397
1467
1956
1397
1467
1467
1957
1397
1886
1398
1398
1398
1468
1467
1397
1467
1467
1398
1398
