1467
1885
1396
1467
2444
1397
1397
1467
1467
1467
1397
1397
1397
1467
1885
1397
1397
1397
908
1886
1467
1396
1397
1396
2304
1467
1886
1396
1396
2375
1886
1397
1396
1466
2375
1886
1466
1467
1396
1467
1397
1886
1466
1886
1466
1815
1467
1397
1467
1396
3841
1467
1466
1466
1397
1467
1886
1466
1466
1397
978
1397
1397
1467
1397
2305
1816
1397
1466
1886
1886
1886
1397
978
1466
978
1467
1955
1397
1886
1466
1467
1397
1397
1397
1397
1467
1397
1397
1467
1467
1396
1955
2374
1467
1397
1397
1397
1396
1466
1397
1466
1956
1397
1467
1467
1397
1466
1886
1955
1886
1886
1467
2375
908
1397
2444
1397
1467
1397
1397
1886
1467
978
977
1397
1886
1886
1466
1397
1467
1397
1397
1396
1397
1466
1397
1467
1397
1466
1397
1467
1397
1397
1467
1956
1397
1467
1886
1466
1886
1467
1397
1396
1467
1397
1397
3352
1956
1396
1466
1397
1467
1397
1397
1886
1397
1466
1466
1467
1467
1397
1397
978
1467
1397
1466
1886
1397
2374
1397
1886
1397
1467
1397
1466
978
1466
1397
1467
908
1467
1397
1397
1955
1466
1397
1466
1467
1467
1466
1397
1886
1885
1397
1466
1397
1397
1815
1466
1466
1466
17111
1466
1397
1396
1466
1467
1467
1466
1885
1466
1467
1467
1956
2374
1886
1397
1886
977
2304
977
1396
1396
1466
1885
1397
1886
1466
1397
1466
1466
1397
1397
1886
1397
1886
1397
1396
1467
1467
1467
1467
1886
1885
1467
1467
2863
2304
1397
1397
1397
1396
1466
1396
1886
1956
1466
1467
1397
1397
1885
1886
1467
1397
1396
1466
1397
1956
1397
2374
1397
1397
1466
1885
1397
1886
1885
1885
1886
1397
1397
1885
1955
1397
1467
1397
1886
1956
1885
1886
2933
1886
1397
1467
2445
1886
1466
1467
1396
2374
1466
1466
1886
1815
1886
1955
1886
1397
1467
1886
1467
1816
1466
1467
1397
1886
1956
1467
1886
1886
1466
1467
1397
1396
1397
1956
1467
1956
978
1886
1466
1467
1886
1397
1815
1467
1467
1397
1955
1467
1885
1956
1466
1886
1886
1397
24235
1885
1467
1397
1397
1397
1397
1886
1467
1466
1467
1885
2374
1397
1886
1955
2374
1886
1397
1467
1397
1466
1886
1886
1466
1956
1885
1885
1955
1467
1886
1886
1955
1397
1885
1955
1886
1886
1886
1467
1816
1467
1397
1885
1956
1466
1886
1397
1397
1467
1466
1397
1466
1467
1955
1815
2375
1886
1955
1886
1397
1886
1467
1885
1467
1955
1466
1397
1885
1886
1466
1886
1467
1885
2374
2375
1467
1956
1467
2864
2864
1886
1466
1886
1397
1467
1885
1816
1466
1886
2374
1467
1886
1467
1466
1397
1885
1886
2305
1397
1886
1956
1466
1956
1397
1467
1956
1466
1396
1885
1885
1466
1886
1397
1467
1886
1397
1466
978
1886
1886
1467
1397
1467
1885
1886
1956
1467
1397
1956
1397
1467
1397
1397
1467
1397
1397
1466
1466
1397
1397
1466
2374
1885
1885
1886
1467
1886
1397
2444
1466
1886
1397
2445
1397
1397
1396
1397
2863
1467
1397
1397
1397
1886
1397
1397
1886
1397
1467
5169
1396
1886
1886
1466
1467
1466
1397
1397
1397
5657
1466
1397
1397
1397
1886
1466
1467
1816
1397
1956
1955
1466
1467
1956
1467
1397
1885
1397
1886
1397
2375
978
1397
1397
1397
1886
1467
1466
1397
1397
1467
1466
1397
1886
1955
1467
1955
1886
1885
1397
1467
1397
1886
1886
1467
1956
1466
1466
1397
1885
1886
1886
1467
1467
1397
1397
1466
1886
1467
1955
1466
1466
1397
1886
1467
1466
1397
1886
1886
1397
1467
1467
1467
1956
1466
1955
1466
1886
1467
908
1467
1397
2375
1955
1955
1397
1467
1397
1397
1397
1467
1886
1885
1466
1397
1397
1396
2444
1956
1466
1397
1397
4260
1397
1466
1955
1467
1816
1467
1467
1397
1467
1397
1466
1885
1467
1397
1467
1955
1467
1467
1467
1956
1396
1886
1466
2933
1467
1397
1397
1886
1466
1397
1886
1467
1397
1397
2375
1467
1466
1397
1397
2375
1397
1397
1816
1467
1467
1955
1885
1397
1815
1886
1885
1467
1397
1886
1467
1467
2305
1955
1467
1955
1467
1397
1467
1467
1886
1396
1396
1466
1467
1466
1816
1397
1886
1466
1886
1816
1955
1885
1397
1466
1816
1466
1397
1956
1955
1397
1886
1397
1397
2304
2375
1397
1397
1327
1467
1466
1466
1396
1885
1397
1397
1885
1397
1956
1397
1396
1467
1467
1467
1396
1466
1467
1397
1467
1467
1955
1467
1467
1886
1886
1956
1886
1467
1955
2374
2375
1397
1467
1886
1396
1885
1397
2374
1886
1396
1885
2304
1886
1955
1397
908
1396
1467
1956
1467
1885
2375
1956
1816
1886
1467
1466
1886
1396
1467
2375
1397
1467
1956
2374
1467
1397
1466
1885
1467
1956
1886
1955
1886
1956
1467
1885
1885
1396
2445
1885
1397
1467
1886
1466
1467
1886
1467
1956
1886
1397
1886
1467
1886
1397
2933
2933
1397
2375
1397
1886
1397
1397
1397
1467
1466
1955
1467
1885
1397
1885
1467
908
1466
1816
1886
1955
1816
1885
1956
1397
1467
1396
2374
1956
1886
1956
1397
1396
1956
1956
1886
1397
1886
1396
2305
1467
2374
1467
2375
1955
1886
1885
1886
1885
1397
1467
1885
1467
1886
1885
1956
1886
1396
1397
1467
1467
1396
1396
1397
1397
1397
1885
10965
1396
1397
1466
1886
1467
1397
1397
1466
1816
1397
1327
1397
1467
1397
1397
1885
1397
1886
1885
1886
1466
1397
1467
1467
1396
1397
1397
2374
1467
1466
1956
1397
1397
1466
1467
1466
1816
1467
1467
1885
1467
1397
1467
1886
1956
1397
1886
1886
1467
1397
1397
1956
1955
1467
1397
1467
1397
1397
1397
1396
1396
1466
1467
1397
1397
1397
977
1397
1466
1886
1467
1397
2375
2305
1885
1466
1396
1466
1466
978
1397
978
1886
1396
1466
1397
1467
1466
1467
978
1467
1467
1466
1397
10336
1397
1466
1467
1396
1956
1397
