1467
1956
1398
1957
1956
1957
1886
2376
1467
1397
1327
15302
1887
1397
1398
1397
1887
1397
1887
1398
1467
1398
1468
1467
1467
1467
1887
1468
1886
1887
1956
1467
1468
1397
1887
1956
1886
1817
1467
1886
1887
1397
1397
1467
1398
1397
1398
1467
908
1397
1886
1398
1467
1397
1398
2375
1467
1467
978
1397
978
1886
1956
1467
1887
1397
1467
1886
1397
1467
1467
1398
979
978
1397
1398
1397
1957
1398
1397
978
1397
1398
1467
1468
1887
1467
1397
1886
1817
1398
978
1887
1398
1468
1397
1957
1886
978
1397
1398
1467
978
1397
1398
1467
1398
1397
1397
1398
1397
1467
1467
1397
1398
1467
1467
1887
1397
1397
1467
1467
1398
1467
1467
1467
1397
1398
1887
1397
1397
1397
1467
1886
1397
978
1398
1467
1397
1397
1956
1398
1467
1467
1467
1886
1397
979
1467
1397
1886
1956
1886
1397
1467
1886
1398
978
1398
1467
1887
1886
2376
1467
1467
1887
2375
1886
2376
1468
1467
1397
1957
2376
8245
1886
1398
1398
1467
1397
1398
1467
1956
1467
1467
1398
909
1398
2445
1467
1467
1398
1817
978
1887
1957
1887
1397
979
1467
1957
1956
1468
1398
1957
1468
1397
1398
1957
1467
1398
1956
1468
1398
978
1397
1887
1398
1467
1467
1467
1886
1956
1887
1398
1886
978
1468
1467
1886
1398
1468
1957
1398
1468
1398
1397
1398
1887
1468
1887
1467
1887
1467
1398
1887
1957
2305
1887
1467
908
2306
978
1467
1467
1397
1887
2376
1398
1397
978
1887
1886
1887
1398
1398
1816
1886
1468
1397
1397
1398
1887
909
1467
1468
1886
1467
1397
1468
1398
1468
1398
1468
1398
1467
1467
1397
1398
1467
1467
1468
1398
1398
1397
908
1397
1468
1468
1468
1956
1467
1816
1956
1467
1467
1817
1397
1397
1886
1467
2445
2376
1957
1398
1467
1397
1398
1467
1398
1397
1397
1467
1468
1887
1468
2375
1887
1467
1467
1398
2445
1886
1468
1886
1887
1397
1468
1887
1886
1397
978
1398
1397
10481
1467
1467
1886
1397
1467
1956
1887
1886
1887
1957
1887
1956
1886
1398
1887
1468
1467
1468
1398
1398
1887
1397
1468
1397
1887
1467
1467
978
1957
1397
1956
1956
1398
1886
1886
1886
1956
1956
1397
1398
1886
1468
1398
1397
1467
1397
1957
1398
1398
1468
1397
1467
1957
1467
1397
1467
1467
1467
1887
1398
1887
1468
1467
1468
1398
1397
1886
1397
1398
1398
1887
2375
1397
1398
1467
1467
1467
1468
1398
1817
1467
1886
1398
1468
1398
1467
1398
1467
1957
1397
1398
1467
1398
1467
1957
2376
1467
1467
1886
1398
1468
2445
1397
1886
1467
1398
1398
1467
1398
1468
1957
909
1467
1887
1398
1398
1467
1398
1957
1886
1467
1467
1957
1468
1398
2445
1397
1397
1957
1468
1467
1886
1467
1398
1467
1398
1817
1467
1398
1468
2935
1467
1956
979
1887
1468
1397
2305
1398
1886
1467
1467
1397
1886
1398
978
1467
1887
1467
1398
1467
2375
1956
1886
1467
1468
1397
1957
1467
1398
979
1468
1397
1887
1468
1397
1817
1887
1817
1467
1468
1398
1397
1398
1397
1468
1887
1398
1468
1397
2306
1398
2376
1467
1398
1886
1467
1887
1397
1467
1467
1397
1397
1887
1467
979
1397
1887
1397
1398
1398
1397
1467
1468
1398
1468
2445
1467
1398
1887
1397
1397
1468
2375
1886
1398
1467
1467
1398
1397
1398
1397
1397
1887
1468
1886
1468
1467
1398
1398
1397
1886
13415
1817
1468
1467
1467
1397
1397
1468
1397
1398
978
1397
1397
1398
1956
1467
1397
1467
1398
1468
1398
1397
1467
1398
1398
1467
1468
1467
1397
1467
1956
1467
1468
1398
1397
1467
1886
1886
1398
1887
1467
1398
1397
1397
1398
1467
1468
1397
1956
1398
1887
1398
1467
2446
1468
1956
1467
978
1887
1467
1397
1956
1887
1467
978
1467
1956
1398
1397
1397
1397
908
1397
1467
1887
1887
1887
1887
1398
1467
1397
1397
1468
1468
1397
1397
1467
1467
1956
1467
1886
1468
1956
1957
1886
1957
1397
1957
1887
1468
1398
1398
1956
908
1397
1467
1467
1397
1467
1397
1397
1397
1398
1468
1468
1886
978
1467
1467
1397
1956
1398
1397
1886
1468
1398
1397
1468
1397
1467
1887
1397
1398
1397
1467
1398
1957
1398
1468
909
1398
1468
1887
1886
1886
1467
1398
1467
1957
1467
1886
1468
978
1957
1398
2376
1398
1397
1397
1397
1467
1398
1468
1886
1398
978
1397
1467
1398
1398
1887
1397
1398
1467
1467
1468
1467
1397
1397
1467
1398
1467
1467
1817
908
1397
1398
1397
1397
1397
1397
1398
1467
1467
1397
2306
1956
1397
1397
1397
1467
1397
1467
1887
1886
978
1397
1468
1886
1397
2375
1397
1467
1398
1887
1956
908
1398
979
1467
1957
1398
1397
1467
1398
1397
1956
1397
1398
1467
1398
978
1467
1467
1398
1397
1398
1397
1468
1887
1398
1397
1467
1467
1397
1956
1468
1887
1467
1467
1398
1397
1887
1468
1397
1397
1397
1468
1467
1397
1468
1467
1468
1887
1398
1467
1398
1468
1467
1398
1467
1397
909
1397
1817
1886
1397
1397
978
1397
1957
1468
978
2306
1398
1397
2865
1468
1397
1398
1467
1887
1887
1467
1398
1398
1397
1398
1397
979
1397
1886
1468
1467
1467
1468
1398
908
1468
1467
978
1887
1468
1467
1956
1397
1887
1886
1887
1397
1467
1397
978
1468
2375
1398
1467
1467
1467
1817
1397
908
2376
1468
1887
1397
1467
1468
1467
1398
1886
1957
1467
1468
1467
1397
1398
1397
1468
1397
1887
1467
1398
908
1398
1816
1397
1397
1397
1397
1398
1397
1956
1956
1468
1397
1467
1956
1956
1397
1467
1398
1468
1887
1468
1468
1397
1397
1398
1957
1397
1398
1886
1467
1397
1397
1397
1468
1397
1397
1397
1886
1397
1956
1397
1468
1956
1397
1397
2445
1887
1467
1398
1957
1468
2795
1887
1886
1398
1397
1887
1468
1886
