1885
1397
1467
1397
1467
1397
1396
977
1397
1397
1397
1397
1467
1467
1397
1397
1466
1955
1397
1467
1467
1467
1467
1397
1397
1397
1886
1397
1955
1816
1397
1397
1397
1397
1397
1397
1467
1396
1466
1397
1467
978
1397
1467
1467
1397
1886
1885
1466
1397
1397
1467
1396
1886
1886
1397
1467
1886
1397
1467
1397
2304
1467
1397
1466
1467
1396
1467
1466
1467
1396
1467
1955
1467
1397
1885
1467
1397
1466
1397
1397
1467
1885
1397
1397
1396
1397
1397
1397
978
1886
1466
1467
1467
1467
1397
1397
1397
1397
1397
1466
1397
1396
1466
1467
1397
1396
1397
1396
1467
1396
1466
1396
1397
1397
1467
1396
1467
1397
1467
1397
1397
1467
1466
1467
1467
1467
1886
1466
1815
1397
1467
1397
1467
1886
1885
4819
1397
1397
1466
1397
1467
1467
1886
1467
1467
1467
1397
1466
1397
2374
1467
1467
1955
1886
1397
1467
1467
907
1886
1885
1397
1467
1466
1466
1397
1466
1467
1955
1467
1397
2864
1956
1397
1397
1467
1467
1956
1467
1886
1466
1397
1396
1467
1467
1467
977
1396
1397
1467
1467
1467
1466
1816
1397
1397
1467
1466
1467
1397
1466
1397
1886
1466
1397
1886
1886
1397
1466
1467
978
1397
1397
1885
1397
1397
1467
1397
1467
1397
1397
1885
1397
978
1397
1397
1467
1397
1466
978
1467
1397
1397
1886
1467
1397
1467
1397
1466
1467
1467
1397
1397
1467
1397
1397
1397
1397
1467
1397
1397
1886
1466
1397
1467
1885
1397
1885
1885
1467
1397
1955
1466
2794
1955
1955
2444
1886
2445
1397
1956
1396
1886
1955
1955
1467
1886
1816
1397
1885
1466
1816
1886
1816
1886
2374
1956
1397
1956
1396
1397
1467
1397
1397
1397
1396
1397
1467
1466
1886
1397
1466
1397
1396
1397
1397
1467
1466
1467
1466
1466
1467
1397
1467
1397
1467
1886
1397
1467
1397
1396
1466
1466
1397
1467
1396
1397
1397
1397
1467
1885
1397
908
1397
1397
1396
1396
1397
1397
1466
1466
1466
1396
1816
1396
1467
1467
1397
1397
1397
1397
1397
1467
1396
1397
1467
1467
1466
1397
1397
1397
1396
1466
1467
1396
1816
1397
1397
1397
1466
1397
1466
1396
978
1397
1397
1397
1467
1396
1467
1397
1467
1467
1397
1466
1397
1885
1886
1397
1397
1467
1466
1397
1397
1397
1466
1466
1397
1396
1397
1397
1467
1397
1467
1396
1396
1327
1467
1467
1467
1467
1397
1397
1886
1397
1467
1397
1397
1466
1467
1467
1466
1396
1396
1397
1466
1886
1397
1886
1396
1955
1397
1467
1467
1467
1397
1397
1397
1397
1397
1466
1397
1397
1467
1397
1467
1467
1885
1397
1397
1467
1397
1885
1466
1467
1397
1885
1397
1886
1397
1467
1397
1397
1956
1466
1397
1397
1886
1466
1396
1467
1886
1397
1396
1397
1467
1397
1467
1397
1397
1467
1397
1397
1885
1467
1397
1886
1466
1397
978
1467
1397
1397
1397
1466
1397
1467
1397
1397
1397
1397
1466
1397
978
1467
1467
1466
1467
1467
1466
1466
1397
1467
978
1397
1396
977
1397
1397
1467
1466
1397
1466
1397
1466
1466
1467
1397
1397
1467
1467
1467
1397
1466
1466
1397
1397
1396
1466
1466
1467
1397
1886
1467
1467
1397
977
1467
1467
1397
1466
1467
1467
1467
1467
1397
1396
1397
1397
1396
1397
1397
1467
1467
1885
1467
1466
1885
1886
1466
978
1396
1467
1397
1397
1816
1397
1886
1886
1956
1466
1466
1467
978
1466
1397
1397
1467
1397
1396
1397
1396
1886
1397
1467
1467
1397
1397
977
1467
3352
1466
1956
1467
1397
1466
1467
1467
978
1396
1466
1467
1397
1397
1397
1396
1467
1397
1467
1467
1467
1397
1467
1467
1956
1466
1466
1467
1397
1467
1886
1467
1467
1467
1467
1886
1397
1466
1467
1886
1397
1397
1467
1467
1467
1397
1466
1467
1397
1467
1466
1397
1466
1396
1397
1397
1467
1466
1466
1397
1397
1397
1397
1397
1467
1397
1397
1397
1397
1397
1397
1886
1397
978
1396
1396
1397
1397
1466
1467
1396
1397
1397
1467
26260
1467
1466
1397
1397
1467
1467
1397
1397
1467
1397
1885
1467
1397
1467
1397
1397
1396
1397
1396
1466
1397
1466
1467
1396
1397
1397
1467
1397
1467
1885
1467
1886
1466
1466
1885
1397
1467
1397
1397
1397
1467
1816
1886
1397
1955
1397
1886
1397
1467
1396
1397
1396
1396
1886
1396
1467
1397
1397
1956
1467
1397
1397
1396
1467
1397
1467
1397
1956
1467
1396
1397
1886
1467
1466
1397
1467
1397
1466
1885
1466
1397
1467
1466
1467
1886
1885
1885
1886
1396
978
1886
1397
1467
1816
1467
1466
1397
1396
1397
1886
1885
1466
1467
1467
1397
1397
1397
1397
1396
978
1397
1397
1467
1397
1467
978
1467
1397
1467
1886
1467
1397
1397
1466
1397
1397
1397
1467
1397
1467
1466
1397
1467
1467
1467
1467
1397
1397
1886
1956
977
1467
1397
1396
1397
1467
978
1396
1397
1397
1467
1466
977
1397
1467
908
1397
1886
1397
1397
1397
978
1397
1396
977
1397
1397
1467
1396
908
1466
1397
1397
978
1886
1467
1396
1397
1467
1397
1397
1397
1397
1467
1397
1467
1467
1466
1467
1397
1467
1397
1466
1397
1397
1397
1466
1955
1467
1886
1397
978
1397
1956
1466
1396
1467
1467
1397
1397
1397
1466
978
2375
1467
1397
1397
1467
1467
1397
1955
1397
1886
1467
1396
1886
1396
1397
1886
1467
1955
1397
1466
1466
1467
1466
1467
1466
1397
1467
1467
1467
1886
1467
1396
1467
1397
1886
1397
1956
1397
1467
1397
1467
1396
1466
1397
1467
1397
1397
1467
1397
1466
1397
1397
1396
1397
1466
1886
1397
1467
1397
1396
1397
1397
1466
1397
1396
1397
1467
1397
977
1886
1467
1467
1467
1397
1397
1397
1397
1467
1397
1467
1397
1397
1467
1397
1397
1886
1397
1397
1886
1397
1467
1396
978
1467
1467
1397
1466
1396
1397
1397
2374
1397
