1396
1397
1466
1886
1397
1886
1886
1466
1396
1466
1397
1467
1397
1397
1397
9499
1397
1467
1397
1466
1467
1467
1397
1397
1466
1397
1397
1396
1396
1467
1397
1397
1397
1466
1397
1466
1397
1397
1467
1886
1397
1466
1396
1397
1467
1396
1397
1885
1397
978
1396
1467
1397
1467
1397
1397
1397
1466
1396
1397
1397
1466
1466
1397
1396
1397
1816
1885
1396
1466
1466
1467
1396
1467
1467
1396
1397
1397
1467
1397
1467
1397
1397
1467
1397
1467
1397
1397
1397
1467
1397
1397
1467
1886
1467
978
1467
977
1397
1466
1397
1886
1467
1467
1397
1467
1397
1397
1397
1397
1397
1466
1397
1397
1396
1397
1467
1397
1466
1466
1397
1467
1397
1397
1397
1466
1467
1466
1467
1466
1466
1396
1955
1467
1466
1396
1397
1467
1397
1397
1467
1467
1397
1397
1467
1467
1466
1397
1466
1397
1886
1397
1467
1397
1396
1397
1396
978
1466
1397
1397
1956
1467
1397
1467
1816
1467
24584
1397
1466
1397
1397
1466
1467
1397
1397
1397
1397
1397
1467
1467
1466
1397
1467
1397
1467
1467
1397
1397
1466
1467
1396
1397
1467
1397
1397
1467
1397
1396
1397
1467
1396
1467
1886
1397
1396
1467
1397
1466
1396
1956
1886
1397
978
1467
1466
1397
1397
1396
1467
1816
1467
1955
1467
1467
1397
1955
1397
1467
1886
1396
1467
1466
1886
1467
1397
1397
1886
1467
1955
1397
1397
1397
1467
1397
1466
1467
1397
1886
1467
1397
1396
1956
1955
1466
1886
1397
1397
1467
1466
1397
1397
1397
1467
1467
1397
978
1396
1467
1886
1467
1467
1886
1467
1397
1397
1466
1466
1397
1467
1466
1397
1397
1886
978
1467
1467
1886
1397
1397
1886
978
978
1467
1397
1397
1397
1466
1467
1466
1466
1397
1466
978
1467
1396
1396
1467
1397
1466
1397
1397
1397
1467
1466
978
1397
1466
1397
1396
1397
1397
1397
1396
1397
1467
1397
1467
1466
1466
1466
1467
1397
1466
1467
1466
1466
1396
1467
1467
1397
1467
1886
1467
1467
1467
1397
1397
1467
1396
1397
1467
1466
1396
1397
978
1397
1886
1467
1397
1397
1397
1397
1466
1467
1467
1397
1397
1397
1397
1886
1397
1467
1397
1956
1397
1397
1466
1397
1397
1467
1397
1467
1397
1467
1467
1397
1397
978
1816
1397
1885
1467
1466
1886
1816
1397
1956
1466
1397
1466
1397
1467
978
1396
908
1397
1467
1467
1886
1397
977
1396
1816
1397
1397
1467
1397
1955
1397
1467
1397
1466
1397
1467
1397
1397
1397
1397
9988
1397
1466
1467
1467
1397
1886
1466
1396
1467
1467
1466
1467
1885
1466
1397
1467
1467
1467
1397
978
1467
1396
1397
1885
1397
1467
1467
1467
1956
2374
1397
1397
1467
1467
1956
1397
1397
1396
1397
1397
908
1397
1467
1396
1397
1397
978
908
1467
1466
1816
1396
1397
1396
1467
1397
1396
1397
1397
1467
1397
1467
1397
1397
1466
1886
1466
1467
977
1955
1397
1397
1886
1397
1467
978
1467
1396
1467
1397
1396
1467
1397
1885
1467
1396
1467
1397
1397
1466
1885
1397
1397
1397
1397
1467
1397
1396
1467
1466
1397
1467
6844
1466
1816
1885
1467
1396
1466
1466
978
1467
1397
1397
1467
978
1885
1397
1397
1467
1397
1467
1956
1397
1466
1397
1886
1397
1397
1467
1397
1467
1466
1816
1397
1467
1397
1397
977
15155
1467
1467
1467
1886
1397
1397
1396
978
1466
978
978
1467
1466
1397
1467
1397
1397
1466
1467
1467
1397
1467
1396
1466
1396
1397
1397
1467
1397
1397
1466
1886
1397
1397
21092
1467
1467
1467
1886
1466
1467
1466
978
1397
1466
978
1396
1397
1886
1397
1397
1467
1397
1886
1466
1467
1467
1397
1467
1397
1466
1467
1466
1816
1397
1467
1466
1956
1466
1886
1397
978
1397
977
1397
1397
1397
1397
1397
1396
1397
1467
1885
1397
1467
1886
1467
1467
1467
978
1397
1397
1397
1397
1467
1466
1397
1467
1885
1467
1467
1467
1397
1466
1816
1467
1397
1467
1396
1397
1397
1466
978
1467
1397
1467
1466
1466
1886
1396
1467
1397
1466
1397
1397
1466
1397
1396
978
1467
1397
1397
1467
1397
1467
1466
1397
1467
1397
1397
1467
1397
1397
1466
1397
1467
1466
1396
1397
1396
1467
1466
1466
1397
1467
1397
1397
1397
1397
1467
1397
1397
1396
1466
1467
908
1466
1327
1397
978
1466
978
1397
1397
1397
1397
1396
1467
1397
1397
977
1466
1397
1397
1466
908
1466
1886
1397
1397
1397
1397
1397
1467
1397
1397
1467
1397
1397
1397
1397
1467
1467
1397
1467
1467
1396
1397
978
1397
1467
1466
1467
1396
1397
1467
1467
1467
1467
1396
1396
1467
1467
1397
1467
1397
1467
1886
907
978
1397
1467
1467
1397
1397
1397
1397
1397
1886
1397
1397
978
1467
1397
1885
1466
1467
1466
1397
1397
1886
1396
1467
1397
1397
1397
1466
1886
1397
1467
1467
1397
1467
977
1467
1886
1397
1466
977
1467
1397
1466
1397
1467
907
1816
1466
1467
1467
1397
908
1397
1397
1397
1466
1466
1397
1467
1397
1467
1397
1397
1397
1467
1396
1397
1467
1397
1397
1466
1467
1397
1397
1396
1466
1397
1397
1397
1396
1397
1397
1467
908
1467
1467
978
1466
1397
1397
1466
1396
1467
1885
1466
1397
1397
1466
1397
1397
1397
1886
1886
1886
1467
1466
1466
1467
1467
1467
1886
1397
908
1397
1467
1467
1397
1397
1397
1467
1467
1466
978
1396
1397
1467
1467
1396
1396
1885
1397
1467
1467
1397
1466
1397
1467
1467
1886
1396
1397
1466
1397
1467
1397
1467
1467
1467
1396
1397
1466
1397
1816
1397
1466
1467
1397
8590
1467
1467
1467
1467
1396
1396
1466
1397
1397
1466
1396
1466
1397
1886
1397
1467
1886
1397
1467
1466
1885
1397
1397
1397
1397
1467
1397
1396
1466
1396
1467
1467
1467
1467
977
1397
1466
1467
1397
1466
1396
1466
1397
