1467
1886
1396
1467
1467
1467
1466
1466
1397
1467
1885
1956
1467
1886
1466
1397
1955
1886
1397
1397
1397
1397
1397
1397
1396
1397
1467
1885
1885
1397
25143
1397
1467
1467
1886
1467
1885
1396
1397
1397
978
1886
1886
1955
1397
1466
1467
1467
1886
1467
977
1397
1886
1467
1956
1397
1466
1467
1467
1886
1886
1467
1396
1467
1466
2444
1467
1397
1466
1956
1467
1397
1397
1466
1466
1397
1396
1397
1467
1956
1397
1886
2305
1816
1886
1956
1397
1956
1885
1886
9359
1466
1886
1955
1397
1886
1885
1466
1886
1466
1956
1397
1955
1955
1886
1397
1467
1467
1955
1885
1396
1397
1397
1816
1467
1397
1886
1396
1397
1397
1886
1816
1467
1886
1397
1467
1397
1956
1397
1467
1886
1466
1467
1396
1886
1886
1397
1886
1886
1467
1885
1886
1396
1397
1885
1397
1956
1466
1466
1397
1397
1397
1397
1397
1886
1397
1467
1886
1397
1397
1396
1956
1956
1955
1886
1397
1397
1886
1397
1397
1396
1816
1397
1886
1467
1396
1397
1467
1397
2374
1397
1466
1396
1397
1397
1886
1467
1397
1397
1466
1467
1467
1886
1886
1466
1467
1466
1467
1956
1467
1886
1466
1467
1885
1885
1396
1466
1467
1467
1467
1397
1955
1397
1397
1467
1466
1397
1467
1397
1956
1886
1397
1396
1466
1467
1467
1397
2375
1397
1467
1467
1886
1885
1467
1955
1466
1466
1467
1397
1396
1886
1956
1467
1397
1956
1886
1397
1397
1467
1397
1467
1396
1467
1886
1467
1956
1886
1885
1956
907
1466
1467
1397
1885
1467
1467
1396
1467
1815
1956
1955
1955
1397
1397
1955
1467
1886
1885
1396
1397
1396
1397
978
1466
1955
1397
1467
1466
1396
1396
1885
1886
1467
1956
1396
2374
1886
1885
1956
1886
1885
1396
1467
1396
1397
1397
1885
1466
1467
1397
1467
2374
2374
1396
1886
1397
1886
1467
1397
1467
1396
1397
1466
1885
1467
1466
2375
1467
1467
1466
1886
1466
1885
1467
1885
1467
1397
1396
1396
1956
1397
1397
1397
1467
1396
1886
1397
1467
1956
1396
1886
1397
1955
1397
1467
1467
1466
1467
1397
1397
1466
1396
1466
1467
1816
1467
1815
1467
1397
1955
1397
1466
1886
1885
1467
2305
1467
1467
1886
1955
1886
1955
2375
1885
1886
1886
1397
1816
1816
2375
1397
1956
1886
1886
1886
1397
1467
1467
1466
1467
1467
1467
1886
1466
1397
1886
1396
1467
12711
1397
1467
1466
1955
1467
1886
1397
1397
1886
1955
1396
1886
1886
1886
1885
1885
1886
2374
1886
2445
1467
1467
1955
1886
1956
1886
1956
1397
1956
1397
1886
1886
1956
1885
1467
1885
1956
1397
2445
1956
1397
1886
1397
1955
1955
1886
1886
1956
1397
1886
1955
1466
1886
1886
1396
1816
1397
2375
1466
1467
1397
1397
1886
2444
1956
1397
2375
1816
1886
1816
1467
1885
1397
1885
1956
1886
1955
1886
1397
1886
2375
1886
1956
1885
2445
1956
1816
1886
1956
1956
1956
1955
1956
1886
1886
2305
1885
1886
1956
1885
1886
1885
1885
1886
1467
1886
1467
1886
1397
1397
2374
1885
1886
1397
1955
1397
1397
1397
1467
1886
1467
1467
1396
1885
1396
1397
1955
1886
1885
1467
1396
1816
1956
1956
1466
1886
1956
1397
1466
1816
1397
1397
1885
1886
1886
1467
1396
1396
2304
1467
1467
1955
1466
1886
1397
1397
1956
1955
1886
1397
1886
1396
1397
1397
1467
1397
1396
1956
1956
1467
3352
1886
1467
1955
1886
1955
1886
1885
1397
1397
1466
1467
1397
1397
1397
1397
1396
1467
1886
2444
1397
1466
1955
1885
1955
1397
1466
1397
1467
1467
1956
1816
1886
2304
1467
1886
2375
1397
1885
1955
1397
1467
1885
1467
1955
1467
1467
1397
1467
1466
1397
1885
1467
1397
1885
1397
1396
1467
1397
1397
1466
1466
1396
1467
1467
1467
1397
1885
1397
1467
1396
1467
1397
1466
1467
1397
1397
1467
1396
1466
1467
1397
978
1397
1466
1467
978
1466
1467
1396
1886
1397
1397
1467
1396
1467
1397
1396
1467
1397
1397
1397
1396
1397
1397
1466
1396
1466
1466
1467
1467
1466
1396
1397
1467
2375
1885
1467
1467
1467
1397
1467
1886
1955
1886
1816
1886
1886
1886
1886
1466
1956
1886
1466
1397
1397
1466
1466
1397
1467
1467
1467
1886
1467
1397
1467
1397
1397
1466
1396
1397
1397
1397
1885
1467
1467
1467
1956
1956
1956
1397
1467
19904
1466
1397
1397
1466
1397
978
1467
1886
1467
1397
1397
1467
2445
1397
1467
1397
1467
1467
1397
1466
1467
1397
1466
1466
1467
1466
1397
1397
1886
1467
1467
1396
1467
1467
1886
1467
978
1397
1466
1467
1397
1466
1397
1886
1466
1397
1397
1397
1397
1885
1886
1467
978
1397
1396
1397
1397
1397
1467
1396
1396
1467
1397
2864
1816
1886
1467
1467
1397
1466
1466
1467
1467
1467
1886
1467
1466
1397
1397
1886
1397
1466
1396
1467
1397
1397
1466
1397
1397
978
1466
1467
1397
1397
1397
1397
1886
1467
1397
1397
1467
1466
1396
1466
1397
1397
1466
1467
1466
1396
1397
1467
1397
1397
978
1397
1466
1467
1397
1397
1397
1397
1397
1397
1466
1466
1397
1467
1397
1466
1397
1396
1397
1397
1397
1397
1467
1956
1397
1467
1467
978
1397
1466
1397
1397
1397
1467
1396
1397
1397
1955
1397
1467
1397
1955
1955
1886
1466
1467
1885
1467
1467
1467
1885
1397
1467
1466
1397
1467
1467
1466
1467
1467
1886
1397
1397
1466
1467
1397
1467
1397
1466
978
1466
1466
1886
1467
1397
1467
1397
1397
1397
1397
1816
1397
1397
1397
1467
1397
1397
1467
1397
1397
1397
1885
1397
1397
1886
1397
1396
1886
2864
1396
1397
1467
1397
1467
1397
1467
1467
1467
1956
1466
1466
1467
1467
1467
1397
1397
1397
1397
1816
1467
1466
1467
1397
1467
1467
1467
1397
1886
1466
1397
1397
1397
1467
1397
1885
1396
1467
1397
1467
1466
1467
1397
1397
1397
