1885
1885
1467
1466
1397
1397
1955
1885
1467
1886
2864
1886
1886
2444
1815
1956
2304
978
1886
1886
1397
1886
1886
1467
1466
1467
1467
1397
1467
1397
1886
1467
1397
1397
1467
1397
1397
1467
1397
1397
1886
1396
1397
1466
1396
1467
1886
1466
1466
1396
1956
1886
1885
1886
1955
1397
1397
1885
978
1956
1885
1466
2375
1397
1886
1816
1467
1886
2374
1467
1956
2304
1397
1467
1886
1886
1885
1466
1467
1397
1886
908
1885
1396
1397
1885
1397
1397
1467
1956
1886
1956
1467
1466
1397
1397
1397
1396
1886
1955
1885
1886
1886
1467
2375
1397
1956
1886
1886
1885
1816
2375
1955
1816
1466
2374
1467
1885
1466
1467
1885
1467
1397
1396
1467
1886
1467
1886
1466
1397
1397
1396
1397
1466
1955
1886
1467
1397
1955
1467
1466
1466
2374
1397
1397
1466
1396
1397
1886
1886
1467
1885
2374
1467
1466
1466
1397
1467
1396
1956
1397
1466
1397
1467
1467
1397
1467
1396
1397
1466
1466
1816
1466
1955
12012
1886
1397
1885
1396
1397
1467
1397
1886
1466
1956
1397
1467
1955
1467
978
1397
1886
1397
1466
978
1397
1467
1397
1956
1396
1885
1956
1397
1397
1397
1956
1397
1396
1466
1955
1397
1467
1467
1955
1955
1467
1397
1397
1886
1397
1955
1885
1956
2305
2374
1955
1886
1885
1955
1885
1955
1467
1397
1886
1886
1467
1396
1886
1956
1397
1466
1885
1397
2864
1886
1886
1956
1467
2305
1956
1466
1466
1397
1467
2374
1955
1885
1397
1885
1467
1886
1467
1467
1466
1886
1467
1397
1816
1956
1886
1886
1955
1886
1396
1397
1466
1467
1397
1955
1466
1886
1886
1816
1397
1396
1396
1397
1885
1397
1467
1397
1886
1816
1396
1397
1886
1397
1466
1956
1886
1397
1397
1467
1466
1397
1466
1467
1955
1886
1396
1397
1956
1397
1467
1467
1467
978
1956
1467
1467
1886
1886
1396
1886
2444
1396
1885
2375
1886
1956
1466
1886
2934
1955
1467
1885
1886
1885
908
1397
1886
1886
1396
1467
1396
1397
1397
1955
1467
1397
1467
1955
1467
1467
1397
1466
1816
1467
1397
1467
1397
1467
1956
1466
1467
1396
1397
1397
1885
1397
1467
1955
1397
1466
1467
1467
1886
1397
1467
1397
1466
1467
978
1397
1466
1397
1397
1397
1886
1396
1466
1397
1397
1397
1397
1397
1467
2794
1397
1397
1467
1886
1397
1397
1397
1467
1397
1467
1467
1467
2863
1956
1956
1397
1397
1467
1466
1467
1397
1397
1396
1466
1466
1466
1396
1397
978
1396
1466
1886
1466
1467
1397
1467
1467
1467
1397
1466
1467
1467
1467
1397
1467
1397
1467
1467
1956
1467
1396
1467
1466
1397
1397
1466
1467
1466
1397
1397
1397
1955
1886
1397
1467
1397
1467
1397
1466
1956
1467
1467
1397
1467
1466
1397
1467
1397
1397
1466
1397
1466
1467
1466
1397
1397
1397
1397
1397
1466
1397
1396
1886
1467
1397
1396
1397
1466
1397
1886
1397
1955
1466
1396
1397
1466
1466
1397
1397
1397
1466
1466
1397
1397
1467
1467
1886
1397
1886
1397
1397
1397
1396
1397
1397
1467
1467
1466
1466
1396
1467
1396
1467
1397
1466
1397
1467
1886
1397
1467
1467
1396
1467
1467
1467
1397
1397
1396
1397
1467
1397
1397
1397
1467
1816
1397
1466
1466
1467
1397
1467
1466
1397
1886
1467
1397
1467
1466
1467
1397
1956
1397
1467
1327
1397
978
1397
1466
1396
1396
1466
1397
1467
1397
1396
1466
1467
1396
1467
1467
1397
1397
8521
1397
1467
1467
1466
1396
1467
1467
1466
1397
1397
1466
1467
1466
1467
1467
1396
1397
1397
1467
1397
1467
1396
1467
1467
1397
1396
1886
1467
1467
1396
1466
1466
977
1397
1397
1886
1466
1467
1397
978
1397
1397
1467
1397
1467
978
1885
1397
1467
1397
1397
1397
1466
1397
1467
1397
1397
1397
1467
1467
1886
908
1466
1397
1467
1397
1396
1886
1467
1397
1467
1467
1466
1396
1466
1467
1467
1397
1396
1397
1466
1466
1397
1467
1396
1396
1397
1396
1397
1397
1886
1466
1886
1397
1467
1886
1885
1467
1466
1466
1397
1467
1397
1466
1397
1396
1467
1886
1466
1886
1467
1396
1816
1397
1467
1396
1397
1955
1397
1467
1397
1466
1397
1886
1397
1397
1397
1397
1466
1466
1886
1397
1885
1467
1397
1886
1397
1397
1467
1396
1467
1397
1467
1397
1466
1397
1397
1467
1467
1397
1397
1397
1467
1886
1397
1886
1397
1397
978
1885
1467
1397
1397
1397
1467
8521
1396
1467
1397
1397
1397
1397
1397
1467
1886
1467
1397
1467
1467
1467
1467
1467
1467
1397
1397
1467
1816
1397
1466
978
1396
1466
978
1467
1956
1886
2375
1956
1886
2864
1955
1885
1885
1886
2374
1886
1956
2375
1396
2864
2375
1956
1886
1467
1397
1885
1396
1886
1955
1396
1397
1396
1467
1956
1886
1886
1467
1397
1467
1886
1397
1466
1466
1467
1467
1467
1467
1397
1885
1467
1467
1885
1397
1397
1467
1397
1956
1397
1956
7542
1886
1397
1397
1466
1467
1467
1467
1955
1396
1467
1467
1956
1885
1467
1886
1397
1397
1467
1397
1885
1397
1397
1466
1467
1397
1397
1956
1816
1397
1397
1885
1467
1397
2374
1955
1886
1397
1467
1397
1467
1466
1397
1467
1467
1886
1467
1466
1397
5658
978
1885
1397
1397
1467
1397
1885
1886
1467
1886
1397
1397
1885
1466
1397
1467
1886
1397
1885
1467
1397
1466
1885
1397
1397
1467
1397
1397
1396
1467
1466
1397
1397
1816
1466
1397
1397
1467
1467
1396
1397
1397
1467
1397
1466
1466
1397
1397
1466
1397
1397
978
1396
1467
977
1397
1397
1397
1467
1955
1466
1466
1397
1397
1886
1886
1956
1885
1396
1466
1467
1466
1396
1397
1466
1467
1467
1466
1397
1396
1467
1397
1467
1467
1467
1397
1467
1467
1397
1327
1396
978
1466
1466
1397
1467
1396
1466
1467
1397
1396
1467
1397
1396
1467
1467
1397
908
1466
1397
