1885
1885
1815
1886
1396
1955
1885
2374
1466
1886
1397
1397
1397
1397
1397
1466
1397
1467
1467
978
1467
1466
1466
1397
1397
1397
1466
1396
1396
1467
1396
1467
1396
978
978
1396
1956
1466
1467
1397
1397
1886
1397
1886
1397
1466
1397
1467
1467
2793
1397
1885
1396
1885
1397
1466
1467
1397
1397
1397
14247
1886
1467
1466
1396
1886
1467
1397
1467
1466
1397
1467
1467
1467
1466
1466
1466
1886
1466
1467
1397
1397
1467
1886
1467
1397
1467
1397
1467
1885
1886
1467
1396
1467
1397
1397
1467
1397
1955
907
1467
1396
1886
1886
1467
1396
1397
1467
1397
1886
1886
1955
1886
1397
1886
1397
907
1396
1886
1397
1885
1956
1397
1885
1397
2374
1886
1397
1467
1397
1885
1397
1397
1397
1956
1397
1466
1886
1466
1467
1956
1467
1816
1397
1467
1467
1397
1397
1467
1397
1466
1467
2375
1886
1956
1397
1467
1886
1397
1956
1397
1466
1396
7543
1397
26260
1467
1467
1466
1467
1397
1396
1397
1397
1397
1885
1397
1467
1885
1466
1396
1397
1397
2375
1467
2374
1885
1466
1955
1467
1467
1397
1467
1466
1466
1397
1466
2374
1467
1397
1397
1467
1467
1467
1397
1466
1467
1397
1467
1466
1397
1885
1467
1396
1467
1396
1397
977
1397
1397
1467
1397
1466
1397
1466
1397
1397
1466
1396
1397
1467
1397
1955
978
1397
1397
1396
978
1466
1956
4330
1397
1397
2374
1397
1955
1397
1397
1397
1956
978
3353
1886
1467
1396
1885
1956
1885
1885
1467
1885
1886
1885
1397
2375
1886
1397
1886
1816
1396
1467
1397
1467
1467
1397
1397
1886
1397
1467
978
1397
1396
1467
1397
1467
1397
1397
1396
1397
1397
1886
1466
1886
1467
1467
1397
1396
1886
1467
1956
2305
1397
1466
1396
1955
1397
1467
1466
1956
1467
1955
1397
1467
1397
1466
1467
1397
1466
1397
1467
1396
1397
1466
1397
1886
1467
1467
1466
1467
1467
1467
1397
1466
1397
978
1467
1466
1397
1467
1396
1466
977
977
1467
1467
1466
1467
1397
1466
1396
1467
1397
1816
1396
1397
1467
1397
1467
1467
1466
978
1397
1466
1467
1397
1397
1397
1466
1467
1397
1397
1397
1397
1466
1467
1466
1467
1397
1397
977
1466
1397
1466
1396
1467
1397
1397
1467
1886
1397
1886
1397
1886
1467
1816
1956
1396
1815
1397
2375
1886
2375
1886
2794
3841
1886
3282
1466
1886
19137
1466
1886
1885
1397
1467
1886
1886
1397
1955
1956
1886
2374
1886
1397
1956
1955
1396
1397
1955
1956
1955
1886
1466
1956
1886
1886
1397
1397
1467
1397
1397
1397
1467
1397
1466
1955
1467
1396
1466
1886
1956
1467
1816
1397
2304
1956
1397
1886
1886
1397
1956
1397
1956
1397
1956
1886
1885
1397
1397
1886
1397
1397
1467
1466
1886
1466
1397
1466
1467
1886
1397
1816
1397
1466
1467
1885
1466
1467
1396
1886
1397
1955
1467
1955
1467
1466
1955
977
1466
1886
1886
1466
1886
1956
1397
1885
1886
1467
1396
1396
1396
1397
1397
1397
1466
1397
1885
1466
978
1467
1466
1955
1397
978
1466
1397
1397
978
1886
1467
1467
1397
978
1396
1466
1397
1467
1397
1467
1397
1397
1467
1466
1397
1467
1397
1467
1397
1467
1397
1397
1885
1397
1467
1467
1886
1397
978
1467
1397
978
1467
1397
1397
1397
1397
1396
1886
1466
1396
1467
1397
1466
1396
1467
1397
1467
1397
1467
1955
1886
1467
1397
1396
1397
1397
1816
1397
1397
1467
1467
1396
1397
1397
1467
1466
1397
1396
1397
1815
1397
1466
1467
1397
1396
1467
1397
1397
978
1467
1396
1397
1397
10895
1886
1397
1467
1396
1466
1397
1396
1397
1397
1397
1397
978
1466
1397
908
1467
1397
907
1397
1467
1396
1397
1466
1467
1327
1466
1816
1467
1397
1956
1397
1467
1886
1467
1467
1467
1396
1397
1397
1886
1467
1397
2445
978
1956
1466
1397
1467
2445
1956
1886
2375
1886
2374
2794
1955
3352
1886
1467
1467
1396
1467
1467
978
1886
1467
1885
1886
1955
1956
1397
1466
1467
1397
1397
1467
1397
1327
1397
1886
978
1467
1467
1466
1396
1955
1886
1956
1886
1467
1397
1397
1397
1467
1467
1467
1397
1397
1397
907
1397
1467
1396
1397
1886
1466
1956
1955
1396
1467
1397
1467
1466
1397
1396
1467
1396
1466
1397
1466
1885
1467
1397
1396
1397
1467
1397
978
1467
1467
1466
1397
1467
1467
1466
1466
1467
1397
1397
10825
1397
1466
1886
978
1397
1886
1397
1397
1466
1886
1886
1885
1956
1955
1397
1886
1886
1886
1397
1955
2305
1885
1886
1396
1397
1467
1397
1397
1396
1396
1467
1467
1467
1397
1467
1467
977
1397
1467
1467
1397
1466
1466
1956
1467
1397
1467
1466
1467
978
1397
1886
1397
1466
1396
1397
1397
1816
1956
1816
1397
2375
1397
1467
1467
1397
1467
1396
908
1466
1955
1466
1885
1956
1397
978
1467
1397
1885
1467
1467
1467
1397
1397
1397
1397
1956
1467
1816
1467
1886
908
1467
1396
1467
1397
1466
1397
1467
1886
1467
1956
1467
1467
1885
1466
2375
1466
1466
1467
1397
1467
1466
1397
1397
1886
2374
1397
1467
1396
1397
1816
1885
1886
1467
1467
1885
1885
1886
1397
1955
1467
1886
1466
11385
1396
1467
1886
1397
1397
1397
1397
1397
1467
1467
1467
1886
1467
1397
1397
1397
1397
978
1397
1886
1397
1396
1397
1397
1397
2444
1397
1886
1467
1396
1397
1396
1467
1466
1467
1397
1886
1816
1467
1466
1466
1886
1397
1396
1467
1466
1397
1466
1466
1467
1886
1397
1396
1816
1816
1956
1397
1467
1397
1396
1466
1956
1886
1397
1466
1956
1886
4889
1955
2444
2375
1886
1886
1886
1466
1397
1397
1467
1467
1467
1466
1397
1466
1397
1467
1397
1397
1886
1467
1397
1397
1886
1466
1467
1396
1396
1956
1397
1466
1397
1885
1467
1955
1397
1396
1467
1467
1466
1396
1467
1397
