1886
1885
1886
1467
1886
1956
1397
1886
2375
1955
1955
2375
1886
1886
2444
2375
1397
1886
2375
1886
1886
1886
1467
2375
1885
1397
1816
1467
1886
1467
2374
1956
1886
1467
1886
1466
1467
1397
1397
1886
1397
1467
1396
1886
1885
2375
1467
1466
1886
2305
908
1467
1397
1885
1885
1466
1955
1886
1467
1396
1955
1466
1886
1816
1886
2864
1467
1885
1886
1955
1886
1956
1956
2375
1467
1885
1886
1956
1956
2375
2374
1397
2375
1886
1956
1886
978
1886
1816
2863
1397
1397
1885
1955
1467
1956
1886
1885
1955
1955
1885
2375
1886
1467
1885
1886
1885
1886
2374
3772
1956
2374
1886
1815
2445
1816
1956
1397
1816
1956
1885
1956
2304
1886
1397
1885
1816
1886
1886
2864
1886
1956
1886
1886
1467
1396
1396
3772
1467
2375
1885
1467
1886
1467
1467
1885
1816
1466
2444
1956
1885
1886
2374
1886
1886
1955
1885
2375
1956
1397
2444
1886
1886
1956
1886
1466
1955
2375
1467
1397
1886
1467
1397
1397
1886
1467
1885
1886
1956
1466
1886
1397
1886
1397
1956
1467
1466
1466
1396
1397
1467
1467
1467
1467
1886
2863
2374
1467
1886
1467
1815
2374
1886
1885
1467
1397
1467
1886
1886
1886
1885
2445
1467
1885
1886
1886
1397
1467
1467
1466
1886
1955
1467
1466
977
1467
1467
1397
1467
1466
1467
1885
1466
1467
1396
1467
1467
2864
1886
1886
1816
1466
1467
1466
1397
1397
1956
1466
1397
1467
1885
1956
1886
1886
1886
1397
1397
1886
1467
2444
1886
1397
1886
1885
1886
1955
978
1885
1397
1956
1886
1467
1466
1466
1955
1466
1886
1397
1466
3771
978
1467
1466
1466
1397
4750
1467
1467
1396
1467
977
1397
1886
1467
1886
1466
1467
1885
2304
1885
1886
2305
1885
2375
1816
1885
1466
1955
1955
1467
1467
2375
6286
1397
1396
1886
1467
1816
1886
1885
1885
1885
1886
1955
1886
1886
978
1886
1956
1397
1956
1885
1886
1955
1956
1886
1956
1956
2374
1397
1467
2375
1885
1396
1467
1467
1886
1886
2305
1956
1955
2305
1885
1397
1885
2305
1467
1886
1956
1886
2374
1886
1885
1467
1886
1956
1467
1955
1886
1467
2445
1397
1467
1885
1397
1467
1886
1885
1467
1396
1396
1886
1397
1885
1466
1467
1397
1397
1467
1467
1886
1886
1397
1955
1816
1885
1886
1397
1467
1886
1397
1397
1467
1397
1397
908
1886
2375
1466
1886
1955
1467
1885
1466
1397
1886
1467
1467
1467
978
1886
1466
1397
1396
1467
1886
1956
978
1466
1466
1467
1467
1886
1885
1397
1467
1397
1397
1886
1396
1397
1467
1397
1397
1397
1467
1397
1397
1466
1466
1466
1467
1466
1397
1396
1396
1467
1397
1396
1467
1397
1467
1467
1467
1467
1397
1397
1885
1467
1396
1397
1466
1466
1467
1467
1397
1467
1397
1397
978
1467
1886
1396
1466
1467
1397
1467
1397
1467
1397
1467
1466
1397
1397
1396
1397
1397
1466
1467
1885
1466
1467
1886
1886
1955
1886
2305
1886
1816
1886
1397
2375
2374
1885
1397
1885
1956
1466
1886
1397
1467
1467
1467
1467
1885
1886
1396
1816
1467
1467
1397
1955
1467
2305
978
1467
1886
2374
1886
1956
1396
1956
1467
1467
2375
1886
1886
1816
1886
2305
1955
1397
2375
2444
1955
1396
1397
2375
1885
1466
1466
1397
1886
1467
978
1885
1466
1396
1886
1397
1396
1467
1885
1467
1467
1467
1397
1467
1397
2933
1886
1396
1467
1956
1467
1886
1467
1397
1886
1397
1466
1466
1886
1397
1467
1397
1886
1466
1467
1956
11384
1397
1466
1396
1397
1885
1397
1397
1396
1397
1467
908
1466
1396
1397
1467
1397
1466
1397
1397
1467
1396
1885
1397
1886
1886
1467
1397
1397
1397
1396
1397
1396
1956
1397
1886
1956
1467
1466
1467
1466
1885
1467
1396
1397
1886
1467
1467
1467
1397
1886
1467
1466
1467
1467
1885
1397
1467
1466
1467
1815
977
1466
1886
1467
1396
1397
1886
1467
1466
1397
1467
1466
1396
978
1467
1396
1467
1886
1397
1467
1397
1467
1397
1467
1467
1467
1397
1466
1396
1396
1467
1397
1397
1885
1466
1467
1397
1397
1466
978
1467
1885
1397
1886
1397
1467
1466
1466
978
1467
1467
1466
1467
1955
1397
1886
1396
1467
1467
1956
1886
1467
2304
1466
1467
978
1466
1466
1397
1467
1397
1397
1397
1886
1885
1396
1467
1397
1397
1467
1886
11314
1885
1397
11384
1467
1397
1886
1816
1397
1396
978
1886
1397
1467
1467
1955
1466
1467
1466
1397
1397
1397
1467
1397
1886
1467
1397
6704
1396
1397
1466
1467
1466
1397
1397
1467
1397
1397
1467
1397
1467
1466
1397
1467
1467
1397
1467
1397
1467
1396
1467
1467
978
1466
1466
1397
1467
1467
1397
1467
1467
1885
1885
1397
1467
1397
1397
1397
1396
1397
1467
1397
1397
1467
1467
978
1397
1467
1467
1397
977
1467
1397
1467
1467
1467
1396
15295
1466
1396
1467
1396
1397
1467
1397
1467
1396
1885
1467
1396
1467
1397
1396
1885
1467
1886
1466
1467
1885
978
1467
1397
1397
1886
1397
1397
1397
1397
1397
2444
1397
1397
1397
1467
1467
1467
1467
1396
1397
1467
1466
1467
1397
1467
1396
1467
1886
1397
1397
1466
1397
978
1397
1396
1466
1397
1886
1467
1397
1397
1467
1467
1466
1466
1467
1396
1467
1467
1397
1396
1397
1467
1397
1467
1397
1397
1467
1397
1397
1397
1466
8032
1467
1396
1466
1397
1467
1466
1397
1467
1397
908
1466
1396
1466
1467
1397
1397
1397
1467
978
1886
1397
1397
1397
1955
1396
1466
1467
1397
1397
1397
1397
1467
1397
1467
1467
1397
1467
1397
1467
1467
1467
1397
978
1396
1467
1396
1467
1886
1885
1397
1397
1397
1396
1466
1467
1466
1397
1886
1466
1467
1467
1466
1397
1466
1467
1397
1397
1955
1466
1397
1397
1466
1467
1467
1886
1397
1397
1397
978
1397
1956
1397
1397
1467
1467
1397
