1397
1467
1396
1886
1467
1467
1956
1467
1467
1955
1397
1397
978
1466
1466
1396
1467
1397
1467
1467
1466
1466
1397
1467
978
1467
1467
1466
1397
1397
1467
1467
1467
1466
1467
1397
1467
1397
978
1397
1466
1467
1467
978
1396
1466
1397
1467
1396
1397
1397
1467
1885
1397
1397
1397
1466
1467
1397
1397
1467
1467
1396
1467
1397
1466
1467
1467
1467
1466
1886
1956
1467
2305
1397
1885
1466
1886
1397
1467
1397
1886
1397
2374
1956
1467
13689
1955
1886
1886
1467
1467
1956
1956
1955
1885
1886
1397
1886
1885
1886
1886
1886
1397
1956
1397
1886
978
1886
1396
1467
1466
1396
1467
1397
1467
1467
1397
1397
1397
1466
1397
1397
1396
1886
1397
1466
1397
1467
1397
1467
1397
1886
1396
1886
1886
1397
1466
1467
1397
1397
1886
1886
1466
1397
1885
1467
1397
1886
1956
1885
1396
1397
1956
1467
1466
1396
1885
1396
1397
1397
1885
1396
1397
908
1396
1397
1397
1397
1886
1397
1816
1467
1397
1955
1466
1467
1886
1467
1886
1397
1956
1956
1956
1397
1397
1885
1467
1886
1466
977
1397
1396
1466
1467
1397
1397
1466
1397
1467
1886
1467
1397
1397
978
1886
1956
2235
1885
1955
1886
1886
1466
1467
1467
1885
1885
1397
1397
1956
1467
1885
1397
1886
1466
1467
1467
1955
2375
1397
1885
1466
1397
1467
1816
1956
1956
1467
1955
1397
1956
1466
2864
7124
1467
1886
1397
1466
1885
1397
1886
1397
1886
1466
1397
1885
1956
1467
1886
1466
1885
1956
1466
1397
1467
1397
1397
1397
1885
1466
908
1397
1397
1466
1397
1466
978
1396
1397
1397
1886
1396
1466
1466
1466
1397
1466
1886
1396
1466
1397
2375
978
1466
1397
1397
1467
1466
1397
1397
1466
1396
1467
1886
1466
5657
2375
1467
1886
1466
1886
1467
1467
1396
1397
1397
1397
1466
1466
1467
1466
1397
1885
1467
1886
1886
1885
2933
1886
1397
1955
1467
2445
1467
1886
1397
1956
1397
1466
1467
1397
1397
1397
1397
1467
1397
1467
11105
1467
1397
1467
1397
1397
1886
1467
1397
1466
1397
978
1396
1397
1467
1886
1397
1396
1397
1467
1397
1886
1467
978
1466
1397
1397
1396
1467
1467
1397
1396
1397
1396
1467
1467
1397
1885
1466
1467
1886
977
1397
1397
1397
1397
1467
1467
1886
1397
1955
1467
2375
1956
1467
1397
1397
1886
1956
1955
1467
1397
1397
1397
1467
1397
1397
1885
1886
1956
1955
1885
1397
1466
1397
2305
1397
1956
1955
1397
1885
1885
1886
1467
1397
1397
1467
2375
1955
1956
1397
1397
1397
1397
1397
1397
1886
1466
1955
1397
1466
1886
1466
1467
1396
1397
1397
1467
1396
1397
1397
908
1886
1397
1815
1396
1466
1397
1466
1467
1466
1466
1467
1886
1397
1816
1396
1397
1397
1397
1467
1396
1467
1396
1466
1397
1397
1467
1396
1397
1466
1467
1397
1397
1397
1466
1816
1885
1397
1397
1397
1467
7612
1397
1886
1397
1467
1396
977
1397
978
1466
1397
1397
1397
1467
1886
1397
1467
1467
1467
1397
1466
1466
1397
1466
1466
1397
1396
1466
1467
1466
1396
1467
1397
1397
1466
1466
1467
1467
1467
1467
1816
1466
1885
1467
1397
1886
1466
2375
1396
1397
1397
1466
1397
1467
1396
1467
1885
1467
1886
1886
1956
1396
1467
1466
1467
1467
1397
1397
1886
1467
1397
1397
1467
1816
1886
1886
1467
1466
1885
1396
1466
1466
1396
1397
1886
1467
1467
1397
1396
1396
1467
1467
1467
1397
1467
1396
1467
1466
1397
1397
1467
978
1397
1467
1886
1397
1466
1467
1397
1397
1397
1466
1886
1466
908
1467
1886
1397
1397
908
1467
1466
1397
1396
1956
1886
1466
1397
1467
1397
1467
1467
908
1467
1467
908
2375
1467
1396
1467
1397
1397
1466
1466
1466
1886
1397
1396
1955
1397
3772
1956
2793
1886
1397
1397
1467
1466
1397
1397
1397
1467
1886
1885
1466
1396
1397
978
1885
1397
1397
1886
1397
1397
1397
1397
1397
1397
1956
1467
1396
1466
1397
1885
1467
1886
1397
1466
1466
1397
1397
1396
1397
1466
1397
7613
1397
1816
1467
2375
1467
1397
1886
1467
1396
1396
1397
1397
1467
1467
1397
1467
1467
1467
1397
1467
1397
1466
1467
1466
1467
1397
1397
1467
1397
1397
1397
1467
977
1886
1955
1467
1886
1397
978
1397
1956
2375
1397
1956
1956
1467
1397
1467
1397
908
1397
1466
1397
1886
1956
1467
1467
1467
1466
1396
1466
1397
1397
1397
1397
2444
1396
1467
1397
1397
1466
1467
1467
1956
1466
1467
1956
1885
1955
1956
1885
1396
1885
1467
1885
1397
1397
1466
1467
1955
1397
1886
1467
1885
1956
2374
1955
1397
1956
1467
1886
1467
1467
1397
1466
1397
1467
1466
1397
1397
1397
1466
1397
1397
1466
1467
1467
1397
1397
1467
1467
1397
1397
1396
1886
1396
1397
1886
1397
1397
1467
1397
1397
1466
1467
1956
1467
1397
1467
1397
1397
1467
1886
1955
1466
1467
1397
1397
1885
1467
1397
1467
1397
1396
1397
1397
1397
978
1397
1396
1466
1397
1886
1886
978
1467
1955
1397
1466
1397
1956
1466
2864
1466
1397
1467
1886
1467
1467
1397
1956
1885
1886
1396
1397
1886
1467
1955
1886
2375
1955
1886
1956
2444
1956
1397
1396
2375
1467
1397
1816
1466
1466
1397
2305
1467
1397
1467
1396
908
1397
1886
1467
1467
1886
1397
1397
1885
1955
1956
1397
1886
1466
1467
1467
1467
1467
1397
1886
1956
2305
1466
1466
1956
977
1396
1886
1397
1885
1467
1886
1467
1397
1467
1397
1886
1397
1397
1397
1466
1397
1466
1397
1466
1396
1397
908
1396
1467
1467
1397
1397
1396
1466
1466
1466
1397
1467
1397
1397
1466
1885
1467
1397
1466
1466
1397
1397
1397
8521
977
1467
1956
1467
908
1396
1816
1397
1397
1955
1886
1466
1466
1886
1397
1467
1466
1885
1467
978
1467
1956
1397
908
1397
