1397
1886
1397
1955
1397
1886
1956
1885
1467
1467
1397
1397
1886
1397
1467
1397
1467
1886
1466
1466
1466
977
1467
1466
1466
1397
1467
1397
1397
1466
1397
977
1467
11035
1467
1396
1397
1397
1397
1467
1885
1466
1886
1397
1397
1886
1467
1397
1886
1397
1886
1397
1466
1886
1467
1466
1466
1956
1816
1885
1467
1886
1397
1397
1397
1466
1467
1397
1466
1467
1466
1397
1885
1397
1885
1467
1956
1397
1886
1885
1956
1397
1397
1467
1467
1886
1397
1886
1397
1467
1396
1396
1816
1886
1885
1397
1466
1396
1397
1396
1397
1467
1466
1397
1467
1467
1886
1956
1397
1397
1885
1396
1397
1467
1956
1397
1955
1467
1397
1467
1466
1467
1397
1466
1397
1397
1886
1397
1955
1466
1397
1885
1397
1396
1466
1886
1466
1397
1467
1397
1397
1886
1467
1886
1886
1466
1396
1467
1886
1397
1397
1466
1397
1885
1466
1397
1886
1467
1467
1397
1397
978
1886
1467
1467
1397
1397
1467
1467
1397
1467
1467
1467
1467
1397
1886
1397
1467
1396
1397
1466
1466
1397
1466
1467
1467
1886
1397
1955
1467
1397
1397
1955
1397
1397
1886
1467
1816
1886
1467
1467
1956
1397
1815
1396
1816
1467
1885
1397
1956
1886
1886
1467
1466
1885
1467
1886
1397
1397
1886
1886
1886
1466
1956
1886
1885
1885
1886
2375
2305
2374
1955
1397
1886
1955
1955
1466
1886
1886
1397
3771
1466
1397
1885
1467
1816
1885
1467
1886
1397
1397
1397
1466
1466
978
1886
1466
1886
1397
1885
1886
1396
1397
1955
1397
1397
1467
2375
1885
1886
1885
1955
1467
1467
1886
1397
1886
1885
1816
1885
1886
1466
1886
1467
1397
1886
1397
1397
2375
1955
1886
1956
2445
2305
1956
1886
1955
1396
2305
1955
1956
1956
1886
1467
2305
1886
1467
1397
1397
1397
1466
1397
1467
1467
1466
1467
1816
1467
1886
1397
1397
1467
1397
1886
1396
1397
1466
1886
1397
1886
1467
1397
1467
1886
1467
1397
1397
1885
1886
1886
2444
1955
1886
1885
1956
2375
2444
1885
2375
2374
1886
1397
1886
1886
1886
1956
1467
1397
2863
1956
2863
1886
1886
1467
1466
2305
1956
1885
1885
1466
1397
1466
1396
1956
1886
1886
1467
1467
1816
1886
1816
1466
1886
1886
1886
1467
1397
1886
1886
1397
1466
1466
1466
1466
1466
1885
1397
1467
1396
1467
8101
1466
1886
1397
1397
1397
1397
1397
1397
1467
1397
1396
1397
1397
1466
1467
908
1397
1397
1466
1466
1467
1397
1397
1816
1397
1886
1397
1397
1396
978
1466
1467
1886
1397
1886
1885
1467
1397
1397
1466
1467
1467
1396
1466
1397
1467
1396
1885
1397
1396
1397
1397
1466
1397
1397
1397
1466
1467
1885
1397
1467
1397
1467
1397
1397
1467
1396
1396
1397
1886
1467
1396
1397
1467
1397
1467
1397
1397
1397
1466
1396
1396
1397
1467
1467
1466
1396
1467
1467
1397
1466
1956
1466
1467
1467
1466
2375
1467
1955
2375
978
1885
1397
1467
1466
1466
2374
1466
1397
1467
1397
1467
1397
1466
1397
1467
1397
1466
1886
1886
1886
1956
1885
1886
1956
1467
1886
1886
1467
1397
1466
1886
1397
1886
1467
1397
1816
1956
1467
1886
1955
1467
1886
1886
1397
1467
1396
1397
1467
1397
1397
1327
1467
1396
1397
1396
1396
1396
1396
1397
1396
1397
978
1467
1397
1467
1886
1397
1886
1467
1466
1396
1397
1466
1467
1467
1955
1467
1397
1397
1466
1397
1466
1886
1467
1885
1886
1397
1466
1885
1886
908
16552
1815
1467
1397
1396
1397
1396
1886
1467
1397
1396
1467
1397
1397
1397
1397
1956
1397
1396
1467
1397
1467
1397
1397
1955
1466
1397
1467
1467
1466
1397
1467
1886
1397
1397
1467
1396
1397
977
1397
1466
1397
1397
1397
1466
1466
1467
1397
1467
1397
1397
1467
1467
1956
1397
1467
1397
1886
1467
1466
1467
1467
1397
1886
1885
1886
1886
1397
1886
1467
1397
1397
1397
1815
2375
1955
1956
2445
1886
1956
1886
2374
1886
1955
1956
2304
1886
1886
1886
1816
1886
977
1886
1816
2375
1886
978
1956
1466
1397
1886
1397
1956
1467
1956
1467
1466
1467
1397
1885
1466
1397
1466
1467
1466
1397
1467
1466
1397
1397
1397
1397
1466
1397
1466
1397
1467
1467
1466
1467
1397
1397
1397
1956
1396
1397
1466
1397
1466
1396
1886
1467
1397
1397
1467
1466
1397
1466
1397
1397
1397
1396
1467
1397
1466
1397
1467
1397
1397
1886
1466
1396
1886
1886
1955
1956
1466
1397
977
1885
1886
1467
1467
2375
1955
1467
1397
1397
1397
3841
1466
1396
1466
1397
1397
2374
1466
10197
1396
1397
1397
1886
1467
1396
1397
1396
1397
1467
1955
1467
1886
1885
1886
1397
1397
1955
1397
1466
1397
1396
1885
1466
1886
1956
1397
1467
1397
1886
1397
1466
1886
1467
1396
1397
1397
1955
1397
1397
1397
1397
1466
1397
1886
1885
1397
1467
1397
1466
1397
1397
1397
1397
1467
1467
1466
1397
1397
1397
1467
1397
1466
1397
1467
1467
1467
1467
1466
1397
1397
1397
1397
1397
1397
1396
1397
1467
1397
1397
1397
1467
1467
1886
1467
1466
1886
1886
1397
1397
1467
1467
1466
1466
1397
1397
1397
1466
1467
1466
1467
1397
1397
1397
1467
1466
1397
1466
1396
1397
1467
978
1467
1397
1397
1466
1466
1397
977
1466
1467
1397
1467
1955
1467
1467
1466
1466
1397
1396
1466
1467
1467
1397
1466
908
1467
1397
1327
1396
1467
1397
1467
1397
1467
1886
1886
1886
1397
1397
1466
1886
1396
1397
1396
1885
1466
1467
1397
1397
1466
1466
1466
1396
1956
1467
1396
1397
1467
1397
2375
1396
2794
1397
1397
1467
1886
1466
1886
1815
1467
1397
1396
1466
1467
1467
1397
1396
1466
1397
1467
1467
1816
1466
1955
1955
1467
1886
1467
1955
1466
1397
1396
978
1467
1467
1397
1467
1396
1397
1467
1467
1397
1397
1466
1885
1885
1397
1396
