1397
1886
1397
1467
1886
1397
1467
1886
1886
1396
1955
2794
3353
1396
1955
1397
1397
1397
1886
1466
1955
1467
1467
1396
1397
1397
1466
1467
1397
1466
1397
1397
1397
1467
1396
1886
1466
1396
1467
1467
1467
2304
2444
1956
1467
1397
1956
1886
1956
2375
908
1467
1466
1467
1816
7054
1956
1956
1886
2375
1886
1467
1397
1816
1955
1397
1816
2304
1955
1886
1467
1397
1956
1956
1886
1886
1816
1467
1467
1466
1886
1397
1397
1956
978
1467
2375
1466
2375
1886
1467
2304
1466
1885
2304
2375
1885
2445
2375
1467
1955
1886
2445
1956
1885
1956
1955
2374
1956
1886
1886
1886
1956
1956
1886
1886
1886
1885
1955
1816
1955
1886
1397
1886
2375
1886
1886
1396
1467
1885
1885
1956
1466
1886
1467
1956
1886
1466
1397
1886
1397
1886
1396
1956
1396
1467
1466
1397
1397
1397
1397
1397
1397
1396
1397
2374
1466
1397
1886
1467
1397
1467
1466
1397
1467
1466
977
1466
1397
1886
1467
1955
1467
1396
1396
1467
1467
1467
1956
1955
8102
1467
1956
1396
1467
1397
1397
1397
1396
1397
1955
1467
1467
1397
2304
1397
1397
1886
1397
1956
1886
1816
1886
2375
1885
1956
1886
1956
1467
1816
2374
1956
1397
1956
1956
1886
1956
1397
1467
1467
1956
1467
1467
1467
1466
1466
1397
1466
1886
1886
1397
1396
1886
1397
1467
1467
1397
1886
1466
1467
1886
1467
1467
1397
1885
1886
1397
1396
1397
1467
1397
1467
1397
1467
1466
1467
1467
1886
1467
1466
1467
1467
1397
10337
1466
1397
1886
1956
1397
1397
1885
1466
1956
1467
1397
1885
1467
1396
1397
1466
1466
1886
1886
1467
1397
1397
1397
1396
1956
1886
1397
1886
1467
1397
2444
1955
1886
1956
2305
1816
1397
1466
1467
1467
1816
1397
1886
1396
1466
1467
1467
1397
1397
1467
1467
1396
977
1397
1886
1397
1397
1466
1886
1885
1956
1397
1397
1466
1886
1397
1466
1397
1886
1886
1885
1467
1397
1886
1886
1467
1396
1397
1886
1467
1466
1885
1955
1467
1397
1885
1397
1955
978
1396
1816
1397
1955
1956
1467
1467
1467
1397
1466
1467
2444
2375
2375
1886
1955
1956
1956
2375
1885
1886
1955
1466
1397
1397
1467
1466
1466
1397
1397
1467
1885
1397
1397
1397
1397
1886
1467
1467
1467
1885
1467
1467
1397
1397
1397
1467
1396
1467
1467
1397
1467
1397
1467
1397
1396
1397
1396
1397
1397
1885
1466
1467
1466
1396
1397
1467
1397
1397
1466
1467
1397
978
1466
1397
1467
1397
1466
1467
1396
1396
1397
1397
1467
1397
10686
1467
1397
1397
1397
1466
1467
1467
1397
1467
1467
1886
1397
1396
1955
1886
1397
1467
1397
1397
1467
1885
1467
1467
1397
1466
1467
1466
1397
1397
1466
1397
1467
1397
1467
1397
1467
1886
1397
1466
1397
1397
1467
1467
1397
1396
1397
1467
1466
1466
1467
978
1467
1466
1816
1466
1885
1466
1886
1467
1467
1885
1397
1397
1397
1397
1467
1397
1397
1397
1397
1467
1885
1397
1467
908
1467
1397
1466
1397
1467
1397
1466
1467
1397
1467
1467
1397
1397
1397
1467
1397
1467
977
1886
1467
1467
1886
1396
1396
1466
1396
1467
1397
1397
1885
1467
1467
1466
1397
1397
1467
1397
1397
1397
1396
1397
1466
1396
1396
1466
1467
1467
1397
1467
1467
1466
1396
1885
1467
1885
1955
1956
1956
1886
1885
2863
1886
2375
1467
2444
1885
908
1886
1467
1956
1886
1955
1886
2374
2305
1397
1955
1885
1886
1397
1397
1956
1466
1886
1397
1886
1466
1466
1466
1397
1397
1397
1397
1886
1885
1397
1885
1397
1466
1885
1955
1955
1956
1886
9080
1886
1467
1467
1397
1466
1466
1397
1397
1397
978
1397
1397
1397
1397
1886
1467
1397
1397
1396
1397
1956
1467
1397
1467
1467
1466
1467
1397
1397
1397
1886
1396
1467
1397
1397
1886
1885
1466
1397
1397
1467
1396
1397
1396
1397
1466
1885
1467
1396
1467
1466
1397
978
1396
1955
1955
1397
1885
2375
1885
1956
1466
1885
1397
1886
1886
1467
1397
2374
1886
1886
2375
1886
1467
1467
1885
1397
1885
1467
1467
1886
1956
1397
1956
2444
1955
1956
2375
2374
1886
1955
2375
1397
1956
1885
1886
1886
1466
1886
1397
1956
1396
1466
1885
978
1397
1466
1467
1467
1397
1397
1397
1467
1397
977
1955
1466
1397
1397
1466
1467
1466
1466
1467
1397
1467
1397
1467
1886
1466
1466
1397
1397
1397
1397
1886
1396
1886
1885
1397
1397
1886
1397
1327
1466
1467
1466
1956
2375
1956
2374
1886
1466
1397
8102
1396
1397
2375
1886
1467
1886
1956
1396
1955
1955
1886
1956
1397
1397
1466
1467
1467
1397
1466
1885
1466
1397
1885
2444
1955
1396
2375
1886
2375
1886
1886
1816
1955
2445
1886
1956
1467
2374
1886
1886
1885
1886
1955
1397
1886
2444
978
1955
1955
1466
1886
1885
1466
2444
1886
2375
1886
1466
1885
1956
1886
1397
1886
1467
1396
1466
978
1397
1467
1397
1467
1397
1467
1397
1956
1467
1397
1396
2375
1886
1885
1956
1467
1955
1956
1886
1885
1886
1886
1956
1467
1956
2375
1467
2305
1955
1885
1956
1467
1885
1886
1955
2375
1816
2304
1956
2374
1886
1467
1816
1886
1466
1397
1467
1467
1956
1886
1397
1955
1885
1886
1955
1956
1467
1885
1956
1467
1396
1467
1816
1397
978
1467
1397
1397
1467
1467
1466
1955
1397
1396
1467
1467
978
1396
1466
1397
1467
1467
1955
1467
1466
1467
1886
1397
1467
1467
1397
1886
1397
1467
1397
1397
1886
1397
1397
1397
1396
1397
1396
1397
1397
1397
1467
1467
1956
2375
1886
1886
1955
1956
1956
2305
1886
1397
2375
1955
1397
2304
1956
1886
1955
1466
2375
1397
1886
2375
2375
1886
1885
1886
1886
1467
1816
1886
1397
1956
1886
1397
1467
1886
1397
1397
1397
1886
1885
1467
1466
1466
1466
1815
1396
1467
1397
1956
1467
