1956
1816
1956
1397
1397
1466
24304
1467
1466
2374
1466
1956
1397
1397
1467
1467
1886
1396
2375
2375
1886
1956
1886
1955
1397
1397
1466
1466
1397
978
1397
2374
1466
1396
1466
1886
1886
1886
1885
1886
1467
1397
1396
1397
1397
1397
1955
2304
977
978
1397
1397
1396
978
1467
978
1467
1397
1397
1816
10057
1466
1397
1466
1397
1956
1467
1397
1956
978
1397
1397
1397
1467
1397
1397
1467
1467
1396
1467
1397
1397
1467
1886
1885
1466
1467
1397
1467
1466
1397
1467
1467
1467
1886
1466
1466
2444
1467
1955
1396
1397
1467
1397
1815
1467
1467
1397
1466
1467
1397
1397
1397
1466
1397
2375
1397
1466
1397
1397
1397
1466
1397
1397
1956
1467
1467
1467
1467
1467
1396
1397
1466
1397
1397
1466
1466
1466
1467
1467
1467
1885
1467
1396
1467
1397
1397
1886
1466
1397
978
1397
1396
1397
1467
1466
1397
1397
1467
978
1396
1397
1467
1467
1466
1467
1955
1466
1466
1397
1397
1466
1886
1397
1467
1396
1397
1885
1885
1396
1396
1396
1466
1886
978
1397
1467
1397
1467
1467
2375
1397
1397
978
908
1397
1397
1397
1467
1397
978
1466
1886
1397
978
1466
1956
978
978
1396
1397
1467
1885
1466
1467
1467
1397
1467
978
1886
1467
1397
1467
1397
1397
1467
1886
1467
1467
1467
908
1397
1397
1466
1327
1467
1397
1466
1466
1467
908
1397
1466
1396
1397
1397
1397
1466
1397
1467
1467
1397
1467
1397
1397
1466
1397
1396
1397
1397
1397
2864
1466
1397
1397
977
1467
978
978
1396
1397
1467
1886
1467
1397
1397
1466
1397
1886
1956
1885
1816
1886
1467
908
1396
2375
1397
1885
1955
1466
1397
1956
1886
1466
1397
1397
1467
1397
1467
1467
1467
908
1466
1956
1955
1397
1467
1397
1397
1886
1397
1886
1467
1467
1397
1397
1467
1396
1466
1467
1467
1397
1467
1467
1886
2374
1396
1396
978
1396
1396
1886
2375
1397
1397
978
1397
1397
1397
1397
1815
1396
1397
1955
1467
1397
1397
1397
1397
1467
1466
1467
1397
1397
1397
1886
1396
908
1397
978
1396
2375
1467
1467
1467
1467
1886
1886
1397
1397
1397
1956
1886
1397
977
978
1397
1467
908
1466
1397
1397
1466
1397
977
1467
1397
1467
1467
1467
1466
1396
1467
1467
978
1397
1467
1397
1396
1397
1397
1396
1816
1886
1397
1397
1466
1397
1886
1397
1397
1886
2305
1956
1886
1396
1397
1397
1397
2304
1467
1466
1466
1467
977
1467
1466
1956
1956
1466
1886
1885
1467
1397
1397
1885
1886
1466
1396
1466
1397
1955
978
1466
1397
1397
1397
1397
1466
1886
1397
1467
1467
1886
2375
1397
1956
1397
1397
9009
1327
1397
1466
978
1955
1467
1397
977
1467
1466
1466
1396
1397
1397
1397
2375
1886
1397
1397
1397
1466
2374
1886
1397
978
1397
1397
1397
1397
1396
1467
1397
1397
1396
1886
1396
1397
1397
1396
978
1467
1397
1886
978
1396
1886
1955
1466
1886
1885
1466
1466
1466
1397
1467
1956
1397
1397
1397
1397
1467
1466
1467
1467
1467
1467
1397
1396
1397
1397
1397
1467
1886
1467
1956
1397
1397
978
1467
1886
1466
1466
1885
1397
978
908
1397
1396
1397
1467
1397
1396
1397
1467
1467
1397
1397
1397
978
1396
1467
1397
1467
1397
1886
1956
978
1396
1886
1397
1467
1397
1466
1467
977
1397
1886
1397
1396
1397
1886
1396
1467
1467
1397
1397
1396
1467
1467
1467
1467
1397
1397
1466
1397
1466
1467
1467
1466
978
1396
1467
1467
1397
1397
1397
1467
1396
1467
1885
1467
908
1816
1396
1397
1467
1886
1886
1466
1397
1466
1467
1467
1467
1397
1885
1467
1396
1397
1466
1467
1886
1397
1466
1397
2304
1466
1397
1396
1466
1396
1816
1955
1955
1397
1397
978
978
1467
1397
978
1956
1467
1397
1397
1467
977
1955
1467
1397
1397
1397
1886
1467
1327
1397
1397
1885
1886
1397
1396
1885
2374
1886
1397
1955
1886
1397
978
1397
1397
1885
1397
908
1396
1397
1467
1397
978
1397
1396
1397
1466
1467
1397
1886
1886
1397
1397
977
1396
1467
1396
1396
1956
1397
1397
1397
1397
1956
1886
1956
1397
1886
1886
978
1397
1397
1467
1467
1467
1955
1467
1397
1397
977
1397
1467
1886
1467
978
1397
1466
1397
1467
1397
1466
1466
1397
978
978
1466
1466
978
1467
1397
1397
1467
1886
1956
1467
1397
1466
1397
1397
1397
1467
1397
1955
1886
1955
1397
1466
1467
1885
1467
1397
1886
11384
1467
1885
1886
1467
1466
1466
1397
1466
1467
1466
11105
1396
1397
1886
1466
978
1466
1397
1466
1467
1956
1397
1467
1396
1467
1886
1467
1466
1397
1466
1467
1466
1466
1397
1397
1467
1396
1467
1467
1886
1467
1816
1396
1467
1397
1467
1956
1466
1397
1956
1397
1467
1397
1397
1885
1466
1396
1397
1466
1396
1397
1397
1886
1397
1396
1397
978
1397
1397
1467
1397
1396
1467
1466
1467
1467
1467
1467
2375
1467
1886
1955
1467
1397
1466
1467
1956
1466
1397
1466
1955
1396
1397
1466
1466
1397
1466
1396
1466
1397
1397
1466
1397
1397
1467
1467
1466
1956
1396
1396
1397
1467
1397
1466
1467
1397
1466
1467
1397
1397
1886
1397
1466
1397
1467
1466
1886
1397
1885
1397
1886
1816
1467
1397
908
1467
977
1467
1956
1956
1397
1467
1466
1397
1467
1956
1467
1397
1467
1956
1396
1396
1397
1467
1396
1397
1467
1885
1396
1956
1397
1467
1885
1467
1466
1397
1466
1885
978
1466
1467
1467
1886
1397
1397
1466
1397
1397
1397
1467
1885
1397
1467
1397
1466
1885
1396
978
1397
1467
1397
1397
978
1886
977
1466
1397
978
1396
1397
1397
1397
1397
1397
1396
1467
978
977
1467
1467
1886
1885
1397
1396
1467
1467
1396
1396
1956
1397
1397
978
1397
1466
1396
1466
908
1397
1467
1397
