1467
1397
1466
1466
1397
1886
1397
1467
1466
1396
1397
1397
1467
978
1397
1397
1466
1467
1397
1397
1397
1467
1467
1467
1397
1397
1467
1467
1397
1397
1397
1466
1397
978
1467
1467
1397
1396
1397
1466
978
1467
1467
1396
1396
1397
1467
1397
1466
1467
1397
1397
1396
1397
1886
1467
1467
908
1396
1397
978
1466
1397
1397
1397
1397
1396
1467
1466
1397
1467
1467
1466
1467
1397
1396
1397
1466
1466
1467
1466
1397
1397
1397
1467
1886
1466
1467
1396
1396
1466
1466
1885
1396
1396
1466
1397
908
1397
1397
1397
1396
13130
1397
1467
1466
1397
1885
1397
1396
1397
1466
1886
1397
1467
1467
1397
1397
1467
1397
1467
1467
1466
1466
1467
1396
1397
1397
1886
1466
1467
16133
1397
1467
1397
1467
978
1886
1467
1467
1467
1397
1466
1397
1397
1397
1467
1467
1397
1467
1466
1397
1816
1466
1396
1396
1397
1466
1467
1886
1467
1467
1397
1396
978
1397
1466
1467
1397
1397
1397
1396
1466
1397
1397
1396
1396
1397
1467
1397
1396
1467
1466
1466
1467
1397
1397
1397
1467
978
1396
1466
1397
1466
1466
1397
1467
1466
1397
1397
1466
1955
1467
1397
1397
1467
978
1397
1396
1397
1467
1886
1397
1955
1466
1466
1885
1466
1397
1397
1467
1955
1397
1396
1397
1397
1397
1396
1397
1467
1396
1467
977
1467
1396
1467
1886
1397
1466
1397
1397
1466
1466
1466
1397
1397
1397
1466
1397
1397
1397
1397
1397
1397
1466
1467
1466
1396
1466
1397
1467
1466
1466
1397
1396
908
1397
1816
1397
1467
1467
1396
1467
1396
1396
1397
1397
1397
1467
1886
1467
1467
1467
1397
1397
1397
1397
1397
1396
1397
1397
1396
1466
1397
1397
1397
1886
1397
1467
1467
1466
1397
1397
1467
1396
1467
1397
1397
1397
1467
1397
1467
1467
1466
1396
1397
1467
1396
1397
1467
1466
1467
1886
1397
1467
1467
1466
1466
1397
1397
1467
1467
977
1397
1466
1397
1397
1397
1467
1397
1327
1397
1467
1397
1467
1397
1466
1396
1467
1397
978
1397
1397
1885
1397
1397
1397
1397
1397
1397
1397
1467
1396
1467
1396
978
1397
1397
1467
1466
1466
1467
1397
1467
1466
1397
1466
1397
1466
1396
1467
1467
1397
1466
1467
1397
1397
1886
978
977
1466
1467
1467
1815
1397
1467
1466
1397
978
1396
1886
1397
1397
1397
1956
1397
1467
1885
1467
1466
1396
1397
1396
1397
1466
977
1397
1467
1467
1397
1467
1396
1397
1886
1466
1816
1886
1397
1397
1466
1397
1397
978
1466
1397
1466
1467
1467
978
1397
1467
1886
978
1396
1397
1396
1886
1885
1467
1397
1467
1467
2444
1397
1466
1466
1466
1397
1467
1397
1467
1467
977
1466
1466
1466
1956
1466
1396
1397
1886
1466
1886
1466
1467
1397
1466
1466
1467
2375
1467
1466
1397
1467
1885
1397
1886
978
1886
1397
1396
1467
1397
1397
1467
1467
1886
1396
1397
1396
1956
1886
1816
1397
1397
1816
1466
1397
1886
1466
1467
1467
1467
1466
1397
1397
1467
1467
1397
1467
1397
1397
1397
1886
1396
1467
1886
1466
1955
1467
1466
1397
1466
1466
1466
1467
1885
1885
1397
1397
1467
1466
1397
1397
1467
977
1397
1886
1396
9917
1467
1397
1397
1467
1397
1467
1397
1397
1397
1397
1397
1397
1397
978
1397
1397
1467
1397
1466
1397
1397
1396
1397
1885
1397
1467
1397
1397
1467
1467
1397
1396
1396
978
1397
1397
1467
1397
978
978
1397
1816
978
1466
1397
1467
977
1397
1467
1396
1397
1467
1467
1397
1467
1397
1396
1396
1467
1467
1467
1396
1467
1397
1467
977
1397
1467
1467
1397
978
1397
1467
1467
1397
978
908
1467
1466
1397
1397
1886
978
1467
1396
1467
1397
1397
1396
2374
1397
1397
1397
1467
1467
1466
1397
1397
1397
1397
1397
1467
1467
1397
1397
1467
1397
908
1467
1466
978
1397
1467
1467
1397
978
1397
1397
1467
1396
977
1467
1397
1466
1466
1466
1397
1397
1397
1397
1397
1467
1397
1467
1886
1397
1397
1397
1467
1467
1467
977
1467
1396
1467
1397
978
977
978
1397
1397
1396
1397
1397
1397
1397
978
978
1466
1466
1397
1397
908
1397
1396
1466
1467
1466
1397
978
1397
1467
1397
1467
1397
1467
1397
1467
1396
1466
1397
1396
1397
1467
1467
1466
978
1396
1396
1397
908
1466
1466
1397
1397
1467
978
1467
1397
1397
978
1396
908
1467
1396
1467
1397
1467
1397
1467
1467
1467
1397
978
1397
978
1397
1397
1466
977
1397
1397
1397
1466
1467
908
1397
1467
7683
1397
1886
1467
1396
1397
1467
1466
1397
1397
1397
1397
1397
1397
978
1396
1956
1397
1397
1466
1397
1396
1397
1467
1397
1397
1397
1397
1466
1397
1466
1466
1886
1397
1466
1397
1397
1467
1466
1467
1397
1467
1467
1466
1467
1466
1466
1467
1467
1886
1467
1467
1467
1467
1397
1396
1467
1397
1467
1885
1397
1467
1466
1397
1466
1396
1467
1466
1396
1466
977
1466
1396
1466
1466
1396
1467
1396
1397
1466
1396
1466
1397
1467
1466
1467
1397
1466
1467
1467
1397
1466
1397
1467
1396
1397
1397
1397
1397
1397
1956
1397
1467
1467
1397
1397
1397
1467
1397
1467
1886
1396
978
978
1397
1467
1886
1467
1467
1396
1396
1466
1397
1956
1397
1466
1466
1467
1397
1885
1397
1467
1467
1397
1467
1466
1466
1886
1397
1396
1466
1467
1397
1466
1467
1466
908
1466
1467
1397
1466
1467
1397
1396
1467
1397
1467
1467
1397
1397
1467
1886
978
1467
1467
1467
1886
977
1397
1466
1396
1467
1467
1467
1397
1467
1467
1397
1956
1397
1466
1885
1397
1466
1955
1397
1466
1466
1886
1397
1467
1467
1396
1467
1397
1397
1886
1397
1956
1397
1467
1467
1397
1397
1397
1467
1397
1397
1467
1467
1467
1397
1466
1466
1467
1467
1397
1467
1955
1467
1467
1466
