1466
1467
1397
1886
1397
1466
1885
1886
1466
1397
977
1467
1466
1885
1885
1466
9498
1467
1467
2375
1467
1396
1886
1956
1956
1397
1886
1955
1886
1467
1397
1886
1886
1467
1397
1397
1466
1396
1397
1467
1466
978
1467
1466
1886
1467
1396
1467
1397
1397
1885
1885
1467
1467
1397
1397
1397
1397
1397
1466
1397
2375
1466
1397
1397
1397
1467
1467
1885
1397
1467
1397
1467
1397
1467
1397
1397
1956
1466
1397
1467
1396
1397
1466
1467
1396
1396
1467
6216
1397
1466
1467
1397
1397
1885
1397
1397
1396
1397
1466
1816
1397
1467
1396
1466
1397
1467
1886
1397
1397
1397
1886
1956
1397
1467
1467
1467
1885
1467
1397
1396
1885
1396
1466
1396
1397
2445
977
1467
1467
1396
1397
1466
1467
1467
1816
1467
1467
1467
1466
1397
1886
1886
1397
1956
1466
1396
1956
2444
1886
1956
2375
1886
2445
1955
1397
1816
1466
1886
1885
1885
1397
1955
1886
1886
1466
1467
1955
1467
1467
1886
1886
1397
1467
1397
1467
1397
1397
1466
1397
1467
1467
1397
1397
1397
1397
978
1397
1397
1466
1816
1466
1467
1886
1467
1397
1955
1885
1397
1885
2375
1956
1397
1466
1397
1466
1467
1885
1397
1467
1956
1397
1885
1956
1815
1885
1886
1885
1885
1467
1466
1885
1467
1467
1397
1466
2374
1956
1885
978
1955
1397
1886
6565
2863
2374
1885
1885
1886
3282
1956
1885
1956
1467
5169
1467
1397
1886
1467
1956
1467
1397
1956
1886
1397
1397
1396
1886
1467
1886
1467
1885
1886
1467
1886
1885
1396
3283
1466
1886
1886
1397
1467
1396
1467
1466
1467
1467
1886
1886
1397
1885
1955
1886
1885
1955
1955
1955
1397
1886
1467
1956
2863
1886
1885
1955
1816
908
2375
1955
1886
1396
1956
907
1956
1956
1397
1885
1467
1886
1397
1885
1885
1886
1886
1816
1956
1955
1466
1955
1956
1956
1886
1397
1397
1397
1886
1886
1886
1955
1467
1886
1397
2444
1956
1467
1955
1467
1467
1886
1956
1467
1397
1467
1467
1886
1886
1397
1467
1397
1397
1397
1396
1397
1397
1467
1397
1467
1397
1397
1396
1466
1397
1397
1397
1397
1886
1466
1397
1397
1467
1956
1397
1466
1397
1467
1397
1466
1396
1956
1467
1397
1467
2375
1397
1467
1397
1886
1397
9149
2445
1466
1467
1397
1467
1886
1396
1397
1467
1467
1396
1886
1466
1886
1467
1885
1886
1467
1397
1397
1396
1466
1397
1467
1397
1397
1467
1397
1397
1955
1467
2305
1467
1397
1397
1397
1466
1397
1886
1955
2444
1886
1886
1397
1397
1397
1956
1467
1397
1397
1816
1886
1816
1397
1467
1397
1397
1885
1467
1467
1397
1467
1396
1466
1466
1397
977
1397
1397
1467
1397
1396
1397
1466
977
1955
1397
1397
1397
1467
1467
1397
1397
1467
1397
1396
1396
1466
1466
1466
1397
1467
1397
908
977
1467
1466
1396
1467
1956
1467
1397
1467
1467
1467
1886
1397
1466
1397
1466
1397
1397
1397
1467
1397
1466
1397
1397
1397
1397
1816
1397
978
1396
1397
1397
1467
1397
10476
1467
908
1397
1397
1886
1397
1397
1885
1397
1396
1396
1467
1397
1467
1467
1467
978
1467
1467
1467
1396
1397
1467
1397
1467
1397
1397
978
1397
1396
1467
1466
978
1467
1466
1397
1466
1397
1467
1397
1467
1397
1397
1397
1397
1466
1397
1397
1467
1397
1397
1397
1467
1466
1397
1467
1467
1397
1467
1467
1397
1885
2445
1886
1396
1466
1397
1885
1397
1467
1397
1467
1397
1467
1397
1397
977
1467
1467
1467
1397
1885
1467
1397
978
1466
1467
1397
1467
1466
1467
1396
1467
1466
1397
978
1467
1467
1956
1955
1467
1886
2305
1397
1397
1466
1467
1886
1955
1397
1396
1886
1886
1955
1886
1816
1467
1885
978
1467
1466
1886
1397
1466
2794
1885
1886
1466
1466
1467
1397
977
1467
1885
1886
1397
1397
1467
1467
908
1467
1397
1396
1397
1397
978
1397
1466
1886
1396
1397
1397
1397
1397
1397
1397
1816
1397
1466
1397
1397
1466
1397
1397
1396
1397
1466
1397
1467
1397
1397
1397
908
1397
1467
1466
1467
1466
1396
1467
1397
1396
1886
1397
1397
1886
1466
1397
1467
1397
1397
1397
1467
1397
1956
1397
978
1397
1397
1467
1396
1397
1397
1397
1467
1396
1397
1467
1467
1397
1397
1467
1467
1467
1466
1397
1397
1397
1397
1397
1327
1816
1466
1466
978
1397
1397
1467
1467
1885
1886
1466
1397
978
1466
1327
908
1467
1466
1956
1886
1397
1397
1955
1815
1886
2374
1956
1397
1466
1466
1885
1885
1396
1885
1956
1397
1886
1886
1886
1886
978
1396
1467
1466
1466
1467
1396
1956
1396
1466
1397
978
1467
1467
1397
1467
1467
1397
1397
1956
1397
1397
1467
1397
1397
1397
1467
1467
1397
1467
1467
1397
1467
1397
978
1397
1467
1466
1467
978
1467
1467
1467
1397
1467
1397
1467
1467
1396
1467
1397
1397
10895
977
1956
1397
1397
1397
1467
1397
1397
1886
1886
1467
1397
1467
1396
1397
1396
1397
1886
1396
1467
1467
1397
978
1397
1466
1467
1885
1397
2375
1467
1886
1955
1956
1466
1397
1885
1397
1467
1816
1397
2304
1886
2304
1467
1955
1886
1467
1885
978
1396
1885
1885
1466
1885
2375
1886
1886
2375
1885
1885
1467
1886
1467
1886
1466
1956
1397
1397
1886
1886
1467
1396
1466
1886
2375
1396
1886
1955
1885
1956
1397
1885
1956
1397
1397
1956
1397
1886
1956
1885
1467
908
1886
1396
1467
1466
1886
1467
1396
1397
1466
1466
1886
1397
1396
1886
1397
1397
1397
1956
1956
1956
2864
1956
1397
1956
1956
2863
1467
1397
1886
1885
1397
1467
1886
1885
1886
1467
1397
1886
1886
1885
1466
1467
2794
1955
1886
1466
1886
1467
1955
1955
2793
1816
5308
1886
1397
1396
1955
1885
1955
1466
1955
1396
1467
1466
1396
1467
1467
1885
1466
1467
1886
1397
1397
1467
1467
