908
1466
1467
1397
1397
1466
1467
2305
1396
1397
1886
1397
1397
908
978
1396
1397
1397
1396
1397
1397
1397
1397
1885
978
1467
978
1397
908
1467
1397
1397
1397
1397
1397
1466
1467
1467
1467
1886
977
1466
1886
978
1397
978
1467
1397
1467
1466
1397
1467
1397
1397
1467
7612
1466
1467
1396
1467
1397
978
1886
1467
978
1467
1397
908
1397
1397
1467
1467
1397
1467
908
6355
1397
1466
1397
1885
1466
1397
1467
1397
1467
1467
1397
1397
1397
1466
1397
1397
1397
1467
1466
1467
1397
1396
1466
1466
1397
1467
978
1327
1396
1397
1467
1466
1467
1397
1467
1396
1397
1397
1467
1466
1397
1397
978
7962
1466
1396
1397
1396
1397
1397
1397
1467
1467
978
1467
978
1467
1467
1467
1467
1467
978
1886
1886
27237
977
1397
1467
1397
1396
1467
1467
1397
1397
907
1467
1467
1397
1397
1467
1397
1466
1466
1397
1886
1397
1466
1396
1466
1466
1467
1397
1397
978
1396
1886
1397
1467
978
1466
1396
1466
1397
1397
1467
1397
1467
1397
978
1466
1467
1397
1397
1397
1466
1397
1397
1466
1467
1396
1467
1885
1466
1396
1466
1397
1397
1397
1397
977
1397
1467
1397
978
1397
1397
1467
1397
1397
1467
1467
1467
1466
1467
1396
1466
1467
1886
1467
1397
1397
1397
1467
1397
1466
1397
1397
1396
1467
1397
1397
1397
1397
1397
1397
1397
978
1467
1466
1467
1396
1467
1397
1397
1397
1397
1467
978
1397
1397
1466
1397
1397
1397
1467
1467
1467
1467
1397
1397
1397
1467
1397
1886
1466
1466
1397
1467
1397
1397
1397
1466
1467
1396
978
1397
1397
1466
977
978
1397
1466
1397
1397
1467
978
1466
1397
1886
1466
1467
1467
1467
1397
1467
1467
1467
1397
1467
908
1886
1467
1397
1467
1397
1467
1467
1467
1397
1466
1467
978
1397
1467
1467
1397
1467
1397
1466
1396
1466
1466
1467
1467
1466
1467
1397
1466
1397
1466
1397
1467
1466
1886
2445
1466
1397
1467
1466
1466
1467
1397
1467
1955
1467
1396
1886
1397
1397
1466
1466
1396
1955
1467
1467
1467
1816
1467
1397
1397
1397
1467
1396
1396
1466
2864
1397
1397
1467
1397
1467
1466
1397
1396
1397
1885
1397
1466
1397
1397
1397
1397
1467
1467
1467
1397
1466
1397
1467
1397
1467
1397
1467
1397
1397
1467
1397
1397
1466
1466
1467
1397
1397
1397
1467
1885
1466
1397
1397
1467
1467
1397
1397
1396
1467
1466
1397
1397
1467
1467
1397
1396
1397
1467
1397
978
1467
1467
1397
1397
1396
1396
1396
1397
1467
1466
1397
1466
1397
1397
1397
977
1397
1467
1467
1466
1886
1467
1467
1397
1467
1466
1467
1397
1397
1467
1397
1397
1396
1397
1467
1467
1396
1397
1396
1397
1397
1467
1466
1397
1397
1467
1467
1397
1467
1397
1397
1397
1397
1466
1467
1397
1396
1397
1467
1886
1466
1396
1397
1397
1467
1466
1467
1397
1466
977
1467
1466
1397
1467
1397
1467
1397
1397
1397
1467
1466
1467
1397
1467
1467
1466
1397
1396
1467
1397
1467
1397
908
2374
1467
1467
1886
1397
1397
1467
1467
1886
1397
1955
1466
1467
1467
1396
1397
908
1886
1467
1397
1397
1467
8032
1397
1467
1397
1467
1396
1397
1397
1467
1397
1396
1397
1397
1467
1396
1467
1467
1467
1467
1466
1466
1467
1467
1467
1467
978
1397
977
1886
1397
1467
1466
1956
1466
1397
1467
1467
3353
1397
2933
1956
1397
1467
1466
1397
1397
978
1467
1397
1397
1397
1466
1467
1397
978
1397
1396
1397
1816
1466
1397
1886
1886
1397
1397
1886
1466
1396
1397
1397
1466
1466
1467
1397
1397
1467
1397
1467
1885
1467
1467
1466
1467
1467
1397
1467
14247
1886
1397
1467
1397
1467
1396
1467
1397
1397
1397
1467
1397
1397
1886
1397
977
1886
1397
1397
1466
1466
1466
1397
1397
1466
1396
1397
1955
1396
1466
1397
1397
1396
1466
1466
1397
1397
1396
5657
1466
1397
1467
1467
1397
1956
1466
1467
1397
1467
1467
1467
1885
1397
1397
1467
1397
1397
1396
1467
1467
1397
1466
1466
1397
1397
1397
12292
1467
1467
1467
1397
1397
9498
1467
1467
1467
1397
1397
1397
1466
1397
1396
1397
1466
1397
1467
1397
1815
1397
1397
1466
1397
1397
1397
1397
1396
1885
1396
1397
1397
1396
1397
1467
1466
1467
1397
1885
1467
1397
1467
1397
977
1467
1397
1886
1467
1467
1467
1467
1466
1397
1885
1467
1466
1397
1467
1397
1397
1397
1397
1886
1885
1467
1467
978
1467
1467
1467
1467
1397
1397
1466
1467
1466
2375
1397
1396
1396
1397
1396
1397
1397
1397
1466
1397
1466
1467
1397
1466
1466
1467
908
1397
1397
977
1396
1397
1397
1396
1397
1397
1467
1467
1397
1397
1466
1396
1466
1467
1466
1467
1466
1467
1467
1467
1466
1467
1467
1466
1396
1466
1466
1397
1397
1467
1467
1397
1467
1396
1466
1397
1467
1397
1396
1466
1467
1467
1397
1467
1396
1467
1886
1467
1397
978
1885
977
1397
1397
977
1397
1467
1467
1397
977
1396
1397
1467
978
1467
1467
1467
1397
1397
1467
1396
1397
1467
1467
1397
1397
1397
1467
1467
1397
978
1466
1466
1466
1397
1467
1466
1466
1397
1466
1466
1397
1466
1397
1466
1467
1397
1816
1397
1397
1466
977
1397
1397
1467
1397
1397
1397
1397
1397
907
1466
1397
1467
1397
1467
1397
1397
1467
1466
1467
1397
977
1396
1397
1467
1397
1397
1467
1397
1886
1885
1466
1467
1396
1467
1467
978
1466
1397
1397
1467
977
1466
978
1467
1396
977
1397
1467
1397
1466
1467
1397
1397
1396
1466
1467
1466
978
1397
1397
1397
978
1467
1467
1397
1467
1397
1467
1466
1397
978
1397
1467
978
1397
1397
1886
1397
1467
1397
1467
1396
1467
978
1397
1885
1397
1396
1466
1466
1397
1397
1397
1467
1397
1466
1397
1397
1886
