1886
978
1397
1397
1467
1466
1467
978
1466
1397
1397
978
1396
1397
1396
1467
1467
1886
1397
1467
1955
1467
1397
1396
1467
1396
1467
978
1467
1466
1467
1956
1956
1467
1466
1397
1467
1467
1396
1397
1397
1397
978
1397
1397
978
1466
1467
1467
978
977
1327
977
1467
978
1886
1467
1397
1467
1886
1467
1397
1397
977
1397
978
1467
1467
1397
1467
1466
1466
1886
1886
1397
1397
978
1327
1397
1467
978
1397
1397
1467
1467
1397
1397
978
1397
978
1467
1467
978
1397
1396
978
1466
1397
1396
1467
1467
1467
1397
978
1466
1466
1397
1397
1467
1397
1467
1467
1397
1396
1885
1467
1467
1397
1886
1885
1467
1397
1466
1397
1397
1397
1467
978
1396
1397
1397
30032
978
1396
1397
1396
1397
1467
1397
1466
1467
2374
978
908
1397
2374
1467
1466
978
1397
1397
1467
1467
978
1397
1396
1467
1397
1397
1396
1467
1467
1396
1466
1467
1467
1397
1467
1397
1397
1397
1397
1467
978
1397
1467
1397
1467
1397
908
1467
1397
977
1397
1397
1467
1467
1467
1397
1467
1467
1467
1467
1397
1397
1467
1397
1466
1396
1466
978
1467
1466
1397
1466
1466
1397
1396
1466
1466
1397
1466
1397
1467
1397
1397
1397
1397
1397
1467
1397
978
1397
978
1397
1466
1467
1466
1397
1396
1885
1397
1467
1816
1397
1397
908
1467
1886
1396
1467
907
1466
1467
1467
1397
1397
1397
1467
1397
1397
1397
1397
1466
1397
1397
1397
1467
1397
1396
1396
1397
1467
908
1467
1397
1397
1397
1466
1397
1467
1396
1397
1397
1397
1397
1396
1955
978
1467
1396
1467
1466
907
1467
1466
1467
1397
1466
1467
1397
1397
1467
1397
1467
1397
1397
1467
1397
1397
1396
1397
1397
1397
1467
978
908
1397
1397
1886
1467
1467
1396
1466
1467
1467
1397
1396
978
1397
978
908
1397
1467
978
1396
1397
1466
1467
978
908
1397
1466
1467
1397
1397
1467
1467
1467
1466
1467
1467
1467
978
1466
1397
1467
1885
1886
1467
1467
1396
1885
978
1467
1467
1467
1886
1396
908
1397
1885
1466
1467
1397
1397
1396
1396
1466
1397
1396
977
1467
1397
1466
1397
1467
1466
1466
1397
1396
1467
1466
1397
1396
1467
1467
1397
1467
1467
1397
1886
1466
1467
1397
1466
1955
977
977
1397
1467
1397
1396
1466
1397
1467
1466
1467
1397
1397
1397
1467
1397
1397
1467
908
1397
1397
1396
1397
1466
1466
1396
1397
1466
1467
1467
1466
1397
1396
1397
1467
1397
1397
1397
1397
1397
1467
978
1397
1396
1397
1467
1397
1396
1397
978
1467
1397
1467
1397
978
978
1467
908
908
1467
1396
1467
1396
978
1466
1396
1467
1396
977
1397
1467
1467
1466
1396
1396
1466
1397
1397
1396
1397
1467
1397
978
978
1396
1466
1397
1466
1396
1467
1397
1397
1467
1396
1397
1467
1397
1396
1397
1466
978
1466
1397
1397
1396
1397
1397
2374
1466
1397
978
908
2374
1397
1397
1467
1396
1397
977
978
1397
1397
1467
1397
1467
908
1397
1466
1397
1397
1467
1467
1397
1397
1467
1467
1397
2444
1397
1466
1396
1466
1397
978
1397
1467
1466
1467
1397
1397
978
978
1397
1397
978
1467
1397
1467
1396
1396
1397
908
1397
978
1397
1397
1396
1886
1467
2863
1397
1396
1467
1397
1466
1816
1467
1397
1467
978
1396
1397
1467
1397
1397
1396
1956
1396
1466
1397
1467
1467
1397
1397
1397
1397
1466
1397
1466
1397
1396
1397
1467
1466
1467
1397
1397
1885
978
1397
1466
1397
1397
1397
1397
1466
1397
1397
1397
1397
1467
1397
1886
1467
1397
1397
1466
1467
1397
1397
1467
1397
1467
1397
1466
1397
1397
1397
1466
1397
1467
1467
1397
1467
1467
1397
1886
1397
1466
1955
1397
1466
1466
1467
1396
1467
1397
1397
1397
1397
1466
1467
1466
1397
1397
1467
1467
978
1467
1466
2444
1467
1397
1397
978
1467
1397
1466
2444
1886
1467
1396
1397
1467
1396
1397
1467
1397
1397
2793
1397
1467
1466
2305
1396
1466
1466
1956
1397
1397
1397
1467
1397
1397
1466
1467
908
1467
1467
1397
1467
1397
1467
978
1466
1397
1467
2863
1397
1467
1467
1397
1467
1397
1467
1397
1467
1396
1466
1397
1397
1397
1467
1886
1397
1397
1467
1466
1467
1467
1467
1397
1467
1467
1397
1467
1397
1467
1397
1466
1467
1397
1466
1467
1467
1397
1397
1467
1396
1397
1397
1466
1397
1956
1397
1396
1467
1467
908
1886
1397
1816
1467
1397
1396
1397
1397
1397
1467
908
1886
1467
1397
1397
1886
1397
1955
1886
1467
1397
1397
1397
1466
1397
1397
1467
1396
1885
1467
1466
1397
1397
1396
1397
1397
1467
1886
1467
1466
1397
1467
908
1956
1466
1397
1886
1466
1467
1396
1397
1816
1397
1467
1466
1397
1466
1467
1397
1397
2375
1396
1467
1467
1467
1397
1397
1397
1396
2305
1397
1397
1397
1467
1886
1955
1397
1467
1467
1396
1397
1397
1397
1397
908
1885
1397
1467
1397
1397
1397
1396
1397
1467
1885
1397
1397
1397
2305
1466
1397
1397
1397
1467
1396
1955
1397
1397
1467
1956
1397
978
1885
1466
1467
8591
1466
1467
1397
8660
1396
1397
1467
1396
978
1397
978
1466
1466
1397
2374
1397
1467
1956
978
2374
1466
1396
1397
1466
1397
1396
1467
1467
1467
1885
1467
1467
1397
1397
1466
1467
1466
1467
1397
1397
1885
1397
978
1397
1467
1466
1397
1467
1397
1397
1397
1396
1466
1466
1397
1467
1467
978
1397
1396
977
1467
1397
1397
1467
1397
1327
1467
1396
1466
1396
1467
978
1467
1397
1885
1466
1466
1396
1396
1397
1397
1467
1397
1466
1466
1466
1396
1466
1466
1466
1397
978
1467
1397
1466
1466
1396
1467
1466
1467
1467
1816
1397
1467
1397
1397
1466
1466
1467
1886
1886
1467
1467
1397
1397
1467
1467
