1885
1886
1397
1467
1466
1397
1886
1467
1467
1397
1467
1467
1467
1467
1397
1397
1467
1467
1397
1466
1466
978
1397
1467
1397
1396
1397
1466
1886
1467
1397
1886
1467
1397
908
1397
1397
1397
1886
1397
1396
1396
1397
1397
1396
1397
1467
1397
1886
1467
1397
1397
1397
1467
1466
1397
1397
1467
1397
1397
1467
1466
1466
1467
1467
1396
1397
1397
1397
1467
1397
1397
1467
1397
1467
1396
1397
1467
1816
1397
1397
1397
1397
1396
1397
4261
1886
1466
1397
1397
1886
1466
1397
1397
1467
1467
1397
1396
1886
1467
1466
1467
1466
1467
1816
1397
1467
1466
1397
1397
1886
1467
1397
1467
1396
1467
1467
1397
1397
1467
1466
1397
1467
1466
1886
1466
1396
1885
1886
1467
1466
1397
1467
1397
1397
1397
1397
1886
1886
1397
1397
1397
1396
1467
1467
1885
1397
1396
1467
1397
1396
1397
1397
978
1815
1467
1397
1467
1396
1397
1467
1467
1397
1467
1467
1466
1396
1467
1397
1467
1397
1396
1397
1886
1397
1467
1466
978
1466
1397
1397
1396
1397
1466
1396
1397
1467
1886
1955
1397
1397
1396
1397
1397
1396
1397
1885
1466
1467
1955
1886
1467
1396
1397
1397
1467
1397
1885
1955
1467
1397
1466
1466
1397
1467
1886
1467
1397
1466
1466
1397
1397
1397
1396
1467
1467
1397
1397
1467
1466
1397
1467
1397
1466
1397
1397
1885
1397
978
1956
1467
1397
1397
1396
1466
1397
1397
1397
1397
978
1467
1397
1467
1466
1886
1397
1397
1467
1397
1467
1397
1885
1397
1466
978
1467
1467
1467
1466
1396
1467
1467
1467
1396
1397
1466
1397
1816
1397
1397
1397
1396
1397
1466
1467
1466
1467
1467
978
1466
1396
1467
1467
1466
1886
1467
1397
1466
1956
1466
1467
1396
1397
978
1397
1396
1397
1397
1466
1467
1467
1885
1467
1466
1397
1396
1397
1397
1397
1397
1467
1467
1397
1397
1397
1467
1467
1886
1397
1885
1397
1467
1397
1397
1397
1397
1466
1956
1467
1397
1467
1397
1467
1397
1466
1466
1467
1397
1397
1466
1466
1397
1466
1886
1467
1397
1467
1397
1467
1466
1396
1397
1397
1397
1396
978
1467
1397
1466
1397
1397
1397
1397
1467
1397
1885
1467
1396
1467
1397
1397
1467
1466
1886
1397
1396
1396
1467
1397
1467
1397
1467
1467
1397
1396
1397
1397
1397
1397
1397
1396
1397
1397
1396
1955
1886
1397
1467
1885
1467
1955
1816
2375
1466
1397
1397
1466
1397
1467
1397
1467
1886
1466
1466
1397
1956
1397
1467
1467
1397
1467
1397
1466
1467
1397
1397
1396
1466
1397
1467
1467
1396
1397
1396
1397
1397
1397
1467
1397
1397
1396
1397
1396
1467
1396
1886
1467
1467
1396
1467
1466
1467
1397
1466
1397
1397
1397
1397
1397
1397
1396
1466
1467
1397
1397
1467
1396
1466
1467
1467
1327
1397
1885
1466
977
1397
1397
1467
1466
1396
1397
1396
1397
1467
1467
1885
1467
1396
1467
1816
1467
1396
1467
1467
1467
1397
1467
1466
1467
1397
1886
1396
1396
1467
1397
1467
1397
1396
1397
1467
1396
1397
1886
1397
1397
1467
1397
1397
1467
1816
1467
1885
1397
1467
1397
1467
1467
1397
1816
1467
1397
1466
1467
1467
1397
1396
1397
1397
1397
1886
1397
1886
1466
1396
1397
1886
1466
1397
1397
1886
1467
1467
1467
1397
1397
1467
1397
1467
978
1467
1467
2374
1886
1466
1397
1886
1397
1467
1396
1466
1397
1816
1467
1397
1466
1886
1397
1466
1397
1466
1396
1466
1397
1467
1397
1397
1467
1397
1467
1466
1885
1466
1396
1466
1467
1397
1397
1467
1466
1397
1467
1397
1397
1397
1397
1397
1886
1397
1466
1467
1397
1466
1397
1466
1397
977
1467
1466
1396
1467
1397
1397
1397
1396
1467
1397
1467
1397
1397
1397
1466
1467
1397
1467
1397
1467
1396
1466
1397
1886
1467
1467
1396
1467
1886
1397
1397
1467
1397
1397
1396
1397
1397
1467
1467
1397
1397
1885
1397
1467
1396
1397
1397
1467
1397
1467
1397
1466
1397
1397
1397
1397
1886
1397
1397
1396
1466
1397
1467
1397
1397
1466
1397
1327
1397
1397
1396
1397
1467
1397
1467
1397
1467
1397
1397
1397
1397
1467
1327
1397
1886
1467
1397
978
2374
1397
1467
1467
1466
1396
8101
1467
1467
1396
1886
1397
1467
1397
1397
1467
1397
1397
1396
1467
1397
1466
1467
1955
1396
978
1886
1397
1467
1397
1397
1397
978
1397
1466
1396
1886
1396
1467
1397
1396
1397
1467
1397
1466
1886
1397
1955
1397
1396
1466
1396
1397
1397
1886
1956
1886
1467
1466
1396
1467
1397
1466
1467
1467
1467
1467
1397
1467
1466
1396
1816
1397
1397
1396
978
1396
1467
1397
1466
1467
1886
1467
1466
1396
1397
1397
978
1466
1466
1397
1397
1397
1467
1466
1396
1467
1467
1397
1397
1467
1397
1467
1466
1466
1466
1397
1397
1397
1467
1397
1397
1467
1397
978
1467
1466
1396
1397
1397
1466
1397
1466
1396
1467
978
1397
1397
1467
1466
1397
1397
1466
1467
1396
15714
1397
1397
1466
1467
1467
978
1397
1397
1397
1397
1467
1397
1467
1467
1397
1466
1397
1396
1397
1885
1467
1467
1467
1466
1885
1467
1467
1397
1396
978
1466
1397
1467
1397
1397
1397
1397
978
1467
1397
1467
1397
1397
1466
1467
1397
1397
1885
1886
1467
1467
1396
2375
1467
978
1467
1397
1397
1467
1466
1467
1467
1397
1466
1397
1467
1886
1467
1886
1397
1397
1397
1397
1466
1466
1886
1397
1396
1397
1815
1466
1396
1955
1327
1397
1467
1397
1467
1397
1466
1466
1397
977
1886
1396
1397
1467
907
1467
1466
978
908
1397
1467
1397
1467
978
1397
1397
1885
1466
1467
1397
1397
1397
1466
1397
1397
1467
1397
1397
1397
1467
1397
1467
1467
1467
1467
1466
1467
1816
1397
1466
1397
1397
1397
1466
1397
1397
1397
1467
1466
1467
1466
1396
1397
1467
1955
1397
1466
