2374
1397
1397
1466
1467
1397
1397
1467
1467
1397
1397
1397
1397
1467
1396
1466
1467
1397
1467
1467
1467
1396
1397
1466
1397
1467
1396
1467
1467
1467
1466
1397
977
1397
1466
1466
1466
1466
1397
1397
1467
1467
1467
1397
1397
1956
1955
1396
1396
1467
1397
1466
1467
1397
1467
1467
1466
1467
978
1467
908
1466
10825
1397
1397
1466
1397
1467
1467
1467
1397
1466
1397
1397
1467
1396
1397
1466
1397
1467
978
1466
1397
1467
1467
1397
1467
1397
1467
1466
1467
1466
1397
1467
1397
1396
1397
1397
1397
1467
978
1467
1396
1467
1397
1397
1397
1467
1397
1397
1466
1886
1885
1467
978
1396
1396
1397
978
978
1467
1396
1467
1397
1397
1397
1467
1397
1467
1397
1467
1467
1397
1396
1396
1396
1467
1397
1467
1397
1467
1467
1397
1466
1397
1467
1467
1397
1397
1466
1397
1467
1397
1396
1397
1396
1397
1397
1466
1397
1466
1466
1397
1397
1397
1467
1396
1397
1467
1397
1467
1466
1397
1467
1467
1397
1396
1396
978
1397
1397
1397
1467
1397
1397
1467
1396
1397
1396
1397
1467
1397
1467
1397
1397
1467
1397
1397
1467
1466
1467
1397
1467
1397
1466
1397
1467
1327
1397
1397
1397
1467
1886
1467
1397
1397
1467
1397
1396
1397
1397
1397
1467
1397
1467
1397
1955
1397
1466
1466
1397
1467
1467
1467
1397
1467
1397
1467
1397
1397
1397
908
1397
1467
1397
1467
1397
1397
1397
1816
1955
1466
1466
1886
1466
1467
1397
1467
1397
1396
908
1466
978
1467
1397
1397
1467
1466
1397
1397
1466
1397
1397
1467
1466
1466
1397
1396
1466
1397
1397
1397
1466
978
1466
1467
1397
1396
1467
1886
1467
1397
1467
1466
1467
1467
1397
1397
1397
1397
1467
1397
1397
1955
1397
1397
1397
1397
1396
1466
1397
977
1467
1467
1467
1885
1885
1467
1396
1466
1467
2374
1886
1467
1466
1397
1397
1397
1467
1397
1956
2934
1397
1467
978
1467
1466
1396
1467
978
1396
1397
1466
1466
1466
1885
1466
1466
1816
1396
1467
1466
1467
1397
1955
1467
1466
1397
1397
1397
1397
978
1396
1397
978
1467
1397
1397
1397
1397
1467
1467
1467
1397
1467
1467
1467
1886
1396
1397
1397
1397
1397
1397
1397
1466
1466
978
1467
1396
1397
1467
978
1467
1466
1466
1886
1466
1467
1956
1886
977
1397
1397
1467
1466
1397
1396
1467
1396
1397
1397
1397
1397
1466
1467
1397
1397
1397
978
908
1467
1467
1467
1886
1397
1397
1397
1467
1396
1397
1397
1397
1466
1397
1467
1397
1397
1466
1467
1467
1397
1886
1397
1467
1467
1397
1467
1467
1886
1397
1397
1396
1467
977
1885
1466
1397
908
1396
1397
1397
1397
1397
1397
1397
1397
1466
1886
1466
1467
1397
1397
1467
1397
1886
1397
1466
978
1467
1397
1397
1467
1397
1466
1397
1466
1955
1397
1467
1397
1467
1397
1816
1885
1466
1467
1886
1397
1397
1467
1397
1467
1396
978
1397
1886
1397
1886
1467
1396
1397
1397
1397
1397
1397
1397
978
1466
1467
1397
1886
1396
1466
1396
1397
1467
1397
1467
1466
1885
1466
1467
908
1956
1397
1466
1397
978
1397
1397
1397
1397
1397
1886
1397
1397
1397
1467
1467
1467
1396
1467
1467
1396
1397
1397
1886
1466
1467
1467
1397
1467
1396
1396
1396
1397
1955
1466
1886
1466
1467
1466
1886
1397
1397
1397
1467
1396
1467
1397
1397
1467
1397
1397
1396
1467
1397
1397
1467
1467
1467
1466
1886
1467
1467
1467
1886
1885
1397
1466
1466
1467
1466
1886
1466
1466
1466
977
1467
1396
1886
1467
1467
1466
1467
1467
1466
1467
1397
1397
1467
1466
1467
1467
1466
1397
8241
1397
1397
1396
1397
1885
1467
977
1886
1467
1466
1397
1467
1466
1466
1397
1396
978
1397
1397
1466
1397
1397
1466
1886
1397
1467
1467
978
1397
1467
1467
1467
1467
1397
1467
1397
1397
1397
1397
1467
1886
1397
1467
1397
1397
1886
1397
1397
1397
1467
1886
1396
1397
1467
1397
1467
1467
1467
1467
1467
1397
1397
1396
1396
1397
1397
1397
1467
1396
1467
1467
1467
1397
1467
1397
1397
1397
1466
1397
1466
1397
1885
1466
1467
1466
1397
1467
1397
1467
1467
1397
1397
1467
1467
978
1467
1396
1397
1466
1397
1467
1397
1467
1466
1397
1467
1467
1397
1397
1466
1466
1467
1466
1467
1397
1397
1886
1397
1397
1467
1397
1397
1467
1397
1397
1467
1467
1397
1397
1466
1886
1396
978
1466
1467
1467
1467
1397
1396
1397
1397
1396
1467
1397
1397
1467
1886
1396
1397
1466
1397
1886
1397
1397
1397
1397
1886
1396
1397
1467
977
1397
978
8171
1466
1397
1816
1397
1467
1396
1397
1467
1396
1397
1467
1396
1397
1397
1397
1397
1467
1397
1397
1467
1396
1397
1467
1397
977
1467
1397
1396
1396
1397
1397
1467
1397
1467
1467
1467
1397
1467
1466
1466
1397
1466
1397
1467
1397
1397
1467
1467
1397
1467
978
1886
1466
1466
1397
1467
1397
1397
1397
1397
1467
1467
1397
1397
1397
1467
1397
1467
1397
1397
1466
1467
1397
1397
1397
1467
978
1397
1885
1396
1466
1467
1397
1467
1467
1467
1397
1467
1467
1886
1396
1466
1396
1397
1467
1467
1397
1467
1397
1396
1397
1467
1467
1467
1396
1467
1467
978
1397
1466
1397
1467
1397
977
978
1466
1397
1397
1467
1396
1467
1467
1397
1466
1396
1397
1467
1397
1467
1467
1466
1397
908
1466
1397
1467
1397
1467
1467
1467
8102
1467
1466
1397
1467
1886
1466
1466
1467
1396
1397
1816
1886
1396
1467
1467
1467
1396
1885
1397
1467
1466
1397
1466
1397
1397
1466
1397
1467
1397
2305
1467
1467
978
1467
1466
1397
1397
1886
1397
1466
1397
1467
1467
1397
1397
1467
1466
1397
1397
1886
1397
1397
1397
1397
1397
1397
1956
1886
1467
1397
1397
1467
1397
1397
1466
1397
1466
