1956
1467
1886
1467
1956
1466
1466
1467
1397
1397
1466
1467
1396
1467
1466
1467
1886
1397
1956
1397
1397
1956
1397
1956
1467
1885
1466
1397
1396
1467
1885
1397
1397
1397
1397
1467
978
1397
1467
1467
1467
978
1397
1467
1397
1397
1396
1467
1466
1397
1397
1466
977
1397
1397
1467
977
1396
1396
1885
1467
1396
1397
1397
1885
1397
1466
1466
1467
1397
1466
1397
1467
1396
1467
1397
1397
1397
1467
1467
977
1466
1397
1466
1467
1397
1397
1816
1467
1466
1397
1397
1467
1467
1467
1467
1466
1467
1327
1466
1397
1466
1397
977
1467
1467
1397
1885
1467
1396
1466
1396
1396
1397
1466
1397
1396
1397
1466
1467
1397
1467
1885
1397
1886
1397
1466
1397
1885
1467
1397
1397
1467
1397
1886
1467
1467
1467
1397
1396
1467
1397
1467
978
1467
1467
1467
1397
1397
1466
1397
1397
978
1397
1466
1467
1397
1397
1397
1397
1397
1397
1397
1467
1467
1886
1956
1467
1467
1885
1397
1467
1397
1467
1467
1886
1885
1467
1955
1467
1397
1886
1955
1466
1397
1956
1467
1886
1397
1467
1466
1467
1397
1886
1397
1466
978
1816
1467
1397
1885
1397
1467
1467
1397
1466
1885
1397
1397
1466
1886
1397
1397
1396
1467
1466
1396
1467
1466
1467
1466
1397
1955
1397
1886
1886
1885
1467
1397
1467
1885
1885
1467
1885
1467
1467
1397
1397
1467
1886
1397
1956
1467
1397
1886
1397
1466
1467
1886
1885
1466
1397
1397
1467
1397
1397
1397
1466
1467
1467
1467
1397
1397
1397
9010
1396
1467
1956
1467
1466
1327
1886
1466
1467
1955
1466
1396
1397
1397
1955
1886
1467
1466
1466
1886
2305
1467
1467
1397
1467
1397
1955
1885
1956
1397
1397
1467
1467
1467
1466
1956
1397
1886
1396
1467
1397
1885
1885
1886
1886
1886
1397
1886
1467
1886
1886
1886
1885
1397
1467
1467
1955
1397
1886
1467
1397
1956
1397
1467
1397
1885
1956
1955
1467
1815
1466
1467
1885
1886
1397
1886
1955
1397
1886
1397
1466
1885
1467
1886
1397
1466
1886
1886
1886
1886
1466
1397
1885
1886
1956
1467
1397
1885
1955
1956
1886
1815
1467
1885
1467
1955
2375
1397
1955
1886
1886
1397
1396
1467
1886
1396
1956
1956
1397
1956
1816
1885
1467
1886
1467
1467
1956
1396
1886
1397
1955
1956
1467
1466
1467
1397
1885
1466
1816
1956
1397
1816
1397
1467
1885
1886
1886
1956
1955
1956
2863
1397
1397
1886
1885
1886
1885
1885
1886
1886
1467
1397
1397
1886
1467
1467
1467
1397
1397
1467
1396
1955
1467
1467
1955
1886
1885
1467
1467
1397
1397
1397
1397
1396
1397
1467
1466
7124
1467
1885
1467
1466
1397
1397
1397
1466
1397
1396
1397
1397
1397
1397
1885
1466
1397
1467
1397
1467
1397
1467
1397
1397
1397
1396
1885
1466
1397
1886
1397
1467
1467
1397
1467
1397
1466
1467
1466
1466
1397
1467
1467
1397
978
1467
1397
1397
978
1397
1466
1397
1396
1467
1467
1397
1397
1467
1886
1467
1397
1397
1467
1397
1397
1397
1396
1466
908
1397
1396
1467
1397
1397
1397
1466
1397
1466
1466
1397
1397
1397
1466
1467
978
1397
1816
1397
1467
1885
1956
1467
1467
1466
1467
1467
1397
1466
1467
1396
1397
1886
1886
1955
1467
1955
1396
1397
1467
1466
1397
1397
1467
1467
1397
1397
1467
1467
1467
1397
1467
1397
1467
1466
1397
1397
1467
1397
1397
1397
1467
1397
1466
1467
1397
1396
1397
1397
1466
1397
1466
1466
1466
1397
1467
1885
1466
1396
1397
1467
1466
1396
1466
1397
1397
1397
1467
1397
1396
1397
1467
1397
1327
1397
1467
1396
1397
1397
1466
1467
1397
1467
1397
1467
1396
1815
1467
1397
1467
1467
1466
1397
1397
1397
1466
1467
1397
1396
1397
1467
1397
1397
1397
1467
1397
1467
1467
978
1397
1397
1397
1886
1397
1397
1396
1397
1466
1467
1467
978
1397
1397
1397
1467
1467
1397
978
1397
7124
1397
1397
1397
1886
1397
1397
1397
1466
1397
1397
1397
1886
1886
1467
1467
1397
1466
1397
1397
2374
1886
1397
1956
1886
1955
1466
1885
1956
1886
2794
1467
1886
1955
1886
1466
1886
1396
1396
1466
1467
1886
1397
1397
24304
1467
1397
1467
8101
1467
1467
1955
1885
1956
1397
1467
1885
1467
1397
1467
1397
1397
1397
1467
1397
1397
1466
1466
1397
1467
1467
1397
978
1397
1396
1467
1467
1467
1396
1397
1467
1467
1816
1467
1397
1886
1397
1397
1397
1397
1467
1466
1397
1397
1397
1397
1396
1467
1466
1397
1467
1466
1466
1466
1467
1466
1466
1467
1397
1396
1467
1397
1466
1467
1467
978
1467
1396
1885
1397
1397
1467
1956
1467
1397
1467
1397
1466
1467
1397
1466
1467
1397
1396
1886
1467
1397
1396
1466
978
1467
1885
1467
1397
1466
1467
1467
1467
1397
1467
1956
1467
1397
1467
2444
1466
1467
1467
1467
1467
1466
1466
1397
1397
1396
1397
978
1467
1466
1467
1886
1396
1467
1466
1466
1397
1397
1467
1397
1466
1397
1397
1467
1467
1467
1397
1466
1396
1396
1467
1397
1885
1886
1397
1397
1467
1396
1955
1466
1397
1466
1397
1467
1397
1466
1466
978
1467
1397
1396
1886
1397
1466
1467
1466
1397
1886
1397
1397
1396
1886
1956
1467
1467
1466
1885
1955
1396
1955
1467
1955
1886
1956
1397
1956
1397
1885
1816
1955
1467
1955
1955
2375
1886
1956
1886
1886
1886
1467
1955
1886
1467
1466
1396
978
1397
1467
1466
1956
1467
1816
1397
4749
1397
2305
1396
1397
1467
1886
1397
1397
1467
1467
1886
1396
1466
1467
1397
1885
1956
1885
1397
1467
1467
1956
1886
1886
1397
1466
1396
1397
1467
1467
1397
1396
1397
1397
1886
1397
1466
1886
1397
1397
1397
1886
1466
1396
1466
1885
1467
1466
1467
1467
1467
1466
1467
1956
1397
1396
1467
1396
1467
1886
1397
1466
1886
1397
1397
1467
