1886
1886
1886
1956
1466
1467
1466
1397
1467
1467
1396
1396
1397
1397
1397
1397
1466
1397
978
1397
1397
1467
1466
1467
1397
1886
1885
1467
1397
1467
1397
1467
1467
1397
1397
1397
1397
1397
1397
1466
1466
1466
1467
1397
1466
1397
1956
1397
1467
1397
978
1396
1397
1467
1886
1956
1466
1397
1467
1466
1467
1397
1816
1467
1467
1467
1467
1467
1466
978
1397
1886
1397
1956
1467
2374
1885
1886
1886
1816
1886
1466
1396
1397
1397
1886
1467
1886
1956
1886
1467
1885
1396
1886
1466
1885
1397
1397
1396
1886
1467
1886
1466
1397
1956
1816
1466
1956
1467
1397
1397
978
1816
1397
1397
1397
1397
1467
1396
1396
1956
1467
1467
1397
1397
1467
1956
1396
1397
1955
1397
1397
1886
1396
1396
1956
1397
1467
1467
1886
1397
1397
1466
1955
1956
1396
1396
1397
1466
1955
1397
1396
1467
1886
1885
1397
1397
1467
1885
1955
1885
1397
1886
1886
1956
1956
1396
1467
1397
1396
1466
1397
1886
1466
1466
1466
1956
1397
1397
1467
1955
1467
1886
1886
1396
1885
1397
2375
1397
1886
1397
1466
1467
1886
1397
1397
1397
1886
1467
1397
1466
1467
1397
1466
1467
1466
1396
1886
1956
1816
1886
1467
1467
1466
1397
12432
1467
1397
1885
1467
1397
1467
1397
1466
1886
1956
1467
1816
1466
2444
1955
1816
1467
1467
1886
1956
1886
1467
1397
1396
1396
1467
1467
1467
1815
1816
1886
1955
1467
1956
1466
1885
978
1466
1886
1886
1466
1955
1396
1397
1396
1955
1886
1886
1885
1885
1397
1885
1397
1397
1397
1467
1886
1886
1466
1397
1397
1467
1467
1886
1397
1397
1467
1397
1397
1397
1397
1466
1466
1396
1467
1467
1397
1467
978
1397
1467
1467
1397
908
1467
1885
1467
1466
1466
1397
1397
1397
1466
1466
1397
1886
1396
1467
1466
1397
1397
1397
1467
978
1466
1956
1397
1956
1467
908
1467
908
1396
1396
1467
1467
1397
1397
1397
1467
1886
1956
2374
1467
1397
1397
1886
1396
1467
1466
1397
978
1397
1397
1467
1466
1956
1467
1467
1466
1397
1396
1467
1467
1956
1397
1397
1467
1397
1955
1397
1467
1467
1397
1397
1885
1397
1396
1466
1467
1397
1467
1397
1467
1467
1326
1397
978
1467
1467
1397
1466
1397
1886
1467
1397
1467
1397
1467
1397
1886
1467
1397
1396
1397
1467
1397
1397
1466
1397
1466
1467
1467
1466
1397
1397
978
2375
1955
1467
1397
1397
1466
1467
1467
1466
1467
1397
1397
1397
1466
1466
1886
1397
1467
1396
1467
1397
1397
1466
1466
1467
1397
1467
977
1885
1466
1396
1466
9987
1397
1467
1397
1397
1816
1467
1397
1467
1956
1467
1396
1397
1397
1397
1467
1467
978
1396
1467
1397
1467
1396
1467
1467
1885
1467
1467
1397
1397
1467
1396
1397
1397
1397
1397
1397
1397
1396
1815
1327
1397
1397
1886
1466
1467
1467
1816
1397
1397
1396
1467
1397
1396
978
1886
1467
1886
1397
1397
2305
1467
1816
1467
1467
1467
1466
1466
1397
1467
1397
1467
1815
1466
1886
1885
1816
1886
1397
1467
1466
1886
1467
1396
1397
1397
1886
2444
1397
1397
1467
1396
1397
1397
1816
1466
1467
1466
1467
978
978
1396
1396
1467
1396
1885
1397
1467
1467
1467
1467
1466
1466
1467
1467
1397
1466
1466
1467
1466
1397
1467
1467
1397
1397
1397
1466
1466
1397
1886
1886
1397
1467
908
1467
1467
1397
1397
1885
1467
1956
1467
1886
1467
1466
1396
1467
1886
1397
1397
1396
1467
1397
1397
1397
2305
1397
1397
1397
1466
1396
1467
1397
11035
1397
1467
1397
1885
1886
1466
1816
1396
1885
1397
1397
1467
1467
1467
1397
1397
1466
2444
1466
1466
1956
1397
1396
1396
1467
1885
1886
1466
1397
1397
1467
1886
1956
1397
11314
1397
1396
1955
1956
1397
1466
1467
1467
1396
1467
1397
1466
1397
1467
1397
1886
2375
1397
1397
1466
1397
1886
1397
1955
1955
1397
1886
1467
1397
1467
1396
1396
1466
1397
1816
1466
1467
1886
1397
1956
1816
1466
1396
1397
1396
1396
1467
1816
977
977
1886
1467
1397
1396
1467
1397
1816
1956
1397
2305
1397
1466
1397
1397
1466
1955
1886
1396
1396
1397
1467
1466
1397
1467
1397
1886
1467
1467
2374
1467
1467
1397
1397
1467
1956
1397
1466
1396
1466
1886
1467
1886
1397
1956
1886
1467
1885
1955
1397
1467
1397
1397
1396
1466
1397
1886
1467
1397
1397
1397
1397
1467
1396
1397
1397
1397
1467
1467
1885
1397
1397
1397
1467
1955
1397
1467
1397
1397
1466
56362
1467
1467
1467
1397
1885
1397
1397
1467
1397
1467
1397
1397
1886
1885
1886
1397
1886
1467
1397
1467
1466
1466
1466
1467
1397
1397
1397
1397
1397
1886
1467
1886
1886
1886
1396
1886
1396
1885
1885
1956
1397
1396
1467
1397
1467
1886
1467
1467
1466
1397
1467
1467
1467
1397
1467
1886
1466
1885
1467
1885
1466
1397
1466
1467
1466
1397
1467
1467
978
1886
1397
1396
1467
1397
1397
1397
1466
1396
1397
1955
1467
1467
1467
1397
1467
1467
1397
1885
1466
1467
1956
1467
1397
1397
1466
1466
1397
1467
1397
1886
1886
1466
1466
1467
1397
1467
1466
1397
1397
1397
1396
1467
1467
1467
1466
1397
1397
1467
1467
1467
1397
1397
1396
1396
1467
1467
1397
1397
1467
1397
1396
1467
1466
1885
1467
1467
1466
1467
1467
1397
1397
1467
1956
1397
1467
1396
1467
1397
1467
1397
1466
1466
978
1467
1397
1397
1396
1466
1397
1467
1396
1466
1816
1397
1467
1466
1397
1397
1397
1885
1397
1467
1397
1397
1397
1467
1885
1466
1886
1886
1886
1955
1397
1886
1886
1466
1886
1397
1955
1886
1397
1467
1467
1886
1816
1467
1467
1816
1466
1955
1886
1467
1397
1466
1397
1397
1397
1467
1466
1397
1397
1397
1467
2375
1397
1467
978
1467
1467
1397
1466
1956
1397
1397
1396
1397
