1467
1467
1466
1466
1397
2375
1397
1886
1397
1956
1397
1467
1467
1397
1467
1397
1886
1886
1955
1885
1886
1396
1886
1885
1885
1467
1397
1467
1955
1886
1467
1397
1886
1466
1467
1467
1886
1397
1397
1397
1467
1466
1466
1467
1885
1467
1397
1466
1467
1397
1397
1397
1397
1397
1956
1466
1956
1467
2374
1396
1467
1396
1397
1955
1955
1467
2445
1955
1397
1466
1886
1885
1886
1816
1397
1885
1956
1466
1397
1466
1466
1886
1467
1885
1397
1956
1467
1956
1886
1397
1886
1885
1886
1327
1467
1397
1956
1467
1467
1956
1397
1467
1886
1956
1397
1956
2375
1885
1886
1886
1885
1466
1467
978
1396
1467
1885
1955
1886
2375
1466
1816
1397
1886
1466
1467
1396
1886
1885
908
1956
1467
1885
1886
1885
1397
1396
2375
1397
1886
1466
9359
1467
1886
1467
1956
1886
1886
1956
1886
1466
1466
1956
1396
1467
1466
1397
1396
1466
978
1467
1466
1397
1886
1467
1467
2305
1955
1397
1397
1466
1956
1467
1467
1885
1955
1886
1886
1466
1955
1955
1886
1397
1397
1467
1397
1467
1886
21860
1886
1956
1467
1396
1885
1397
1466
1816
1885
1955
2375
1885
1467
1816
1886
1886
1396
1467
1466
1467
1467
1397
1397
1467
1397
1397
1816
1467
1397
1467
1886
1467
1397
1886
1467
1466
1886
1467
1885
1397
1397
1396
1467
1467
1467
2305
1955
1467
1396
1885
1467
1397
1397
1467
1955
1397
1467
1397
1397
1397
1397
1397
1397
1955
1886
1397
1467
1467
1467
1885
1397
1466
1397
1466
1397
1397
1397
1955
1886
1467
1397
1396
1397
1397
1467
1397
978
1467
1467
1467
1956
1885
1467
1397
1955
1886
1885
1467
1396
1396
1886
1886
1816
1885
1397
1956
1396
1955
1816
1397
978
1886
1466
1467
1397
1466
1397
1397
1466
1466
1467
1467
1396
1467
1955
1467
1397
1397
1467
1467
1886
1885
1467
1397
1886
1955
1397
1396
1396
1397
1886
1396
1397
1397
1816
1816
1956
1397
1467
1816
1397
1397
1397
1886
1397
1396
1886
1466
1467
1886
1397
1816
1467
1886
1816
977
1467
1467
1886
1956
1467
978
1467
1886
1885
1467
1885
1467
1397
1467
1467
1885
1397
1885
1397
1885
1397
1397
1397
1397
1885
1397
1955
1397
1886
1467
1956
1397
1955
1467
1956
1397
1467
1397
1466
1467
1467
1956
1467
1397
1467
1396
908
1467
1467
1397
1467
10197
1397
1397
1396
1396
1886
1885
1885
1397
1467
1396
1397
1885
1397
1397
1467
1467
1467
1397
1467
1886
1397
1886
1467
1397
1397
1955
1396
1886
1467
1396
1467
1397
1396
1467
1397
1955
1467
1397
1397
1467
1886
1466
1397
1467
1886
1397
1886
1397
1467
1396
1397
1466
1397
1816
1397
1397
1466
1886
1467
1397
1397
1886
1467
1397
1397
1466
1956
1886
1397
1467
1467
1955
1397
1467
1327
1885
1396
1397
1397
1885
1885
1397
1816
1886
1886
1327
1397
1885
1467
1466
1956
1467
1397
1466
1466
1397
1466
1467
1467
1397
1885
1397
1397
1397
1467
1467
1467
1396
1885
1397
1467
1466
1397
1955
1467
1885
1467
1467
1885
1467
1886
1467
1886
1886
1397
1396
1816
1886
1886
1955
1886
1397
1886
1956
1885
1956
1467
1467
1397
1396
1397
1466
1397
1397
1886
1397
1397
1467
11454
1467
1886
1466
1397
1396
1466
1955
1956
1886
1885
1466
1396
1397
1885
1397
1397
1466
1397
1956
1397
1467
1467
1397
1397
1886
1466
1397
1886
1397
1397
1885
1466
1886
977
1467
1397
1886
1467
1886
1397
1886
1956
1397
1467
1816
1955
1956
1397
1815
1397
1397
1955
1467
1397
1885
1397
1397
1397
1467
1955
1956
1397
1886
1397
1397
1397
1397
2375
1327
1397
1956
1886
1397
1885
1467
1886
1397
1467
1467
1397
1886
1886
1397
1397
1885
1467
1467
1397
1466
1885
1397
1397
1885
1466
1466
1466
1397
1886
1467
1816
1816
1397
1467
1466
1397
1886
1397
1466
1397
1956
1467
1885
1397
2375
1467
1397
1467
1467
1397
1397
1397
1467
1955
1467
1466
1886
1397
1886
1397
1885
1467
1466
1397
1467
978
1467
1397
1397
1396
1886
1396
1886
1467
1885
1397
1467
1397
1396
1886
1397
1467
1466
1396
1397
1397
1956
1816
1956
2793
1467
1466
1397
1397
1467
1886
1886
1397
1397
1466
1466
1466
1396
1397
1955
1886
1466
1397
1397
1885
1396
1397
1397
1886
1467
1397
1467
1467
1397
1397
1466
1886
1956
1397
1886
1467
1467
1466
1467
1466
1467
1396
1467
1467
1466
1467
1466
978
1467
1397
1467
1467
1397
1466
1397
1467
1467
1467
1466
1467
1955
1886
1956
1885
977
1885
1397
1397
1397
1467
1816
1467
1467
1466
1397
1397
1467
1397
1467
1467
1396
1397
1397
1886
1397
1466
1467
1397
1396
1397
1467
1467
1397
1397
1886
1886
1956
1886
1396
1955
1467
1396
1396
1466
1467
1886
1397
1466
1397
1466
1397
1886
1816
1396
1397
1467
1466
1397
1886
1397
1956
1467
1467
1886
1467
1397
1396
1467
1467
1397
1396
1467
1396
1397
1397
1397
1466
2375
1396
1886
1397
1886
1466
1467
1466
1467
1397
1467
978
1467
1397
1467
978
1466
1467
1467
1397
1397
1885
1397
1397
1397
1467
1396
1885
1467
1467
1467
1467
1397
1467
978
1396
1467
1467
1397
1396
1466
1397
1396
1467
1466
1397
1397
1886
1467
1886
1396
1397
1467
1397
1397
1466
1467
1467
1467
1956
1467
1467
1397
1396
1396
1885
1886
1396
1397
1396
1467
1397
1397
9079
1467
1467
1466
1397
1466
2375
1397
1396
1467
1397
1466
1467
1397
1397
1397
1397
1816
978
1467
1886
1467
1466
1886
1956
1466
1885
1466
978
1886
1955
1816
1955
1397
1397
1955
1886
1396
1466
1956
1467
1397
1467
1467
1467
1396
1885
1396
1467
1467
1956
1956
1467
1467
1466
1466
1956
1397
1397
1467
1467
1886
1467
1955
1467
1397
1886
1397
1397
1467
1397
1397
1466
1467
1955
