1466
1397
1397
1397
1396
1467
1467
1467
1466
1397
1397
1397
1886
1396
1816
1467
1466
1885
1466
1956
1955
1885
1397
1886
1955
1467
1397
1886
1397
1467
1466
1467
1397
1397
977
1397
1956
1466
1397
1396
1397
1886
1467
1955
2375
1397
1467
1397
1956
1885
1885
1397
1956
1397
1396
1956
1956
1397
1466
1397
1396
1885
1467
1466
1466
1467
1397
1397
1396
1467
1466
1466
1885
1885
1396
1396
1467
1397
1467
1397
1467
1396
1467
1397
1467
1397
1467
1397
978
1886
1467
1816
1467
1397
1397
1886
1885
1467
1467
1467
1397
1885
1816
2375
1955
1956
1396
1467
1466
1397
1397
1886
1397
1396
1467
1886
1396
1467
1466
1397
1396
1466
1956
1397
1886
1955
1467
1467
1397
1466
1397
1886
1886
1886
1956
1397
1397
1467
1397
1397
1397
1467
978
1397
978
1815
1396
2374
2444
1397
2374
1955
1397
1467
1955
1886
1467
1467
1466
1396
1397
1466
1466
1397
1815
1397
1397
1397
1397
1466
978
1397
1466
1397
1467
1397
1886
1956
1397
1956
1397
1885
1956
1886
1466
1467
1397
1397
1466
1886
1467
1467
1466
1396
1397
1466
978
1397
1397
1397
1466
1397
1396
1397
1816
1885
1467
1397
1397
1397
1467
1397
1467
1956
1956
1886
1466
1397
1955
1397
1397
1886
1397
1885
1396
1467
1396
1466
1397
1467
1396
1885
1466
1467
1397
1955
1396
1886
1886
1396
1467
1397
1816
1397
1955
1886
1885
1886
1396
1397
1886
1467
1467
1956
1466
1466
1886
1466
1466
1396
1467
1955
1397
1956
1467
1466
1396
1467
1397
1885
1396
1397
1467
1467
1886
1886
1396
1956
1467
1467
1886
1956
1397
1397
1467
1955
2375
1397
1397
1466
1397
1886
1397
1885
1467
1467
1396
2374
1885
978
1466
1956
1397
1396
1397
1885
1885
1396
1396
1397
1467
1466
1885
1467
1467
1956
1466
1467
1397
1397
1956
1467
1885
1397
1397
1397
1466
1467
1397
1397
1397
1467
1467
1397
1467
1885
1467
1467
1397
1397
1397
1397
1396
1397
1467
1467
1467
1397
1466
1396
1466
1467
1396
1397
978
1397
978
1467
1397
1467
1397
1397
1467
1467
1886
1467
1886
21092
1886
1397
1467
1467
1467
1466
1467
1467
1956
1466
978
1467
1467
1466
1396
1396
1467
1397
1956
1466
1397
1955
1467
1397
1885
1955
1397
1466
1467
1397
1397
1467
1467
1886
1467
1466
1467
2375
1397
1397
1396
1397
1467
1885
1397
1467
1885
1885
1956
1886
1467
1397
1397
1886
1885
1466
1886
1467
1467
1467
1397
1955
1396
1886
1397
1397
1466
978
1396
1886
1885
1956
1397
1885
1397
1467
1397
1955
1467
1397
1467
1886
1467
1886
1466
1885
1885
1397
1467
1397
1467
1956
1886
1466
1467
908
1397
1467
1886
1886
1886
1397
1396
1466
1955
1397
1467
1467
1397
1397
1956
1397
1397
1466
1396
1886
1956
1467
1466
1397
1397
1397
1466
1397
1466
1467
1466
1397
1467
1467
1467
1397
1466
1885
1397
1397
1956
1466
1955
1467
1467
1467
1467
1466
1466
1396
1397
1467
1397
1397
1397
1397
1886
1397
1466
1466
1956
1397
1467
1816
1467
1886
1886
1396
1397
1466
1397
1397
1885
1397
1956
1397
1466
1466
1885
1467
1467
1816
1397
1396
1467
1397
1396
1467
1397
2793
1956
1397
1885
1397
1397
1885
1467
1955
1886
977
2445
1466
1397
1886
1397
1467
1397
1397
1886
1885
1467
1816
1886
1955
1955
1886
1956
1396
1816
1885
1466
1885
1397
1886
1815
1467
1467
1397
1956
1396
1397
1466
1467
1886
1397
1956
1467
1467
1467
1466
1466
1466
2445
1885
1466
1886
1956
1397
1467
1885
1467
1886
1886
1886
1467
1467
1397
1396
1466
1397
1397
1955
1955
1466
1397
1467
1816
1885
1467
1397
1467
1886
1467
1466
1886
1885
1466
1466
1397
1397
978
1466
1886
1886
1397
1397
1397
1467
1397
1886
1397
1885
1396
1886
1956
1397
1466
1467
1466
1467
1466
1467
1396
1397
1467
1396
1467
1466
1397
1467
1397
1955
978
1467
1467
1466
1397
1467
1396
1886
1467
1466
1397
1397
1955
1397
1886
1467
1467
1466
1397
1397
1466
1886
1467
1467
1397
1886
1956
1466
1467
1397
1397
1467
1816
1327
1397
1397
1886
1397
1397
1397
1467
1397
1467
1466
1397
1397
1396
1397
1467
1886
1956
1956
1886
1397
1886
1885
1397
1466
1955
1397
1886
1397
1467
1467
1397
977
1397
1886
1886
1396
1466
1397
1467
1396
1397
2374
1397
1466
1466
1955
1397
1397
1397
1886
1467
1397
1886
1397
1397
1467
1467
1397
1466
1397
1397
1397
1397
1397
1885
1467
1466
1467
1886
1885
1466
1397
978
1955
1466
1397
1397
1396
1466
1397
1397
1397
1397
1397
1467
1466
1816
978
1886
1396
1467
1467
1396
1467
1397
1956
1397
1467
1397
1886
1886
1397
1397
1466
1397
1397
1396
1467
1956
1886
1885
1956
1955
1397
1885
1397
2374
1816
2863
1886
1466
1466
1886
1886
1466
1466
1955
1885
1886
1397
1956
1886
2445
1886
1467
1956
1955
1397
1467
1886
1955
1396
1397
1885
1397
1886
1397
1397
1397
1886
1397
1467
1886
1956
1467
1396
1397
1467
1467
1467
1886
1467
1397
1885
1397
1467
977
977
1467
1396
1467
1466
1886
1816
1886
1397
1886
1955
1886
1885
1955
1397
1955
1885
1816
1885
1886
1886
1467
1885
1466
1885
1397
1397
1467
1886
1886
1467
1466
1886
1886
1397
1397
2794
1886
1467
1466
2933
1955
1396
1397
1467
1885
1397
1396
1467
1397
1466
1466
1886
2375
1396
1397
1397
1886
1467
977
1467
1397
1885
1467
1397
1467
1397
1885
1955
1466
1885
1397
1467
1397
1816
1466
16622
1886
1467
1397
1467
1955
1467
1397
1467
1397
978
1397
1397
1466
1467
1466
1956
1397
1886
1885
1886
1466
1886
1886
1885
1397
1955
1886
1397
1955
1397
1397
1397
1467
1397
1956
1466
1885
1885
1955
1397
1397
1466
1885
1467
1886
1467
