1467
1956
1956
1886
1467
1397
1467
1886
1466
1397
1467
1397
1886
1397
1467
978
1396
1466
1397
1467
1397
1467
1397
1886
1397
1886
1467
1467
1467
1955
1466
1466
1397
1956
1886
1466
1397
1467
1397
1955
1396
1466
978
1885
1466
1396
1466
1397
1397
1396
1467
1467
1397
1397
1466
1397
1467
1467
1396
1397
1467
1815
1956
1955
1886
977
1467
1956
1885
1467
2374
1956
1956
1886
1956
1397
1397
1955
1956
1886
1466
1886
1396
1397
1886
1397
1886
1466
1397
1956
1885
1467
1397
1886
1467
978
1466
1397
1467
1467
1467
1467
1886
1886
1397
1397
1886
1396
978
1397
1397
1466
1886
1397
1467
1467
1397
2375
1467
1467
1397
1886
1467
1466
1397
1467
1467
1397
1397
1466
1397
1466
1467
1466
1397
1467
1397
1467
1397
1467
1467
978
1397
1886
10545
1466
1467
1886
1886
1396
1467
1397
1467
1467
1397
1467
978
1467
978
1467
1885
1886
1816
1467
1466
1397
1396
1397
1467
1467
1886
1397
1397
1396
1467
1886
1397
1467
1467
1397
1466
1466
1397
1466
1397
1466
1397
1466
1397
1886
1397
1467
1467
1466
1886
1466
1886
1467
1467
1466
1397
1397
1396
1467
1466
1467
1467
1396
1886
1467
1466
1466
978
1466
1467
1397
1886
1466
1466
1466
1467
1467
1397
1956
1466
1396
1396
1885
1467
1885
1397
1467
1396
1397
1397
1467
1467
1397
1466
1397
1467
1397
1397
1397
1397
1396
1467
1467
1467
1467
1467
1396
1467
1397
1397
1397
1467
1466
1467
1397
1397
1955
1467
1397
1466
1885
1467
1397
1467
1885
1467
1467
1466
1397
1397
1467
1397
1467
1397
1467
1467
1397
1467
1397
1397
1397
1396
1396
1396
1397
1397
1816
12222
1467
1397
1397
1466
1397
11803
1466
978
1466
1886
1467
1467
1885
1397
1397
1955
1467
908
1467
1466
1397
1396
1466
1397
1396
978
1397
1396
1466
1466
1467
1886
1815
1885
1956
1467
1466
1886
1816
1955
1397
1467
1885
1886
1886
1397
1396
1397
1397
1467
1467
1397
1467
1397
1397
1397
1396
1466
1886
1466
1467
1397
978
1467
1397
1397
1467
1467
1397
1467
1885
1885
1467
908
1467
1956
1397
1466
1466
1466
1467
1397
1466
1397
1467
1397
1397
1397
1397
1397
1955
1466
1886
1466
1397
1956
1397
1885
1397
1466
1955
1466
1466
1396
1397
1886
1467
1396
1816
1467
1467
1886
1886
1816
1467
1467
1467
1467
1467
1397
1466
977
1397
1396
1397
1467
1466
1886
1467
1467
1467
1397
1397
1467
1396
978
1466
1397
1396
1467
1396
1467
1397
1467
977
1397
1397
1396
978
908
1467
1467
1397
1397
1467
1467
1397
1466
1467
1396
1467
1816
1397
1467
1397
1955
1397
1397
2864
1886
1397
1466
1467
1467
1467
1397
1467
1397
1397
1396
1396
1467
1467
1816
1466
1467
1397
1467
1397
977
1466
1886
1886
1396
1396
1397
1816
1397
1467
1397
1885
1466
1396
1397
908
1467
2375
1466
1886
1397
1397
1397
1467
1466
1397
1955
1466
1397
1467
1396
1396
1467
1466
1397
1956
1397
1885
1467
1467
1467
1467
1396
1467
1467
1396
1396
1397
1885
1396
1397
1396
1466
1397
1396
1396
1397
1466
1466
1397
1956
1397
1397
1397
1886
1397
1396
1886
1467
977
1885
1397
1396
1467
1466
1885
1885
1396
1467
1466
1467
1397
1467
1886
1467
1467
1397
1467
1467
1397
1397
1397
1466
1397
1397
1397
1466
1467
1467
1886
1397
1397
1397
1466
1397
1466
1397
1886
1397
1467
1467
1467
1467
1397
1885
1885
2864
1466
1397
1397
1467
1885
1397
1886
1466
1397
1397
1397
1956
1397
1467
1397
1397
1397
1886
1467
1397
1886
1397
1396
1397
1397
1397
1885
1467
1467
1397
1396
1396
1466
1467
1467
1397
1397
1466
1467
978
1397
1396
1396
1397
1397
1467
1396
1467
1816
1886
1397
1466
1956
978
1397
1397
1467
1396
977
1466
1396
1397
1956
1466
1467
1397
1885
1397
1397
1467
1467
1466
1467
1467
1397
1397
1467
1886
1397
1467
1396
1467
1397
1467
1397
1466
1467
1397
1466
1467
1886
1467
1397
1955
1467
1466
1467
1397
1886
1397
1886
7612
1467
1397
1397
1467
1886
1466
1396
15156
1956
1886
1886
1886
1467
1467
1397
2374
1466
1956
1467
1397
1886
12641
1397
1467
1467
1397
1396
1467
1397
1467
1396
1397
1397
1467
1397
1885
1397
1886
1466
1467
1397
1467
1396
1397
1886
1466
2305
1466
1397
1467
1885
1397
1397
1397
1397
1467
1886
1397
1397
1467
1466
1397
1467
1397
1397
1396
1397
1396
1467
1467
1956
1466
1466
1467
1397
1397
1466
1466
1397
1466
1396
1466
1397
978
1466
1397
1467
1397
1885
1397
1397
1466
1397
1397
1886
1397
1467
1885
1467
1467
1397
1886
1396
1397
1397
1466
1397
1466
1467
1885
1397
1397
1466
1396
1397
1397
1396
1466
1886
1886
1397
1466
1466
1956
1466
1466
1467
1396
1397
1397
1467
1466
1397
1397
1397
1816
1886
1397
1955
1397
1467
1396
1397
1397
1467
1467
1466
1397
1397
1397
1467
1397
1467
1397
1397
1397
1466
1886
1397
1467
1397
1467
1886
1466
1467
1397
1397
1466
1397
1466
1466
1466
1467
1397
1397
1397
1467
1397
1466
1466
1467
1396
1466
1956
908
1467
1467
1467
1956
1467
1397
978
1397
1397
1397
1886
1397
1885
1397
1397
1397
1466
1397
1886
1466
1466
1467
1467
1886
1397
1466
1397
1466
1466
1467
1466
1396
1397
1397
1886
1467
1885
1885
1397
1397
1466
1816
1467
1397
1396
1886
1466
1886
1886
1885
1886
1467
1816
1885
1816
1467
1886
1955
1885
1396
1955
1397
1886
1886
1467
1397
1397
1466
1397
1466
1397
1466
1397
1397
1397
1467
1886
1467
1466
1467
1397
1397
1467
1397
1396
1467
1396
1467
1397
1467
1396
1467
1397
1396
1397
1397
1467
1467
1955
1397
1886
1397
1467
1467
2444
1467
1467
1397
1467
1886
1467
1956
1955
1886
