1885
1397
1397
1397
1466
1397
1397
1466
1397
1396
1466
1397
1466
1466
1397
1397
1397
1467
1467
1467
1466
1467
1396
1397
1396
1956
1397
1467
1955
1466
1397
1886
1467
1467
1397
1886
1397
1466
1396
1885
1466
1397
1466
1885
1397
1886
1885
1467
1397
1467
1397
1397
1467
1466
1397
1886
1886
1886
1397
1396
1397
1885
1956
1467
1396
1467
1467
1397
1397
1396
1397
1886
1467
1956
1956
1466
1886
1397
1885
1886
1466
1955
1397
1397
1886
1467
1885
1956
1397
1467
1397
1885
1397
1467
1886
1467
1886
1886
1955
1955
1955
1467
1955
1396
1955
1886
1886
1956
1397
1885
1467
1955
1397
1886
1956
1396
1886
1466
1397
1885
1955
1466
1956
1885
1466
1397
1956
1467
1467
1467
1466
1886
1956
1955
1396
1956
2375
1885
1466
1467
1466
1956
1886
1467
1397
1885
1467
1886
2374
1886
1467
1956
1886
1886
1886
1466
1467
1816
1397
1467
1467
1885
1886
1466
978
1956
1886
1816
1397
1886
1885
1397
1956
1885
1955
1885
1396
1397
1467
978
1956
1886
1886
1886
1466
1467
1885
1885
1467
1467
1466
1467
1885
1467
1886
1466
1886
1955
1816
1956
1886
1886
1955
1466
1397
1397
1396
1397
1466
1397
1397
1467
1467
1885
1397
1467
1467
1396
1885
1397
1397
1396
1466
1397
1467
1397
1397
1397
1397
1886
1467
1885
1397
1397
1956
1397
1397
1397
1466
1467
1955
1397
1397
1466
1397
1396
1466
1466
1467
1466
1885
1467
1466
1467
1886
1886
1466
1956
1886
1397
1466
977
1397
1467
1396
1397
1397
1397
1467
1467
1396
1955
1955
1466
1466
1397
1396
1466
1467
1466
1467
1466
1956
1816
1885
1955
1397
1396
1467
1466
1467
1467
1467
1466
1955
1397
1955
1397
1397
1467
1467
2445
1816
1956
1397
1885
1466
1467
1886
1955
1886
1886
1886
1467
1886
1956
1956
1886
1397
1396
1466
1467
1467
1397
1956
1885
2375
1886
1396
1886
1397
1955
908
1466
1397
1397
1397
1467
1467
1396
1396
1466
1885
1466
1886
1397
978
1397
1886
1955
1397
1815
1467
1397
1397
1397
1397
1466
1466
1397
1397
2374
1397
1467
1397
1955
1467
1397
1885
1467
1396
1397
1397
1396
1397
1397
1467
978
1467
1467
1467
1466
1886
1466
1397
1396
1467
1397
1466
1466
1467
1397
1885
1886
1955
1396
1885
1886
1886
1886
1397
1886
1466
1466
1397
1886
1467
1467
1886
1886
1397
1397
1397
1467
1467
1885
1466
1885
1397
1886
1397
1466
1467
1886
1886
1467
1397
1886
1955
1886
1886
1885
1466
1397
1397
1397
1397
1397
1397
1886
1466
1886
1467
1397
1466
1397
1467
1886
1886
1397
2375
1467
1467
1885
1955
1467
1467
1886
1886
1955
1397
1886
1886
1886
1467
908
1397
1955
1816
1467
978
1467
1466
1396
1396
1397
1955
1396
1466
1885
1886
1467
1397
1886
1885
1885
1467
1397
1397
1467
1467
1467
1885
1885
1466
1396
1886
1956
1466
1466
1467
1956
1886
1397
1467
1886
1955
1397
1466
1886
1397
1955
1466
1886
1466
1397
1467
1397
1396
1886
1886
1467
1885
978
1467
1397
1466
1886
2305
1397
1956
1467
1466
1955
1397
1397
1886
1467
1396
1397
1467
1397
1397
1396
1397
2375
1885
1886
1466
1955
1956
1886
1955
1466
1886
1397
1956
1467
1467
1397
1396
1397
908
1397
1467
1397
1956
1885
1397
1886
1397
1885
1467
1466
1886
1885
908
1956
1955
1467
1816
1886
1956
1885
1467
1467
1397
1466
1886
1886
1397
1885
3282
1467
1466
977
1467
1467
1886
1396
1397
1466
1467
1885
1886
1956
1956
1956
908
2375
1956
2375
1886
1885
1466
1955
1955
1956
1956
1467
1397
1955
1467
1886
1467
1397
1397
1396
1886
1886
1397
1816
1397
1956
1886
1467
1885
1886
1886
1885
1467
1886
1396
1467
1467
1397
1397
1397
2375
1467
1886
1955
1397
1397
1956
1397
1467
8521
1467
2445
1397
1397
1397
1816
1397
1467
1466
1467
1467
1397
1886
1397
1397
1467
1397
1956
1466
1466
1397
1886
1466
1397
1886
1467
1886
1396
1466
1397
1397
1397
1886
1397
1397
1886
1885
1397
1467
1886
1886
1886
1466
1466
1397
1397
1397
1886
1956
1397
1467
978
2375
1885
2375
1956
1397
1955
1955
1886
1467
1397
1397
1886
1397
1955
1397
908
1396
1397
1397
1397
1466
1466
1885
1397
1396
1397
1397
1886
1397
1466
1467
1816
1397
1466
1466
1397
1816
1466
1397
1816
1466
1886
1397
1467
1886
1467
1397
1956
1955
1466
1815
1956
1886
2374
1886
1397
1956
1885
1397
1397
1467
1467
1955
1467
1466
1466
1467
1886
1885
1397
1467
1397
1816
1467
1397
1886
1467
1886
1467
1466
1467
1397
1397
2444
1467
1397
1397
1885
1397
1466
1397
1816
1886
1396
1397
1467
1397
1885
1467
1956
1467
1955
1397
1886
1886
1397
1396
1816
1397
1397
1467
10127
1467
1466
1956
1885
1467
1397
1467
1467
1397
1397
1397
1467
1467
1397
1397
1467
1467
1955
1466
1467
1886
1955
1397
1397
908
1396
1397
978
1397
1467
1467
1396
1397
1886
1886
1466
1886
1886
1396
1467
1397
1396
1886
1397
1397
1466
1397
1397
1466
1397
1397
1396
1467
1956
1885
1467
1466
1466
1956
1466
1397
1397
1886
1396
1886
1467
1467
1886
1467
1467
1396
1886
1467
1467
1886
1956
1466
1397
1397
1886
1467
1397
1467
1955
1397
1467
1816
1396
1467
1396
1886
1467
1886
1956
1886
1467
1955
1397
1886
1886
2444
1397
1816
1397
1467
1467
1886
1467
1466
1466
1397
1397
1956
1397
1886
1467
1886
1956
1397
1397
1397
1467
1885
1397
1397
1397
1397
1885
908
1886
1886
2375
1396
1467
1885
1467
1397
1467
1397
1396
1466
1397
1466
1397
1397
1466
1397
1397
1955
1885
1467
1886
1886
1956
1956
1955
1467
1467
1466
1956
1955
1886
1467
1467
1397
1397
1886
1886
1397
1327
1467
1816
1466
1397
1886
1466
1886
1955
