1397
1396
1466
1397
1397
1956
1397
1467
1886
1397
1397
1397
1956
1397
1467
1466
1396
1397
1397
1467
1467
1467
1467
1396
1397
1467
1955
1397
1955
1397
1955
1885
1816
1397
1467
978
1466
1956
1467
1886
1397
1466
1397
1397
1886
1467
1397
1466
2305
1956
1956
1397
1396
1886
1886
1467
1467
1396
1816
1397
1397
1467
1467
1467
1467
1466
1467
1397
1467
1466
1396
1466
1466
1397
978
1397
978
1886
1955
1466
1955
1467
1397
1886
1397
1467
1886
2374
1956
1327
1467
1466
1467
1466
1886
1397
1397
1467
1885
1396
1467
1467
1956
1397
1886
1466
1467
1816
1397
1885
1466
1886
1466
1467
1466
1816
1886
1396
1816
1956
1467
1397
1467
1397
1955
1396
1397
1397
1396
1397
1397
1467
1886
1885
1397
1467
1397
1885
1956
1467
1467
1397
1885
1886
1886
1467
1956
1886
1886
1885
1467
1886
2304
1955
1886
2863
1886
1467
1955
1886
1467
1397
1886
1886
1397
1955
1467
1886
1886
1466
1466
1397
1885
1397
1397
1397
978
1467
1397
1956
1467
1396
1396
1397
1397
1396
1886
1466
1466
1467
1466
1397
2934
1467
1467
1397
1467
1397
1397
1466
1397
1467
1467
1467
1467
1467
1396
1397
1467
3841
1397
1467
1816
1397
1397
1886
1466
1466
1816
1466
1886
1886
1397
1466
1397
1397
1397
1397
978
1397
1397
1396
1466
1397
1397
1327
1397
1466
1466
1467
1397
1467
1466
1466
1467
1396
1466
1397
1397
1886
1886
1397
1396
1885
1466
1396
1466
1467
1467
1397
1397
1467
1466
1467
1396
1397
1467
1886
1397
1397
1467
1466
1397
1397
1396
1397
1396
1397
1467
1396
1397
1397
1397
1467
1397
1397
1467
1397
1467
1467
1397
1397
1397
1397
978
1466
1466
1397
1885
1466
1956
1467
1467
1397
1886
1885
1956
10826
1816
1886
908
1816
1396
1396
1467
1885
1396
1466
1397
1466
1396
1397
1397
1397
1397
1396
1467
1397
1397
1396
1327
1467
1396
1466
1397
1397
1467
1397
1467
1956
1955
1956
1816
1955
1397
1955
1885
1955
1466
1467
1467
1397
1886
1955
1467
978
977
1397
1397
1397
1397
1396
1397
1886
1466
1886
1466
978
1397
1467
1397
1466
1397
978
11105
1467
1467
1397
1467
1466
1327
1885
1467
1397
1886
1956
1885
1397
1467
1397
1397
1467
1816
1467
1467
1467
1397
1467
1467
1467
1467
1397
1466
1397
1397
1397
1397
1466
1467
4261
1397
1397
1397
1397
1467
1816
1397
1467
1396
1467
1467
1397
1956
2374
1397
1397
978
1467
1466
1466
1396
1467
1466
1466
1397
1467
1467
1397
1397
1467
1397
1466
1467
1886
1396
1397
1467
1466
1467
1466
1466
1467
1467
1397
1467
1467
1467
1467
1467
1396
1397
1397
908
1397
1467
1397
1467
1396
1467
1886
1397
1397
1396
1397
1467
1467
1955
1397
1467
1396
2375
1397
1955
1956
1886
1885
1886
1886
1885
1816
1466
1397
1886
1886
1396
1397
1886
1466
1885
978
977
1397
1396
1397
1396
1397
1396
1397
1397
1466
1397
1467
1397
1467
1466
1885
1397
1397
1467
1956
1466
1467
1467
1397
1396
1397
1396
978
1397
1466
1467
1467
978
1467
978
1467
1885
1397
1956
1397
1467
1886
1467
1466
1955
1397
1467
1885
1956
2794
1886
1467
2305
978
1397
1886
1466
1886
1955
1816
1956
1885
1886
1886
2374
1467
1397
1467
1886
1397
1886
1956
1885
1397
1466
1467
1397
1885
1885
1886
1886
1466
2444
977
1467
1397
1397
1397
1397
1885
1467
1885
1466
1886
1815
1956
1885
1886
1886
1886
1886
1885
1886
1467
1466
1397
1885
1397
3352
1885
1886
3771
2444
1467
1397
1886
1955
1466
1955
1397
1467
1467
1466
1467
1886
1885
1467
1397
1886
1467
1885
1396
1885
1466
1397
1397
1885
1467
1397
1397
1467
1397
1885
1886
1885
1397
6076
1955
1885
1886
1397
1886
1397
1397
1955
1467
1467
1397
1885
1467
1467
1397
1467
1467
1397
1886
1397
1397
1467
1397
1397
1467
1885
1467
1397
1885
1396
1397
1396
1397
1466
1467
1956
1396
1397
1467
1397
1467
1467
978
1955
1885
1467
1397
1397
1397
1397
1467
1467
1397
1467
1467
1467
1397
1397
1396
1397
1467
1886
1397
1955
1467
1397
1466
1467
1467
1397
1397
1397
1816
1397
1467
1886
1466
1397
1467
1466
1397
1466
1467
1396
1467
1467
1397
1467
1956
1396
1466
1397
1467
1396
1397
1397
1955
1466
1467
1467
1467
1467
1396
1467
1955
1397
1467
1397
1397
1397
1466
1466
1466
1397
1467
1397
1466
977
8591
1466
1467
1466
1397
978
978
1397
1397
1467
1397
1397
1886
1885
1397
1397
1466
1466
1397
978
1467
1397
1397
1467
1467
1466
1466
1467
1466
1397
1467
1885
1467
1467
1397
1397
1467
1466
1466
1397
1955
1466
1466
1467
1397
1467
1886
1886
1886
1396
1467
1397
1885
1816
1885
1955
1886
1397
1467
1466
1397
1466
1466
1467
1466
1466
1886
1397
1397
978
1886
1397
1467
1466
1397
908
1466
1397
1886
1467
1397
1397
1467
1467
1467
1397
1397
1397
1467
1467
1467
1466
1885
1397
1467
1467
1467
1397
1467
1397
1397
1397
1396
1397
977
1397
1467
1886
1397
977
1397
1466
1397
1397
1886
1466
1397
1397
1396
1467
1397
1397
1397
1466
1397
1466
1397
1397
1397
1466
1886
1467
1397
978
1886
1396
1467
1397
1397
1886
1467
1467
1466
1397
1397
1397
1397
1397
1467
1467
1467
1467
1396
1466
1466
1467
1466
1466
1397
1396
1397
1396
1397
1886
18299
1467
1396
1466
1397
1397
1467
1466
1466
1466
1396
1467
978
1467
1467
1397
907
1397
1397
1396
2374
1397
977
1397
1397
1397
1397
1397
1467
1396
1397
1467
1955
1397
1467
1397
1397
1467
1466
1397
1397
1397
1886
1467
1467
1467
978
1396
1885
1467
1467
1397
1467
1466
2375
1886
1397
1956
1466
1467
1397
1397
1467
1397
1397
1397
1397
1885
1397
1467
1466
