1885
1955
1396
1956
1397
1396
978
1466
1467
1886
1886
1816
1885
2374
1956
1466
1886
1956
1956
1886
2374
1886
1396
1886
2375
1816
1467
1396
1886
1886
1467
1397
1956
1955
1396
1956
1885
1467
1397
1886
1467
1467
1396
1397
1467
1467
1466
1397
1955
1397
1397
1467
1397
1397
1955
1467
1955
1466
1956
1396
2305
1397
1397
1467
1467
1467
1397
1467
1397
1397
1396
1956
1397
1397
1327
1467
1956
1886
1397
1886
2374
1956
1466
1397
1885
1466
1397
1397
1396
1397
1955
1885
1467
1885
1467
1467
1467
1886
1885
1886
1886
1955
2305
1955
1467
1886
1397
1397
1397
1886
1467
1397
1466
1397
1397
1816
1886
1467
1467
1466
1466
1467
1886
1955
1397
1397
1397
1956
1397
1397
978
1467
1886
1886
1467
1396
1397
1955
1397
1466
1397
1467
1397
1816
1396
1397
1397
1397
1467
1397
1466
1397
1467
1397
1886
1466
1397
2445
1885
1397
3841
1886
1886
1886
1886
1466
1397
1886
1886
1396
1467
1467
1397
1466
1397
908
1397
1397
1955
1885
1886
1466
1467
1815
908
1956
1467
1886
1886
1396
1397
1886
1886
1396
1397
1467
1397
1467
1396
1886
1466
1466
8520
1467
1466
1467
8450
977
1396
1956
1467
1467
1397
1467
1467
1467
1467
978
1397
1397
1467
1886
1886
1956
1886
1397
1885
1885
1886
1396
1955
1397
1467
1955
1886
1886
1467
1397
1397
1397
1956
1467
1397
1886
1885
1467
1466
1397
978
1397
1466
1396
1396
1956
1886
1396
1467
1467
1397
1956
1467
978
1466
1397
1466
1886
1397
978
1466
1885
1956
1886
1886
2445
1885
1886
1397
1885
1397
1885
1886
1467
1397
1396
1467
1397
1397
1467
1816
1467
1467
1885
1396
1467
1397
1466
1466
1467
1397
1466
1467
1397
1397
1467
1467
1397
1467
1885
1955
1467
1955
1467
1886
1886
1397
1885
1466
1955
1467
1466
1885
1397
1397
1397
1397
1467
1466
1467
1397
1467
908
1397
1467
1467
1397
1467
1397
1466
1467
1467
1397
1397
1397
1466
1397
1886
1885
1396
1467
977
1885
1467
1956
1466
1397
1467
1397
1397
1467
1466
977
1397
1397
1467
1467
1467
1467
1397
1467
1466
1397
1466
1467
1397
1466
1397
1886
1467
908
1466
1397
1467
2374
1467
1467
1886
977
1466
1467
16482
1396
1886
1466
1466
1397
1397
1466
1467
1467
1397
1955
1467
1467
1956
1955
1956
1397
1886
1466
1397
1886
1956
1467
1466
1397
1466
1467
1467
1956
1466
1466
1816
1397
1397
1397
1397
1397
1466
1467
1467
1467
1396
908
1397
1397
1885
977
1397
1396
1397
1467
1467
1885
1886
1397
1397
1397
1397
1466
1467
1467
1397
1397
1397
1397
1397
1467
1396
1466
1956
1885
1886
1886
1466
1467
1397
1397
1467
1466
1396
2375
1956
1886
1886
1815
1467
2375
1886
1886
1885
1467
1885
1467
2305
1397
1886
1466
1396
1886
2374
1467
1886
1956
1467
1466
1396
1466
1467
1466
1886
1467
1397
1397
1466
1397
1397
1467
1467
977
1397
978
1885
1467
1885
1886
1466
1396
1467
1397
1956
1396
1397
1397
1467
1886
1467
1886
2375
1816
908
1886
1466
1886
1886
1955
1397
1816
1886
1955
1397
1396
1956
1397
2235
1885
1955
1886
1466
1467
1955
1955
1885
1397
1397
1816
1956
1886
1886
1467
1467
1885
1467
1467
1466
1397
1396
1467
1396
1397
1466
1397
1396
1397
1327
1886
1397
1397
1396
1397
1397
1956
2305
1396
1466
1956
1396
1397
1886
1466
978
1397
1467
1956
1397
1397
1397
1466
1467
1467
1886
1397
1885
1467
1886
1397
1397
1955
2374
1466
1886
1886
1397
1467
1466
1397
1886
1466
1956
1466
1467
1467
1467
1466
2374
1397
1885
1815
1467
1397
1396
1397
1956
1956
1466
1955
1956
1956
1955
1396
1956
1816
1467
1467
1397
977
1396
1467
1886
1397
1466
1886
1466
1397
1466
1467
1467
1467
1396
1397
1396
10616
1467
1886
1467
1467
1466
1886
2374
1886
1886
1397
1886
1885
1956
1955
1467
2375
2305
1955
1467
1886
1956
1885
1467
1397
1467
1956
1956
1466
1955
1467
3422
1396
1396
1466
1816
1955
1467
1397
1815
1467
2863
1397
1397
1396
1886
1885
1397
1886
1885
1955
1886
1886
1955
1955
1466
1396
1397
1886
1956
1466
1466
1397
1955
1397
1886
1886
1885
1886
1467
1886
1956
1886
1467
1955
978
1885
1397
1397
1886
1467
1467
1885
977
1955
1955
1466
1466
1885
1886
1397
1397
1397
1467
1466
1885
1956
1886
1467
1886
1466
1885
1816
1886
1467
1467
1467
1466
1885
1396
1886
1955
1886
1467
1397
1396
1466
1467
1466
907
1467
1467
1886
1466
1885
1467
2375
1885
1956
1397
1886
1956
1955
1886
1397
1886
1955
1956
1466
1885
1886
1396
1467
1396
1467
978
1397
1397
1467
1397
1397
1397
1467
1467
1397
1397
1467
1816
1466
1467
1466
1397
1466
1467
1397
1397
1397
1396
1466
1396
1467
978
1467
1397
1396
1397
1397
1397
1467
1397
1397
1886
1397
1816
1466
1397
1397
1397
1956
978
1466
1467
1397
1397
1396
1466
1885
1885
1397
1466
1885
1886
2863
1885
1886
1956
1397
1466
1886
1397
1885
1467
1885
1956
1397
1466
1955
1886
1467
1467
1397
1886
1886
1396
1396
1397
1397
1397
1467
1396
1396
1886
1397
1955
1886
1467
1397
1397
1467
1397
1397
1397
1885
1397
1467
1466
1467
2444
1397
1467
1397
1886
1397
1397
1467
1397
1467
1396
1886
2794
1816
1886
1397
1467
1397
1397
1467
1467
1397
1955
1396
1397
1467
1397
1886
1467
1467
1397
1397
1397
1396
1397
1397
1466
1397
1397
1397
1466
1885
1397
1397
1467
1956
1467
9149
1467
1397
1397
1467
1467
1886
1466
1467
1467
1886
1466
1466
1397
1886
1397
1397
1397
1397
1397
1397
1397
1397
1397
1397
1397
1956
1467
1466
1885
1956
1956
1397
1467
1466
1466
1467
978
1397
978
1397
1467
1396
1396
2375
1885
