1466
1397
1467
1466
908
1397
1886
1396
1397
1886
1467
1397
1397
1397
2305
1886
1397
1467
1467
1397
1397
1466
978
1397
2374
1886
1467
1467
908
908
1467
1397
1955
1816
1466
1467
1466
1397
1467
1467
1466
1467
978
978
1467
1397
1466
1467
1396
1886
1956
1467
1397
1467
1397
1397
1886
978
1467
977
2444
1885
1466
2374
2375
1886
1466
1467
978
2374
1956
1467
1397
1467
1396
1397
1397
1885
1396
1397
1467
1397
1397
1467
1885
1397
1885
1467
1467
1466
1467
1397
1956
1886
1397
1956
1955
1397
1397
1956
1397
1886
1397
1467
1397
1397
1467
1466
1397
1397
1397
1467
1955
1885
2305
1955
1956
1466
1397
1467
1886
1466
1397
1885
1397
1955
1396
1397
1467
1397
1467
1466
1466
2444
1397
1886
1467
1466
1467
1886
1955
1467
1397
1467
1397
1466
1886
2444
978
1466
1467
1466
1467
978
978
1396
1397
1466
1397
2374
1466
1397
1397
1397
1467
1467
1467
978
978
1467
1956
1396
1466
1397
1467
1397
1397
1467
1467
2375
1467
1397
1397
1397
1397
1467
1397
1886
1397
1396
1467
1885
1396
1466
1397
1467
1955
1396
1466
1397
2375
1397
1466
1397
1467
1397
1397
1397
1397
1397
1466
1467
1467
1467
1467
1467
978
1397
1467
1956
1397
1466
12362
1397
1467
1396
1466
1467
1467
1466
977
1467
1397
1467
978
2374
29194
1397
1885
1397
1397
1466
1467
1467
1466
1396
1955
1885
1397
1467
1466
2375
1466
1396
1886
1467
15644
1397
978
1467
1467
1955
1466
1397
1955
1397
908
1467
1397
2374
1397
7753
1955
1397
1466
1885
978
1397
1397
1397
1467
1467
1466
977
1397
1397
1955
1397
1397
1467
1397
1397
1467
978
1397
1466
977
1397
1397
1397
1396
1467
1397
1397
1397
978
1397
1396
1467
1466
2445
1467
1397
1397
1397
978
1467
1397
1467
1467
1397
1397
1397
1467
1397
1397
1397
1397
1397
1396
1396
1397
1466
1466
908
1397
1397
1467
978
1467
1467
1466
1397
1467
978
1466
1396
1397
1397
1467
1467
1467
1466
1467
1397
1955
1467
1467
1397
1396
1397
1467
1397
908
1467
1396
1467
1955
1397
1467
1396
1397
1467
10337
908
1397
1397
1397
1397
1467
1467
978
1467
1815
1886
1955
1956
1956
1397
1397
1886
1396
1466
1397
1397
1397
1397
907
978
1397
908
1396
1397
1467
1955
978
1397
1397
1397
1467
1466
9918
978
1885
1956
1397
1467
2375
1397
1397
1466
1467
1397
1397
1397
1397
978
1397
1466
1397
1466
1885
1397
1397
1886
1885
1886
1396
1397
2444
1467
1467
5797
908
1466
2444
1467
1466
1885
1397
1467
1396
1466
1396
1397
1467
1397
1467
1886
1396
1467
1397
977
1397
1467
1467
1467
2375
1397
1466
1466
2444
1467
1397
1467
978
2444
2374
1466
1886
1397
1815
1955
2375
1397
1885
1397
1467
1886
1397
908
1466
1467
1397
1467
1397
1397
1397
1466
1466
978
1397
1956
1466
1397
1397
1397
2375
1396
2375
978
1397
1397
1397
1886
1886
1397
1466
1397
1467
1397
1467
1397
1885
1886
1396
1956
1466
1467
1397
1467
1955
1886
1397
1397
1955
1467
1467
978
1467
977
1467
1467
1396
1886
1956
1467
1815
1467
977
977
1397
1397
1467
1467
1397
1466
1397
1397
1397
1397
1466
1956
1397
1397
1397
1397
1397
1397
1396
978
1397
977
1397
908
1397
908
1956
1467
1397
1397
1397
1397
1397
978
1886
1467
1396
1397
1885
1397
1467
1466
1397
1955
1467
1885
1467
1397
2375
1397
2374
1397
1816
1467
1467
1467
1886
978
1397
1397
1467
978
2375
1467
1396
1397
1467
1396
1397
1886
1397
1955
9638
1397
1467
1467
1466
1467
1815
1397
1397
1397
1396
1466
1397
1467
1397
1466
1467
1397
1396
1396
977
2375
2374
978
1467
2374
1397
1886
1467
1466
908
1397
10755
3353
1467
1467
907
1467
2375
1397
1467
1466
1396
1397
978
1466
1397
1397
1467
1467
1397
1956
1397
1467
1467
1397
1397
8940
1397
978
1816
1397
1397
1885
1467
1816
1397
1467
40507
1397
1396
1467
1397
1397
1397
2375
1397
1396
1467
1885
1467
1397
1885
1397
1467
1467
977
2374
1397
1397
1466
1397
1397
1397
2375
1467
977
1397
1886
1397
1466
9009
1955
1397
2375
1467
1467
1397
1466
1467
1397
1466
977
1397
1816
1397
1467
1466
1396
1397
1397
1396
1397
1467
2375
1397
1467
2375
1397
2374
1397
1397
1467
2375
1466
2375
1397
1397
1467
1955
1886
1397
1396
1467
2794
1886
2374
1397
2375
1396
1397
1467
1397
1466
1955
978
1397
1397
1886
1955
1396
1956
1396
1397
908
1397
1327
1467
1467
1886
1467
1466
1466
1397
1397
1466
1397
1467
1397
1397
1466
1467
1467
1397
1956
1396
1397
1466
1397
1466
1397
1397
1466
1467
1466
1886
1397
1466
1397
1886
1467
1467
1397
2375
1397
2445
1397
1467
1397
1885
1467
1397
1466
1467
1467
1466
1467
1396
1467
1956
1466
1886
1467
1397
1397
2863
1886
1467
1956
1467
1466
1816
1396
2305
1396
1397
1467
1467
1466
2305
977
1816
1396
1397
1467
1466
1396
1397
1886
1466
1397
3352
1886
1886
1466
1466
978
1466
1956
1885
1397
1397
1467
1467
908
1467
1956
1467
1397
1397
1397
1467
1956
1886
1397
1397
1397
1467
1467
1467
1467
1467
1397
1397
1467
4749
1467
1327
1466
1467
1885
1397
1955
1397
1467
1397
1467
1466
1886
1466
2374
1467
1397
1466
1396
1467
1466
2375
1397
1467
1397
1397
1467
1466
1397
1466
1397
1467
1397
1397
1466
1396
1466
1466
1467
1396
2305
2375
1397
1467
1397
1467
1397
1397
1467
1397
1397
1397
1467
1466
1396
1397
1467
978
1885
908
1397
1397
1397
1886
1397
1467
1397
1467
1397
908
1396
978
1396
1466
1397
1397
1467
1397
1467
1467
1397
1466
1396
1466
2375
1397
1467
1885
1466
1397
2445
