1397
1467
1956
1467
1396
1886
1396
1467
1397
1397
1467
978
1466
1397
978
1467
978
1397
1397
1466
1397
1397
1397
1397
1396
1397
1397
1396
1467
1397
1466
1885
1397
1397
1885
1396
1397
978
1467
1397
1396
1467
1396
1467
977
1467
1396
1885
1955
1467
11803
1396
1396
1885
1466
1397
1397
1397
1955
1816
1466
1397
1466
1397
1467
1397
1396
1467
978
1397
1397
908
1396
1397
908
1467
1467
1397
1466
978
1397
1397
1397
1397
978
1467
1466
1467
1397
1955
1397
1396
1397
1466
1397
1467
1397
977
1397
1397
1397
1467
1467
1467
978
1955
1397
977
1397
1467
1467
908
908
1886
1885
1955
1885
1467
1467
1396
1397
978
1397
1885
1396
1467
1467
1397
1467
1397
1397
978
1467
1397
1467
1467
1397
1397
908
1397
978
978
1397
1397
1397
1467
1955
978
1467
1955
1396
1397
1397
1467
1397
2305
1886
908
1467
1397
1397
1467
908
1396
1397
1397
1885
1885
978
1397
908
1467
1886
908
1397
977
1397
1886
1466
907
1886
978
1397
5308
1396
1955
1467
1467
978
1467
1397
1397
1467
1397
1467
1397
1397
1467
1885
1397
1466
1886
978
1467
1397
1397
1396
1466
9568
1466
1397
1397
1886
1397
1396
1956
1396
1466
1397
978
1886
977
1886
2375
1466
1466
1467
1955
1467
1816
2374
1955
1466
1466
1467
1885
1467
1397
1397
2375
1886
1397
1467
1396
1955
1467
1466
1397
1397
1466
1886
1397
1397
1397
1886
1397
1467
1397
1467
1396
1397
1396
1466
1466
1956
1397
1397
1955
1467
1885
1885
1466
1397
1396
1467
1886
1467
1467
1467
1816
1816
1886
978
1396
1467
1397
978
1397
1397
1397
908
1885
1397
1397
908
1467
1397
978
1397
1886
1397
1886
908
1397
1397
2445
1396
1397
1467
978
1885
1886
908
1397
1467
1956
1885
977
1396
1885
1397
1467
1397
1396
1467
1466
1397
1467
1397
1467
1397
978
908
1397
977
1467
1467
1466
1886
1955
1397
1397
1397
1885
1956
1956
1397
1397
1397
1886
1467
1397
1886
1396
1886
1886
1397
1396
1955
1466
908
978
978
1956
978
978
1885
978
1467
1397
1956
1397
978
1467
1467
1397
1466
1466
1467
1397
1397
1396
1886
977
977
1397
978
1466
1466
978
1396
1466
1466
1397
908
1397
1397
1397
1467
1467
978
1466
1467
1397
1396
1466
1467
977
1466
1397
1466
1467
1397
1467
978
1397
1467
1397
1397
1466
1467
2374
1467
1397
1467
1467
1396
1397
1397
1815
1466
1397
1397
1397
1396
1886
1886
1467
1467
978
1886
1397
1467
1956
978
1886
6634
1467
1466
1397
2235
1467
1466
1467
1397
1397
1885
2305
1956
1885
1466
978
1886
1467
1467
1397
1956
1396
1467
1466
1397
1467
1886
1397
1397
1467
1466
977
1886
1956
1397
1467
1467
1467
1885
1466
1397
1397
1397
1885
1467
1467
1397
978
1396
1466
1956
1467
1815
1397
1397
1397
1397
1466
1885
1397
977
2305
1886
1466
1466
1397
1397
1466
978
1397
1466
1467
1397
1397
1397
1397
1816
1467
1397
1466
1397
1397
1397
1885
1467
1467
1397
1397
1885
1397
1397
1396
1396
1886
1397
1466
908
1885
1396
978
1397
1397
1397
1397
1816
1397
908
977
1466
1467
1467
1397
1467
978
1466
1397
1886
908
1396
1397
1467
1886
1397
1466
978
978
978
1467
1397
1466
1397
1397
1467
1397
1467
1466
1397
1467
1397
1396
1467
978
978
1397
1397
1396
1467
1396
1397
1467
1466
1466
1467
977
1397
1397
1956
1467
1467
1467
1467
1466
977
1396
1397
1467
1397
1467
1467
2305
978
1467
1467
1467
978
978
1467
1466
1467
1466
1467
977
1397
1467
1467
1397
1396
1396
908
978
1886
1397
1397
1467
1397
1396
1466
1467
1397
1397
908
1467
1467
1467
1397
1397
1396
1466
1397
1397
1397
1397
978
1886
1467
1467
1467
1467
1467
1397
1466
1396
908
1467
908
978
1397
1397
1466
1466
1466
1467
1397
1467
1397
978
1955
1397
1397
1396
978
1466
1397
1886
1466
1397
1397
1397
1467
1397
1466
1467
1466
1467
1467
1466
978
1397
1816
1466
1397
1397
1396
1397
1396
908
1467
1397
1955
1467
1397
1467
1397
1467
1466
1467
1467
1397
1466
1397
1396
977
1467
978
1467
1467
1466
978
1467
1397
1397
1396
1397
908
1397
1467
1467
1397
908
1397
1467
1396
1397
1397
1397
1397
978
978
1467
1397
977
1467
1467
977
1397
1397
1396
1466
978
978
978
1467
908
1397
1467
1466
1397
1466
1397
1467
1467
1466
1397
1816
1467
1397
1467
978
1397
978
1396
1397
908
1467
1396
1467
1397
978
908
1466
1467
1397
1467
977
1397
978
1397
2375
1397
1467
1466
1467
1397
1467
1467
978
9917
1397
1467
978
1397
1397
1885
1956
1466
1467
1467
1467
978
1397
1467
1467
1467
1466
978
1467
1467
1396
1397
1466
908
1397
1396
1886
1397
10336
1397
1397
1396
1467
1467
908
1397
1467
1397
1396
1397
1397
908
1467
1397
908
1886
1397
1397
978
1397
2305
1886
2794
1466
1397
1396
1466
1397
1466
1467
1397
908
1397
1466
1397
1886
1397
1396
1467
978
978
1396
1397
1396
1397
1886
978
1397
1467
1397
1885
1466
1397
1397
1396
1397
1397
1397
1397
1467
1397
2444
908
1466
1397
908
1467
978
1397
1397
1396
1466
1467
1467
1467
1886
1396
1397
978
1467
1397
1467
1467
1397
1397
1467
1466
1397
908
1397
1466
1886
1396
978
1467
1396
1467
1397
1397
1467
1396
1466
1467
908
1886
1467
1327
1397
1467
977
1396
1397
1466
1467
1885
11035
1397
1397
1467
1397
1466
1397
1397
1396
977
978
1397
1467
1467
1397
1397
1396
978
1467
1396
1397
1466
1397
1467
977
1467
978
978
1955
1467
1396
1467
978
1466
1466
1467
1397
2375
1396
1397
1397
978
