1397
2445
1886
1397
1466
1397
1467
1397
1886
1886
1397
1466
1886
1467
1397
1397
1816
1467
1397
1466
1397
1467
1956
1397
1956
1396
1397
1397
1467
1397
1397
1397
1396
1397
1397
1467
1467
2444
1466
1885
1396
1886
1886
1466
1816
1466
1396
1467
1396
1397
1397
1397
1466
1397
1466
978
1466
1467
25771
1466
1397
1467
1466
977
1467
1466
2374
1396
1467
1397
1397
1396
1397
1467
1467
1397
1466
1466
1467
1397
1396
1466
1397
1467
1467
1397
1397
1397
1467
1396
1466
1467
1397
1466
1396
1467
1467
1396
1397
1466
1397
1397
1467
1467
10127
1397
1467
1467
1397
1396
1466
1397
1466
1396
1397
1467
1467
1396
1467
1397
1397
1397
1396
1397
1466
1397
977
1397
1466
1467
1467
1467
1467
1467
1396
1397
978
1396
1396
1397
1466
1467
978
1467
1467
1467
1397
1467
1467
1397
1397
1397
978
1397
1397
1466
1467
1397
1397
977
1397
1397
1467
1467
1397
1886
978
1397
1467
1396
1397
1467
1397
1396
1467
1467
1397
1397
1467
1397
1466
1397
1467
1397
978
1396
1466
1467
1396
978
1397
1397
1466
1466
1397
978
1467
1467
1466
1467
1396
1397
1467
1396
1396
1397
1466
1467
1396
1397
1467
978
1396
1397
1396
908
1397
2375
1397
1467
1397
1466
1396
1467
1467
1396
1467
1397
1467
1397
1467
1467
1397
1397
1397
1886
1397
978
1466
1467
1467
1467
1467
1396
1816
1397
1397
908
1396
1397
1467
1397
1396
1466
1466
1467
1397
1397
1467
1467
1396
1397
1467
1466
1397
1467
1886
1397
1467
1467
1396
977
1397
1466
978
1397
1886
1396
1397
1397
1467
978
1467
1397
1397
1397
1397
1466
1467
1397
1397
1466
1466
1466
1397
1467
1467
1467
1396
1466
1467
1397
1397
1467
1397
1397
1467
1397
1396
1397
1467
1467
1467
1397
1397
1467
1396
1466
1397
1397
1397
1396
1396
908
1397
1466
1467
1397
1466
1396
1467
1466
978
1397
1397
1956
1885
1397
1397
1467
1397
1467
1397
1816
3352
1467
1816
1397
1396
1467
1467
1466
1466
1396
1467
1466
1466
1466
1467
978
1397
1397
1467
1397
1467
1466
1467
1397
1467
1467
1466
1886
1396
1467
1467
1956
1466
1397
1886
1397
1397
1397
1397
1886
1397
1397
2444
1467
1467
1467
1466
1466
1467
1467
1396
1397
978
1397
1467
1397
1396
1467
2375
1396
1397
1467
1396
1467
1467
1467
1467
1467
1467
1397
1466
978
1396
1397
1467
1397
1397
1467
1886
1397
1467
1467
1467
1886
1467
1467
1396
1466
1466
1397
2374
1396
1396
1466
1467
1956
1397
1467
1397
1397
1885
1886
1466
1466
1397
1467
1886
1397
1466
1466
1396
1397
978
1397
1397
1397
1397
1467
1397
1467
1396
1397
977
1467
1466
1955
1467
1467
1397
1396
1466
1466
1885
1397
3353
1396
1467
1466
1397
1397
1397
1397
1467
9568
1467
2445
1956
1467
1816
1396
1886
1397
1886
1955
1467
1467
1466
1466
1955
1955
1956
1886
1886
1886
1466
1397
1397
1466
1955
1955
1466
2374
1886
1886
1886
1955
1886
1397
1396
5238
977
1467
1397
2305
1886
1467
1397
2444
1466
1467
1467
1467
1466
1467
1955
1397
1885
1886
1396
1466
1397
1816
1467
1396
1397
1466
1397
1885
1397
1396
2793
2375
1397
1397
1466
1467
1397
1397
1397
1467
1467
1397
1466
1466
1396
1466
1396
1886
1467
1467
1397
1466
1397
1956
1467
1397
1467
1397
1886
2304
1886
1885
1467
2444
1396
1397
1886
1397
908
1467
1467
1467
1467
1467
1397
1467
1397
1397
1467
1397
1397
1397
1466
2374
1396
1396
1467
1397
1396
1467
1467
1397
1466
1397
1885
1397
978
1956
1467
1886
978
1466
1467
1397
1397
1467
1397
1466
1956
1955
1886
1467
1955
1397
2863
1397
1467
1886
1397
1956
1397
1886
1397
1886
2374
1467
1886
1885
1886
1397
1466
1397
978
1956
1397
1397
1397
1467
1467
1466
1397
1396
1396
1886
1397
1467
1467
1886
1397
1955
1397
1886
1816
1467
1466
1397
1467
1466
1815
1467
2374
1467
1955
1886
1885
1466
1396
1886
1397
2375
1467
1397
1956
1886
1956
1955
2375
1955
1955
1467
1397
978
1397
1467
1886
1955
1397
978
1815
1397
978
1467
1956
978
1397
1467
1956
2375
1397
1886
1397
1467
1467
1397
1467
1397
1466
1397
1397
1397
1397
1466
1467
1466
1466
1397
1397
1396
1397
2374
1397
1467
978
1397
1467
1397
1397
1396
1467
1397
1397
978
1467
1816
1467
1467
1396
1467
1816
2375
1397
1396
978
1467
1397
1397
1397
1466
1396
1466
1397
1397
1397
1467
978
1396
978
1467
1467
978
1467
1397
1467
1886
1467
1467
1467
1397
1467
1397
1397
1467
11035
978
1466
1467
1397
1397
1397
977
1467
1397
1816
1397
1467
1886
1467
977
1467
1397
1467
1886
1397
978
1397
1397
1396
1396
1397
1397
1397
1397
1467
1466
1467
907
1397
978
1397
1467
1397
1467
978
1397
908
1397
1956
1467
978
1397
1885
1955
1397
978
1467
1396
2374
1397
1467
1397
978
1397
978
1397
977
978
1397
1467
1397
1397
1397
908
1397
1467
1397
1467
1397
1397
1397
1467
1466
978
1467
978
1396
1397
1397
1466
1396
978
1467
1397
1397
1396
908
978
1467
1467
978
16203
1466
1466
1397
1397
1466
1397
1397
1396
1397
1397
1886
1397
978
1397
1396
1397
1396
978
1466
1397
1466
1397
1397
1397
1466
1397
1467
908
1397
1467
1467
1397
1397
1467
1467
1467
1466
1397
978
1467
977
978
978
1467
1397
1397
1397
1396
1467
908
1397
1467
978
1466
1397
1396
978
1397
1396
1467
1466
1397
1397
1466
1397
13200
1397
1467
1396
1467
1467
1396
1396
1466
1397
1397
1397
2375
1467
1397
1466
1396
978
1467
1397
1397
977
1397
1397
1467
2375
1397
1397
1467
1467
978
1397
1396
1397
1397
1397
1396
1397
1397
977
1397
