1886
1397
1885
1467
1886
1466
1956
1397
1467
1886
1886
1397
1885
1467
1397
1885
1397
1956
1886
1467
1467
1466
1467
1886
1466
1397
1397
1885
1886
1467
1467
1397
1886
1397
1397
1397
1397
1885
1467
1467
1467
1956
1467
1397
1886
1397
1397
1466
1397
1886
1956
1396
1397
1815
1956
2444
1885
1397
1467
1397
1397
1956
1467
1956
1397
1956
1885
1956
1396
1955
1466
1886
1397
1816
1886
1397
1815
1885
2374
2375
1886
1396
1397
2304
1816
1885
2305
1467
1885
1885
1955
2444
1816
2235
1816
1886
1955
1886
1397
1397
1466
1467
1886
1886
2863
1955
2375
1886
1886
1885
1956
1885
1397
2374
1886
1886
1466
1396
1886
1956
1466
1467
2375
1885
1467
1466
1466
1956
1466
1466
1816
1466
1466
1885
1886
1396
1886
1467
1885
1467
1397
1467
1467
1397
1396
1886
1886
1467
1466
1397
1466
1397
2375
1885
1885
1397
1885
1886
1886
1886
1956
1397
1397
1885
978
1886
1886
1396
1955
1467
1956
1816
1397
1397
1466
1467
1467
1885
1467
1816
1397
1467
1397
1467
1467
1466
1467
1956
1956
1955
1956
1885
1955
1886
1397
1467
1886
1885
1885
1886
1396
1396
1397
1397
1466
1885
1816
1467
1956
1466
1397
1885
1886
1467
1467
1467
1397
1397
1816
1886
1466
1397
1397
1397
1467
1397
1467
1467
1397
1885
1467
1467
907
1467
1397
1466
1467
1467
1396
1467
1397
1467
1885
1467
1466
1467
1396
1397
1397
1466
1396
1397
1396
1467
1397
1397
1467
1397
1397
1397
1397
1397
1467
1467
1397
1397
1955
1886
1467
1885
1467
1467
1397
1466
1396
1467
1467
1397
1396
1397
1466
1397
1886
1956
2934
1396
1397
1467
1397
1885
1397
1397
1467
1467
1396
1396
1467
1397
1467
1466
1397
1397
1397
1397
1397
1397
1396
1467
1955
1467
1397
1467
1467
1467
1955
1397
1886
1467
1396
1467
1467
1466
1466
1397
1467
1956
1397
1885
1397
1467
1467
1467
1955
1397
1885
1397
1397
1397
1467
1466
1397
1467
1467
1397
1467
1466
1397
1886
1886
1886
1956
1956
1467
1886
1886
1885
1816
1956
2375
1396
1955
1467
1467
1886
1886
1397
1466
1467
1397
1885
1467
2445
1397
1466
1466
1397
1397
1397
1815
1397
1886
1327
1397
1397
1816
1956
1396
1466
1397
1467
1397
1397
1466
1397
1886
1397
1816
1886
10476
1466
1397
1885
1885
2374
978
1466
1397
1886
1467
1886
1886
1955
1466
1397
1396
1466
1466
1467
1467
1956
1467
1956
1397
1396
1956
1397
1467
1466
1396
1397
1885
1467
1885
1467
1467
1466
1396
1397
1397
1466
1885
1397
1397
1886
1885
1467
1397
1886
1397
1396
1466
1467
1956
1886
1467
1885
1956
1397
1397
1467
1397
1466
1955
1466
1816
1816
1886
1397
1466
1396
1886
1886
1466
1885
1886
1816
1397
1886
1886
1886
1466
1467
1467
1955
1467
1885
1885
1886
1467
2305
1886
1956
1466
1886
1955
1397
1886
1956
1466
1886
1397
1466
1885
1397
1956
1816
1886
1956
1467
2374
1396
1886
1885
1886
1396
1886
1397
1885
1397
1886
1467
1886
1467
1467
1397
1886
1885
1396
1886
1467
1397
978
1397
1955
1397
1956
1467
1396
1467
1955
978
1956
1467
1467
1885
1466
1397
2304
1466
1467
1886
1466
1467
1885
1886
1885
1886
1466
1955
1467
1467
1397
1466
1397
1397
978
1467
1885
1397
1467
1467
1466
1886
1397
1466
7962
978
1467
978
1467
1397
1397
1466
1397
1396
1397
1467
1466
1397
1466
1956
1885
908
908
1816
1955
1956
1396
1396
1885
1466
1467
1467
2305
1397
1955
1467
1397
1886
1885
1885
1886
1397
1886
1886
1397
1467
1466
1467
1397
1466
1467
978
1467
1397
1397
1466
1467
1956
1886
1885
1886
1466
1466
1466
1886
1397
1885
1955
1397
1956
1396
1816
1397
1956
1397
1466
1956
1467
1467
1467
1467
1396
1885
1467
1955
1886
1396
1396
1397
1467
978
1816
1466
1886
1467
1397
1466
1397
1467
1467
1467
1397
1397
1397
1955
1955
1886
1396
1956
1467
1397
1397
1467
1886
1886
1956
1886
1886
1886
1886
1466
1466
1397
1397
1397
1466
1886
1397
1396
1467
1397
1466
1396
1397
1467
1466
1396
1397
1396
1397
1466
1397
1886
1886
1886
1467
1956
1466
2445
1815
1886
1885
1956
1956
1885
1467
1397
1467
1397
1886
1397
1956
1467
1467
1467
1466
1467
1397
1886
1467
1397
1886
1397
1396
1396
1397
1467
1397
978
1886
1467
1467
1467
1467
1466
1466
1467
1397
1886
1886
1467
1466
1397
1956
1956
1886
1886
1886
1886
1886
1886
1886
1886
1467
1397
1885
1467
1816
1467
1397
1466
1397
1886
1466
1467
1467
1467
1467
1397
1467
1467
1467
1397
1467
1466
1396
1397
1327
1397
1467
1467
1886
1396
1396
1956
1886
1397
1397
1466
1885
1886
1886
1956
1885
1886
1466
1466
1467
1886
1397
1397
1955
1397
1397
1397
1397
1467
1816
1397
1467
1397
1397
1885
1467
1467
1397
1466
1467
1396
1396
1955
1467
1396
1397
1466
1467
1886
1467
1466
1885
1886
1885
1467
1886
1396
1886
1397
1397
1397
1397
1886
1467
1467
1397
1397
1466
1467
1886
1397
1466
1955
1397
1397
1397
1885
1955
1886
1467
1467
1885
2374
978
1467
1467
1886
977
1886
1397
1397
1397
1397
1885
978
1467
1397
1886
1466
1816
1396
1886
1886
1466
1397
1466
1466
1886
1396
1886
1466
1466
1467
1397
1886
1396
1397
1467
1397
1467
1467
1396
1816
1397
1467
1397
1397
1397
1467
1466
1467
1467
1397
1467
1397
8521
1397
1467
1466
1467
1467
1397
1397
1397
1397
978
1467
1467
1467
1397
1885
1396
1466
1467
1956
1886
1886
2305
1955
1397
1467
1466
1955
1397
1886
1397
2864
1886
1956
1397
1467
1885
1955
1955
1816
1886
1886
1955
1886
1956
1816
1397
1956
1886
1396
1886
1885
1396
1397
1467
1466
1467
1466
1816
1886
1467
1886
1467
1886
1955
1886
