1397
1397
1956
1397
978
1467
1397
1396
1467
1886
978
1467
1467
1397
1956
1397
1956
1397
1886
1467
1397
1886
1886
1955
1886
1885
1816
1397
1886
1466
1397
1886
1396
1466
1397
1886
1886
1955
1885
1397
1467
1467
978
1397
1397
1466
1466
1397
1467
978
978
1467
1885
1956
1886
1886
1467
1467
1886
1467
1816
1467
1397
1397
1397
978
978
1397
1886
1397
1467
1397
1466
1327
1397
1466
1467
1397
978
1397
1397
1467
1885
1397
1467
1396
1397
1397
1397
1397
1396
1467
1467
1467
1397
1397
1467
1396
1397
1397
1397
977
1397
1396
1886
1397
1466
1397
978
1955
1467
1397
1396
1886
1466
1467
1397
1466
1467
1467
1397
1397
1886
1397
1466
1397
1397
1467
1397
1886
1956
1397
1396
1397
978
1396
1397
1956
1466
1467
1885
1397
1397
1467
1467
1886
1466
1397
1397
1956
1466
1467
1397
1466
1467
1397
1955
1956
1956
1886
1397
978
1886
1467
1397
978
1466
1467
1397
1396
908
1397
1397
1397
908
977
1396
1397
977
1396
1886
1466
978
978
1956
1397
1467
1467
1397
1397
1397
1397
978
1396
1467
978
978
1396
1396
908
1467
1396
1397
978
978
1886
1396
1467
1467
1466
1466
1467
1886
1467
2375
1886
1396
1397
1397
1466
1397
1467
1467
1467
1467
1397
1467
1467
1396
1397
1396
1326
1467
1397
1397
1467
978
1467
908
1397
978
1397
1467
1466
1396
1467
1397
1466
1397
1467
977
977
1467
908
1397
1466
978
1466
1466
1397
1467
1816
1467
1397
1466
978
1956
1397
1467
978
978
1397
1467
1467
1397
908
1396
908
908
1397
978
978
1467
1397
1466
1466
1956
2374
1885
1397
1396
1397
1467
978
1397
1467
1397
1466
1886
1467
1467
1467
1397
978
1396
1396
978
1466
1467
1397
1467
1816
2375
1397
1397
1397
1397
1396
1467
1396
1397
1467
1466
1397
1466
1467
1397
1467
1397
1467
908
1467
1397
1397
1467
1396
1396
1397
1397
1396
978
1397
1467
1397
1467
1467
1397
1885
908
1397
908
1397
1467
1396
1397
1396
978
1397
1467
1397
1397
1886
2375
1467
1397
1885
1397
1397
1397
1397
1396
1396
1816
1467
1397
1816
1397
1466
1397
1397
978
1466
1397
1466
1397
1397
1467
1397
1397
1397
1466
1466
1397
1956
1397
1397
1397
977
1885
2374
1467
1885
1466
1956
1396
1886
1397
1397
1467
1466
978
1397
1466
977
1397
1467
1467
1467
1397
1396
1397
1396
1397
978
1396
1467
1397
978
1467
1466
978
1467
1397
1885
1886
1397
1467
1397
1467
1467
1886
1467
1467
1396
1397
1467
1397
1467
1397
1467
1397
1467
1397
1885
1885
1467
1466
908
1467
1397
1886
2444
1885
2305
1466
1467
1466
1466
978
1397
1397
1397
1466
978
1467
978
1466
1397
1466
1467
1397
1397
1396
978
1397
977
1397
1397
1397
1397
1397
1467
1397
977
908
978
1396
1467
1955
1467
1956
1467
1467
1397
1397
1397
978
1397
1397
1397
978
1397
1397
1397
977
1397
1397
1886
908
1467
1467
1397
1467
1397
1397
1397
978
1466
1467
1466
978
1397
908
1397
1467
1466
1466
1466
1466
1467
1467
1397
1397
978
1397
1886
908
1467
1467
1466
1467
908
1466
1467
1396
1467
908
1397
1886
2375
1467
1397
1397
1466
1397
1467
1397
1466
1466
1885
1397
978
1886
978
1467
1397
1397
1397
1397
1466
1397
1956
1955
1467
2374
1467
978
1467
1396
978
978
1397
1467
1956
1886
1396
977
1467
1467
1397
1397
1467
1397
1397
1466
1886
1467
1396
1397
977
1397
1466
1397
978
908
1467
1397
1397
1397
1466
1467
1956
1467
1956
1466
1397
1397
1397
1397
1397
1467
2445
1886
908
1885
1885
978
1397
1397
1397
1466
1397
1466
1396
1956
1467
1396
978
1397
908
1397
1467
1466
1397
1467
1466
977
2375
1955
1886
1467
1467
1886
1885
1467
2305
1396
1467
1397
1397
1397
1467
1467
1467
1886
1397
1467
1397
977
1397
1466
1466
1466
1397
1886
1397
1467
1397
1397
1397
1396
1397
1467
1467
977
1397
1396
1467
12641
1467
1397
1396
1396
978
978
1397
1397
1886
1467
1467
1397
978
1467
1397
1397
1397
978
1466
1467
1467
1467
978
978
1955
1397
1886
1396
1397
1397
1466
1396
978
1955
1466
1397
1466
1467
1397
1467
1467
1467
1955
1397
1466
1885
1466
1397
1886
1397
1466
1467
908
1466
2374
908
1397
1397
1396
1467
978
1885
1467
1396
1396
1467
1467
1466
1467
1397
1466
1466
1397
978
1466
1397
1397
1397
1397
1397
1467
1397
1397
1397
1467
1467
1467
1397
1396
1397
1396
1397
2375
1467
1397
1397
908
1396
1467
1467
1467
1397
1396
978
1397
978
1397
1467
1467
1397
1397
978
1397
1467
2375
1397
1397
1397
1467
1397
1467
1956
1467
978
1396
1467
1816
1466
978
978
1467
1886
1396
1467
1955
1467
1467
1397
1467
1397
1955
1397
1467
1396
1397
1886
1886
1397
1816
1396
1397
1397
1886
1467
1397
1397
1397
1467
1397
1396
1397
1467
1396
1466
1886
1886
1886
1955
1885
1397
1885
1816
1466
1467
1397
1467
1467
1886
1467
1397
2375
1467
1466
1466
1467
1397
1467
1396
1467
1397
1467
1397
1397
1397
1397
1397
1397
1396
1466
1397
1397
1955
1885
1397
1397
978
1886
1397
1396
1886
1397
1467
1397
1397
977
1467
977
1467
1396
1396
1397
1466
1466
1396
978
1396
1466
1397
1397
1886
1956
1397
1467
1885
1397
1397
1397
977
1467
1396
1467
1467
1396
1397
1397
1397
977
1397
1466
1885
1397
978
1397
1886
1466
1467
1397
1397
1466
1397
1397
1467
1396
1467
1396
1397
1467
1397
1466
908
1467
1886
1466
1467
1397
1397
1397
1466
1466
1467
1467
1397
2304
1466
1466
1396
1956
1466
1397
1467
1397
1397
1396
1397
1467
1397
1956
1467
1467
1467
1467
