1397
1397
1397
978
1397
1397
978
1467
1396
1397
1886
1397
1466
1467
1397
1397
1467
908
1397
1467
1397
1397
1466
1397
1396
1397
1397
1397
1467
1467
1466
1397
978
1467
1396
1397
1467
1397
978
1467
1466
1467
1466
1397
1397
1397
1397
1467
1397
1467
1466
1467
1397
1467
1467
1396
1467
978
1397
1397
1397
1467
1466
1466
1466
1397
1397
1397
1467
1466
1467
1397
978
1467
1397
1397
1397
1397
1467
1466
1466
1467
1467
1397
1397
1327
977
1397
1467
1397
1397
1467
1467
1467
1397
1397
1816
1397
978
1466
1467
977
1467
1397
1397
1397
977
1397
1397
1466
1397
1886
1397
1466
1467
1467
1467
1397
1466
1397
1397
1397
1397
1396
1466
1467
978
1467
1397
978
1397
1397
1397
1397
1466
1467
977
1467
1886
1885
1886
1886
1396
1467
1467
1466
1396
1397
1467
1885
1396
1467
1397
1466
1396
1467
1397
1467
1885
1467
1466
1397
1397
1397
1397
908
1397
1396
1397
1396
1396
1396
1466
1467
1396
1397
1467
1397
1397
1397
1467
1467
1397
1955
978
1397
1467
1467
1397
1397
1467
1396
1886
1397
1467
1396
978
1467
1397
1466
1397
1467
1396
1466
1467
1397
1466
1397
1397
1396
1397
1467
1396
1397
1467
1466
1466
977
1466
1467
1397
1886
1467
1467
1466
1886
1467
1467
1397
1397
1886
1467
1396
1466
1397
978
978
1397
1397
1397
1397
1467
1396
1397
1466
1467
1466
1467
1397
1467
978
1396
1396
1397
1397
1467
1397
1397
1397
1397
1397
1467
1886
1466
1467
1397
1467
1467
1397
1397
1467
1397
1397
1397
1467
1397
10127
1397
1397
8939
1467
1397
1397
1886
1397
1396
1467
1397
1467
1467
1397
1397
1396
1397
1397
1466
1467
1466
1397
1397
1467
1467
1466
1467
1467
1397
1397
1467
1467
1396
1467
1397
1466
1467
1466
1397
1397
1885
978
1396
1467
977
1397
1466
1396
1467
1397
1467
1467
1467
1467
1467
1886
977
1397
1397
1397
1396
1467
1397
1397
1467
1466
1466
1467
1397
1816
1886
1397
1467
1886
1467
1397
1467
1396
1397
1396
1467
1396
1466
1397
1396
1397
1467
1397
1467
1396
1467
1467
1396
1466
1397
1397
1397
1467
1397
1397
1466
1397
1396
1467
2375
1397
978
1467
1467
1467
908
1396
1397
1397
1467
1397
978
1397
1397
1397
1466
1466
1397
1397
1397
1467
1467
977
1397
1467
1397
1467
1886
1397
1397
1397
1467
1397
1397
1467
1466
1885
1466
978
1467
1397
1955
1466
1466
1397
1396
1466
1396
1397
1397
1466
1886
1467
908
1466
1885
1396
1467
1467
1397
1396
1467
1397
1397
1466
1397
1397
1467
1397
1466
1956
1397
1886
1467
2374
1467
1466
1466
1467
1397
977
1397
1467
1467
1466
1397
1466
1466
1467
1396
1397
1467
978
1397
1467
1467
7543
1397
977
1397
1396
1466
977
1467
1397
1396
1467
1397
978
1467
1397
1396
1467
1397
1467
1397
1397
1397
1467
1397
1467
1397
1466
1467
1397
1397
1397
1466
1466
1467
1467
1466
1397
1467
1397
1396
1466
1467
1397
978
978
1467
1397
1397
1467
1467
1396
977
1397
1397
1397
1467
1955
1886
1397
978
1397
1397
1397
1397
1467
1466
1397
1886
1397
1396
1397
1397
1397
1397
1467
1466
1467
1467
1466
1397
1467
1467
1816
1397
1397
1467
1467
1885
1397
1397
1886
1397
1467
1467
978
978
1956
1397
1397
1466
2375
1397
1397
1397
1397
8171
1467
1397
1397
1466
1466
1397
978
1886
1396
1397
978
1885
908
1886
1466
1397
1397
1397
1466
978
1885
1467
1397
977
1397
978
1466
1396
1397
1467
1885
1467
978
1466
1397
1467
1397
1467
1467
9149
1956
1397
1467
1466
1397
1467
1397
1397
1467
1886
2375
1397
1396
1467
1397
1397
978
1467
1466
1397
1397
1397
1397
1396
1397
1467
1397
1467
1467
1886
1467
978
1467
978
1397
1467
978
1886
1397
2374
1397
1886
1397
1467
1466
1397
1886
1956
1467
1466
1466
1467
1396
1467
1467
1886
1467
1466
1466
1467
1397
1466
1467
978
1397
1396
978
1467
1466
1397
1397
1396
1397
978
1397
1397
1467
1466
1397
1397
1467
1467
1397
1397
1467
1397
1467
1467
1397
1467
1467
1397
1397
1397
1467
1396
1466
1397
1396
1397
1397
1467
1466
1397
1397
1885
1397
1467
1397
1397
1397
978
1397
978
1466
1467
1397
978
1397
1467
1397
1466
1467
1396
978
1467
1467
1397
1397
1466
1466
1396
1397
1467
1397
1467
1467
1955
1397
1467
1397
1885
1396
1467
1397
1397
1397
1397
1397
1467
1886
1886
2374
1467
1467
1397
1397
1397
1466
1396
1396
1397
1467
1467
1397
1397
1397
977
1467
1467
1397
1397
978
1397
1466
1956
1397
1397
1466
1397
1396
1397
1467
1397
1886
1396
1397
1397
1396
1397
1956
1885
1467
1397
1397
1396
1467
1397
1396
1467
1396
1396
1397
1397
1396
1467
1397
1397
1815
1397
1466
1396
1397
1397
1397
1397
1467
1397
1397
1397
1396
1816
1396
1397
908
1397
1397
1467
1467
908
1467
1397
1397
1397
1396
1397
1397
1467
1397
1466
1466
1816
1397
1397
978
978
1467
1397
1397
1397
1397
1886
1466
1397
1396
1467
1397
1467
1886
1397
1467
1397
1397
1397
1397
1466
1467
1397
1397
1467
978
1466
1397
1467
1885
1397
1397
1397
1466
1467
1466
1397
1397
978
1466
1397
1397
1397
1467
1467
1396
1397
1396
1466
1397
1397
1466
1466
1396
1467
1396
1397
1397
1885
1467
1466
1466
1467
1397
1396
1396
1397
1397
1467
1397
1397
1466
1467
1466
1466
1397
1397
1396
1397
1467
1396
1466
1397
1397
1397
1396
1396
1467
1885
977
1467
1467
978
1467
1397
1467
1397
1397
1396
1466
1397
1467
1397
1466
1397
1397
1397
1466
1466
1467
1467
1886
1467
1397
1397
1397
1467
1467
1397
1467
1467
1885
1397
1397
1466
1467
1397
978
1397
1466
978
