1816
1397
1466
1466
1397
1397
1397
978
1397
1956
13898
1397
1396
1396
1885
1886
1467
1397
1886
1397
1397
1467
1396
1467
1467
1467
1467
1467
1816
978
1397
1956
1466
1396
1396
1397
1397
908
1397
1885
2445
1467
1466
1397
1886
1467
1466
1397
1467
1467
1397
1467
1467
1397
1397
1396
1466
1397
1396
1467
1397
978
1886
1397
1467
1467
978
1466
978
1885
1466
1467
1397
1467
1467
1397
1466
1397
1467
1886
1467
1467
1467
1467
1466
1886
1467
1396
10965
1467
1467
1397
1397
1397
1397
1466
1397
1466
977
1397
1397
1397
908
1327
1397
908
1466
1467
1466
1467
1397
1397
978
1466
1397
1397
1397
1467
1397
1467
978
1467
1467
1466
1397
1466
1397
1466
1397
1397
1955
1467
1886
908
1396
1467
1397
1397
1886
1397
1396
1467
1397
1396
1397
1397
1397
1397
1397
1397
1396
1467
1397
1466
1397
1397
1886
1816
1397
978
1396
1886
1397
1397
1467
1815
1397
1397
1467
1397
1466
1397
1397
1397
1467
1397
1467
1467
1397
1397
1397
1467
1397
1466
1397
1466
1467
1397
1467
1397
1396
1397
1467
1466
908
1467
1466
1397
1467
1886
1886
1397
1397
1467
1467
1397
1397
1467
1397
1467
2445
2445
1397
1397
1396
978
1397
1467
1397
1466
1466
1397
1467
1467
1397
1886
1467
1397
1397
1466
1467
1397
1467
1397
1397
1467
1397
1467
908
1396
1886
1327
1466
978
1396
1397
1467
1397
1467
1466
1956
1466
1467
1396
978
1467
1397
1396
1397
1467
1397
1467
1396
1467
1397
1396
1397
1467
1886
1886
1886
1467
1816
978
1467
1397
1886
1467
1397
1886
1885
1466
1466
1885
1396
1467
1816
1885
13899
1885
1397
1955
1956
1396
1397
1815
1397
1466
1397
1397
1886
1397
1956
1466
2375
1396
3282
1397
1466
1466
1397
1466
1467
1397
1467
1466
1397
3422
1396
1397
1397
1397
1397
1886
1397
1397
1466
1397
1396
1397
1886
1396
1397
978
1396
1397
1397
1397
1397
1397
1467
1956
1886
1956
1886
1886
1397
1397
1467
1467
1397
1467
1397
1396
1466
1467
1885
1396
1396
1467
1397
1467
1397
1397
1397
1466
1397
1467
1467
1467
1397
1397
1397
1467
1397
1466
1397
1397
1956
1467
1466
978
1397
1397
1466
1467
1467
1467
1886
1886
1397
1396
1467
1467
1397
1397
1466
1397
908
1397
1396
1886
1466
1397
1467
1955
1396
8730
1397
1397
1397
1467
1467
1466
1467
1886
1467
1467
1397
1397
1886
1467
1397
1397
1397
1397
1467
1396
1467
1397
978
977
1396
1467
1467
1397
1397
1397
1397
1885
1397
1467
1396
1466
1397
1397
1396
1397
1397
1466
978
1467
1467
1397
1397
1397
1397
1397
908
1466
1467
1886
1397
1396
1467
1396
1466
978
1397
1397
1396
1466
1466
978
1397
1397
1467
1467
1467
1397
1467
1886
1397
1397
1886
1466
1396
1467
1466
1466
1397
1955
1397
1397
1467
1397
1397
1397
1956
1397
1397
1467
1397
1397
1466
1886
1886
1467
1467
24374
1397
908
1397
1886
1467
1467
1396
1397
1397
1466
1397
1466
1467
1397
1397
1467
1397
1397
908
1397
1467
1397
1396
1397
1397
1467
1396
1397
1466
1396
978
1467
1397
1396
1397
7473
1466
1396
1397
1955
1467
1397
1467
1397
1397
1397
978
1397
1396
978
1467
1397
1466
1397
1397
1467
1397
1397
1397
1886
1467
1467
1816
1397
1885
1467
1466
1467
1466
978
1467
1467
1397
1397
1467
1397
1467
1885
1397
1467
1397
1396
1466
1396
1396
1886
1886
1467
1955
1397
1397
1397
1397
1467
1467
1397
1467
1467
1396
1467
1467
16133
1467
1467
1886
1466
1466
1467
1397
1397
1396
978
1886
1397
1466
1467
1467
1466
1397
1397
1397
1466
1396
1886
1467
1396
1397
1466
1397
1467
1467
1466
1467
1467
1886
1396
1886
1467
1397
1466
1467
1466
1467
1466
1396
1397
1397
1467
1816
1467
2375
1397
1397
1886
1955
1397
1886
1397
1956
1956
1885
1885
1397
1397
1397
1397
978
1886
1396
1397
1885
1886
1467
1885
1397
1886
1956
1467
1886
1467
1396
1467
2305
1397
1466
1886
1956
1886
908
1466
1397
1886
1466
1886
1397
1397
1397
1467
1396
1396
1397
1885
1397
978
1467
978
1885
1467
1396
1397
1397
1466
1396
1467
1467
1466
1886
1467
1466
1886
1397
1396
1885
1886
1397
1466
1396
2444
1886
1955
1397
1397
1397
1886
1397
1396
1467
1467
1397
1816
1467
1467
1467
1397
1886
2374
1885
1466
1467
1885
1886
1956
1467
1467
1956
1466
1396
1885
1885
1886
1397
1886
1885
1467
1885
1886
1885
1956
1815
1886
1956
1467
1466
1886
1467
1956
1466
1955
1956
1397
1397
1397
1886
1466
1397
1397
1467
1467
1396
1467
1467
1397
1467
1467
1397
1466
1397
1396
1397
2305
1397
1397
1467
1467
1397
1466
1397
1467
1396
6285
1466
1467
1467
1467
1467
1397
1397
1396
1467
1466
1397
1467
1466
1397
1467
1467
1397
1467
1467
1886
1467
1886
1467
1467
1397
1467
1396
1397
1396
1467
1466
1397
1397
1466
1467
1397
1397
1467
1397
1396
1467
1396
1397
1397
1467
1397
1397
1397
1397
1466
1467
1467
1397
1466
1397
1397
1397
1467
1467
1397
1886
978
1397
1397
1397
1397
1467
1397
1396
978
1466
1397
1466
978
1885
1816
1397
1397
1397
1466
1467
1466
1397
1467
1466
1816
1396
1886
1397
1885
1396
1466
1466
1397
1397
1467
1467
1466
1466
1467
1467
1397
1397
1467
1396
1397
1396
1397
1467
1397
1397
1467
1397
1397
1397
1397
1467
1466
1397
1397
1467
1467
1467
1397
1397
1396
1467
1466
1467
1467
1467
1397
1397
1397
1397
1467
1816
977
1467
1466
1397
1466
1886
1397
1466
1397
1397
1396
1467
1466
1397
1466
1397
1467
1467
1397
1397
1886
1397
1467
1955
1466
1467
1397
1885
1397
1467
1467
6565
1467
1467
1397
1396
1466
1467
1886
1397
1467
1396
1397
