1467
1816
2375
1397
1397
1885
1397
1466
1467
1467
1397
1886
1397
1816
1955
1886
1466
1467
1397
1886
1397
1397
1467
1467
1397
1397
1467
1886
1886
1397
1467
1955
1397
1466
1397
1397
1816
1955
1466
1396
1397
1885
2375
1467
978
1467
1816
1467
1466
1467
1467
1397
2934
1886
1885
1467
1467
1466
1466
1397
1886
1396
1467
2794
1886
1955
1397
1885
1466
1397
1815
1397
1466
1397
1396
1467
1467
1466
1467
1397
1466
1886
1467
1397
1397
1466
1396
1467
1816
1886
1467
1467
1397
1397
1466
1397
1886
1466
1397
1397
1397
1396
1467
1467
1466
1886
1467
1886
1397
1467
1467
2375
1956
1467
1397
1886
1467
1397
1467
1397
1397
1397
1396
1397
1885
1397
1467
1397
1886
1466
1397
1397
1397
1886
1397
1466
1885
977
1885
1396
1467
1467
1467
1816
1466
1467
1397
1467
1467
1396
1885
1397
1886
978
1467
1397
1467
1396
1397
1467
1466
1397
1466
1397
1397
1466
1467
1397
1397
1396
1467
1467
1886
1467
1396
1467
1397
1397
1467
1397
1466
1956
1956
1397
1886
1467
1467
1467
1396
1466
1397
1397
1397
1467
1397
1467
1467
1885
1397
1467
1466
1396
1467
1396
1397
1467
1397
1397
1467
1886
1886
9079
1396
1955
1397
1955
1886
1886
1816
1396
1467
1886
2863
1956
1886
1467
1466
1955
1886
1397
1396
1466
1467
1397
1397
1396
1396
1885
977
1397
1397
1467
1467
1396
977
1397
1466
1467
1886
1397
1396
1956
1397
1886
1397
1466
1467
1886
1397
1885
1886
1885
1467
1396
1886
1397
1467
1466
1397
1466
1467
1397
1466
1467
1467
1466
1397
1397
1816
14317
1396
1467
1397
2375
1397
1955
1466
1816
1397
1816
1397
1397
1467
978
1397
1397
1397
1885
1397
1397
1396
1397
1396
1397
1467
1397
978
1397
1397
1397
1466
1396
1397
977
1886
1397
1466
977
1467
1886
1466
1396
1397
1467
1397
1396
1396
1466
1396
1467
1467
1467
1886
1467
1886
1397
908
1397
1466
1816
1467
1886
1885
1466
1467
1397
1466
1467
1466
1466
1397
1397
1467
1467
1467
1397
1467
1466
1467
1886
1886
1397
1397
1396
1956
1397
1396
1397
1397
1397
1397
1397
1467
1885
2375
1466
1397
1397
1397
1467
1467
1885
1467
2444
1397
1466
1397
1886
1466
1397
1466
1467
1397
1396
1397
1886
1956
1397
1467
1397
1466
1397
1467
1467
1397
1467
1397
1397
1467
1467
1396
1466
1467
1397
1885
1467
1397
1466
1397
1467
1467
1397
1397
1397
1466
1466
1397
977
1467
1397
1397
1467
1467
1397
1467
1397
1397
1467
1467
1467
1397
1397
1396
1467
1466
1467
1467
1467
1466
1467
1396
1397
1885
1467
1397
1467
1396
1467
1466
1467
1397
1397
1397
978
1886
1397
1467
1466
1467
1886
1397
1397
1397
1397
1466
1885
1396
1466
1397
1397
1397
1397
1397
1466
1397
1397
1467
1396
1467
1466
1397
1397
1396
1397
1467
1467
1397
1466
1397
1397
1397
1467
1466
1466
1467
978
1885
1397
1955
1467
1885
1885
1467
1886
1466
1956
1396
1467
1955
1397
2374
1885
1397
1955
1397
1396
1397
1397
1886
1886
1466
1467
1467
1467
1467
1886
1467
1396
1397
2375
1467
1397
1955
1467
1467
1397
1956
1467
1955
1466
1886
1466
1885
1397
1467
1397
1467
2375
1397
1397
1397
1467
1815
1886
1886
1885
1886
1397
1397
1467
1467
1886
1397
1467
1466
1467
1816
1466
1467
2375
908
1466
1397
2793
1467
1467
1397
1467
1397
1955
1397
1467
1467
1397
1467
1467
1397
1885
1397
1467
1467
1397
1397
1886
1956
1397
1466
1886
1955
1467
1955
1885
1397
1467
1886
1885
1396
1816
1956
1886
1467
978
1397
1467
1396
1467
1467
1397
1397
1466
1467
1397
1397
1467
1466
1466
1397
1397
1467
1397
1397
1466
1466
1397
1397
1397
1396
1397
1397
1466
1467
1886
1467
1466
1466
1467
1467
1466
1467
1397
1886
1397
1466
1397
1886
1466
1397
1955
1467
1956
1466
1396
1396
1397
1466
1467
1886
1467
1467
1397
1466
3701
1467
1885
978
1467
1396
1396
1397
1467
1467
1886
1466
1956
1397
1466
1396
1886
1467
1466
1396
1467
1466
1467
1467
1397
908
1397
1396
1466
1397
1397
1467
1397
1466
1397
1467
1466
1397
977
1327
1396
1467
1467
1397
1397
1397
1956
1886
1397
1397
1396
1467
1466
1397
1885
1467
1467
1397
1886
1466
1397
1396
1885
14178
1886
1397
1397
1396
1397
1467
1396
1466
1467
1467
1397
1466
1397
1467
1397
1885
1886
1397
1397
1467
1396
1466
978
1397
1397
1467
1467
1886
1956
1397
1467
1467
1466
1467
1467
978
1956
1467
1956
1466
1885
1886
1397
1955
1955
977
1955
1397
1467
1816
1885
1885
1886
2375
1886
1467
1885
1886
1397
1956
1886
1955
1886
1886
1467
1397
1397
1467
1397
1816
1397
1955
1956
1886
1396
1397
1397
1467
3352
1397
2864
1467
1886
1397
1885
1467
1467
1466
1467
1397
1467
1466
1397
1467
1466
1397
1886
1397
1397
1885
1396
1466
1397
1467
1466
1397
1397
1467
1396
1466
1396
1466
1397
1397
1467
1397
1467
1397
978
1397
1397
1397
1467
1397
1467
1466
6076
1467
1397
1467
1956
1397
1397
1397
1467
1885
1816
1467
1396
1397
1397
1467
977
1397
1467
1467
1396
1397
1396
908
1466
1886
1397
1956
1397
1397
1467
1397
1397
1466
1397
1397
1466
1886
1886
1466
1886
1466
1466
1397
1467
1396
1467
1397
1396
1467
1396
1397
1467
1886
1467
1467
1466
2375
1886
1816
1467
2375
1886
1885
1816
1397
1467
1397
1467
1467
1466
1397
1397
1466
1397
1467
1397
1466
1885
1396
907
1397
1467
1885
1467
1467
1467
1466
1467
1467
1955
1467
1466
1397
1885
2304
1467
1397
1397
1397
978
1397
1397
1397
1466
1397
1466
1397
2375
1466
1396
1467
1885
1397
1467
1397
1885
1397
1886
1467
1467
1466
1397
1466
1467
1397
1396
1467
1467
