1886
1467
1396
2375
1397
1466
978
978
1466
1466
1467
1396
978
1397
1397
1816
1397
1397
1467
1886
1396
1397
1397
1397
1396
1397
1397
1397
1397
1466
1467
1956
1396
1467
1467
1397
1467
1467
908
1466
1885
1466
1397
1397
1397
1885
1467
1466
1397
1885
1955
1467
1467
1397
1397
1886
2374
978
1397
1467
1397
1467
1397
1397
977
1397
1397
1467
978
1467
1397
1466
1467
1397
1467
1956
1467
1397
1467
1396
1886
1396
1467
908
1956
1885
1467
1466
1467
1397
1397
1397
1397
1815
1467
1466
1397
1466
1886
1955
1397
1467
1816
1956
1955
1467
1397
1397
1467
1397
1397
1885
1467
1397
1396
1397
1467
1396
1396
1397
1396
1886
1466
1467
1397
1466
1397
1397
1397
1396
1396
1466
1397
1467
1467
1467
1467
1397
1466
1397
1886
1397
1467
1466
1396
1396
1397
1397
1467
1397
1396
1466
1397
1467
1885
1467
1956
908
1397
1466
2793
1396
1886
1885
1467
1466
1397
1467
1467
2374
1397
1397
1467
1396
1955
1396
2863
1397
2444
1956
1885
1397
1886
1397
1397
1467
1467
1397
1467
1955
2863
2375
1397
1466
1816
1885
1396
2375
1886
1886
1955
1886
2863
1955
1955
1886
1397
1955
1467
1397
1467
1885
1886
1397
1466
1466
1467
2444
1467
1467
2374
1886
1397
1886
1467
1886
1886
1886
1956
1397
1886
1886
1956
1885
1886
1886
1816
1886
1466
1397
1397
2374
1467
2444
1886
1397
1956
1886
2863
1886
1956
1886
1466
1956
1885
1816
1397
2375
1396
1397
1885
1467
1956
1956
1397
1885
1397
1467
1955
2374
1397
1886
1955
1885
1886
2375
1467
1955
1816
1955
1466
1955
1467
2304
1886
1886
1886
1885
1467
977
1886
1397
1466
978
1396
1886
1467
1956
2375
1396
1467
1396
1886
1397
1815
2305
1467
1956
1886
1397
1397
1466
1886
1397
1467
1885
1467
1397
1886
1466
1955
1467
2444
1397
1467
1396
1397
1466
1397
1397
1467
1956
1467
1467
1466
1396
1396
1467
1397
1466
1397
1885
1467
1467
1397
1397
1467
1397
1885
1886
1956
1466
1397
1956
1955
1885
1816
2374
1886
1397
1467
1466
2375
1397
1397
1466
1396
1466
1885
1397
1397
6216
1956
1466
1956
1397
1885
1467
1886
1955
1467
1886
978
1397
1466
1466
1397
1886
1956
1885
1816
1466
1955
1467
1397
1955
1396
1467
1467
1397
1397
1955
1886
1466
1397
1467
1466
1886
1397
1467
1955
1886
2375
1956
1397
1956
1885
1886
1886
1467
1886
1397
1886
1956
1397
1885
1467
1886
1886
1886
1886
1467
1396
1885
1397
1397
2305
1397
1467
2374
1885
1397
1816
1397
1397
1885
1467
1955
1886
1885
1886
1467
1886
2305
1956
1397
1466
1886
1467
1466
1467
1885
1886
1886
1886
1467
1467
1396
1886
1397
1397
1885
1885
1466
1397
1467
1886
1955
1467
1885
1466
1397
1467
1466
1397
977
1467
1467
1886
1396
1397
1396
2445
1467
2375
1467
1396
1466
1885
1467
1466
1396
1466
1885
1886
1467
1397
1397
1467
1886
1466
1467
1467
1886
1885
1466
1397
1886
1467
978
1397
1396
1397
1467
1397
2374
1397
1397
1955
1397
1396
1397
1467
1816
1397
1885
1396
1397
1467
1467
1396
1467
1467
1397
1397
1397
1397
1467
1466
1886
1886
1467
1467
1466
1467
1467
1397
1397
1397
1885
1397
1397
1466
1467
1467
1467
1397
1466
1466
1955
1885
1397
1397
1466
1885
1467
1886
1885
1956
1886
1885
1397
1397
1397
1467
1467
1397
1955
1467
1397
1397
1397
1396
1396
1467
1467
1467
1466
1886
1466
1396
1467
1956
1397
1886
1397
1466
977
1397
1396
1467
1886
1955
1397
1466
1955
1397
1397
1466
1886
1816
1886
1885
1886
1816
1816
1466
978
1955
1397
1885
1467
1466
1816
1397
1397
1397
1885
1955
1397
1466
1396
1397
2375
1397
1466
1397
1467
1396
1397
1886
1397
2375
1397
1467
1467
978
1467
1397
1466
1467
1466
1397
1397
1886
1816
1397
1397
1466
1396
1886
908
1396
1467
1467
1466
1816
1886
1467
1467
1396
1397
1397
1467
1885
1396
1467
1467
2375
1886
1467
1467
908
1396
1955
1397
1466
1467
1467
2375
1466
1396
1396
1885
1396
1397
1467
1466
1397
1886
1396
1467
1467
1397
1397
1397
1397
1397
1467
1396
1466
1397
1467
1466
1396
1467
1886
1397
1397
1886
1396
1955
1467
1885
1397
1466
1467
1467
1397
1466
908
1886
1467
1397
1467
1397
2304
1467
2374
908
2445
1955
1397
1885
1397
1397
1467
1886
1467
1466
1397
1397
1397
1397
1466
1397
1467
1397
1397
1396
1397
1886
1396
1467
2445
1466
1467
1466
1397
1397
1886
1466
1816
1397
1885
1397
1396
1466
1396
1396
1396
1467
1397
1886
1397
1816
1396
1467
977
1466
1885
2305
1397
978
1467
977
1885
1397
1397
1396
1397
1397
1466
1467
1467
1397
1466
1467
1467
1397
1467
2444
1466
1467
1466
1816
1886
1955
1885
1886
2304
1885
1886
1955
1956
1466
2375
1467
1955
1467
1397
1467
1885
1397
1397
1466
1397
1885
1816
1955
1955
1397
1956
1886
2374
2374
1886
1467
1816
1467
1956
1397
2374
1886
1886
1886
1956
1885
978
1397
2375
2374
1956
1397
1397
1396
1397
1886
1467
1956
1886
1885
1397
1466
1886
1467
1466
1397
1467
1467
2445
1467
1955
1397
1955
1956
1467
1396
1397
1467
1397
1467
1886
1466
1397
1397
1467
1467
1397
1956
1397
1955
1397
1467
1886
1397
1955
1397
1885
1467
1886
1396
1397
1467
1466
1466
1467
1886
1397
1466
1396
1467
1956
908
1885
1396
1816
1886
1467
1885
1955
1885
1956
1467
1886
1397
1397
1397
1885
1886
1397
1397
1466
1886
1886
1467
1397
1467
1397
1397
1396
1466
1886
1397
1466
2375
1397
2305
1466
1886
1467
1466
1466
1886
1467
1467
1397
1466
1467
1467
1396
1467
1467
2375
1396
1467
1397
1466
1886
1397
1397
1396
1467
1467
1397
1885
1397
1467
1397
1466
