1397
1886
1397
1886
2444
1397
2375
1466
1396
1397
2375
1397
1467
1397
1885
1466
1467
1886
1886
1886
1397
1397
1397
2794
1467
1397
1956
1956
1397
1955
1397
1467
1466
1466
1886
1467
1816
1956
1886
1397
1466
1397
1397
1467
1886
1886
9918
1886
1886
2305
1466
1397
2374
1466
2374
1885
1466
1956
1955
16552
1396
1886
2305
1467
1816
1397
1885
1397
1955
1885
1397
908
977
1956
1466
2305
1467
1397
1467
1397
1467
1467
1886
1466
1396
1397
1886
1956
1397
1467
1467
1886
1467
1397
908
1396
1467
1396
1396
1467
1467
1396
1396
1467
1397
1466
1397
1467
1467
1397
1467
1397
1467
1466
1467
1467
1397
1466
1467
1956
1467
1397
978
1885
1886
1397
1397
1466
1815
1467
1396
1815
1396
1467
1885
1466
1466
1396
1397
1886
1397
1955
1466
1396
1467
1466
1397
1466
1467
1397
11314
1397
1397
1467
1397
1467
1467
1397
1466
1466
1467
2375
1467
1467
1397
1397
1466
1397
1397
12432
1467
1397
2374
1467
1397
12013
1886
2375
1396
1466
1466
1956
1397
908
1467
1956
1397
1466
6215
1886
1956
1885
1467
1397
1397
1467
1397
1396
1886
1467
1396
1467
1956
1886
1397
1467
1955
1397
1467
1467
1467
1397
1466
1955
1467
1397
2375
1397
1816
1397
1466
1467
1397
1466
1955
1397
1397
1467
1467
1885
2445
1397
1397
2375
1397
1466
1397
978
1466
1467
1397
1397
2374
1467
1467
1886
8102
1397
1467
1397
1956
1886
1397
1397
1816
1466
1397
978
1467
1397
1397
1397
1397
1467
1466
1396
1397
1467
1467
1886
1466
1397
1396
1885
1397
1467
1397
1397
2863
1397
1397
1885
1886
2445
1397
1467
1886
1467
1886
1467
1397
1397
1885
1397
1467
1466
1397
1397
1467
1466
1886
1397
1466
1467
1885
1467
1397
2304
1466
1397
1396
2445
1397
1955
1885
1397
1397
2794
1467
1396
1397
1466
1886
1886
2374
1467
1467
1956
1467
2375
1396
1397
1467
1397
1397
1466
1397
1397
1397
1467
1396
1466
1467
1397
1397
1885
1397
1397
1886
1396
1397
1467
1467
1467
1397
1467
1466
1466
1467
978
1397
1397
1885
1467
1467
1885
1466
1396
1397
1955
1397
1397
1467
1397
1397
1396
1397
1467
1885
1956
1397
2793
1885
1397
1956
1397
2375
1467
1466
1397
1397
1467
2304
1885
1956
1397
1466
1397
1466
1956
1886
1397
2375
1467
1397
1397
1886
1467
1396
1466
2375
1466
1467
1397
1467
1397
1886
1886
1467
1397
1397
1397
1467
1397
1467
1467
1467
1955
1396
1397
1397
1467
1886
1397
1397
1466
1466
1397
1467
1816
1397
1397
1397
1466
1397
2375
1467
1397
2375
1397
1397
1467
1396
1397
1396
1397
1397
1466
1397
1467
1467
1397
1397
1397
1886
1467
1397
1466
1467
1397
1467
1396
1467
1467
1396
1397
1467
1397
1886
1955
1396
1466
1397
1397
1466
1467
978
1467
1397
1466
1466
1467
977
1397
1955
1466
1955
978
1397
1397
1397
1397
1467
1886
1397
1467
1466
1886
1816
1397
1467
1466
1397
1467
1466
1397
1886
1885
1397
1955
1396
1886
1816
1397
1397
1397
1467
1467
1467
1397
1397
1397
1466
1397
1886
1466
1955
1397
1467
1955
1886
1397
1397
1467
2374
1956
1467
2934
1886
1886
1886
1956
1397
1466
1886
1886
1466
1956
1397
1886
1397
1467
2374
1955
1396
1886
1885
2374
1955
1886
1886
2374
2444
1397
1885
14457
1885
1886
2305
1885
1467
1467
1397
1885
2304
1816
1886
1467
1467
1956
1886
1956
1397
1466
2375
1886
1956
1467
1955
1815
2444
2375
1956
1956
1466
1467
1397
1467
1467
1885
1397
1397
1885
1886
1467
1956
1397
1956
1466
1466
2445
1816
1956
1467
1885
1466
1397
1886
1466
1886
1467
1886
1467
1885
1397
1816
1397
1397
2374
1467
2304
1466
1397
1466
1396
1396
1955
978
1886
1466
1956
1886
1956
1467
1397
1467
1885
1397
1466
1397
1397
1467
1467
1397
1466
1466
1466
1467
1955
1397
1467
1467
1886
1466
1467
908
1885
1886
1956
1467
978
1467
1397
1466
1466
1955
1467
1466
1397
1467
1397
1886
1397
1466
1466
1886
978
1467
1886
1397
1466
1466
1467
1467
1397
1397
2374
1397
1886
1467
1397
1467
1466
1955
2445
1397
1466
1467
1467
1397
1467
1397
1397
1467
1886
1397
1397
1955
1816
1467
1396
1397
1466
1467
1396
1466
1466
1397
1397
1886
1397
1466
1467
1396
1396
1397
1397
1466
978
1467
1467
1467
1466
1397
1397
1396
1956
1886
1956
1467
1467
1397
1397
1397
1467
1397
1397
1396
15156
1466
1397
1467
1467
1397
1467
1397
1467
1397
1397
1397
1396
1467
978
1886
1396
1396
1466
1396
1467
1467
1466
1886
1467
1396
1397
1467
1467
1466
1467
1467
1396
1955
1466
1467
1466
1467
1956
1397
1467
1397
2375
2375
1396
1396
1885
2304
1397
1397
1885
1885
1467
1396
1467
1467
1886
1397
1466
978
1467
1467
1467
1397
1467
1397
1397
2933
1466
1467
1467
1397
1467
1955
1885
1467
977
1397
1885
1466
1467
1397
1397
1397
1885
1397
1886
1885
1467
1397
1467
2375
2375
1466
1467
1396
1467
1956
1397
1956
1467
1397
1467
1397
1815
1397
1397
1886
1467
1955
1466
1885
2375
1885
48609
1955
1467
1886
1886
978
1397
1467
1397
1396
1397
1397
1327
1466
1467
1467
1397
1467
1397
1466
1467
1466
1467
9498
1397
1955
1886
1467
1467
1467
1955
1397
1466
1467
1467
1467
1466
1397
1397
2375
1467
1397
1885
1886
1467
1467
1467
1886
1467
1397
1885
1397
1467
1396
1397
1397
1886
1886
1816
1397
1397
1886
1397
1466
1397
1467
2374
1886
1885
1397
1397
1397
1466
2375
1467
1397
1467
1397
1467
1397
1397
1467
1397
1397
1397
1466
978
1397
1396
1467
1397
1397
1467
1955
1886
1466
2375
1396
1467
2444
1397
1467
1397
1467
1886
1397
1397
1397
1466
1956
1885
1467
2374
1396
1397
1467
1467
1466
