1396
1467
1467
1396
1396
978
1466
1466
1397
1397
1397
1467
1397
1397
1467
1467
1397
1397
1466
1467
1397
1397
1467
1397
1467
1467
1397
1397
1397
1397
1467
1467
1467
1886
978
1396
1397
978
1467
1886
1956
1397
1885
1886
1886
978
977
1886
1466
1467
1956
1467
1886
1466
1466
1956
1956
1467
1467
1467
1466
1955
908
1467
2375
1886
1397
1466
1885
1886
1467
1956
1397
1467
1397
1397
2375
1886
1467
1397
1886
1886
1466
1397
1397
1885
1466
1467
1397
1397
1467
1397
1467
1467
1467
977
1396
978
1466
1466
1397
1466
1467
1886
1956
1886
1885
1396
1466
1467
1396
1397
1467
1467
1885
1396
1885
1467
1466
1397
1397
1397
1396
1467
1885
1956
1396
1956
1467
1396
1467
1397
1886
978
1396
1955
1397
1467
1397
1467
1397
1467
1467
2375
908
1466
1466
1397
1886
1397
1396
1397
1467
978
1955
1397
1397
1467
1886
1467
1397
1397
1955
1886
1467
1467
1886
1466
1885
1886
1397
1467
1816
1886
978
1397
1885
1397
1397
1955
1466
1885
1886
1466
1886
1397
1956
1886
1466
1885
1886
1885
1397
1885
908
1467
1397
1956
1886
1886
1467
1816
1886
1885
1886
1956
1956
1886
1885
2375
1886
1955
1886
1396
1955
1397
1467
1886
1466
1397
1956
2864
1885
1956
1816
1886
1886
1397
1397
1956
1886
1467
1955
1397
1886
1886
1885
1885
1885
1955
1466
1467
1886
1956
978
2863
1397
1886
1396
1886
1886
1956
1955
1885
1816
1396
1955
1467
1955
1955
1397
1467
1397
1466
1397
1956
1955
1466
1467
1467
1467
1886
1886
1467
1956
1885
1467
1397
1886
1467
1955
1467
13340
1397
1956
1885
1466
1467
1397
2304
1886
1466
1397
1886
1397
1467
1467
1467
1885
1396
1886
1396
1467
1886
1955
1956
1466
1886
1396
1955
1397
1397
1816
2375
2375
1956
1886
1886
1467
1886
1886
1886
1885
1397
1886
2374
1397
1467
1956
1397
1886
1396
1467
1886
1467
1397
1886
1816
1886
1956
1816
1467
2863
1885
1956
1886
1816
1466
1467
1397
1466
1886
1467
1885
1466
1397
2305
1397
1397
1886
1467
1467
1467
1397
1466
1467
1396
1467
1397
1397
1397
1397
978
1955
1886
1397
1886
1956
1956
1397
1467
1397
1816
1467
1886
1886
1466
1886
1886
1397
1397
1886
1886
1816
1467
1956
1885
1886
1467
1886
1397
1467
1886
1816
1466
1466
1397
1397
1397
1466
1886
1466
1466
1886
1467
1467
1955
1467
1956
1886
1955
1467
1397
1397
1886
1955
1885
1886
1397
1886
1467
1466
1956
1467
1886
1467
1886
2444
1886
1886
1466
1816
1955
3772
1886
1886
1886
1956
1467
2305
3772
1886
1466
1886
978
1467
1886
1955
908
1816
2444
1397
1886
1885
1886
1396
2374
1467
1886
1955
1955
1397
1886
1397
1886
1886
1397
1955
1467
1816
1956
1956
1467
1886
1886
1955
1467
2375
1885
1397
1885
1956
1886
1466
2374
1886
1955
1467
1956
1956
1886
1466
1815
1956
1955
1467
1397
1886
1885
1885
1956
1885
1885
1886
1397
1956
1955
1466
1956
1397
1886
1956
1886
1396
1956
1886
1397
2304
1885
1397
1886
1886
1886
1886
1397
1885
1397
1885
1956
2374
1467
1885
1467
1886
1885
1397
1956
1397
1885
2305
1397
1955
1397
1467
1886
1467
1956
2375
1397
1397
1886
1466
1886
1397
1885
1955
1955
1886
1816
1886
1955
1466
1886
1886
1955
1886
1955
1397
1467
1397
1886
1467
1397
1467
1396
1466
1886
1466
1886
1467
1955
1397
1885
908
1466
1466
1955
1955
1956
2375
1396
1956
1955
1397
1466
1886
1467
1466
1397
1397
1327
1467
1955
1397
1467
1885
1466
1467
1886
1885
1397
1885
1955
1467
1955
1396
908
1955
1397
1886
1955
1467
2374
2305
1956
1886
1885
1885
1397
978
1956
2374
1885
1467
1467
1886
1467
1886
1886
1955
1886
1886
1467
1956
1955
1956
1956
1886
1885
1467
1467
9429
2374
1467
1885
1885
1955
1815
1886
1886
1956
1466
1467
978
1467
1955
1886
1397
1397
1886
1885
1397
1397
1815
1466
1467
1396
1397
1886
1397
1886
1397
1397
1397
1467
978
1466
1886
1397
1397
1396
1467
1397
1467
1397
1885
1467
1397
1885
1397
1396
1955
1467
1885
1956
1397
1886
1466
1467
1955
1955
1955
1396
1886
1886
1467
1885
1467
2375
1886
2375
1886
1955
1886
5238
1815
1886
1466
2375
1466
1956
1886
2374
1397
1397
1466
1467
1397
1396
1886
1397
1467
1466
1885
1956
1466
1955
1396
1467
1886
1956
1466
1397
1885
1467
1467
1467
978
1467
1397
1886
1467
1466
1466
1397
1397
1467
1955
1466
1397
1397
1467
1467
1397
1955
1467
1885
1466
1885
1466
908
1466
1396
1397
1397
1886
1956
1956
1397
1397
1956
1397
1397
1816
1467
1467
1815
1466
1397
1397
1397
1956
1396
1956
1397
1397
1397
1467
1396
1397
1397
1397
1956
1397
1397
1467
1886
1466
1466
1467
1397
1397
1466
1397
2375
978
1396
1886
1397
1955
1956
1816
1466
1466
1467
1397
1886
1467
1397
1467
1886
1397
1467
1955
1396
1396
1397
1467
1885
2374
1816
1886
1397
1885
2375
1397
1955
1886
1467
1397
1397
1886
1886
1885
1466
1886
1886
1397
1467
1466
1397
1397
1886
1397
1467
1396
1396
1467
1955
1397
1885
1816
1397
1467
1956
1467
1396
2375
1467
1466
1816
1886
1467
1397
1886
1466
1397
1816
1467
1397
1816
1466
1396
1467
1467
1397
1397
1467
1467
1467
1467
1466
1397
3353
1467
1397
1466
1467
1396
1397
2374
1956
1955
1886
1397
1956
3841
1886
1886
1955
7962
1816
1466
1467
1885
1886
1467
1886
1955
2305
1397
1466
1956
1886
2864
1816
1397
1886
1886
1397
1467
1397
1397
1956
1396
1397
1396
1955
1467
1956
1396
1397
1467
1886
1466
1956
1956
1886
1885
1396
1885
1466
1466
1886
1466
1397
1886
1397
1397
1396
1396
1955
1956
1816
1886
1956
1885
1466
1956
1466
