1397
1467
1886
1466
1396
1467
908
1467
1396
1467
1396
1467
1466
1886
1466
1396
1397
1466
1466
1886
1467
1397
1396
1466
1397
1467
1886
1466
1955
1886
1397
1397
1397
1886
1466
1397
1467
1467
1467
1397
1397
978
1816
1397
1397
1467
1466
1467
1397
1327
1816
1467
1396
1466
908
1397
1467
1397
1397
1396
1886
1886
1466
1397
978
1467
1397
1466
1397
978
2444
1816
1467
978
2375
1396
1885
1466
1397
1885
1466
1467
1467
1466
1886
978
1397
1397
1886
1466
1397
1396
6635
1466
1397
1466
1396
1466
1467
1467
1397
1467
1467
1467
1466
1466
977
1397
1886
1397
11384
1886
1467
1396
1397
978
1467
1396
1466
1397
1466
1467
1467
1466
1397
1397
1886
1467
1397
1397
1397
1397
1397
1467
1467
1397
978
1396
1885
1467
1397
1467
1396
1467
1397
1397
1397
1397
1397
978
1467
1467
10057
1466
978
1467
1397
1397
1396
1467
1467
1466
1466
1467
1816
1397
1397
1467
1466
1397
1466
1466
1397
1467
1396
1467
1397
1467
1816
1467
1467
1396
1397
1397
1397
1467
1396
978
16902
1397
1397
1466
1467
1397
1466
1397
1466
1397
1397
1467
1397
1397
1397
1396
1467
1467
1467
1397
1397
1466
1467
1397
1885
1467
978
1467
1397
1397
1396
978
1885
978
1466
1397
1466
1467
1466
1397
1467
1886
1397
2863
1397
1467
1466
1466
1467
1397
1467
1466
1467
1886
1397
1467
1886
1467
1396
1467
1467
1397
1397
1886
1397
1885
1466
1396
1397
1397
1466
1467
1397
1467
1467
1956
1955
1886
1886
1396
1397
1886
1955
1397
1396
1466
9498
1886
2863
1467
1467
1466
1397
1467
1467
1467
1396
1466
1397
1397
1396
1467
1467
1466
977
978
1467
1397
1397
1397
1466
1397
1467
1467
1396
1397
1885
1467
1466
1816
1397
1467
1397
1466
1397
1396
977
1467
1397
907
1397
1397
1397
1397
1886
1466
1397
1467
1397
1467
1467
1397
1467
1467
1466
1397
1396
1396
1397
1396
1467
1397
1466
1397
1466
1467
1396
1467
1396
2375
1467
1466
1397
977
1397
1397
1466
1397
1467
8590
1466
1397
1397
978
1397
1886
1467
1466
1397
1466
1397
1467
1466
1397
1396
1466
1467
1466
978
1397
1466
1397
1396
1886
1397
978
1397
1466
978
1467
1466
1397
1467
1466
1397
1397
1956
1467
1467
1396
1397
1467
1397
1397
1397
1397
1466
1397
1397
1466
1466
1396
1467
1397
978
1397
1397
1467
1886
1886
1467
1467
1466
1397
1466
1466
1396
1397
1467
1467
1397
1397
1467
1886
1467
1467
978
1467
1886
1397
1467
2374
1955
1467
1397
1397
1886
1886
2374
1466
908
978
978
1397
1467
1397
2375
1466
1467
1397
1467
1396
1955
1466
978
1466
1397
1397
1467
1397
1466
1466
1885
978
977
1396
1396
1466
1466
1397
1397
1397
977
1466
1955
1396
1396
1467
1955
1467
1397
1886
1467
2374
1397
1397
1396
1397
1396
1397
1396
1397
1467
1466
1397
1885
1397
1467
1467
1396
1397
1397
1397
1466
1397
1466
978
1396
1397
1397
1955
1467
1397
1397
1466
1397
1955
1397
1466
1397
978
1467
978
1397
1397
1397
1397
1466
1467
1396
978
1397
1885
1397
1466
1467
2375
1467
1467
1397
1466
978
1397
1467
978
1397
1467
977
1466
1397
977
1396
1466
1396
1467
978
1467
978
1397
1397
908
1467
1467
1467
1466
1467
1397
2444
1466
1397
1397
1467
1397
1397
1886
1886
978
1397
1466
1397
1397
1955
1397
1397
1467
1886
1467
1396
1467
1397
1397
1467
1396
1397
1467
1467
1467
1396
1397
1467
978
1466
1397
1397
1467
1396
1466
978
1467
1397
978
1466
1397
1396
1956
977
1397
1955
1396
1397
1956
1396
1467
1467
1397
1397
1397
1396
1466
1396
1396
1466
1397
1886
1467
2445
1466
1466
1397
1397
1466
1397
1397
1397
1397
1886
978
1885
978
1467
8101
1397
1466
1397
1466
908
1397
1397
1397
1467
1467
1467
1467
1467
1467
1955
1397
1466
1885
1467
1466
1467
1466
1886
1396
7613
1397
1466
1467
1397
1397
1466
1467
1397
1397
1397
1396
1467
977
978
978
1397
1397
1467
1467
978
1396
1467
1467
1466
1467
1397
1397
1466
1467
1467
1467
1397
978
1466
908
1467
1467
1397
1396
1466
1327
1397
1886
1397
1396
1397
1466
1466
1467
1397
1886
1397
1397
2374
1396
1396
1467
1466
1467
1467
1467
1397
1397
1397
1467
1397
1467
1397
1397
1467
908
1396
1397
1956
1396
1397
1397
1467
1397
1467
1885
1467
1397
1397
977
1397
1397
1466
1396
978
1466
1467
1397
1467
1467
1886
1467
1396
1397
1397
1467
1397
1886
1467
1886
1396
1397
1466
1397
1397
1397
1467
1467
8591
1397
1467
1397
1886
1397
1466
1397
1466
1397
1467
1397
1397
978
1467
1397
1397
1396
1396
1956
1397
1885
1467
1397
1397
1466
1397
1467
978
1467
1396
978
978
1397
1397
1396
1467
1396
1466
1396
1396
1397
1397
1467
1397
1467
1397
1396
1397
1466
1467
1467
1466
1397
1467
1466
1397
1467
1466
1396
1397
1397
1397
1397
1397
1396
1397
1467
1397
1467
1467
1467
978
1467
1396
1397
1467
1466
1467
1396
1397
1397
1397
1467
1397
1397
1397
1397
1467
1397
1885
1466
1397
1397
1397
1466
1397
1467
1396
1466
1466
1466
1397
1396
1396
1467
1467
1816
1396
1886
1466
1397
1466
1397
1885
1397
1397
1397
1396
1397
1397
1466
1397
1467
1467
1397
978
1886
1396
1397
1466
1397
1467
1397
1397
1466
1397
1467
1397
1397
1467
1467
1467
1397
1467
1397
908
1397
1467
1467
1467
908
1397
1397
1467
1955
1466
1467
1467
1397
1397
1397
1397
1396
1397
1397
1466
1397
1396
1467
1397
1396
1397
1397
1397
1886
1467
1397
1466
1467
1397
1466
1466
1397
1467
1397
1396
1397
1466
1397
1397
1467
1397
1466
1397
1397
1397
978
1466
977
1396
1467
908
