1956
1886
1886
1956
1467
1466
2304
1956
978
1886
15854
1397
1466
1956
1955
1397
1466
1886
1397
978
1886
1467
1816
1466
1466
1467
1467
1886
1397
1885
1467
1886
1886
1467
1397
1466
1397
1466
1886
1466
1466
1466
1466
1396
1886
1397
2375
1885
1885
1467
1467
1397
1466
1397
1467
1397
1396
1396
1886
1466
1397
1396
1466
1396
1466
1397
1397
1955
1886
1467
1467
1466
1467
1885
1397
1955
1886
1885
1885
1396
1886
1466
1467
1397
1397
1467
1467
1467
1886
1885
1955
1397
1467
1956
1397
1885
908
1466
1956
1886
1955
1886
1955
1467
1397
1396
1885
1467
1467
1816
1467
1816
1885
1815
1885
1397
1886
978
1885
1886
1956
1886
1956
1466
1885
1886
1397
1886
1466
1467
1397
1466
1397
1397
1886
1467
1886
1955
1956
977
1816
1467
1886
1397
1397
1397
1466
2794
1955
1397
1956
1467
1816
1956
1956
1816
1955
1956
1885
1886
1956
1397
1886
1397
1886
1886
2375
1886
1956
1955
1885
1886
1466
1885
1815
1885
1467
1955
1397
1886
1955
1467
1886
2305
1885
1886
1956
1397
1466
1885
1886
1467
1885
2374
1885
1397
1816
1885
1466
1955
1886
1956
1956
1885
1886
1955
2375
1467
1956
1885
1886
1466
1886
1816
4750
1956
2445
1886
1886
1816
1955
1885
1466
1885
1886
1956
1466
1397
1397
1466
1955
1466
1816
1886
1467
1397
1466
1467
1397
1886
1885
1886
1397
1467
1956
1397
1956
1886
1956
1886
1466
1886
1885
1886
1885
1397
1886
1886
1467
1397
1467
1397
1467
1397
1467
1467
2863
1396
1885
1467
1467
1397
1466
1397
1397
2375
1467
1467
1816
1955
1397
1956
1397
1466
2864
1397
1397
1956
1467
1886
1467
1396
1396
1886
1467
1397
1397
1467
1397
1396
1397
1467
1467
1397
1467
908
1466
1885
1885
1466
1397
1397
1886
1397
1886
2445
1397
2304
1467
1816
1885
1467
1467
1886
1467
1397
1467
2305
1885
1816
1397
1886
1466
1466
1467
1955
2374
2375
1955
2445
1816
2375
1955
1397
1886
1397
1397
1466
1397
1397
1466
1816
1467
1466
1396
908
1467
1467
1397
1397
1466
1956
1466
1886
1466
1816
2305
1466
1885
1956
1886
1956
1956
1886
1885
1886
1886
1955
1886
1467
1467
1955
1886
1397
1397
1956
1467
1396
1886
1397
1816
1885
1885
1397
1396
1396
1397
1467
1467
1467
1397
1466
1396
1466
1467
1467
1397
1397
1885
1886
1397
1397
1397
1396
1397
2375
1467
1397
1397
1467
1955
1886
1466
1885
1397
1956
1955
1466
1397
1956
978
1886
1466
1885
1467
1885
2375
1886
1885
1886
1886
1467
1886
1886
1397
1397
1885
2374
1397
1397
1467
1955
1955
1886
1885
2305
1467
2374
1955
1397
1397
1466
1397
1886
1816
1885
1885
1886
1397
1467
1467
1397
1885
1885
1397
1886
1955
1956
1397
1466
1467
1397
1885
1467
1396
1886
1397
1467
1467
1467
1886
1397
1955
1467
1886
1467
1467
1467
1466
908
1886
1397
1466
1955
1886
1397
1886
1886
1397
1885
1397
1886
1467
1467
1397
1397
1467
1466
1397
1467
1885
1397
1956
1466
1885
1955
1467
1467
1886
1886
1955
1397
1467
1397
1397
1397
1397
1467
1396
1397
1397
1467
1396
1466
1397
1396
1466
1885
1956
1467
1886
1397
1397
1467
1397
1397
1397
1466
1397
1467
1397
1467
1397
1886
1466
1397
1397
1467
1397
1955
1397
1397
1466
1396
1397
1397
1397
1467
1466
12082
1467
1397
1466
1466
1396
1397
1886
1885
1467
1886
1467
1397
1397
1397
1397
1467
1396
1467
1397
1467
1397
1397
1397
1466
1397
1466
1397
1467
1886
1397
1467
1397
1397
1397
1467
1467
1467
1467
1397
1467
1397
1397
2374
1956
1885
1885
1397
1466
1885
1467
1886
1466
1467
1397
1467
1397
1467
1467
1397
1467
1467
1397
1467
1467
1397
1466
1396
1466
1397
1396
1397
908
1956
1397
1397
1397
1467
1467
1466
1466
1397
1396
1396
1467
1397
1467
1397
1956
1467
1467
1397
1466
1466
1466
1466
1467
1397
1397
1397
1397
1467
1467
1886
1467
1396
908
1466
1467
1885
1397
1467
1885
1397
1396
978
1397
1467
1467
1467
1397
1397
1397
1467
1397
1397
1397
1466
1467
1885
1466
1397
1467
1396
1467
1397
1467
1397
1466
1397
1397
1397
1466
1467
1397
1467
1466
1467
1397
1397
1466
1467
1397
1467
1467
1885
1467
1396
1397
1886
1466
1466
1397
1397
1467
1466
978
1467
1396
1466
1467
1466
1467
1885
1955
1397
1886
1886
1886
1397
1396
1396
1467
978
1397
1467
1885
1886
1467
1885
978
1397
1397
1397
1397
1397
1396
1396
1467
1397
1886
1467
1396
1467
1466
1397
1397
1397
1397
1467
1397
1397
1467
1467
1397
1397
1466
1467
1885
1397
1467
1467
1466
1397
1467
1466
1886
1396
1885
1397
1396
1397
1466
1466
1396
977
1886
1886
1397
1397
1466
1886
1466
1467
1397
1467
1397
1885
1956
1396
1885
1886
1397
1397
1397
1886
1955
1886
1397
1397
1886
1397
1816
1397
1397
2374
1397
1467
1397
1466
1885
1396
1885
1397
1885
1886
1466
1466
1467
1397
1396
1467
1467
1466
1886
1396
1955
1397
1397
1466
1467
1467
1466
1397
1397
1396
1886
1467
1467
1397
1397
1396
1467
1467
1397
1397
1886
1397
1885
1397
1397
1467
1466
1397
1466
978
978
1886
1886
1886
1815
1886
1886
978
1396
1886
1397
1467
1885
1397
1397
1397
1467
1397
1467
1885
1397
1466
1397
1466
1397
1397
1397
1467
1467
978
1397
1466
1397
1396
1397
9149
1397
1467
1397
1397
1466
908
1886
1467
1397
1885
1467
1397
1467
1397
1466
1466
1397
1886
1397
1466
1467
1397
1467
1397
1397
1467
1955
1956
1956
1886
1466
1956
1396
1466
1397
1956
1397
1397
1467
1466
1467
1467
1397
1397
1467
1885
1396
1467
1397
1396
1397
1397
1467
1397
1466
1397
1466
1397
1397
1397
1397
1467
1467
1466
1885
1816
1467
1397
1467
