1397
1956
1397
1467
1885
1885
1466
1397
1885
1397
1467
1955
1466
1467
1397
1955
1886
2305
1397
1886
1396
1816
1396
1467
1956
1886
1955
1886
1886
1467
1886
1467
1397
1466
1956
5657
1956
1956
1955
1886
1816
2375
1397
1815
1955
977
1397
1886
1397
1397
1467
1467
1467
1886
1885
1397
1397
1886
1397
1955
1466
1956
1466
1885
1397
1886
1467
1397
1397
1467
1397
1466
1816
1397
1397
1467
1397
1467
1885
1397
1467
1397
1467
1397
1396
1396
1397
1466
1467
1467
1397
1466
1397
1467
1467
1396
1397
2304
1397
1397
1885
1956
1885
1885
1467
1956
1397
1397
1397
1467
1397
1466
1397
1396
1886
1397
2374
1956
1955
1397
1816
1467
1396
1886
1886
1885
1885
1397
2374
1886
1956
1955
1955
2374
1886
1955
1886
1396
1467
1466
1466
1886
1886
1397
1397
1885
1886
1886
1816
1955
1397
1397
1885
1467
1886
1467
1467
1955
1397
1886
1397
1396
1466
1886
1886
1397
1466
1466
1467
1467
1466
1397
1397
1327
1467
1467
1397
1397
1467
1397
1886
1397
1397
1397
1397
908
1885
1955
1956
1956
1397
1467
1397
2374
1816
1886
1466
1955
1886
1397
1397
1886
1467
1885
1886
1885
1397
1886
1956
1816
1886
1397
1467
1816
1816
1397
1955
1467
1886
1467
1886
1397
1467
1397
1396
1397
1885
1466
1466
1955
978
978
1467
1885
1396
1885
1467
1397
1397
978
1467
1397
1467
977
1467
1886
1466
1956
1816
1886
1467
1956
1886
1466
1467
1397
14666
1467
1467
1886
1467
978
1466
978
1397
1397
1886
1396
1397
1397
1397
1397
977
1397
1467
1397
1955
1467
1466
1467
1956
1327
1397
977
1396
1397
1396
1466
35968
1397
978
1467
1467
1396
1397
1397
1397
1397
1886
1467
1467
1467
1466
1397
1397
978
1397
1467
1886
1467
1816
978
2863
1466
1886
1955
1885
1397
1467
1956
1886
1955
1467
1886
1396
1466
1956
1886
1397
1466
1466
1467
1397
1396
1466
1466
1397
1397
1467
1397
1397
1396
1467
1466
1467
1397
1467
1466
1466
1466
1397
1397
1467
1397
1886
1466
1467
1396
1397
1396
1467
1466
977
1397
1467
1397
1467
1397
1886
1396
1467
1467
1886
1396
1816
1885
1886
1886
1466
1466
1467
1886
1956
1955
1885
1397
1397
1466
1886
1886
1816
1816
1397
1397
1467
3352
1816
1885
977
1467
1467
1467
1467
1816
1885
1467
1956
1467
1397
1886
1886
1396
1397
1956
1885
1886
1956
1467
1397
1397
1816
1467
1396
1816
1815
1397
1956
1397
1397
1397
1956
1467
1396
1886
1886
1467
1816
1467
1886
1466
2794
1955
1467
1466
1886
1397
1886
1397
977
1397
1397
1397
1397
978
1466
1885
1397
1467
1397
1467
1467
1397
1467
1397
1886
1467
1886
1466
1397
1397
978
1467
1466
908
1396
1467
1886
1467
1397
1467
1397
1396
978
1467
1397
1466
1397
1956
6705
1397
1467
1396
1397
1397
2375
1466
1467
1467
1466
1397
1467
1466
1466
1466
1467
16762
1886
9219
1397
1397
1956
1816
1397
1467
978
1467
1467
1397
1467
978
1396
1956
1397
1397
1397
1467
1955
1397
1467
1466
1467
1397
1396
1467
1397
1467
1397
1466
1467
1397
1466
1467
1396
978
1396
1467
1397
1886
1467
1886
1466
1467
1397
1396
1397
1397
1397
1397
1397
1467
1397
1467
1396
1467
1956
1397
1397
1397
1466
1467
1397
1467
1397
1396
1467
1467
2375
1886
1397
1467
1397
1467
1396
1466
1397
1397
1397
1466
1467
1396
1397
1396
1466
1397
1397
1467
1397
1397
1467
7612
1397
1886
1397
1466
1466
1956
1397
1466
1885
1467
1397
1397
1467
1816
1466
2374
1955
2863
1397
1885
1886
2375
1467
1885
1885
1467
1466
1956
1397
1886
1467
1955
1956
1956
1956
1397
1467
1885
1397
1885
1397
2375
1885
1956
1956
1956
1955
10896
1467
1886
1955
1467
1885
908
1886
1886
1467
1467
1886
1886
1955
1467
1886
1885
1396
1956
1397
1466
1956
1396
1886
1466
1397
1885
1886
1886
1816
1396
1885
1886
1956
1397
1467
1467
1467
1886
1397
1397
1466
1397
1397
1397
1467
1397
1397
1885
1466
1397
1466
1396
1397
1397
1397
1396
1955
1467
1467
1467
1397
1467
1397
1467
1397
1397
978
1397
1467
1467
1467
1397
1466
20393
1397
1467
1467
1466
1466
908
2375
1397
1467
1466
1397
1396
1467
1466
3841
1397
1397
1397
1396
1467
1397
1397
1467
1397
1397
1397
1467
1397
1396
1466
978
1955
1886
1467
1467
1467
1886
1467
1956
1886
1885
1886
1956
2864
1955
1397
1886
1466
1467
1466
1467
1397
1466
1816
1397
1467
1466
1397
1886
1815
1397
1467
1397
1466
1467
1467
1466
1467
1397
1467
1397
1466
1397
1397
1467
978
1466
978
1467
1396
1886
1397
1396
1397
1467
1397
1397
1396
1467
1397
1397
1466
1397
1467
1397
1397
1467
1467
1467
1396
1396
1466
1467
1466
1397
1397
1466
978
1397
1397
1467
1397
1397
1397
1466
1397
1397
1396
978
1396
1396
1467
1467
1466
1397
1467
1467
1467
1397
1467
1467
1397
1397
1396
1467
17041
1467
1397
978
1397
1467
1466
1397
1956
1467
1397
1467
1467
1397
1885
1467
1467
1397
1466
1467
1397
1397
1466
1467
1396
1396
1397
1397
1467
978
1397
1467
1397
1396
1397
1397
1467
1467
1467
1397
1397
1397
1467
1397
1467
978
1467
1397
978
1397
1467
1466
1467
1886
1397
1397
2375
1467
1396
1397
1397
1467
1466
1467
1397
1396
1886
1467
1466
1467
1397
1397
1397
1467
1467
1397
1466
1886
1467
2863
1886
1396
1467
1467
1467
2864
1397
1467
1466
977
1466
1466
1467
1816
1467
1816
1467
1466
1467
1397
1397
978
1397
1467
1885
1466
1466
1466
1397
1886
1467
1397
1467
1466
1466
2445
1397
1397
1466
1466
1397
1467
1885
1396
1885
978
1467
977
1397
1397
1397
1466
1397
1886
1397
1956
1396
1397
1467
1396
1397
1397
1467
