1397
1956
908
1466
1467
2304
1885
1955
1885
1397
1467
1466
1466
1397
1397
1396
1397
1886
1396
1467
1467
1467
1467
1397
1467
1886
1816
1466
1467
1467
1466
1467
1397
1466
1886
1467
1466
2375
1467
1397
1397
1467
1886
1816
1466
1467
1467
1397
1467
1397
1397
1467
1466
1397
1467
1466
1467
1467
1466
1397
1397
1467
1397
1467
1397
1885
1467
1397
1467
1466
1467
1467
1467
1467
2375
2374
1397
1467
977
1397
1466
1396
1467
1466
1886
908
1396
1466
978
1397
977
1467
978
978
978
1397
1816
1397
1466
1466
1396
1397
1467
1397
1467
1397
1397
1396
1467
1466
1466
1467
1397
1397
1466
1956
1397
1886
1397
2375
1397
1467
1886
1466
2375
1396
1466
1397
1397
1397
1466
1467
908
1467
1467
1955
1467
1467
978
1397
908
1956
1885
1397
978
1467
1886
1396
1467
1467
1397
1397
1467
977
1397
978
1466
1396
1397
1397
1396
1397
1467
1956
1467
1885
1397
1397
1397
1397
1467
2444
2793
1397
1467
1397
1467
977
1397
1397
1467
1466
2864
1397
1467
1397
1396
1467
1466
1467
1397
1397
2863
1397
1466
1467
1396
1397
1397
1397
1467
978
1397
1467
12990
1397
2445
1885
1467
1396
1397
1466
1467
1886
1396
1467
977
1397
1397
1467
1467
1397
1397
1466
1467
1397
2375
1467
1397
1397
1397
1467
1396
1397
1397
1397
1956
1396
1397
1467
1397
1396
1467
1467
1886
1466
1467
1397
1397
1396
1397
1467
1397
1467
1467
1467
978
1397
1396
1397
908
1396
1397
1885
1396
1467
1467
1396
1467
1467
1467
1466
978
1467
1467
1467
1467
1397
1397
1886
1397
1397
1466
1956
977
1396
1467
1886
1397
1467
1397
1397
1397
1396
1467
1397
1886
1397
1466
2445
1396
1467
1466
1467
1467
1397
1397
1397
1397
1467
1397
1397
1466
1885
1397
1396
1467
1467
978
1397
1467
978
1467
1467
1467
1467
1397
1466
1466
1466
1397
1467
1467
978
978
1467
1886
1466
1396
1396
1397
1466
1397
1397
1467
1397
1397
1397
1397
1467
1467
1396
1467
1397
1397
1397
978
1397
977
1467
1467
978
1467
1467
978
1886
1466
1467
1396
4330
1467
1467
1466
1467
1397
1396
1397
1397
1397
1467
1467
977
1467
1816
1397
1467
3771
1397
1396
978
1467
1466
1397
1466
908
1467
1467
1467
977
1396
2375
1466
1467
1885
1467
908
1397
1397
1397
1397
1467
1467
1467
1885
1397
1397
1467
1397
1397
1466
1466
1467
1467
1397
2375
1467
1397
1396
1397
1467
1955
1886
1467
1467
1467
1397
1397
1467
1466
978
1467
1955
1397
1397
1466
1397
1466
1397
1467
1396
1397
908
1397
1397
1466
1885
1466
1397
1467
1467
1885
1397
1397
978
1397
1397
1397
1397
1397
1397
1397
977
1397
1397
1467
1467
1467
1397
1396
1397
1466
1467
1397
2444
1955
1467
978
1396
1955
1397
1466
1886
1467
1886
1397
2375
978
977
1955
908
4191
1397
1397
978
1467
1397
2444
1397
2444
1467
1397
1396
1466
1467
1397
1955
1397
1885
1466
1886
1956
1886
1397
1466
1467
1467
1397
978
2863
1467
1885
1955
1956
1396
1886
1885
1397
1467
1466
1397
1955
1396
1467
1397
1955
1467
1397
1956
1886
1886
1885
1955
1467
1396
1956
1955
1886
978
1886
1397
1467
1467
1467
1886
1816
1886
1397
1886
1467
1885
1956
1396
1467
1886
1955
1397
1397
1467
1467
1467
1467
1396
1955
2374
1466
1467
1467
1816
1467
3352
1397
1956
1397
1396
1397
1467
1396
1467
2794
1397
1467
1397
1396
2305
1886
1396
1467
1955
1397
1467
1466
1467
1467
2305
1467
1886
1397
908
2375
1397
1466
978
1886
1397
1467
977
1397
1397
1467
1397
2375
5657
1397
1397
1396
1397
1466
1467
1397
1467
1467
1396
1467
1397
1397
1466
1397
977
1397
1396
1397
1397
1467
978
1886
1396
1397
1396
1397
1466
1397
1467
1467
1466
1397
1397
1397
1397
977
1466
1397
908
1466
977
978
1397
1955
1397
1397
1886
1466
978
1466
1396
1397
1397
1466
1467
978
1397
1466
1467
1466
978
1397
1397
978
1397
1396
1886
1397
13410
1397
1397
1886
1467
1397
978
1397
1885
1396
1397
1467
1397
1397
1467
1397
1886
2375
1397
1467
1466
1956
1955
1467
1467
1397
1816
977
1397
1466
978
1397
1467
1467
1396
1397
1467
1397
1466
1397
978
1397
1397
978
1396
1885
1397
2445
1396
1397
1396
1885
1466
1397
1467
1467
1397
1396
1397
1885
2305
1956
1397
1397
1466
1397
1397
1956
978
1955
1397
1466
1886
978
1397
1396
1467
1467
1397
978
978
1397
1467
1397
1467
1466
1397
1467
1467
1397
1467
1467
1397
1396
1397
1397
978
1397
1467
1397
1397
1885
1397
1955
1467
1397
2374
1396
1467
978
1467
1956
2374
1397
978
1467
977
1886
1397
1467
2304
1886
1397
1886
1467
1467
1397
1467
1397
1885
978
1397
1466
1397
1397
1467
1466
1467
978
1397
977
978
1397
977
1467
1397
1396
1466
1397
1396
978
1397
1396
1397
1397
1397
1396
1396
978
1886
2305
908
1397
1886
1467
978
2794
1467
1396
1956
1467
1397
1886
1396
1886
1956
1886
1397
1397
1467
1467
1466
1397
1396
1397
1467
1397
1397
1467
1397
1397
1397
1467
1396
1396
978
978
1466
1885
1467
1467
2375
1397
1397
1397
1397
1397
1467
1885
1397
1396
1396
1467
1397
978
1397
4261
1397
1397
2375
908
1397
1466
1396
977
2444
1396
1466
1886
1886
1886
1467
1467
1467
1397
1396
1397
1397
1466
1466
1466
1397
1466
1397
978
1466
1397
978
908
1467
1466
1467
1467
1467
1397
1397
978
908
1397
1397
1397
1467
1397
1396
1397
1396
1466
978
1397
1397
1885
1397
2374
1397
1466
1397
1467
2375
1467
1397
1467
1467
1466
2374
1397
1397
908
1467
1397
1466
978
1956
1886
1467
1397
1397
1467
1397
1397
