1397
1396
1886
1397
1467
1886
1466
1397
1885
908
1397
1885
1885
1466
1467
978
1466
1397
1466
1886
1467
1467
1396
1467
1956
1467
1885
1466
1396
1396
1397
1397
1397
1885
1396
1956
1397
1886
1397
1467
1955
1956
1397
1466
1886
1886
3841
1397
1397
1397
1467
1466
1397
1396
1467
1886
1397
1466
1955
1955
1955
1886
2934
1886
2375
1886
1956
978
1886
1886
1886
1886
1886
1467
1467
1467
1397
1885
1886
1885
1886
1885
1955
1466
1956
1397
1956
1885
1467
1467
1467
1397
1885
1396
1886
1886
978
1885
1955
1886
1886
1955
1886
1955
1955
1886
1885
1467
1955
1886
1397
1886
1886
1467
1467
1815
1467
1955
1466
1467
1397
1397
1467
1467
1397
1467
1886
1956
1466
1886
1397
1467
1956
1397
1467
1467
1397
1815
1397
1886
1467
1956
1396
2375
978
1397
1466
2375
1886
4400
1397
1886
1886
1466
1467
1886
1396
1956
1397
1397
1396
1466
1886
1467
1397
1956
6146
1397
1397
1466
1397
1397
1467
1885
1396
1816
1397
1467
1886
1467
1467
1397
1397
1397
1467
1956
1886
1955
1397
9010
1467
1886
1886
1885
2305
1886
1886
1467
1886
1955
1886
1955
1956
1816
1467
1885
1466
1467
1886
1467
1886
1397
1397
1815
1886
1886
1397
1886
1886
1816
1886
1886
1397
1396
1467
1886
1397
1466
1397
978
1886
1885
1886
1467
1467
1466
1886
1816
1467
1397
1466
1397
1885
1886
1466
1886
1955
1467
2305
1816
1955
1955
1466
1956
1885
1397
1467
1397
1397
1466
1885
1397
1397
1397
1886
1397
1467
1397
1396
1467
1886
1466
1466
1396
1397
1397
1397
1467
1397
2374
1886
1886
1397
1397
1885
1466
1467
1397
1466
1467
1467
1396
1466
1397
1397
1885
1397
1467
1885
1467
1397
1397
1396
1466
1397
1886
1397
1466
1397
1466
1466
1467
1816
1397
1816
1955
1886
1467
1886
1396
1885
1886
1467
1467
977
1885
1466
1886
1467
1466
1397
1396
1467
1816
1885
1466
1467
1397
1885
2305
1885
1886
1467
1397
1396
1467
1397
1397
1397
1467
1396
1397
1467
1956
1397
1397
1886
1397
1467
1467
1397
1396
1816
1467
1397
1886
1955
1467
1467
1467
1467
1886
1467
1397
1886
1886
1397
1397
1886
1466
2374
1467
1885
1466
1885
1466
1397
1816
1885
1397
1955
1467
1397
1885
1397
1397
1397
1885
1466
1466
1886
1466
1397
1397
1397
1466
1886
1467
1886
1396
1955
1397
1396
1886
1397
1397
1466
1467
1397
1397
1467
1396
1467
1397
1397
1397
1397
978
1466
1467
1397
1467
1397
1397
1467
9149
1467
1467
1466
1885
1467
1467
1397
1467
1467
1467
1397
1466
1467
1397
1396
1467
1886
1397
1397
1467
978
1955
1885
1397
1466
1466
1397
1467
1396
2444
1397
1467
1886
1885
1467
1886
1467
1466
1396
978
1886
1467
1886
1397
1467
1886
1886
1467
1955
1396
1467
1397
1956
1397
1396
1397
1955
1467
1886
1885
2375
1956
1886
1885
1467
1885
1397
1885
1466
1396
1397
1816
1886
1956
1397
1397
1467
1397
1397
1397
1467
1467
1886
1397
1467
1396
1466
1397
1397
1466
1885
1397
1956
1467
1466
1467
1397
1466
1397
1956
1467
1886
1466
1886
1816
1956
1396
1467
1886
1397
1466
1885
977
1956
1397
1886
1396
1397
1396
1467
1466
977
1397
1886
978
1886
1956
1886
1466
1886
1885
1397
1816
1396
1956
1397
1466
1955
1467
1397
1397
1397
1396
1466
1466
1397
1396
1466
1467
1467
1886
1885
1467
1466
1466
2305
1467
1955
1885
1466
1956
1886
1886
1886
1816
1467
1885
1886
1955
1955
1885
1885
1397
1466
1886
1885
1467
1466
1467
1466
1396
1886
1397
1397
1397
1467
1467
1467
1467
1396
1397
1397
1397
1467
1397
1467
1397
1467
1467
1885
1397
1885
1467
1397
1397
1886
1397
1886
1885
1815
908
1397
1816
1886
2374
1955
1955
2375
1886
1885
1956
1886
1467
3911
1467
1467
1397
1466
1396
1397
1886
1467
1467
1397
1467
1467
1885
1397
1397
1467
1467
1886
1467
1467
1467
1467
1466
1397
1886
1467
1467
978
1467
1816
1397
1466
1467
1396
1397
1396
1467
1466
1396
1396
1397
1467
1466
1467
1466
978
1397
1467
1397
1467
1397
1396
1397
1397
1467
1397
1886
1467
1397
1467
1396
1467
1397
1396
1397
1886
1885
1397
1886
1397
1397
1956
1397
1955
1886
1467
1886
1955
1466
1886
1396
1397
1466
1467
1467
1396
977
1467
1397
1467
1397
1466
1397
1467
9568
1467
1466
1397
1397
1886
1955
1396
1467
1466
1397
1466
2375
1467
1886
1886
1956
1467
1466
1467
1397
1956
1956
1955
2375
1886
1886
1886
1397
1466
1397
1397
1397
1956
1467
1886
1886
1467
2304
1467
1467
1397
1466
1886
1397
1467
1467
1396
1467
1467
1397
1467
1397
1397
1397
1885
1397
1886
1467
1396
1396
1396
1466
1397
1396
1467
1466
1467
1467
1467
1467
1397
1467
1466
1467
1467
1886
1956
1467
1467
1466
977
1466
1466
978
1467
1467
1467
1397
1397
1467
1397
1467
1397
1467
1396
1396
1467
1467
1397
1397
1956
1886
1397
1955
1467
2933
1467
1885
1886
1886
1397
1955
1466
1397
1397
1397
1466
1467
1467
1467
1466
1397
1467
1397
1397
1397
1397
1467
1955
1886
1397
1466
1467
1397
1885
1466
24234
1956
1886
1955
1886
1956
1816
1885
1396
1397
1466
1467
1886
1885
1885
1397
1467
1467
1466
1467
1467
1396
1467
1397
1956
1885
1397
1397
1885
1886
1886
1886
1886
1397
1397
1396
1466
1397
1467
1397
1466
1466
1467
1466
1467
1467
1397
1466
1466
1397
1397
1397
1467
1467
1467
1467
1467
1467
978
1885
1886
1466
1885
1886
1816
1467
1886
1466
1886
1885
1956
1956
1397
1886
1467
1885
1886
1396
1955
1886
1466
1956
1397
1955
1467
1886
2374
1886
1955
1955
1885
1955
1466
1955
1886
1466
1467
1956
1886
1397
1886
1397
1467
978
1886
1397
1466
1397
1397
