1467
1816
1467
1397
1397
1466
1397
1467
1397
1466
1467
1397
1955
1886
1466
1397
1886
1886
1885
1955
1886
1955
1885
1885
1885
1396
1886
1885
1397
1466
1467
1467
1397
1467
1467
1397
1467
1396
1886
1397
1397
1397
9079
1466
1885
1955
1397
1397
1397
1467
1466
1467
1397
1397
1396
1956
1397
1466
1396
1397
1467
1396
1467
1467
1396
1397
1467
1466
1397
977
1467
1467
1397
1466
1396
1397
1397
1885
1467
1467
1397
1396
977
1397
1467
1396
1396
1466
1467
1397
1467
1467
1467
1397
1397
1397
1467
1396
1397
1466
1397
1466
1467
1466
1467
1397
1397
1397
1397
1397
1396
1396
1886
1397
1886
1467
1397
1886
1467
1466
1397
1467
1467
1397
1466
1397
1467
1397
1467
1467
1397
1397
1466
1397
908
1397
1397
1396
1467
1397
1886
1397
1467
1886
1397
1397
1397
1397
1397
1397
1467
1467
1886
1396
1467
1397
1885
1396
1467
1467
1397
1396
1397
1396
1886
1956
1467
1397
1886
1886
1467
1397
1397
1467
1397
1886
1467
1886
1466
1886
1956
1397
1467
1467
1886
1886
5169
1467
1955
1397
1886
1467
1397
1467
1467
1397
1396
1467
1397
1397
1467
1396
1397
1466
1397
1397
1467
1397
1467
1466
1467
1466
1467
1397
1397
1467
1466
1397
1397
1467
1467
1397
1467
1397
1397
1467
1397
1397
1397
978
1396
1397
1886
1467
1467
1396
1886
1466
1467
1396
1466
1467
1885
1467
1397
1396
1955
1885
1396
1467
1397
1467
1886
1466
1467
1397
1397
1397
1466
1396
1397
1467
1886
1466
1397
1397
1467
1397
1467
1467
1397
1467
1397
1397
1467
1956
1956
1397
1396
1397
1466
1467
1467
1467
1397
1397
1467
1397
1467
1886
2444
1466
1467
1397
977
1397
1466
1467
1397
1397
1397
1467
1397
1886
1397
1396
1467
1397
1885
1397
1397
1466
1397
1467
1397
1397
1467
1466
2375
1886
2375
1396
1397
1397
1886
1885
1397
1396
1396
1397
978
1886
1467
1467
1397
1956
1397
1397
1466
1467
1467
1397
1467
1397
1397
1886
1466
1397
1396
1466
1397
1467
1397
1466
1467
1466
1397
1466
1956
1397
1467
1467
1467
1467
1397
977
1467
1467
1466
1886
1885
1467
1886
1397
1397
1397
1467
1397
1467
1467
1397
1467
1467
1886
1467
1467
1397
1396
1466
9638
1397
1397
1397
1466
1886
1467
1956
1466
1397
1467
1816
1467
1466
1466
1467
1397
1397
1466
1886
1397
1397
1396
1466
1396
1397
908
1397
978
1396
1467
1467
1467
1397
977
1467
1466
1467
1397
1466
1396
1397
1397
1397
1466
1396
1397
1467
1467
1467
1397
1467
978
1466
1397
1397
1886
1467
1397
1467
1467
1397
1397
1397
978
1397
1466
1397
1467
1396
1467
1397
1466
1397
1815
1397
1467
1466
1467
1396
1467
1396
1467
1467
1397
1397
1396
1466
1397
1397
1886
1397
978
1467
1396
1396
1397
1466
1467
1397
1397
1397
1397
1397
1467
1396
1886
1396
1396
1467
1396
1956
1396
1467
1885
1397
1466
1467
1396
1397
1397
1397
1397
1397
1397
1397
1397
978
1397
1886
1467
1955
1467
1397
1396
1396
1467
1397
1467
1466
1397
1467
1466
1466
1397
1466
1397
1467
1397
1397
1467
1397
1397
1397
1466
1467
1397
1397
1467
1397
1466
1397
1397
1886
1397
1467
1397
1396
1397
1396
1886
1397
1816
1467
1397
1397
1397
1886
1467
978
1397
1397
1467
1467
1886
1885
1397
1397
1467
1467
1467
1397
1467
1397
1467
908
1397
1467
1397
1467
1466
1397
1467
1397
1397
977
2375
977
1467
1816
1955
1397
1816
1467
1396
1467
1466
1885
1397
1397
1467
1467
1467
1886
1467
1396
10965
1397
1467
1397
1397
1467
1467
1397
1397
1467
1467
1885
1397
1397
1467
1466
1886
1397
1397
1467
1396
1467
1466
1467
1466
1467
1467
1467
1397
1466
1396
1467
1467
1467
1396
1397
1956
1467
1397
1885
1886
1397
1886
1467
1396
1397
1397
1467
1467
1467
1885
1886
1956
1467
1397
8451
1466
977
1397
1466
977
1397
1816
1397
1467
1466
1466
1397
1397
1397
1397
1397
1467
1397
1886
1467
1397
1467
1467
1397
1467
1467
1466
1956
1397
1397
1886
1467
1397
1396
1396
1467
1396
1397
1397
1396
1467
1467
1467
1885
1466
1467
1467
1955
1467
1886
1467
1467
1467
1397
1397
1467
1396
1397
1396
1397
1397
1397
1466
1397
1467
1467
1397
1816
1397
1397
1397
1397
1467
1397
1466
1466
1467
1397
1396
1397
1467
1397
1466
1397
1397
1397
1397
1396
1397
1467
978
1467
1397
978
1396
1467
1397
1467
1397
1397
1885
1397
1396
1466
1466
1397
1466
1397
1397
1397
1397
1397
1397
1467
1397
1397
1467
1396
1397
1466
1467
1397
1396
1397
1466
1467
1396
1396
1467
1397
1397
1467
1467
1397
1397
978
1466
1466
1466
1886
1885
1397
1397
1397
1467
1886
1467
1397
1397
1467
1397
1466
1396
1467
1467
1466
1397
1396
1397
1466
1816
1397
1467
12920
1396
1466
1467
1397
1397
1397
1816
1466
1396
1467
1467
1397
1886
1466
1397
1467
1397
1397
978
1397
1397
1396
978
1397
977
1466
1467
1397
1815
1466
1467
1467
1397
1466
1396
1397
1885
1397
1467
1397
1467
1467
1466
1396
1397
1886
1467
1467
1466
1397
1397
1885
1397
1397
1467
1466
1466
1467
1467
1467
1467
1397
1397
1466
1467
1397
1397
1467
1396
1467
1466
1467
1397
1397
1467
1886
1467
977
1397
1467
1396
1396
1396
1396
1397
1467
1466
1397
1466
1467
1397
1396
1467
1397
1885
908
1397
1466
1467
1467
1397
908
1396
1396
1466
1327
1467
1467
1467
908
1397
1397
1466
1397
977
1466
1467
1466
1396
1466
1397
1397
1397
1397
1397
1396
1396
1466
977
1467
1467
1397
1396
1397
1466
1397
1466
1396
1396
1885
1886
1885
1886
1885
1956
1467
1466
1466
1885
1396
1397
1397
1466
1467
1467
1886
1467
1397
1397
1397
1955
1397
11244
1466
1467
