1467
1396
1467
1467
1467
1467
1466
1886
1956
1886
1886
1885
2304
2444
1956
3911
1886
1466
1886
1397
1956
1956
1955
1397
1886
1466
1467
1885
1466
1467
1397
1397
1886
1397
1816
1466
1397
1885
1467
1397
1396
1397
1467
1886
1397
1397
1397
1397
1397
1466
1466
1397
1467
1886
1396
1396
1397
1467
1396
1467
1467
1396
1397
1397
1467
1397
1467
1467
1467
1397
1397
1467
1397
1467
1467
1397
1467
1466
1467
1397
1396
1466
1467
1466
1396
1397
1397
1467
978
1467
1397
1396
1397
1886
1467
1467
1886
1397
978
1396
1397
1397
1466
1467
1397
1396
1397
1467
1466
1885
1886
2375
1467
1955
1955
1467
1886
1955
2375
1955
1956
1886
1467
1886
1396
977
1885
1885
1886
1467
1816
1466
1467
1467
1885
1886
1466
1467
1396
1956
1885
1396
1955
1467
1397
1397
1397
1467
1397
1885
1466
1396
1467
1466
1396
1467
1885
1467
1467
1466
1397
1397
1397
1466
1467
1886
1467
1466
1397
1397
1886
1466
1397
1397
1955
1396
1467
1885
1885
1397
1467
1397
1397
1467
1466
1467
1397
1886
1397
1466
1955
1397
1885
1886
1885
1467
1466
1397
1886
1467
1397
1955
1466
1467
1467
1886
1397
1467
1467
1885
1466
1467
1467
1397
1886
1466
1397
1397
1816
1886
1467
1955
1467
1956
1396
1467
1467
1956
1396
1397
1467
1466
1885
1467
1886
1467
1886
1397
1886
1885
1885
2793
1885
1396
2375
2375
1955
1397
1886
2444
2375
1397
1886
1955
1886
1886
1886
1886
1397
2445
1955
1955
1466
1397
1955
1885
1397
1467
1467
1467
1396
1397
1397
1397
1467
1397
1467
1956
1886
1396
1397
1467
1396
1467
1885
1397
1886
1885
1466
1396
1397
1467
1466
1397
1467
1466
1397
1467
1466
1885
1816
1467
1397
1467
2374
1886
1886
1956
1886
1955
2375
1886
1955
2375
2305
2444
1885
1397
1466
1885
1956
1955
1886
1467
2933
1956
1467
1886
1885
1885
2374
1467
1397
1955
1885
1397
1397
1397
1466
1397
1397
1886
1397
1955
1397
1397
1885
978
978
1466
1466
1397
1397
1466
1396
22838
1397
1396
1467
1396
1886
1466
1397
25701
1397
1397
1396
1956
1467
1397
1467
1467
1467
1886
1397
1886
1397
1397
1886
1467
1885
1397
1466
1467
1467
1397
1397
1885
1956
1466
1397
1956
2305
2374
1397
1955
1886
2445
1956
1885
1467
1816
1397
1396
1396
1956
1466
1467
1467
1396
1397
1467
1397
1467
1397
1467
1466
1955
1397
1466
1396
1467
1467
1466
1466
977
1396
1467
1397
978
1467
1466
1397
1466
1397
1467
1467
1886
1397
1885
1396
1467
1467
1467
1397
1467
1467
1397
1397
1886
1467
1885
1396
1467
1467
12990
1467
1397
1397
1885
1466
1467
1467
3352
1956
1467
1886
1397
1397
1885
1397
1466
1466
1466
1397
1396
1397
1467
1397
1467
1467
1467
1466
1467
1397
1397
1466
1397
1467
1956
1886
2374
2375
1816
1885
1886
1886
1886
1397
1397
1466
1397
1467
1397
1397
1956
1886
1397
1467
1886
1397
1885
1886
1886
1816
1397
1956
1885
1956
1397
1955
1955
1397
2375
2444
1956
1466
1956
1955
2374
1886
1467
1467
2374
1397
1886
1816
1397
1397
1466
1466
1467
908
1466
1467
1397
1467
1396
1396
1396
1397
1467
1397
1397
1466
1467
1467
1396
1397
1397
1396
1467
1886
1956
1397
1467
1955
2375
1955
1397
1397
1397
1467
1467
1467
1467
1466
1396
1466
1396
1397
1397
1397
1396
1327
1467
1467
2375
1956
1956
1885
1467
1467
1466
8102
1396
16622
1397
1397
1885
1467
1397
1397
1397
1397
1467
1467
1397
1396
1886
1467
1396
1397
1397
1397
1466
1397
1397
1466
1397
1396
1397
1397
1466
1467
1466
11943
1397
1886
1466
1397
1467
1397
1886
1397
1397
1396
1466
1466
2305
1886
1955
1955
1955
1886
1955
1956
1467
1886
1816
2374
1885
1816
1886
1396
1466
1397
1397
1467
1397
1397
1397
1467
1467
1467
1397
1467
1397
1397
1397
1397
1886
1886
1397
1396
1397
1396
1396
1397
1397
1467
1397
1396
1886
1396
1467
1397
1467
1955
1397
1397
1467
1467
1467
1466
1467
1816
1467
1467
2445
1885
1955
1397
1886
1955
1816
1886
1955
1886
1886
1397
1886
1396
1397
1397
1397
1885
1467
1396
1397
8032
1396
1886
1396
1397
1396
1467
1885
1396
1885
1397
1396
977
1467
1397
1467
1397
1397
1467
1397
1396
1397
1467
1885
1467
1467
1885
1467
1396
1467
1885
3772
1885
1955
1955
1467
1886
1956
1886
1467
1885
1956
1886
1467
1886
1467
1466
1397
1467
1396
1467
1885
1467
1467
1397
1467
1467
1466
1467
1397
1467
1886
1467
1397
1886
1955
1466
1467
1397
1397
1397
1467
1886
1397
1467
1397
1467
1396
1886
1467
1397
1467
1397
1397
1886
1467
1816
1886
1466
1885
1467
1397
1467
1466
1396
1467
1466
1397
1467
1397
1467
1397
1467
1816
1467
1396
1955
1816
1886
1397
1396
1467
1467
13269
1397
1466
6635
1467
1397
1467
1327
1397
1466
1467
1397
1396
1397
1886
1466
1467
1397
1396
1467
1467
1467
1396
1397
1886
1467
1466
1467
6146
978
1466
1467
1466
1396
1396
1397
1467
1397
1397
1467
1466
1397
10965
1467
1467
1467
1467
1397
1467
1397
1467
1467
1467
1397
1466
1466
1397
1397
1397
1397
1466
1466
1397
1467
1396
1466
1397
1467
1886
1467
1396
1397
1467
1467
1397
1396
1466
1467
1397
1466
1466
1397
1396
1397
1467
1396
1397
978
1467
1397
1466
1467
1467
1467
1467
1396
1397
1467
1467
1466
1397
1467
1397
1397
1397
1467
1397
1466
1397
1396
1467
1397
1397
1396
1467
1397
1397
1886
1467
1397
1885
1397
1886
1466
1397
1397
1467
1396
908
1397
1466
1397
1397
1397
1467
1467
1467
1397
1466
1956
1396
1397
1396
1885
1397
1467
1467
1397
1467
1397
1816
1397
1396
1467
1466
1397
1396
1396
1396
1397
1397
1397
1467
1397
1467
1467
1885
