1397
1467
1467
1886
1956
1956
1397
1466
1467
1467
1956
1397
1467
1886
1466
908
1466
1397
1397
1397
1397
1467
1397
1885
1397
1397
1397
1397
1397
1467
1466
1397
1467
1467
1466
1397
1466
1885
1886
1886
1466
1466
1955
978
977
1397
1397
1397
2374
1397
1397
1397
1466
908
1466
1466
1397
1467
1466
1396
1466
1886
1397
1397
1885
1467
1466
1467
1397
1466
1397
1397
1397
1467
1467
1397
1397
1467
1397
1467
1397
1956
1466
1397
1467
1467
1396
978
1397
4330
1397
1466
1466
1955
1886
1466
978
2305
1467
1397
1886
1467
1397
1467
1467
1396
1886
1397
1397
1397
1886
1956
1466
1466
1467
1397
1397
1397
1396
1397
1467
1467
1397
1396
1397
1886
1466
1396
1397
1397
1397
1397
1886
1397
1397
1885
1397
1467
1467
1397
1885
1467
1467
13130
1467
1955
1397
1956
1466
1397
1466
1886
1397
1956
1467
1396
1397
1815
1397
2933
1466
1955
1467
1885
1886
1466
1467
1466
1885
1885
1467
1886
1467
1885
2374
1885
1956
1397
1816
1397
1955
1886
1466
1397
1956
1397
1396
1885
1467
1467
1397
1886
1466
1955
1467
1397
1396
1467
1397
1397
1397
1396
1886
1397
1467
1466
1467
1397
1397
1467
1467
1397
1885
1397
1886
1397
1467
1397
1467
1467
1467
1467
1397
1396
1467
1466
1397
1467
1396
1467
1396
1397
1467
1467
1467
2374
1397
1396
1467
1397
1466
1397
1467
1467
1397
1397
1397
1467
1396
1466
1466
1466
1397
1467
1397
1466
1467
1397
1467
1885
1397
1886
1885
1467
1467
1397
1886
1396
1396
1397
1396
1396
978
1467
1397
1397
1397
1467
1467
1886
1816
8591
1466
1467
1397
1396
1397
1397
1397
1396
1396
1466
1397
1467
1397
1397
1467
1467
1467
1467
1467
2933
1397
1956
1397
1397
1886
2375
1466
1467
1397
1397
1956
1397
978
1885
2304
1466
1956
1467
1397
1955
1397
1886
1885
2374
1885
1467
1396
1885
1467
1955
1467
1886
1397
1466
1467
1397
1397
978
1397
1467
1467
1467
1467
1466
1397
1397
1466
1397
1397
1397
1467
1467
1886
1397
1467
1397
1397
1397
1397
1467
1467
1467
1466
1397
1816
977
1886
1466
1886
1466
1397
1467
1397
1467
1466
1467
1466
1467
1467
1467
1956
1397
1467
1467
1397
1816
1397
1397
1396
1397
1397
1396
1397
1397
1396
1466
1397
1816
1466
1886
1956
1396
1397
1886
1886
1885
1886
1467
1466
1955
1466
978
1466
1466
1467
3841
1397
1397
1466
1397
1396
1467
1886
1397
1397
1467
1397
1467
1467
1886
1396
1467
1396
1467
1886
1397
1467
1467
1397
1467
1467
1397
1467
1467
1466
1885
1397
1885
1397
1467
1397
1396
1467
1467
1467
1396
1466
1397
1467
1466
1467
1885
1467
1467
1886
1816
1467
1467
1467
1396
908
1467
1467
1886
1397
1397
1397
1397
1466
1396
1467
1467
1816
1466
1466
1397
978
1397
1397
1467
1397
1397
1396
1467
1396
1466
1397
1466
1467
1885
1467
2445
8032
1886
1397
1467
1397
1397
1397
1466
1467
1467
1397
1397
1397
1467
1397
1397
1467
1466
1467
1466
1467
1466
1397
1467
1397
1466
1886
1397
1397
1397
1466
1397
1886
1397
1467
1467
1397
1397
1467
1397
1397
1466
1466
1397
1467
1467
1397
1397
978
1397
1886
1467
1466
1397
1466
1397
1467
1397
1467
1467
1397
1466
1467
1467
1397
1397
1467
1467
12781
1467
1397
1466
1467
978
1466
1467
1467
1397
1397
1956
1467
1396
1396
908
908
1885
1467
1467
1467
1397
978
1397
2863
1396
1467
1466
1397
1466
1467
1467
1397
1397
1397
1466
1467
1885
1467
1397
1467
1397
1886
2305
1816
1466
1466
1397
1467
1467
1467
1466
1955
1467
1886
1466
1466
1467
1466
1885
1816
1467
1397
1397
1467
1396
1466
1466
1467
1397
1327
1397
978
1397
1956
1397
1397
1397
1467
1397
1885
1467
1467
1397
1467
1467
1467
1467
1886
1397
977
1466
1466
1397
1467
1397
1397
1396
1467
1886
1886
1397
1397
1466
1885
1886
1885
1467
1466
1397
1397
1397
1397
1467
1466
1397
1466
1886
1466
1885
1467
1886
1397
1397
1397
978
11454
1467
1397
1397
1397
1397
1886
1396
1397
1397
978
1956
1397
978
1397
1467
1397
1397
1397
1467
1886
1956
1467
1467
1886
1886
1885
1466
1466
1466
1396
1397
1467
1886
1397
1397
1397
1466
1396
1397
1396
1396
1396
1397
1397
1467
1467
978
1467
1466
1467
1397
1467
1467
1885
1886
1467
1467
2305
1885
1885
1467
978
1955
1885
1467
1467
2374
1467
1885
1816
1886
908
1955
1956
1397
1467
1396
1885
1467
1886
1886
1467
1815
1397
1397
1397
1396
1397
1886
1885
1397
1466
1956
1396
1467
978
1397
1955
1397
1396
1466
1466
1467
1466
1397
1397
1397
1466
1397
1466
1467
1397
1466
1397
1886
1467
1466
1956
1467
1467
1467
1466
1396
1397
1816
1467
1467
1466
1466
1397
1397
7612
1466
1397
1886
11872
1467
978
1396
908
1467
1466
1397
1397
1397
1397
1397
1466
1397
1466
1466
1466
1397
1466
1397
1397
1886
1397
1397
1886
1396
1466
1397
1397
1467
1397
1396
1397
1955
1467
1397
1397
1397
1466
1886
1397
1396
1467
1396
1397
1397
1396
1467
1886
1467
1397
1397
1886
1466
977
1956
1467
1397
14736
1467
1467
1956
1397
1466
978
1886
1397
1467
1396
1397
1466
1397
977
838
1955
1466
1885
1397
1397
1396
978
1396
978
1816
1397
1467
1397
1396
1397
1467
1397
1397
978
978
1397
1466
1886
1467
1397
1886
978
1955
1467
1466
1397
1397
1397
1397
1397
38133
1466
1396
1467
1467
1956
1885
1466
1397
1397
1886
1467
1467
1397
1397
1396
1466
1467
1397
1467
1397
1467
908
1397
1397
1467
1467
1886
2375
1467
1397
1467
1396
1886
1397
1397
1955
1466
1467
1397
1396
1466
1467
1397
1397
1397
978
1886
1396
1466
1397
1397
1397
1397
1397
1396
1467
