1397
1886
1397
1466
1396
1397
1886
1467
1885
1956
1886
1467
1955
1955
1467
1397
1467
1466
1885
1397
1397
2375
1955
1467
1396
1466
1466
1816
1466
1396
1397
1816
1466
1467
1397
1885
1397
1886
1397
1886
1956
2374
1956
1956
1886
1955
1396
1397
1886
1955
1886
1886
1886
1886
1397
1955
1886
1956
978
1886
1396
1885
1886
1886
1467
1397
1886
1956
1885
1886
1886
908
1396
1467
1816
1397
1397
1467
1467
1886
1886
1956
1886
1396
1467
1886
1397
1466
1467
1466
1397
1396
908
1397
1886
1466
1467
1396
2375
1397
1397
1467
1956
1396
1467
1886
1397
1467
1397
1397
1397
1397
1396
1396
1396
1466
1397
1466
978
1467
1466
1467
1397
1396
1467
1397
1397
1397
1467
1396
1467
1466
1467
1467
1956
1467
1955
1886
1885
1886
1886
1886
1886
1466
1886
1886
1956
1885
1955
1886
1886
1467
1885
1467
1886
1397
1886
1955
1467
1397
1885
1956
1466
1886
1956
1886
1956
1886
1885
1886
1886
1466
1397
1885
1397
1955
1467
1467
1397
1886
1467
1885
1886
1885
977
1397
978
1396
1816
1467
1397
1397
1397
1467
1885
1886
27377
1956
1467
1397
1397
1886
1397
1886
1466
1885
1397
1467
1397
1467
7543
1466
1467
2374
1467
1886
1396
1467
1467
1886
1397
1396
1397
1467
1397
978
1467
1466
1955
1955
908
2305
1885
1467
1885
1886
1466
1886
1886
1397
1467
2374
1466
1886
1886
1816
1466
1397
1467
1397
2374
1467
1396
1466
1467
1466
1466
1397
978
1397
1396
1885
1467
1397
1885
1955
2933
1816
1467
1467
1466
1397
1885
1467
1466
1397
1397
1955
1397
1956
978
1396
1466
1467
1397
2375
1466
978
1466
1396
1885
1467
1466
1467
1467
1396
1397
1397
1467
1467
1886
1397
1466
1955
1397
1466
1467
1886
1467
1886
1467
1397
1397
1466
1467
1885
1466
1397
1467
1467
1885
1397
1467
1397
2375
1397
1397
1397
1397
1466
1397
1466
1397
1886
1397
1466
1466
1466
1397
1466
1397
1397
1886
1397
1466
1397
1397
1466
1396
1885
1886
1466
1467
1467
1467
1397
1397
1396
1397
1467
2374
1467
1886
1396
1467
1396
1886
1397
1466
1397
1886
1816
1467
1397
1466
1397
1467
1397
1397
1467
1467
1397
1397
1396
1467
1397
1467
1397
1467
1397
1466
1397
1466
1955
1397
2374
1816
1467
1886
1397
1397
1397
1397
1467
1397
1397
908
1467
978
1396
1467
1397
1467
1466
1397
1397
1397
1467
1397
1397
1396
1397
1397
1397
1397
1396
1397
1397
1397
1886
1467
1467
1467
1816
1396
1397
1397
1467
1467
1467
1327
1397
1397
1886
11104
1467
1397
1466
1397
1956
1397
978
1466
1886
1467
1396
1466
1397
1467
1397
1956
1397
1466
1466
1466
1466
1467
1397
1467
1467
1397
1467
1466
1397
1467
1466
1466
1397
2444
1397
1467
1397
1467
2374
1467
1816
1397
1467
1467
1396
1886
1886
1397
1886
1467
1886
1467
1466
1467
1467
1885
1956
1955
1466
1397
1886
1467
1397
1467
1886
1886
1886
1397
977
1397
1467
1396
1397
1396
1885
1955
1956
1467
1397
1956
1815
2445
1396
1886
1466
1397
1886
1397
1956
1886
1467
1466
1955
1956
1467
1885
1885
1466
1397
1886
1956
1466
1467
1397
1397
1397
1466
1467
1397
1396
1467
1467
1466
1397
1955
1885
1397
1816
1397
978
1397
1467
1397
1886
1956
1396
1467
1956
1955
1467
1467
1396
1397
1397
1397
1467
1466
1466
1466
1467
1467
1396
1397
1467
1467
3283
1956
1955
1886
1396
1397
1886
1467
1397
1397
1467
1397
1397
1467
1886
1467
1466
1467
1886
1955
1396
1955
2375
1886
1467
1885
1886
1466
1466
1955
1956
978
1467
1467
1885
1467
1956
1816
1397
1396
1956
1396
1886
1956
1956
1397
1396
1397
1886
1397
1886
1397
1886
1956
1467
1886
1886
1956
1467
1955
1886
1467
1467
1466
1467
1397
1466
1886
1886
1396
1467
5238
1467
1467
1397
1467
1467
1397
1466
1467
1397
977
1816
1467
1467
1397
1886
1396
1886
1955
1886
1467
1886
1956
1885
2863
1886
1955
1886
1816
2305
1956
1956
1397
1816
978
1955
1956
1466
1886
1886
1886
1397
1466
1956
1885
1816
1467
1467
1466
1396
1466
1467
1816
1467
1397
1467
1466
1886
1886
1467
1467
1397
1397
1467
1467
1397
1466
1466
1467
1467
1467
1467
1396
1466
1467
1467
1956
1396
1466
1956
1467
1397
1467
1397
1885
1467
1397
1885
1466
1396
1397
1397
1467
1397
1467
1467
1396
1885
978
1466
1467
1397
1467
1466
1396
1397
1886
1467
1397
978
1955
1397
1815
1885
1467
4190
1886
2864
1956
1956
1397
1956
1467
1466
1397
1886
1467
1467
1396
1956
1467
1886
1885
1886
1396
1396
1396
1397
1467
1466
1466
1396
1467
1885
1397
1397
1466
1397
1467
1397
1397
1397
1467
1397
1467
1397
1886
1885
977
1397
1466
1466
1396
1467
1467
1397
1467
1397
1397
1397
1467
1397
1467
1397
1816
1466
1466
977
1397
1397
1466
1467
1467
1886
1466
1467
1467
1886
1467
1466
1467
1886
1466
1396
1397
1397
1467
1396
1466
1396
1397
1467
1466
1956
1816
1885
1467
1396
1885
1466
1397
1886
1956
1396
1466
1886
1956
1885
1397
3771
1467
1397
1886
1466
1885
1886
1397
1815
1466
1955
1467
1886
1467
1397
1397
1955
1467
1466
1467
1397
1816
1886
1816
1956
1955
1397
1397
1397
1397
1467
1466
1397
1955
1397
1397
2933
1397
1886
1397
1397
1467
1467
1397
1466
1397
1886
1955
1397
1466
1466
1397
1397
1466
1466
1396
1466
1886
1466
1397
1466
1397
1396
1467
1467
1886
1885
1467
1467
1956
1885
1886
1397
1886
1886
1397
1467
1397
1466
1397
1467
1467
1397
1955
1886
1397
1467
978
1467
1467
1397
1466
1397
1396
1397
1467
1396
1467
1886
1397
1397
1397
1396
1397
1396
1397
1816
1397
1467
1397
1466
1397
1467
2305
1467
1397
1397
1466
1467
1885
