1956
2305
1466
1885
978
1885
1397
1467
1466
1467
1396
2375
1886
1886
1467
1955
3283
2375
1955
1956
1466
1955
1955
1397
1885
2305
1886
1886
1886
977
1885
1955
1955
2375
1885
1466
1886
1886
1886
1886
1397
1886
1885
1816
1886
1886
1467
1467
1956
1886
1467
1467
1467
1397
1397
2445
1466
1397
1466
1397
1397
1397
1886
1886
1885
1886
1466
1397
1467
1397
1397
1467
1467
1397
1466
1397
1466
1467
1886
1467
1886
1397
1327
1885
1397
1397
1467
1397
1467
1397
1466
1886
1467
1467
1397
1397
1467
1467
1397
1397
1397
1396
1397
1467
1466
1467
1885
1397
1396
1466
1397
1397
1886
1397
1397
1467
1886
1397
2305
1885
1467
1886
1396
1467
1397
1467
978
1467
1956
1396
1467
978
1886
2305
1886
1885
1956
2444
1397
1397
1397
1467
1397
1466
1466
1955
1467
1467
1466
1956
1467
1396
1956
1466
1885
978
1886
1886
1397
978
1397
1396
1397
1885
1396
1885
1467
1956
1397
1397
1467
1956
1397
1466
1397
1397
1955
1397
1466
1467
1396
1397
1397
1396
1397
1397
978
1396
1397
1397
978
1396
1467
1886
1466
1397
1956
1397
1397
1397
1397
1886
1396
1467
908
1397
1397
1396
1397
1397
1397
1956
1397
1466
1397
1397
1396
1396
1886
1396
1467
1396
1467
1467
1396
1466
1397
978
977
978
1397
1466
1397
1886
1466
1467
1397
1397
1886
1886
1396
978
1397
1467
1466
1467
1397
1885
1397
1397
1467
1466
1397
1467
1397
978
1397
1396
908
1467
1397
1467
1466
1467
1397
1397
1466
978
1397
1397
1397
1397
1397
1397
1397
1396
1467
1397
10197
1467
1397
1397
1396
1397
1397
1467
1397
1467
1886
1467
1397
1466
1397
1397
1885
1886
1467
1397
1397
1466
1397
1886
1886
1467
1956
1467
1397
1396
1467
1467
1466
1397
1956
1466
1885
1466
2445
1397
1886
1885
1397
1466
1886
2374
1397
1397
1816
1955
2444
1397
1956
1886
1397
1467
1397
1885
2933
1397
1467
1466
1467
1397
1397
1397
1467
1816
1397
1816
1467
1886
1467
1467
1816
1467
1466
9847
1467
1397
1397
1397
1397
1466
1886
1397
1467
1397
1467
1397
1467
1467
1397
1956
1886
1397
1467
1397
1466
1886
1467
977
1467
1397
1397
1467
1397
1956
1397
1397
1397
1956
1467
1397
1956
1885
1467
2444
1886
1466
1466
1466
1955
10127
1467
1956
1466
1467
1397
1467
1397
1467
1466
2375
1466
1397
3352
1956
1956
1467
1886
1886
1466
1886
1885
1886
1886
978
2375
1956
1816
1467
1467
1956
1886
1885
1467
1885
1956
1815
1467
2375
1885
1886
2444
1886
1466
1956
1466
1886
1955
1886
1816
1955
1467
1886
1397
1886
1397
1886
1956
1467
1466
1396
1467
1467
1466
1397
1397
1955
1397
1816
1886
1397
1396
1467
1397
1397
1397
1886
1466
1397
1466
1466
1467
1467
1397
1397
978
1397
1396
1467
1397
1397
1467
1397
1396
1397
1467
1396
1396
1466
1397
1396
1397
1467
1467
1466
1397
1467
1466
1397
1467
1467
1397
1397
908
1467
1467
1467
1467
1467
1396
1467
1466
1467
1397
1396
1396
1467
1467
1467
1467
1397
1396
1397
1467
1396
1397
1397
1397
1467
978
1815
1397
1955
1467
1466
1397
1397
1885
1467
1467
1397
1397
1397
1466
1466
1467
1396
1467
1466
1467
1466
1396
1396
1397
1467
1397
1466
1397
1885
7752
1467
1396
1397
1397
1466
1396
1397
1467
1397
1396
1396
1467
1396
1467
1397
1397
1467
1397
1397
1467
1397
1467
1397
1397
1467
1397
978
1397
1466
1467
1397
1397
1397
1466
1397
1397
1467
1466
1397
1886
1397
1466
1467
1955
977
1397
1466
1397
1466
1466
1396
1396
1467
1396
1467
1467
1396
1467
1467
1466
1397
1397
2793
1467
1886
1397
1886
1467
1956
1466
1467
1466
1467
1397
1467
1467
1397
1886
1397
1816
1397
1397
1397
1397
1396
1467
1466
1397
1466
1467
1397
1397
1397
1467
1467
1467
1467
1466
1467
1397
1397
1816
1397
1397
1886
1397
978
1397
1955
1397
1885
1397
1396
1467
1886
1467
1466
978
1397
1467
1397
1467
1956
1886
1397
1886
1885
1886
1886
1397
1396
1467
1397
1397
1397
1466
1886
1466
1397
1397
1396
1466
1466
1396
1397
1467
1397
1466
1466
1467
1467
908
1397
1466
1396
1466
908
1397
1397
1397
1955
2374
1816
1816
1886
1466
1466
1955
1397
1816
1955
1397
3911
1885
1466
1466
1397
1467
1466
1467
1467
1467
1816
1886
1886
1466
1467
1955
1397
1466
1467
1956
1467
1397
1397
1467
1955
1956
1397
1956
1467
1886
1886
1816
1467
1886
1467
1956
1397
1467
1467
1956
1885
1397
1467
1886
1467
1886
2863
1886
1886
1467
1885
1396
1396
1397
1467
1397
1886
1467
1956
1466
1396
1467
1467
1466
1467
978
978
1397
2934
1397
1397
1396
1466
1886
1397
1397
1955
1885
1467
1467
1397
1397
1956
1466
1886
1466
1886
1397
1886
1397
1397
1466
1467
1956
1466
1397
1816
1886
1396
1886
1397
1885
1467
1886
1466
1955
1466
1466
1467
1467
1467
1397
1397
1397
1467
1466
1467
1397
1467
1397
1466
1397
1467
1467
1885
1467
1467
1397
1467
1467
1396
1397
1397
1397
1397
1397
2374
1396
1397
1466
1397
1397
1397
1397
1886
1466
1397
1397
1466
1467
978
1397
1467
1466
1397
1397
908
1397
1397
1467
1396
1467
1397
1466
1467
1467
1397
1956
1466
1397
1467
1466
1467
1467
1956
978
1396
1467
1886
1467
1885
1397
1466
1886
1397
1466
2445
1466
1885
1466
1886
1397
1397
1397
1885
1467
1396
1397
1397
1397
1397
1467
1397
2375
978
1955
1397
1467
1466
1886
1466
2374
1885
3841
1955
1466
1397
1397
1397
1956
1396
1816
1467
1397
1396
1816
1397
1886
1467
1396
978
1397
1397
1396
1466
1466
1397
1397
1397
1397
1467
1397
1467
978
1396
1467
1467
1466
1396
1467
1467
1396
978
1467
1467
9987
1467
