1816
9150
1397
1396
1397
1397
1396
1467
1396
1466
1397
1467
1397
1467
1467
1397
1397
1886
1466
1885
1397
1397
1466
1466
978
1397
1467
1397
1466
1467
1886
1397
1956
1466
1886
1466
1467
1955
1397
1816
1397
1467
1397
1886
1466
1886
1467
1467
1396
1467
1397
1886
1956
1467
1885
1885
1397
1467
1886
1396
1816
1397
1955
1885
1467
1397
1956
1955
1467
1956
1397
1467
1397
1816
1886
1467
1397
1397
1467
1816
1467
1397
1396
1467
1467
1816
1885
1467
1467
1956
1955
1955
1886
3283
1397
1397
1885
1955
978
1466
1396
1955
1396
1396
1886
1885
1885
1397
1956
1467
2374
1955
1467
1955
1886
1885
2304
1886
1396
1886
1886
1467
1885
1956
1886
1956
1956
1397
1397
1955
1886
1466
1955
1396
1467
1886
1397
1885
1467
1955
1956
1886
1467
1467
1397
1467
1397
977
1396
1886
1886
1816
1467
1467
1885
1467
1886
1955
1467
1397
1467
1467
1886
1955
2934
1396
2444
1397
1466
1467
1467
1397
1466
1466
1397
2444
1397
1467
1397
1397
1467
1956
1397
1396
1397
1467
1886
1397
1467
1467
1397
1397
2374
1467
1886
1467
1466
1396
1397
1467
1886
1397
1467
1397
1886
1397
1886
978
978
1397
1467
1886
1467
1956
1466
978
1956
1956
1397
1467
1955
1816
1816
1467
1886
1886
1397
1327
1956
1467
1955
1467
1467
1955
2445
18577
4260
1466
1886
1397
1886
2444
1885
1956
1956
1885
1467
1886
1886
1886
1466
1397
1885
1467
1816
1886
1466
1886
1467
1886
1466
1397
1467
1886
1467
1397
1397
1396
1397
1886
1397
1466
1467
1466
1396
1467
1397
1467
1886
1397
1466
1397
1886
1886
1396
1955
1955
1885
1466
1956
1885
1885
1955
1467
1396
1885
1397
1815
1397
2793
1886
1396
1397
1955
1467
1397
1397
1397
1886
1885
1467
1886
1396
1397
1467
1397
1885
1886
1467
1397
1396
1397
1466
1396
1397
1397
1886
1466
1467
2375
2304
1397
1466
1816
1956
1397
1886
1955
1466
1467
1886
1467
1397
978
1466
1397
1397
1466
1396
1466
1467
1397
1467
977
1397
1397
1466
1397
1886
1397
1397
1467
1956
1397
1397
1397
1397
1397
1467
1467
1955
1466
1886
1816
1467
1816
1467
1955
1466
1396
1397
1816
1956
1816
1886
1466
1467
1396
1327
1886
1466
1396
1885
1467
1397
1397
1397
1886
1397
1397
1397
1886
1956
1397
1886
1886
1396
1956
1816
1397
1467
1466
1467
1397
1397
1467
1397
1466
1466
1397
1466
1467
1467
1467
1396
1397
1397
1467
1397
1886
1466
1885
1816
1397
1397
1397
1886
1396
1397
1956
1955
1886
1397
1885
1397
1885
1466
1956
1467
1956
1467
1467
1467
978
1886
1467
1467
1396
1396
1467
1467
1396
1467
8451
978
1956
1885
1397
1467
1886
1397
978
1467
1397
1397
1467
1397
1467
1397
1467
1466
1467
1467
1397
977
1467
1467
1467
1397
1396
1467
1397
1886
1397
1886
1886
1885
1396
1886
1467
1956
1397
1467
1956
1885
1397
1467
1467
1397
1466
1466
1816
1397
1397
1397
1397
1396
1467
1885
1467
1397
1397
1467
1466
1397
1466
1466
1466
1466
1397
1396
1397
1397
1886
1467
1466
1956
1466
1816
1397
1467
1466
1397
1467
1397
1397
1397
1466
1885
1397
1956
1396
1886
1467
1397
1956
1956
1815
1467
2375
1397
1397
1467
1397
1467
1955
1467
1466
1886
1466
1467
1397
1885
1397
1886
1467
1397
1397
1397
1467
1886
1397
1397
1397
4331
1955
1396
1467
3353
1467
1397
1955
1467
1886
1956
52380
1397
1397
1816
1467
1397
1397
1396
1885
1397
1397
1397
1397
1955
1467
1886
2863
1886
2444
1886
1885
1955
1397
1955
1885
2375
1886
1885
1397
1885
1467
1886
1886
1466
1467
1467
1397
1396
1397
1397
1886
1466
1397
1467
1956
1467
1466
1886
1397
2864
1466
1886
1885
1467
1955
1955
1397
1886
1886
1467
1466
1885
2375
1397
1885
1397
1396
1956
1466
1467
1396
1397
1397
1467
1397
1397
1397
1466
1467
1467
1466
1466
1816
1886
1397
1956
1467
1467
1397
1466
1467
1396
1886
1396
1467
1397
1397
1396
1397
1886
1885
1466
1466
1466
1466
1397
1397
1397
1397
1396
1886
1886
1397
1467
1397
1397
1467
1466
12502
1397
1467
1397
1886
1466
1886
1885
1397
1396
1396
1886
1466
1886
1397
1467
1467
1467
1886
1466
1886
1467
1886
1397
1466
1397
1397
1467
1886
1397
1885
1886
2864
1396
1397
1886
1397
1467
1467
1397
1466
1816
1886
1467
1467
1816
1397
2375
1886
1467
1466
1886
1467
1326
1955
2374
1466
1886
1466
1886
1397
1885
1467
1885
1955
1396
1956
1397
1397
1466
908
1886
1467
1467
1466
1467
1397
1466
1396
1886
1466
1466
1885
1397
1397
1397
1956
1886
1397
1466
1466
1886
1467
1397
1886
1886
1397
1467
1886
1467
1397
1886
1467
1397
1956
1466
1466
1956
977
1467
1396
1885
1397
1397
1467
1886
1955
1886
1397
1467
1885
1956
1955
1396
1886
1396
1885
978
1467
1467
1397
1467
1467
1466
1467
1466
1467
1466
1397
1466
1397
1466
1397
1397
1955
1397
1467
1956
1466
1467
1397
1466
1886
1956
1466
1886
1466
1466
1886
1467
1467
1886
1397
1397
1397
1467
1397
1467
1397
1397
1467
2374
1397
1397
1396
1396
1397
1397
907
1466
1397
1466
1397
1885
1397
1397
1396
1466
1885
1396
2305
1467
1816
1397
1466
1397
1467
1955
1467
1397
1886
1467
1397
2375
1886
1955
1396
1397
1467
1397
1397
1397
1467
1397
10896
1956
1956
1467
1466
1886
1466
1396
1396
2304
1956
1886
1397
1397
1467
1956
1466
1396
1397
1397
1396
1467
1397
1466
1956
1467
1466
1467
1397
1397
1397
1396
978
1467
1397
1397
1397
1397
1397
1467
1466
1397
1397
1397
1467
1467
1397
1466
1886
1396
1397
1467
1886
1885
1956
5308
1397
1885
1885
1467
1466
1467
1396
1467
1467
978
1397
1886
1955
1886
1956
1397
1397
