1467
1886
1886
2374
1397
1885
3213
1955
1467
2864
1886
1885
1955
1886
1467
1466
1885
1815
1467
1466
1467
1397
1397
1466
1955
1467
1397
1396
1956
1466
1886
1886
1396
1886
1467
1886
1397
1397
1955
1467
1955
1467
1886
1467
1466
977
1467
1467
1467
1467
1397
1886
1467
1886
1955
1955
1886
1397
1467
1467
1466
1467
1396
1886
1885
1467
1886
1467
1885
1885
1397
1955
1466
1886
1956
1467
1397
1397
1885
1467
1885
1886
1397
1886
3701
1396
1467
1886
1467
1467
1397
1397
1397
1886
1397
1466
1466
1396
1397
1396
1885
1397
1955
1397
1397
1886
1956
1885
1956
1397
1467
1466
1955
1886
1815
1397
1885
1956
1955
1466
1886
1955
1466
1886
1396
1397
978
1397
1886
1886
1885
1467
1397
1467
1397
1397
1466
1886
1397
1885
908
1467
1397
2374
2375
1886
1466
1886
1955
1396
1886
1885
1886
1886
1396
1467
1397
1467
1397
1397
1397
1467
978
977
1397
1466
978
1397
1396
1396
1397
1466
1397
1396
1467
1886
1466
1466
1467
1466
1397
1467
1467
1397
1397
1397
1397
1467
1396
1397
1396
1466
1886
1397
1467
1816
1885
1467
1396
1467
1467
1467
1396
1885
1885
1886
1467
1467
1467
1397
1467
977
1886
1397
1466
1467
1816
1466
1397
1396
1466
1956
1466
1466
1397
1467
1397
1397
978
1955
1466
1886
1816
1466
978
1467
1466
1397
1467
1467
1397
1396
1397
1467
1397
1467
1396
1467
1467
1886
1397
1466
1467
1397
1467
1466
1886
1397
1396
1466
1467
1886
1397
1467
1886
1397
1396
1466
1466
1467
1397
1467
1466
1467
1467
1397
1396
1467
1467
1397
1467
1467
1467
1467
1466
1467
1467
1466
1397
1466
1397
1466
1466
1466
1816
1397
1397
1467
1886
1885
1466
1397
1397
1397
1396
1397
1397
1397
1397
1467
1397
1397
1396
1397
1467
1467
1396
1397
1396
1466
1396
1467
1466
1816
1397
1467
1396
1466
1397
2374
1467
978
1397
1467
1396
1886
1397
1955
2375
1467
1466
1467
1886
1397
1396
1467
1467
1467
1467
1467
4330
1885
1397
1397
978
1467
1397
978
1467
1467
1467
1466
1466
1397
1397
1886
1397
1466
1396
1467
1466
1467
1397
1397
1467
10895
1467
1397
1397
1396
1397
1956
1396
1886
1467
1397
1397
1466
1467
1396
977
1467
1466
1467
1467
1885
2374
1886
1467
1956
1396
1467
4819
1466
1397
1815
2375
1397
1467
1466
1956
1886
1956
1956
1886
1955
1396
1885
1466
1955
1886
1886
1397
2374
1886
1885
2305
1886
1816
1886
1886
1956
1397
1886
1467
977
1886
1397
1885
1397
1956
1886
1396
1885
1886
2934
1816
1886
1467
1956
1886
1886
3771
2374
1886
1397
2374
1467
1955
1397
2305
1886
2444
1885
1955
1466
1397
1466
1467
1397
1885
1467
978
1467
1467
1397
1397
1397
1466
1396
1467
1466
1397
1397
1397
1397
1397
1397
1466
1467
1397
1466
1396
1396
1467
1467
1466
1397
1467
1467
1396
1397
1397
1397
1816
1467
1397
1397
1467
1466
1467
1467
1397
1466
1397
1397
1467
1466
1397
1397
1466
1466
1397
1397
978
1816
1467
1397
1467
1466
1956
1467
1467
1466
1467
1397
1397
1885
1466
1396
1467
1886
1397
1467
1466
1467
1397
1466
1397
1396
1467
1397
1467
1467
1397
1396
1467
1466
1397
1397
1885
978
1397
1467
1396
1397
1886
1397
978
1396
1396
1397
8102
1467
1397
1467
1397
1467
1397
1397
1397
1397
1397
1397
1396
1467
1397
1467
1467
1467
1397
1396
1467
1467
1397
1466
1397
1396
1467
1885
1886
1397
978
1397
1396
1467
1397
1467
1885
1467
1466
1397
1397
1886
1396
1397
908
1467
1397
1397
1467
1467
1397
1396
1886
1396
1466
1397
1467
1397
1466
1886
1397
1397
1396
1466
1397
1397
1396
1397
1466
1956
1397
1397
1467
1397
1955
1397
978
1396
1466
1397
1466
1397
1397
1396
1467
1327
1397
1397
1955
1397
1396
1467
1397
1466
1397
1467
1397
1886
1467
1467
1397
1466
1397
1397
1467
1466
1396
1466
1885
1397
1886
1397
1467
1956
1885
1955
1466
1886
1467
1397
1886
1467
1397
1396
1467
1466
1467
1397
1397
1467
1397
1396
1397
1397
1467
1397
1467
1466
1397
1886
1397
1955
1397
1396
1397
1955
1466
1396
1397
908
1467
1396
1466
1886
1397
1467
1467
1466
1397
1397
1397
1467
1397
1886
1396
1467
1396
1397
1816
1467
1397
2374
1397
1886
1397
1956
1467
1467
1396
1466
1397
1815
1397
1816
1397
1397
1467
1467
1885
1467
1885
1397
1466
1397
1397
1397
1397
1467
1397
1466
1467
1397
1467
1467
1885
1466
1467
1396
1467
1397
1466
1396
1816
1466
1397
1397
1397
1396
1397
1397
1467
1397
1466
1397
1467
1397
1467
1886
1466
1397
1466
1397
1397
1467
1397
1397
1397
1886
1397
1397
1467
908
1397
1467
1886
1466
1467
978
1466
1397
1467
1885
1397
1467
1397
1467
1466
1397
1466
1397
1467
1816
1466
1397
1397
1397
1467
1467
1886
1396
977
1397
1816
1467
1466
1397
1886
1397
1467
1397
1467
1397
1397
1397
1467
1467
1397
1397
1396
1397
1885
1397
1467
1467
1397
1396
1397
1397
1956
1397
1886
1467
1397
1467
1467
1466
1397
1467
1397
1466
1467
1956
1467
1467
1467
1397
1396
1467
1397
1396
1397
1466
1466
1397
1886
1397
1397
2374
1397
1466
1397
1397
1467
1886
1467
1396
1467
1467
1466
1397
1397
1397
1397
1467
1467
1467
1466
1397
1466
1466
1397
1886
1886
1467
1397
1397
978
1397
1397
1397
978
1466
1397
1955
1397
1467
1467
1397
1397
1397
1396
1467
1467
1397
1466
1397
1397
1466
1466
1396
1397
1466
1397
1397
1466
1467
1467
1397
1396
1466
1466
1397
1397
1397
1467
1886
1397
1466
1397
1397
1397
1397
1467
1467
1397
1396
1886
1467
1397
1397
978
1396
1397
1466
1397
1467
1397
1397
1466
1397
1466
1467
1467
1397
1397
1397
1396
1467
