1467
1397
1396
1397
1397
1466
1397
1466
1467
1396
1816
1397
1396
1397
1397
1886
1397
1886
1397
1467
1467
1467
1467
1466
1886
1886
1467
1886
1397
1397
1466
2444
1397
2375
1467
1397
1886
1397
1466
1397
1396
1886
1397
1397
1397
1956
1397
1466
1397
1466
1466
1467
1467
1467
1467
1467
1397
1397
1397
1397
1886
1886
1396
1396
1466
1467
1396
1885
1467
1467
1467
1466
2305
1397
1886
1397
1397
1467
1467
1397
2375
1885
1467
2445
1467
1467
1397
1886
1397
1397
978
1467
1397
1397
1467
1466
1397
1397
1396
4749
1397
1467
1466
1885
1886
1467
1466
1886
2374
1956
1466
1886
1886
1955
1467
1886
1886
6146
1397
1397
14388
1466
1955
1467
1467
978
1397
1467
1886
1886
1397
1467
1467
2305
1885
1397
1816
1467
1466
1886
1886
1885
1466
1885
1886
2374
1956
1466
1396
1885
1955
1467
1397
1956
1886
1956
1886
1466
1886
1956
1956
1466
1955
1467
1886
1397
1397
1885
1886
1886
1397
1886
1885
1466
1886
1955
1885
1886
1955
2374
1955
1886
1885
1955
1467
1886
1955
1466
1466
1885
1397
1397
1396
1467
1955
1955
1885
1466
1885
1816
1397
1397
1885
1467
1886
1396
1467
1956
1466
1467
1886
1886
1467
1466
1466
1956
1885
17251
1466
1397
1397
1816
1466
1885
1886
1885
1466
978
1955
1467
1466
1955
1467
1886
1466
1467
1467
1466
1955
1467
1886
1886
1886
1886
1467
1466
1397
1397
1955
1885
1886
1885
1397
1886
1885
6495
1816
1397
1466
3842
1467
1885
1467
1397
1397
1397
1886
1467
1467
1397
1467
1397
1466
1886
1397
1467
1396
1886
1466
1466
1396
1397
1886
1397
1467
12711
1886
1397
1955
1956
1397
1397
1466
1397
2375
1397
1467
2444
1397
1466
1466
1886
1397
1467
2375
1396
1467
1397
1396
1467
1467
1397
1397
1396
1466
1466
1466
1466
1397
1886
1397
1397
1466
1467
1955
1396
8660
1397
1467
1956
2374
1467
1397
1396
1397
1397
1397
1397
1467
1467
1397
1397
908
1467
1397
1397
1396
1467
1467
1467
1397
1397
1467
1396
1467
1886
1466
1466
1397
1466
1467
1886
9219
1397
1886
1466
1886
1397
1467
2444
1467
1397
1816
1816
1467
1816
1467
1886
1466
1467
1467
1467
1886
1955
1886
1397
1956
1885
1397
1886
1956
1885
1397
1466
1397
1397
1397
1886
1467
1397
1885
1466
1397
1397
1956
1466
1886
1466
1886
1886
1885
1397
1467
1396
1886
1956
1886
1886
1397
1816
1956
1885
1886
1397
1886
1467
1886
1467
1467
1397
1397
1886
1466
1816
1955
1956
1466
1397
1466
1466
1467
1466
1467
1467
1397
1885
1956
1467
1396
1956
1396
1467
1396
1397
1397
1396
1886
1397
1466
1397
1467
1396
1815
1886
1397
1886
1467
1397
1886
1886
1467
1886
1397
1397
1467
1956
1955
1467
1885
1396
1467
1467
1467
1955
1397
1397
978
1467
1467
1397
1886
1396
1397
1466
1397
1397
1397
1467
1467
1397
1397
1467
1396
1467
1397
1467
1467
1885
1885
1467
1885
1467
1397
1397
1885
1397
1956
1467
1397
1397
1397
1396
1466
1397
1397
1397
1467
1467
1397
2444
1466
1466
1397
1397
1466
1397
1467
1397
1466
1396
2374
1955
1467
1396
1886
1397
1467
1466
1467
1467
1466
1397
1467
978
1467
1397
1956
1397
1396
1397
1397
1396
1466
1397
1467
1886
1886
1467
1396
1466
978
1397
1467
1955
1885
1396
1955
1466
1397
1466
1397
1466
1886
1397
1397
1886
1327
1466
1466
1467
1955
1886
1396
1816
1956
1886
1467
1466
1397
1467
1397
1397
1396
1397
1467
1956
1397
1886
1396
1467
1397
1396
1467
977
1397
1467
1467
1467
1397
1397
1467
1467
1467
1466
1397
1467
1396
1397
1466
1466
1397
1467
1466
1397
1467
1396
1956
1886
1397
1467
1886
1467
1397
1467
1885
1397
2304
1466
1467
1956
1396
1467
1885
1397
1397
1397
1886
1466
1467
1397
1397
1466
1956
1397
2444
1467
1397
1886
1397
1886
1955
1886
1397
1397
1397
1467
1467
1397
1466
1466
1885
1396
1467
1396
1396
1397
1396
1467
1886
1886
1955
1466
1886
1956
1397
1886
1815
1955
1956
1397
1956
1466
1467
1466
1467
1397
1396
1397
1956
1886
1466
2375
1955
1885
1886
1955
1397
1886
1956
2305
1467
1397
1955
1466
1397
1885
1955
1885
1886
1467
1886
1397
1466
1396
1467
1397
1886
1397
1886
1886
1956
1955
1467
1467
1467
1467
1886
1397
1397
1956
2374
1955
1886
1467
1885
1885
1955
1955
1467
1956
1467
1886
1956
1886
1886
1467
1886
1396
1467
2374
1396
1956
1955
1467
1397
1397
1397
1955
1885
1467
1886
1397
1466
1886
1466
1886
2445
1815
1466
1816
1955
1955
1886
1467
1886
1886
1955
1466
1396
1397
1397
1467
1956
1467
2305
1467
1466
1885
1396
1397
1397
1956
1886
908
1467
1886
1397
1397
1886
1397
1467
1396
1397
1467
1886
1466
978
1955
1466
1886
1886
1467
1886
1886
1466
1397
1396
1467
1956
978
1886
1467
1466
1466
1816
1816
1467
1467
1466
1397
1467
1886
2305
1467
1955
1397
1886
1396
1467
1466
2794
1397
1885
1466
1886
1466
1467
1397
1466
5797
1397
1397
1467
1396
1885
1397
977
1397
1397
1886
1397
1467
1955
1466
1885
1396
1397
1466
1397
1466
1886
1397
1886
1467
1886
1397
1466
1466
1886
1397
1467
1397
1397
978
1396
1397
978
1397
1467
1466
1397
1467
1467
1397
1467
1886
1466
1467
1467
1467
1466
1467
1396
1467
1397
1396
1886
1397
1397
1466
1466
1397
1397
1397
1467
1886
2374
1467
1467
1397
1396
1397
1466
1467
1467
1397
1397
1396
1466
1467
1397
1397
1397
1467
2444
1396
1466
2375
1396
1466
1467
1466
1396
1397
1396
1467
1397
1397
1397
1467
1397
1397
1467
1467
1397
1397
1467
1397
1467
1397
1397
1467
1467
1397
1397
1397
1397
1397
1467
1467
1396
1466
1397
1397
1885
1397
1397
1397
1886
1467
