1955
1397
1467
1467
1466
1397
1886
1466
1956
1397
1467
1886
1467
1956
1466
1397
1885
1397
1885
1466
1467
1886
1886
1886
1886
1397
1467
1397
1885
1397
1955
1886
1467
1397
1397
1886
1955
1397
1886
1956
1397
1886
1885
1467
1956
1886
1886
1886
1397
1956
1956
1397
1955
1956
1397
1397
1886
1467
1397
1956
1886
1397
1466
1885
1397
1467
1886
1397
1467
1467
1397
1466
1886
1397
1397
1397
1397
978
1886
1466
1466
1467
1885
2375
1467
1397
1397
1467
1396
1397
1886
1955
1397
1397
1396
978
1397
977
11454
2374
2374
977
1886
1397
1397
1396
1816
1467
1886
1397
1466
1397
1467
1467
1466
1397
1466
1397
1397
1397
1397
1956
1397
1397
1467
1467
1467
1467
1396
908
1467
1467
1397
1466
1397
1397
1396
978
1467
1886
1467
1397
1397
1397
1886
1467
1397
1397
1397
1467
1467
1397
1397
1886
1467
1467
1885
1397
978
1885
1397
1467
1467
1467
1467
1466
1397
1467
1397
1955
1396
1886
978
1467
1467
1467
1886
1467
1397
1397
1467
1956
1397
1467
1885
1397
1885
1467
1397
1397
1467
1886
1467
2305
1956
1467
1886
1397
1397
1397
1886
1397
1396
1397
1397
2305
1397
1397
1815
1955
1397
2375
1886
1467
1886
1885
1886
1467
1397
1396
1467
1816
1467
1467
1467
1815
1955
1397
1396
1396
1397
1397
1467
1397
1956
1886
1955
1397
2445
1467
1397
9358
1956
1885
1397
1886
1955
1886
1886
1397
1886
1955
1397
1396
1466
1397
1815
1466
1397
1397
1886
1466
1956
1466
1397
1397
1467
1885
1466
1397
1466
1466
1956
1467
1885
1466
1397
1397
1467
1397
1467
1886
1397
1467
1467
1467
1396
1886
1397
1467
1397
1467
1397
1886
1397
2375
1397
1397
1467
1467
1466
1397
1466
1467
1397
1397
1467
9918
1886
1467
1397
1397
1397
1397
1466
1397
1467
1886
1397
2374
1397
1886
1397
1466
1397
1467
1466
1467
1397
1467
1955
978
1467
1397
1955
1886
1885
1956
1396
1396
1397
1467
1885
1885
1886
1467
1886
1397
1467
1955
1885
1955
1886
1886
1816
1955
1956
2374
1956
2444
1397
1886
1885
1885
1886
1816
1886
1886
1955
1955
1886
1467
1397
1886
1956
4819
1466
1466
1956
1956
1397
1467
1466
1397
1467
1885
1956
1397
1397
1886
1467
1955
1397
1955
1956
1886
1886
1886
1886
1466
1467
2374
2305
1886
1886
1885
1467
1956
1397
1955
1397
1466
1467
1467
1886
1397
1466
1886
1885
1886
1466
1956
1886
1466
1467
1397
1955
1885
1396
1397
1397
1397
1886
1396
1885
1466
1886
1467
1466
1467
1466
1815
1397
1397
1956
1815
1886
1467
1886
1885
1885
1396
1955
1397
1467
1955
1397
1397
1397
1397
1466
1467
1886
1397
1466
1466
1397
2864
1396
1397
1397
1467
1466
1956
1467
1397
1397
1397
1467
1467
1467
1816
1885
1885
1397
1467
1955
1886
1815
1886
1467
1955
1886
1886
1956
1466
1886
1397
1955
1956
1886
1397
1886
1397
1396
1396
1466
4749
1955
1467
1467
1956
1886
1955
1955
1815
1956
1466
978
1397
1956
1397
1886
1396
1886
1467
1886
1397
1397
1886
1955
1886
1886
1886
1886
1397
1467
1886
1466
1397
1467
1467
1467
978
1397
1885
1467
1956
1885
1397
1956
1396
1396
1467
1397
1467
1886
1886
1886
1397
1467
1886
1467
2375
1467
1397
1467
1467
1397
1397
1396
1397
1886
2374
1397
1397
1467
1397
1466
1467
1397
1397
1396
1467
1397
1467
1467
1396
1397
1397
1466
1397
1466
1397
1397
1467
1397
1466
1397
1467
1466
1397
1885
1467
1397
1466
1397
1397
1397
1886
1467
1397
1467
1397
1467
1396
1397
1467
1467
1955
1396
1467
1397
1396
1397
1396
1467
1467
1397
1466
1397
1397
1397
1397
1396
1466
1467
1397
1396
1397
1467
1467
1397
1397
1397
1396
1396
1397
1956
1885
1467
1467
1397
1466
1467
1397
1467
1467
1885
1397
1886
1467
1467
1397
1467
1467
1467
1397
1466
1397
1815
1885
1885
1816
1397
1886
1396
1955
1886
1956
1467
1885
1396
1466
1885
1467
1886
1397
1955
1886
1466
1816
1397
1885
1467
1467
1466
1467
1397
1467
1467
1467
1466
1467
1885
1467
1467
1886
1397
1397
1397
1466
1467
1466
1467
1466
1466
1397
1886
1396
1397
1467
1466
1397
1397
1397
1467
1466
1467
1396
1466
1956
1467
1397
1467
1467
1396
1397
1397
1466
1396
1885
1397
1397
1397
1397
1327
1467
1466
1397
1396
1397
1396
1886
1397
1396
1467
1467
1466
1397
1815
1467
1397
1396
978
1886
908
1467
1397
1397
1397
1467
1397
1397
1397
1397
1466
1397
1397
1467
1397
1397
1467
1885
1397
1886
1956
1886
1815
1886
1956
1816
1955
1816
1396
1397
1397
1397
1467
1467
1886
1466
1466
1397
1467
1467
1397
1397
1396
1886
1397
1397
1397
1467
1397
1466
1397
1397
1397
1397
1397
1396
1396
1397
1956
1886
1466
1397
1467
1397
1397
1886
1467
1397
1397
978
1466
1467
1467
1955
1397
1397
1396
1397
1466
1466
1396
1886
1396
1397
1396
1397
1467
1397
1397
1397
1467
1397
1466
1467
1467
1397
1397
1467
1397
1397
1397
978
1466
1396
1397
1467
1466
1467
1397
1396
1397
1397
1397
1397
1467
1467
1467
977
1467
1397
1466
1397
1397
1397
1397
1956
978
1466
1467
1466
1397
1397
1397
1396
1397
1467
1396
1467
1397
1397
1466
1467
1466
1397
1397
1396
1397
1397
1397
1397
1467
1467
1397
1397
1397
1397
1466
1467
1397
1467
1467
1466
1396
1397
1467
1467
1466
1466
1467
978
1397
1467
1467
1397
1396
978
1397
1397
1467
1467
1815
1397
1397
1886
978
1397
1397
1466
1467
1396
1466
1397
1397
1467
1466
1467
1396
1396
1397
1396
1396
1467
1397
1466
1467
1886
1397
1466
1397
1397
1397
1467
1466
1397
1397
1397
1397
1397
1396
1397
1467
1467
1466
1467
1397
1467
1327
1467
1396
1886
1327
1466
1397
1397
