1955
1886
1885
1886
1956
1955
1886
1955
1956
1467
1956
1956
1816
1467
1956
1885
1886
2374
1396
1886
1467
1956
1886
1955
1466
1885
1397
1467
1886
2374
1885
2375
1397
1396
1397
1397
1466
1466
1397
1466
1397
1886
1396
1397
1467
1466
1397
1467
1885
1397
1396
1397
1466
1886
1467
1886
1886
1397
1467
1467
1397
1466
1397
1466
1467
1397
1466
1467
1466
1467
1397
1467
1397
1397
1397
1466
1467
1467
1467
1397
1956
1886
1466
1397
1467
1397
1397
1467
1396
1397
1466
1397
1956
1467
1397
1396
1885
1955
1467
1956
1467
1397
1397
1397
1397
1467
1885
1397
3352
1955
1886
1886
1885
1886
1885
1467
1397
2375
1467
1886
1816
1467
1886
2374
1955
1816
1467
1397
1467
1886
1885
2374
1956
1885
1955
1956
1886
1886
1886
1816
1955
1816
1467
1955
978
1886
1397
2375
1886
2445
1885
2445
1885
1886
1886
2444
1886
1886
1886
1885
1467
2375
1816
2305
2305
1467
1886
1466
1956
1467
1885
2374
1467
1955
2374
1955
1885
1467
2305
1955
1955
1397
1397
1816
1467
1467
1466
1885
1886
1467
1467
1397
1467
1467
1397
1397
1397
1397
1886
1467
1397
1467
1397
1467
1467
1397
1956
1886
1397
1397
2374
1466
1886
1816
1886
1466
1397
1396
2375
1397
1466
1466
1816
2374
1956
1397
1955
1885
1956
1956
1467
2374
2374
1886
1466
1956
1467
2375
1886
1467
1886
1397
1466
1466
1886
1816
1886
1467
1397
1885
1397
1397
1397
1466
1466
1467
1396
1397
1885
1955
2864
1885
1467
1397
1397
1467
1886
1886
1956
1466
1467
1886
1955
2374
1885
1397
1466
2444
1886
1886
1885
1467
1397
1886
1886
1956
1397
1397
1466
1886
2305
1886
1466
1396
1955
1396
1955
2374
1467
2375
1956
1886
1955
1955
1816
1466
1886
1467
1956
1886
1956
1886
1956
2305
1396
1397
1397
1816
1886
1955
1397
908
1397
1886
1955
978
2374
1467
1467
1466
1885
1955
1397
1466
1886
1886
1467
2374
1397
1886
1397
1886
1885
1955
1955
1955
1397
1397
1886
1886
1886
2444
1956
1397
1397
1885
1955
1397
1467
1467
1467
1467
1955
1466
1467
1466
1886
1467
1466
1956
1886
1397
1956
1956
2444
1467
2794
1466
1397
1397
1397
1466
1466
1397
908
1467
1396
1466
1397
1467
1397
1467
1397
1466
1466
1397
1397
1397
908
1397
908
1397
908
1467
1466
978
1886
1397
1885
1956
1885
1885
978
1816
978
1466
1397
1396
1886
1467
1886
1956
1886
1397
1466
2445
1466
1886
1397
1816
1956
1885
1886
1816
1396
1886
1397
1885
1466
1466
1956
1467
1396
1397
1886
1886
1397
1397
1466
1467
1467
1956
1886
1466
978
1397
1885
1396
1886
1397
1466
1955
1466
1886
1886
1467
1397
1467
1397
1467
1885
1467
1886
1466
1467
1886
1397
1397
1397
1467
1956
1467
1467
1886
1397
1466
1466
1466
1396
1397
1397
1467
1397
1467
1396
1466
1396
1396
1956
1397
1466
1396
1467
1466
1396
1397
1466
1466
1886
1397
1886
1886
1886
1467
1467
1956
1885
1956
1955
1467
1467
1396
1467
1885
1467
2444
1956
1885
1397
1467
1397
1396
1467
1397
1467
1397
1885
1886
1397
1397
2374
1886
1885
1886
1396
2304
1885
2864
1886
1396
1885
1886
1396
1467
1816
2374
1886
1886
1886
1955
1466
1956
1886
1886
1396
1886
1956
1466
1397
1886
2445
1956
1886
1397
1467
2375
1885
1886
1885
1886
1467
2305
1955
1886
1955
1885
1467
1886
1955
1885
1886
1886
1885
1397
908
1467
1467
1885
1885
1467
1886
1466
1467
1397
1467
1397
1956
1397
1466
1466
1467
1956
2374
1467
1885
1397
1397
1467
1397
1397
2445
977
1885
1397
1396
1397
1886
1466
1397
1467
1467
1397
1885
1467
1467
1467
1466
1886
1397
1885
1886
1886
1397
1816
1886
1467
1886
1816
1886
1956
1885
1956
2374
1467
1885
1886
1467
1466
1397
1886
1467
1886
1885
1397
978
1466
1886
1396
2374
1955
1885
1886
1885
1466
1816
2305
1955
1397
2375
1886
1466
1467
1955
1955
1956
1956
1397
1466
2375
1397
1466
1466
1397
1886
1397
1466
1467
2374
1816
1885
1956
1816
1467
1885
1467
1466
1886
1955
1467
1816
1886
1956
1396
1885
1886
1467
1886
1956
1397
1466
1467
1397
1467
1466
1467
1467
1955
1397
1956
1956
1467
1397
1467
1467
1466
1397
1466
1467
978
1956
2445
2304
2374
1956
1397
1466
1466
1886
1885
1886
1885
1397
1467
1886
1955
1467
1397
1467
1397
1467
1397
1397
1467
1956
1956
1816
978
1886
1397
1886
1885
1956
1886
1397
2375
978
1467
1956
1467
1955
2374
1466
1886
1886
1885
1467
1397
1396
2375
1956
1396
1955
1956
1397
1397
1467
1467
2374
2375
1886
1396
1886
1467
1466
907
1466
1397
1397
1467
1466
2375
1466
1397
1886
1886
1397
1886
1467
1397
1886
1886
1396
1467
1397
1467
1466
1886
1467
1466
1467
1467
1467
1955
1396
1467
1467
1397
1886
1466
1397
1397
1397
1467
1397
1397
1466
1886
1397
1466
1466
1397
1466
1397
1886
1467
1397
1397
1466
1396
1467
1397
1466
1885
977
1466
2305
1886
1467
1886
1955
1466
1886
1886
1956
1397
1816
1816
1885
1886
1466
2305
1885
1397
1466
1396
1886
1886
1397
1466
1466
1397
1397
1956
1397
1397
1467
1467
1397
1397
1396
1815
2863
1466
2375
1886
1816
1955
1397
2305
1955
1886
1397
1955
1955
1886
1886
2793
1955
1886
1885
2375
1955
1816
1466
1886
1885
1397
1397
1467
1397
1886
1467
1467
1397
1467
1397
1886
1397
1886
1466
1397
1397
978
1886
1885
1397
1397
1467
1397
1397
1397
1397
2375
1886
1886
1885
1466
1466
2374
1885
1466
1955
1886
1397
1956
1886
1885
1956
1885
1885
1955
1467
1467
1466
1397
1885
1956
1886
1886
1466
1886
1816
1397
1397
1885
1815
1467
1396
1956
1466
978
2375
1467
1466
1956
1886
1467
2374
1886
1886
