1396
1467
1467
1886
1885
1467
1467
1397
1396
1397
907
1397
1397
1397
1397
1397
1467
978
1886
1397
1397
1397
1466
1397
1397
1466
1467
1397
1397
1397
1466
1397
1467
1397
1466
1397
1397
1467
1467
1397
1466
1467
1397
1467
1467
1467
1397
1467
1466
1397
1397
1467
1397
1885
978
1397
1467
1396
1397
1466
1467
1467
1397
1467
1397
1396
1397
1466
1466
1467
1397
1396
1396
1467
1467
1397
978
1466
1397
1397
1467
1397
1466
1397
1397
1397
978
977
1467
1467
1467
1467
1467
1397
978
1396
1885
908
1467
1396
1466
1467
977
1466
978
1466
1467
1397
1467
1397
1467
1397
1466
1397
1397
1397
1886
1397
1466
1467
1396
1397
1467
1396
1467
1397
1397
1397
1397
1467
1466
1397
1466
1397
1467
1397
1886
1396
1467
1886
1397
1467
1397
1396
2864
1467
1467
1956
1467
1396
1397
1467
1467
1397
1467
1467
1397
1397
1397
1466
1397
1397
1396
1396
1397
978
1467
1466
1397
1397
1397
1397
1397
1397
1466
1886
1886
1397
1396
1467
1466
1886
1397
1467
1466
977
1397
978
908
978
1467
1396
1467
1466
1467
1466
1397
1397
1397
1397
1467
1885
1466
1886
1886
1397
1466
1466
978
1397
1397
1396
1467
1467
1467
1397
1397
1397
1397
908
978
1467
908
1466
1886
1467
1397
1396
977
908
1397
1467
1886
1397
1397
1397
1467
1466
1467
908
1816
1397
1397
1467
1467
978
1397
1397
1397
1467
907
1466
1397
1467
1397
1467
1397
1397
1466
1467
1467
908
1397
1466
1467
978
1397
978
1467
1397
1466
1396
1466
1327
978
1397
1955
1467
1397
1397
1397
1466
977
1397
1397
1885
1466
1467
1466
2375
1885
1467
1886
1467
1467
1886
1467
1396
1397
1466
1397
1397
1467
1467
1466
1467
1467
1397
1397
1886
1397
1467
1397
1467
1397
1467
978
1955
1467
1397
1397
977
1397
1396
1397
1396
1397
1396
1397
1467
1397
1466
1466
1397
1397
1397
1466
1467
1397
1466
10337
1397
1467
1467
1397
1467
1886
1467
1397
1397
1397
1397
1397
1397
1397
1396
1467
1467
1396
1467
1397
1396
1467
1397
1397
1467
1397
1467
1397
1467
1397
1466
1956
1396
1466
978
1396
1467
1956
1466
1466
1397
1397
1466
1397
1327
1466
1467
1397
1467
1397
1397
1397
1885
2375
977
1466
1397
1396
1466
978
1397
1397
1466
1466
1466
1397
1397
1886
1467
1467
1467
1397
1467
1466
1397
1397
1397
1396
1466
1467
1886
1397
1467
1816
1466
1467
1396
1396
1467
1955
1467
1466
1397
1466
1466
1397
1397
1396
1467
1397
1396
1397
1396
1397
1467
1467
1886
1467
1467
1885
1466
1956
1467
1397
1397
978
1466
1397
1467
1955
1397
1397
1397
978
1467
1397
1397
1467
1816
1467
1397
1397
1467
1467
1956
1397
1397
1467
1466
1467
1466
1397
1397
1886
1397
1397
1467
1467
1955
1396
1397
1397
1467
1397
1467
1467
1397
978
1467
1397
978
1467
1467
1467
1467
1467
1467
1467
1467
1467
1467
1886
1397
1397
1467
1397
1467
1466
1467
1467
1467
1466
1466
1467
1397
1467
1885
1397
1396
1397
1467
1467
1397
1466
1467
1467
1467
1397
1397
1397
1466
1466
1397
1397
1397
1397
1467
1397
1397
1467
1467
1397
1885
977
1397
1397
1397
1467
1397
1396
1467
1466
1886
1467
1397
1467
1886
1397
1467
1467
1397
1397
1396
1467
1467
1397
1397
1466
1467
1466
1396
1816
1397
1885
1467
1467
1396
1397
1397
1466
1397
1816
1466
978
1467
1397
1396
1397
1467
1467
1397
1467
1396
1886
1397
1467
1397
1467
1467
1397
1396
1396
1397
1466
1467
1396
21091
977
1397
1397
1467
1396
1467
1467
1466
1396
1397
1467
1955
1397
1397
1397
978
1466
1397
1467
1397
1397
1467
1396
1397
1397
1467
1397
1396
1466
1466
1886
1397
1467
8032
1467
1467
1397
1466
1397
1467
1397
1397
1397
1466
1467
1397
1467
1466
978
1397
1397
1397
1467
1397
1396
978
1466
1886
1466
1467
1397
1467
1467
1467
1955
1397
1396
1466
1467
1467
1467
1397
1467
1467
1397
1396
1466
1397
1466
1397
1396
1467
1396
977
1466
1886
978
1466
1397
1397
908
22489
1397
1397
1396
1466
1397
1467
1397
1397
1397
1397
1396
1397
1397
1466
1467
1397
1467
1397
978
1397
1466
1397
1397
978
1397
1397
1397
1397
977
1467
1466
1397
1886
1397
1397
978
1466
1397
1396
1467
1397
1397
1886
1397
1396
1397
1467
1466
7682
1397
1397
1885
1466
1467
1397
1816
1466
1467
1397
1467
1467
7752
1467
1466
1397
1467
1397
1397
1467
1397
1466
1467
32406
1397
1397
1467
1467
1397
907
1397
1885
1955
1397
1397
1397
1397
1466
1467
978
1466
1466
1397
1397
1397
1466
1466
1396
1396
1397
1466
1467
978
1397
1466
1396
1467
1397
1397
1467
1467
1397
1396
978
1885
1397
1397
1467
1397
1397
1467
1397
1467
978
2374
1466
1397
1397
1816
1397
1466
1886
1397
1466
1397
1397
1397
1885
1956
1466
1397
1467
1467
1467
1396
1467
977
1397
1466
1467
1467
1466
1396
1397
1397
1397
1467
1397
1467
1396
1466
1466
1397
1885
1467
1466
1397
1466
1956
1397
1397
1397
978
1397
978
1467
1397
1467
1885
1397
1467
1397
1467
1466
1397
1467
1397
1466
1886
1397
1467
1466
1886
1466
1466
1396
1886
1466
1467
1886
1467
1467
1396
1397
978
1397
1467
1396
1467
1467
1397
1467
978
1397
1467
978
1397
1886
1466
977
1467
1467
1397
1816
1396
1467
1397
1467
1397
978
978
1397
1397
1467
1397
978
1397
1397
1396
1397
1467
1397
1467
978
1397
1397
1396
1467
1467
1467
1397
1467
1886
1467
1397
1467
1397
1466
1467
1467
1467
1467
1397
1467
1397
1466
1467
1397
1397
1397
1397
1397
1467
1886
1397
1467
1466
1397
1397
1467
908
1467
1396
1397
1397
1467
978
1885
1466
1466
1466
