1885
1397
1467
1466
1396
1397
1396
1396
1467
1816
1397
1397
1396
1816
978
1397
1467
1886
1397
1467
1467
1467
1397
1466
1397
1397
1397
1956
1886
1397
1397
978
1397
1397
1886
9010
1397
1396
1467
1397
1466
1397
1397
1885
1397
978
1397
1467
1886
977
1397
1467
1397
1886
1467
1397
1956
1397
1467
1397
1467
1467
908
1467
1467
1397
1397
1397
1397
1467
1466
1886
1886
1885
1466
1467
1467
1955
1816
1397
1467
1956
1466
1955
1886
1886
1466
1397
1886
1397
1467
1467
1886
1816
1467
1397
1397
1955
1886
1816
2863
1886
1467
1816
1886
1955
1886
1885
2793
1886
1886
1397
1816
1885
1956
1886
2444
2444
1955
1466
1885
1956
1397
1467
1886
1397
1956
1885
1886
1886
1466
1886
1955
1956
1886
1467
1955
1467
1956
1466
1397
1397
1885
1885
1886
1956
1956
1466
1467
1466
1466
1397
1467
1886
1397
1886
1396
1886
1466
1467
1955
1397
977
1397
1466
1956
978
1397
1397
1886
1397
1885
1467
1397
1397
1466
1467
1886
1816
1397
1397
1816
1467
1397
1397
1397
8171
1397
1467
1397
1466
1397
1396
1397
1466
1397
1466
1467
1466
1886
1397
1397
1466
1397
1466
1397
1886
1397
1467
1466
1956
1886
1466
1886
1956
1396
1816
1397
1886
1467
1396
1467
1467
1396
1397
1467
1397
1396
1467
1885
1467
1466
1397
1466
1397
1467
1466
1467
1466
1466
1466
1397
1886
1397
1397
1467
1886
1397
1467
1467
1466
1397
1467
1467
1466
1467
1397
1397
1397
1397
1467
1467
1886
1397
907
1886
1397
1956
1467
1885
1397
1886
1397
1397
1397
1397
1467
1396
1466
1886
1816
1396
1467
1467
1956
1397
1397
1466
1885
1397
1396
1396
1466
1886
1396
1885
1955
1397
2445
1397
1956
1397
1956
1467
1397
3772
1885
1466
1397
1396
1397
1397
1466
1397
1397
1397
1467
1466
1397
977
1397
1467
1396
1467
1886
1397
1467
1467
1467
1467
1467
1467
1397
1886
1956
1396
1956
1886
1816
2375
1886
1397
1396
1955
1886
1467
1886
1396
1467
1816
1397
1886
1397
1467
1886
1885
1886
1397
1467
2374
1397
1397
1396
1815
1397
1397
1467
1467
1397
1397
1467
1397
1397
1466
1466
1397
1466
1397
1467
1397
1466
1466
1466
1397
1466
1397
1397
1397
1886
1467
1397
1467
1885
1956
1956
1396
1397
1467
2374
1467
1467
1397
1886
1956
1397
1397
1955
1885
1467
1467
1467
1467
1467
1397
1397
1466
978
1397
1467
1397
1467
1397
1467
1397
1396
1397
1397
1467
1886
1466
1886
1466
1816
1467
1397
1396
1397
1466
1396
978
1467
1397
1466
1467
1467
1466
1467
1886
1885
1397
1466
1397
1397
1467
1467
1397
1467
1886
2375
1397
1956
1886
1886
1467
978
1397
1396
1467
1466
1396
1397
1467
1886
1466
1467
1397
1397
978
1955
1466
1467
1397
1886
1467
977
1397
1397
1397
908
1885
1467
1466
1397
1467
1397
1397
1466
1885
1397
978
1397
1467
1885
1886
1396
1396
1956
1466
1467
1467
977
1397
1886
1466
1885
978
1397
1397
1397
978
1397
1397
1466
1466
1467
1467
1467
1466
1397
1397
1397
1397
1467
1397
1467
1467
1467
1397
1396
1397
1467
1466
1397
978
1467
1466
1955
1956
1466
1886
2305
2375
1885
2444
1886
1467
1467
1815
1467
2863
2374
1466
1886
1816
1397
1956
1397
1467
1397
1397
1397
1467
1397
1467
1466
1397
1397
1397
1397
1466
1397
1396
1397
1886
1397
1466
1397
1467
1466
1397
1397
1467
1397
1397
1816
1466
1885
1466
1396
1886
1955
2445
1467
1467
1466
1467
1467
1397
1397
1467
1467
1466
1396
1397
1397
1397
1397
1886
1466
1397
1397
1396
1467
1396
1396
1467
1466
1466
1397
1466
1397
1466
1466
1467
1467
1397
1467
1886
1467
1397
1466
1397
1886
1397
1396
1466
1397
1397
978
1955
1467
1397
1886
1466
1397
1885
1886
1466
1397
1467
1466
1467
1397
1397
1467
1467
1397
1467
1466
978
1466
1886
1467
1467
1397
1467
1816
1397
2864
1467
1396
1467
1397
1466
1466
1467
1467
1886
1397
1467
1397
1397
978
1467
1467
9568
1397
1397
1467
1397
1886
1886
1886
1467
1955
1956
1956
1397
1467
1397
1886
1956
1886
1956
1397
1885
1956
1955
1886
1885
2305
1886
1956
1816
1955
1467
1397
1397
1886
1886
1467
1956
1397
1885
1467
2375
1397
1397
1885
1885
1886
2304
1397
978
1466
1467
1397
1467
1397
1467
1397
1886
1466
1886
1467
1467
1397
1397
1886
1396
1397
977
1397
1397
1397
1467
1466
1397
1397
1466
1396
1466
1397
1397
1397
1955
1467
1466
1466
1467
1885
1886
1397
1397
1397
1467
1396
1396
1956
908
1886
1397
1397
1466
1397
1397
1467
977
1467
1467
1467
1396
1466
1467
1397
1397
1467
1466
1467
1886
1466
1397
1886
1467
1397
2864
1467
1397
977
1467
1397
1466
1956
1466
1397
1396
1397
1397
908
1467
1397
1397
1397
1466
1397
1467
1466
1397
1397
1467
1466
1467
1397
1885
1397
1397
1467
1467
1397
1467
1397
1955
1467
1397
1397
1397
1466
1396
1467
1467
1397
1397
1466
1886
1885
1467
1397
1467
1886
1467
1397
1466
1397
1467
1397
1397
1816
1885
1816
1955
1397
1886
1956
1956
1397
1397
1467
1956
1397
1466
1467
1467
1467
1397
1397
1467
1397
1467
1397
1397
1397
1955
1956
1397
1466
1467
1815
1467
1886
1397
1467
1956
1397
1397
1467
1886
1397
1467
1467
1397
1886
1955
1467
1397
1467
1466
1397
1467
1956
1466
1467
1467
1466
1467
1466
1397
1466
1886
1397
1466
1885
1397
1397
1397
1397
1397
1467
1396
1467
1467
1397
1467
1467
1397
1467
1397
1467
1467
1397
1955
1467
1886
1397
1956
1467
1396
1397
1467
1467
1886
1886
1467
1467
1397
1467
1467
1885
1467
1397
1397
978
1467
1467
1397
1397
1467
1397
1466
1397
1885
1397
1396
1466
1467
1466
8172
1397
1466
1466
1397
