1467
1397
1467
1467
1467
1466
1467
1397
1467
1466
1397
1466
1397
1956
1397
1467
1466
1467
1886
1886
1956
9079
1466
1956
1885
1956
1885
1466
1397
1885
1886
1397
1886
1466
1396
1397
1467
1467
1397
1886
1397
1956
1397
1885
1466
1467
1396
1956
1886
1955
1466
1955
1467
1886
1397
1466
1467
1397
1886
1466
1397
1396
1397
1466
1396
1956
1397
1467
1885
1956
1467
1885
1397
1467
1397
1466
1397
1466
1467
1467
1397
908
1397
1397
1397
1466
978
1467
1397
1886
1467
1467
1956
1466
1886
1396
1467
1467
978
1467
1467
1397
1466
978
1466
1396
1885
1886
1467
1467
1467
1397
1466
1466
1885
1467
1467
1467
1467
1466
1397
1886
1467
1397
1397
1467
1885
1467
1886
1467
1885
908
1956
1467
1885
1956
908
1397
1397
1467
1466
1886
1466
1466
1397
1885
1816
1397
1397
1467
1885
978
1467
1956
1466
1956
978
1397
1955
1815
1886
1397
1397
1397
1955
1467
1886
1397
1466
1466
1467
1466
1396
1466
2374
1466
1956
1467
1397
1397
908
1467
1397
1397
1397
1885
1396
1885
2374
1397
1467
1466
1466
1885
1467
1886
1467
1466
1467
1467
1396
1397
1397
1467
1955
1397
1397
1816
1466
1397
1466
1466
1886
1467
1886
1397
1467
1886
1886
1397
1466
1467
1396
1397
1397
1397
1396
1397
1397
1397
1466
1397
1396
1467
1397
1467
1397
1396
1885
1397
1886
1886
1466
1396
1397
1886
1397
1467
1467
1885
1466
1467
1397
1397
1955
1467
1885
1815
1397
1467
1396
1467
1467
1396
1467
1467
1397
1397
1955
1397
1467
1397
1467
1397
1397
1467
1397
1466
1467
1886
1467
1467
1397
1397
1466
1886
1816
1467
1396
1466
1815
1396
1886
1467
1956
1397
2374
1955
1956
2445
1886
1396
1816
2374
1886
1886
1397
1397
1397
1467
1396
1397
1397
1467
1467
1397
1397
1396
1396
1397
1467
1467
1466
1397
1467
2374
1886
1885
1397
1466
1467
1467
1397
1397
1466
1886
1397
1397
1885
1886
1467
1955
1396
1397
908
1397
1467
1396
1397
1466
1886
1397
1467
1397
1466
1397
1956
1397
4260
1396
1397
1467
1467
1396
1467
1396
1397
1467
1397
2305
1467
1466
1885
1466
1886
1397
1885
1885
1466
2864
2305
1886
1886
1397
1885
1956
1397
1816
1467
1467
1397
1397
1397
1466
1467
1396
1885
1397
1397
1397
1397
1466
1396
1466
1955
1397
1886
1396
1467
1467
1956
1396
1467
1397
1466
1466
1466
1397
1467
1397
1397
1816
1467
1467
1467
1397
1467
1397
1467
1467
1885
1397
1396
1467
1467
1466
1466
1467
1466
1886
1397
1466
1886
1397
1396
1886
1886
1816
1466
1466
1466
1467
1397
1396
1397
1466
11384
1396
1956
1886
1955
1886
1955
2374
1956
1816
1885
11454
1886
1885
1467
1467
1885
1467
1467
1886
1467
1397
1467
1467
1955
1397
1886
1466
1466
1467
1397
1397
1397
1467
1467
1886
1466
1886
1956
2374
1466
2375
1886
1467
1467
1467
1467
1397
1466
1467
1397
1886
1886
1467
1397
1466
1466
977
1397
1397
1466
978
1466
1397
1397
1467
1466
1397
1397
1397
908
1397
1397
1467
1467
1467
1467
1467
1396
1467
1397
1955
1885
2444
1955
1886
1466
1397
1467
1466
1396
1466
1397
1467
1396
1467
1466
1467
1397
1466
1397
1466
1885
1396
1466
1467
1467
1466
1886
1467
1397
1327
1467
1397
1397
1466
1467
1466
1327
1397
1466
1397
1397
1467
1886
1397
1467
1467
1466
1396
1466
1397
1466
977
1467
1467
1397
1396
1467
1467
1466
1467
1397
1956
1396
1397
1466
1396
1885
1396
1397
1397
1397
1397
1396
1467
1397
1397
1397
1467
1397
1466
1886
1397
1397
1396
1397
1467
1397
1467
1467
1467
1886
1466
1397
1397
1467
978
1467
1467
1466
1467
1467
1397
1466
1467
1396
1397
1467
1397
978
1467
1397
1467
1397
1397
1466
1397
1467
1467
1397
1886
1467
1397
1397
1397
978
1397
1396
1397
1466
1886
1467
1467
1396
1397
1466
1467
1397
1466
1466
1466
1397
1466
1467
1466
1886
1467
1467
1397
1397
1467
1397
1467
1466
1886
1397
1397
1397
1396
1467
1396
1886
1466
1467
1396
1397
1397
1466
1467
1397
1397
1397
1466
1397
1397
977
1467
1397
1467
1466
1467
1466
1886
1397
1396
1397
1397
1396
1397
1397
1397
1397
1467
1467
1397
978
1466
1397
1466
1397
1466
1397
1397
1396
1467
1467
1467
1397
1467
1397
1397
1397
1886
1886
1467
1397
1397
1396
1466
1467
1397
1467
1467
1397
1397
1885
1886
1397
1816
1396
1466
1885
1397
1467
1886
1397
1397
1397
1467
1467
1397
1397
1396
1397
1397
1397
1467
1397
1467
1467
1397
1886
1397
1467
1397
1466
1396
1467
1397
1467
1397
1397
1397
1466
1466
1397
1397
1467
978
1397
1466
1397
1397
1467
1397
1467
1466
1466
1397
1466
1467
1467
1467
1397
978
1397
1397
1397
1397
1467
1467
1467
1467
1397
1396
1397
1885
1396
1466
1467
978
1467
1467
1466
1396
1466
1467
1397
1467
1467
1466
1397
1467
1466
1397
1397
1397
908
1467
1397
1466
1396
978
1397
1397
1467
1397
1397
978
1886
1397
1397
1466
1885
978
1467
1397
1885
1396
1396
978
1467
1467
1467
1397
1397
1397
1467
1467
1467
1397
1467
1885
1955
1466
1397
1467
1397
1466
1397
1885
1466
1466
908
1396
1467
1467
1466
1467
1397
1467
1467
1397
1397
1467
1467
1466
1396
1886
1397
1467
1397
1466
1397
1397
1396
1397
1397
1467
1397
1467
1955
1466
1397
1396
1466
1467
1466
1466
1466
1467
1396
1466
1816
1397
1467
1397
1466
1886
1397
1466
1467
1467
1397
1467
1467
1397
1397
1397
1397
1397
1467
1397
1397
1955
1397
1886
1886
1397
1466
1466
1396
1396
1886
1466
1467
1397
1397
1397
1886
2793
1886
1886
1886
1885
1467
1956
1956
1467
1396
1396
1886
1886
1397
1466
1397
1886
1397
1396
1397
1467
1397
1396
