1397
1467
1467
1467
1397
1397
1397
1955
1886
2375
1397
1955
2375
1886
2305
1886
1885
1956
1885
1397
2374
1955
1467
1955
1467
1397
1467
1467
1397
1397
977
1397
1397
1467
1466
1466
1467
1467
1397
1397
1397
12432
1886
1396
1467
1397
1467
1467
1467
1396
1397
1397
1397
1397
1467
1397
1397
1886
1397
1397
1397
1396
1815
1467
1397
1397
1397
1397
1467
1397
1886
1467
1397
1397
1397
1466
1397
1955
1956
1886
1955
1466
1466
1467
1397
1396
1397
1396
1396
1397
1466
1466
1467
1467
1397
1397
1886
1466
1396
1396
1466
1467
1886
1397
1397
1467
1467
1397
1466
1397
2305
1955
1467
1886
1467
1886
1886
1886
1886
1816
2375
1886
1886
2375
1955
1397
1397
1397
1886
1885
1467
1397
1886
1397
1397
1467
1886
1467
1397
1397
1327
1396
1466
1397
1467
1467
1397
1397
1467
1397
1466
1397
1466
1467
1397
1955
1955
1885
1886
1885
1397
1466
1467
1467
1885
3771
1886
2305
1955
1885
1397
1885
1886
2444
1886
2374
1886
1397
1467
1467
1467
1956
1397
1467
1467
1886
1397
1397
1467
1956
1397
1467
1397
2374
1397
1467
1886
1397
1467
1886
1467
1466
1466
1397
1397
1885
1397
1396
1397
1885
1467
1396
1956
1397
1467
1466
1396
1397
1466
1955
1466
1466
1397
1956
1397
1397
1886
1397
1886
1396
1955
1397
1396
1397
1467
1396
1397
1397
1397
1467
1396
1467
1885
1956
1956
1467
1956
2375
2444
1886
1397
1955
1956
1886
1886
1955
1885
2375
14666
1956
1955
2375
1956
1956
1886
1956
1886
1886
1397
1956
1886
2374
1397
1886
1886
2375
1466
1886
1886
1397
1886
1885
1885
1886
1886
1397
1467
1886
1886
1467
1885
1397
2375
1397
1886
2374
1886
1397
1885
1886
1886
1886
1816
1397
1955
1955
1397
1885
1466
1397
1816
2375
1956
1886
1397
1396
1397
2863
1885
1467
1885
1886
1396
1467
1885
1466
1955
1886
1467
1397
1955
1467
2305
1956
1885
1397
1886
2864
1397
1886
1467
1396
1397
1885
1467
1956
1816
1886
1955
1955
1467
1886
1886
1397
1396
1397
2375
908
1886
1885
1956
1397
2375
9079
1467
1886
1955
1886
1885
2374
1955
1467
1397
1467
1885
1466
1467
1466
1955
1397
1886
1467
1396
1397
1467
1397
1467
1467
1467
1955
1397
1397
1885
1397
1467
1397
1816
1816
1467
978
1956
1396
1397
1396
1397
1467
1885
1396
1956
1467
1467
1397
1886
1466
1397
1397
1885
1886
1466
1396
1467
1397
1467
1885
1466
1397
1397
1397
1396
1397
1955
2375
1956
1885
1397
1397
1467
1885
1886
1886
1956
1397
2375
1886
1956
1816
1886
2374
1886
1886
2445
1886
1885
1816
1886
1955
1956
1397
1467
1397
1467
1466
1886
1467
1467
1467
2374
3353
1955
1467
1886
1956
1886
2305
1886
1886
1886
1955
1397
1467
1815
1397
1467
1397
2305
1466
1885
1956
1815
1396
1466
1467
1396
1886
1886
1956
1467
1397
1886
1886
1886
1397
1397
1467
1467
1467
1397
1397
1397
1885
1397
1467
1467
1886
1956
1467
1467
1467
1955
1397
1956
1397
1396
1886
2444
1886
1956
1956
1467
1397
1885
1955
1467
1886
1467
1886
1397
1886
1885
1886
2374
1886
1886
1885
1816
1466
1885
2375
1397
1956
1467
1466
1886
1467
1397
1466
1467
2375
1956
1885
1886
1886
978
1886
1397
1467
1466
1467
2375
1885
1956
1397
1397
1955
1886
1397
1396
1886
1467
1467
1466
1955
1467
1396
1397
1397
1396
1397
1816
1466
1397
1467
1467
1397
1886
1397
1885
1886
1466
1467
1397
1467
1397
1397
1886
1467
1815
1396
1467
1467
1397
1396
1467
1396
1397
1467
1467
1886
1466
1886
1955
1397
1467
1466
1467
1466
1397
1955
1466
1466
1466
1397
1955
1886
1955
1886
1466
1955
1466
1886
1816
2375
1886
1956
1886
1396
2445
1956
1955
1885
1886
1397
1885
1955
1816
1466
1466
1396
1886
2375
1955
1955
1466
1466
2375
1886
1955
1886
1886
1955
1886
1816
1466
1397
1886
1396
1396
1956
1397
1816
1397
1397
1466
1397
1396
1397
1467
1467
1467
978
1956
1397
1397
1466
1467
1467
1397
1467
1467
1397
1956
1467
1467
1397
1467
1397
1467
1397
1467
1397
1396
1955
1885
1397
1397
1955
1397
1397
1466
1397
1397
1397
1467
1397
1466
1397
1466
1397
1467
1466
1467
1396
1467
1467
1467
1397
1466
1467
1466
1467
1397
1466
1397
1886
1467
1467
1956
1397
1396
1397
1885
1466
1467
1886
1467
1397
1397
1397
1467
1397
1397
1466
1397
1466
1467
1397
1467
1397
1397
1466
1397
1467
1467
1816
1886
1886
1956
20324
1466
1885
1467
1397
1466
1466
1467
1397
1397
1886
1956
1397
1467
1466
1956
1886
1886
1467
1816
1956
1397
1466
1955
1466
1955
1955
1466
1885
1885
1397
1885
1886
1886
1467
1886
1397
1466
1467
1397
1397
2375
1886
1955
1886
1885
1466
1886
1956
1816
1467
1466
1955
1956
1955
2375
1885
1886
1955
1886
1397
2375
1886
1466
1956
1886
1885
1397
1467
1397
2374
1467
1466
1467
1885
1466
1467
1397
1396
1467
1467
1397
1467
1397
1467
1397
1397
1397
1956
2444
1397
1885
1467
1886
1886
1956
1396
1397
1886
1397
1396
1467
1467
1466
1467
1396
1467
1467
1397
1955
1327
1816
1467
1467
1955
1467
1885
1955
1397
1466
1397
1466
1397
1467
1466
1886
1397
1467
1955
1886
1467
1467
1886
1397
977
1886
1396
1885
1396
1886
1467
1397
1886
1396
1956
1885
1467
1467
1466
1397
1396
1466
1466
1397
1886
1467
1956
1955
1397
1467
1467
1397
1467
1396
1396
1467
1467
1467
1886
1886
1467
1396
1467
1467
1396
1885
2305
2304
1956
1467
1467
1955
1885
1886
1885
2374
1886
1885
1397
1397
1397
1956
1397
1397
1397
1467
1397
1467
2375
1886
1956
1885
1955
1885
1466
1467
1397
1467
2445
1816
1885
1956
1956
1467
2374
2374
1886
1466
1886
1886
2375
1886
1955
