18019
1397
908
1397
1397
908
978
1397
1467
1397
1396
1467
1396
1397
1397
1397
16063
1467
1397
1467
1467
1467
1397
1397
1397
1397
15644
1397
1467
9149
1397
1467
1397
1397
1397
1467
2375
978
2305
1467
978
1886
1886
2445
978
978
1467
1397
1397
1467
1397
1467
1397
1466
1467
1885
1396
1956
1397
1467
1886
1467
2374
1397
1397
1397
1956
978
1397
1467
1397
1397
1397
978
1396
1956
1956
1466
2375
1466
1816
1466
1397
1466
2444
1397
1956
1886
2375
8101
1397
1397
1397
1397
1397
1885
1397
1397
1396
1397
1397
1467
1886
1466
1886
1397
1886
1886
1397
1327
1467
1956
1397
1397
1955
1886
1397
1466
1397
1467
1397
1396
1956
1467
1886
1396
1466
1955
1467
1466
977
1466
1397
1956
1467
1467
1886
1397
1467
1397
1886
1396
1467
1467
1397
1885
1467
1467
1397
1466
4330
2375
1885
9987
1467
1466
1397
1397
1397
1467
1397
1885
2374
1467
1467
2375
1397
1397
1397
978
1397
1397
1886
1467
1466
978
1467
1397
1886
1467
1467
1467
1467
1467
1397
978
1467
1467
1467
1397
1467
1397
1886
1885
1955
1397
1467
978
1397
977
1467
978
1397
1397
1467
1466
1397
1956
1397
1397
1467
1886
1956
1467
1886
1467
1466
2375
1397
1397
1397
1955
1466
1467
1886
1886
1467
1397
1886
1467
1396
1467
1397
1397
1815
1397
1885
1886
1955
1397
1397
1397
1397
1467
1467
1397
1886
978
1467
1397
1397
1467
1467
1397
908
1397
1466
1467
1467
1467
1396
978
1956
1816
1467
1397
1397
1397
1467
1956
1955
1466
1466
1956
1886
1397
1397
1396
1467
1397
1397
1396
1397
1467
1467
978
1467
1397
1397
1396
1467
1886
1886
1466
1397
1467
1396
1886
1396
1467
1396
1466
1886
1397
1467
1886
1886
1397
1397
1397
1397
1467
1466
2374
978
1886
1397
1397
1956
1397
1886
1397
1397
1467
1397
1397
1467
1466
1955
1466
1466
1397
1397
1396
1467
1467
1886
908
908
1467
1956
1397
1467
978
1467
1467
1466
1397
1466
1467
1397
1397
1466
2445
1467
1466
1816
1467
1397
1956
1397
1956
1466
1466
908
1397
1467
1466
1467
908
1396
1886
1466
1467
11105
1466
1885
1397
2375
2375
2375
1466
1467
1397
1466
1885
1467
1397
1886
1397
1956
1397
2375
1886
1816
1397
1466
1885
1955
1397
1886
1397
1397
1466
1397
1467
1397
1397
1955
1886
1466
1467
1397
1886
1885
1886
1466
2374
1466
1885
1956
1397
1397
1467
1956
1466
1397
1886
1397
1466
1886
1467
1955
1467
1467
1397
1467
1397
1467
1397
1955
1466
1466
1886
1466
1886
1397
1397
1956
1886
1955
1956
1885
1956
1397
1467
1397
1885
1886
1885
2445
1886
1955
1466
1955
2375
1956
1397
1956
1886
1397
45745
1397
1956
1397
1467
1885
1886
978
1956
1397
1397
1467
1955
1467
1466
1467
1467
1466
1886
1397
1956
1886
1397
1467
1886
1886
1397
1815
1466
1956
1956
1466
1955
1466
1397
1886
1397
1396
1397
2444
1955
1466
1467
1466
1466
1397
1886
1397
1397
1396
1466
1955
1467
2445
1397
978
1397
1467
1466
1467
1886
1885
1397
1397
2375
1467
1467
1397
1397
2375
1467
1466
978
1466
1397
1955
1397
1467
2375
1886
908
1467
1396
1467
977
1467
1467
1397
1397
978
2375
1466
1396
1396
1956
1397
1467
1467
1467
1956
1466
1955
1886
1397
1955
1397
1397
1467
1397
978
1396
978
977
1467
1886
1956
1467
1466
1885
1955
1397
1886
2374
1466
1397
1467
1466
1467
978
1397
1467
1466
1397
978
978
1397
1886
1397
1956
1467
1397
1886
1466
1397
1956
1396
1397
1955
1885
1467
1397
1397
2305
1397
1397
1397
1397
1397
1397
1397
1466
1397
1956
1397
1955
1467
1466
1397
1467
2375
1467
1885
1816
1466
1467
1467
1466
1397
1466
1816
1956
1466
1956
1956
1466
1397
1467
1467
1885
1397
1397
1467
1955
1955
1397
2374
1886
1467
1397
1397
2375
1467
1397
1397
1467
907
1467
1396
1397
977
977
1467
978
10477
1466
1396
1396
1466
1886
978
1467
1397
1466
1466
2374
1885
977
1466
1885
2305
1467
1467
1397
1467
1467
1467
2375
2375
1397
1397
1397
1397
978
1396
1467
1467
1397
1397
1466
1397
1466
1886
1396
977
978
1886
908
1467
1467
1467
1397
1467
1467
1397
1886
1396
1397
1397
1885
1397
1396
1466
1467
1466
1467
1397
1466
1886
1397
1397
1397
1467
1397
1397
1467
1467
1955
1397
978
1466
908
1397
1397
978
1466
1467
1397
978
1466
1956
1397
1397
1397
1886
1396
1886
1467
978
1397
1467
1397
1397
1397
1397
1397
1397
1466
978
1397
1466
1467
1397
1397
1396
1466
1397
1466
1466
1467
1466
978
1466
978
1466
1396
978
1397
1396
1467
1397
1467
978
1467
978
1467
1467
1467
1396
1396
1396
908
1397
1396
1396
1467
1397
1397
1397
1396
1467
1467
1396
1467
1397
1397
978
1466
1397
1396
1467
1397
1397
1466
1467
1467
1467
1466
1397
1397
1467
1466
1396
1397
1467
1396
1467
1467
1396
1397
1396
978
1467
1466
1886
1397
1467
1397
1397
1397
1396
1396
1397
1397
978
1467
1467
1467
1397
1397
1466
1397
1467
1397
1467
1956
978
1397
1397
1466
977
1466
1466
1397
1467
1397
1466
1886
1955
978
1397
978
1397
1397
1467
1397
1466
1467
1467
1397
1466
1956
1397
1467
1397
1397
1397
1816
1397
1467
1466
1397
1466
1397
1467
1397
1397
978
908
1396
1467
1467
1466
1467
1397
1466
1397
978
1467
1397
1466
908
1397
1467
1467
978
1467
978
1467
1397
1397
1467
1397
977
1467
1397
1397
977
1466
1467
1467
977
1886
1467
1467
1466
1466
1467
1467
1467
1397
1467
978
1466
1397
1397
1397
1397
1396
1467
1396
1467
1467
1397
1397
1397
1466
1397
1396
1466
1397
1466
1467
1397
1466
1397
1396
977
1397
1397
