1816
1397
1466
1467
1397
1397
1397
1466
1467
1467
1397
1397
1886
1466
1467
1397
1397
1396
1467
1466
1466
908
1466
1467
1397
1467
1467
1466
1397
1397
1397
1467
977
1397
1397
907
978
1397
978
1397
1396
1886
1467
1466
1397
1466
1397
1396
1397
1885
1467
1886
1466
1397
1467
1467
1397
1396
1467
1396
1466
1397
1397
1467
7752
1466
1397
1396
1466
1467
1397
1396
1397
1467
1467
1816
1466
1467
1467
1885
1397
1816
1886
1397
1886
1466
978
908
1396
1467
1397
1397
1466
1397
1397
1397
1885
1397
1467
1397
1466
1467
1397
1816
1397
1397
1467
1396
1397
1467
1467
1466
1467
1466
1397
1397
1466
1467
1397
1466
1466
1955
1467
1467
978
1397
1397
1397
1886
977
1466
978
1396
1396
1397
1397
1397
978
1466
1467
1466
1397
1466
1397
1397
1397
1467
1397
1467
1397
1956
1886
1467
1397
1397
1396
1466
978
1397
1397
1397
1466
1467
1397
1466
1397
1397
1397
1397
1467
1467
1466
1397
1467
1467
1397
978
1397
978
1467
978
1467
1467
1467
1467
1467
1466
1467
1397
1466
908
1397
1466
1466
1396
1467
1397
1397
1467
1397
1467
1396
1397
1467
1956
1467
1397
978
1397
1397
1396
1397
1397
1885
1466
1467
1466
1396
1466
1467
1466
1466
1396
1467
1466
1466
1467
1466
1886
1466
1467
1397
1397
1396
1397
1397
978
1467
1466
1467
1467
1396
1327
1467
1397
1397
1396
1467
1466
1467
1467
1466
1397
1466
1467
1397
1466
1397
1467
1467
1397
1397
1467
978
1467
1466
1396
1466
1397
1397
1467
1397
1397
1397
1467
1397
1397
1397
1397
1886
1396
1467
1397
1397
1397
1396
1886
1397
1467
1467
1467
1397
977
1397
1467
1466
1396
1467
1397
1397
1466
1397
1467
1397
1397
1397
1397
978
1467
1396
1886
1467
1396
1397
1467
1466
1466
1397
1466
1466
1397
1327
1396
1466
1397
1466
977
1397
1466
1466
1466
978
1397
1397
1467
1467
1466
1397
1466
1397
977
1466
1397
977
1467
1885
1396
1466
1467
1396
1467
1466
1467
978
1397
1397
1466
1466
1467
1467
1397
1466
1397
1397
908
1397
1467
978
1397
1466
1467
1467
1466
1397
1466
1397
1466
1397
1396
1467
1397
1397
1467
1467
1467
1467
1397
1467
1466
908
1466
1396
1467
1397
1397
1467
1467
1466
1467
1467
1397
1397
1397
1397
1327
1466
1397
1467
1467
1397
1397
1397
1467
1466
1467
1466
1397
1397
1886
977
977
1397
1397
1397
1886
1886
1956
1467
1397
1886
1815
1467
1397
1397
1467
1467
1466
1467
1397
1396
1886
977
1886
1397
1467
1397
1396
1467
1466
1397
1397
1886
1397
1397
1397
1467
1467
1886
1396
1466
1397
1397
1467
1397
1397
978
1466
1466
1397
1467
1397
1466
1397
1396
1816
1397
1397
1397
1886
1885
1467
1467
1397
1397
1397
978
1397
1467
1466
1467
1955
1816
1955
3422
1886
1396
2305
1467
1396
1397
1885
1397
1396
1466
1397
1467
1397
1466
1397
1956
1467
1466
1467
978
1397
1467
1397
1397
1886
1397
1397
1396
1397
1397
1467
1396
1886
1467
1397
1467
908
1397
1397
1467
1466
1397
1467
1397
1815
1466
1397
1397
1397
1396
1397
1397
1467
1397
1397
1397
978
1397
1467
1886
1397
1396
1397
1397
1397
1467
1466
1397
1397
1467
1467
1396
1397
1467
1467
1467
1466
1397
1466
1397
1886
1397
1396
1397
1467
1466
1396
1397
1397
1467
1397
1467
1397
1397
1397
1467
1467
1886
1396
1397
1397
1816
1397
1467
1467
1397
1466
1396
1396
1467
1397
1467
1467
1397
1467
1467
1467
1467
978
1397
1886
1397
1396
1397
1397
1466
1396
1466
1467
1467
1467
1467
1467
1467
1396
1397
1886
1397
978
1397
1397
977
1467
1397
1466
1466
1467
1397
1396
1397
1397
1397
1467
1886
1467
1397
1467
1396
908
1397
1815
1397
1397
1467
1466
1397
1397
1397
1397
1397
1397
1466
1397
1397
1466
1466
1397
1397
1467
1396
1397
1886
1816
1396
1466
1467
1816
1886
1466
1467
1396
1397
1886
1467
1467
1467
1397
1397
1466
1466
1467
978
1467
2374
1886
1466
1397
1397
1467
1396
1467
1886
1467
1396
978
1397
1885
1467
1397
1466
1397
1397
1397
1397
1396
1466
1467
1467
1467
1467
978
1396
1466
1466
1467
978
978
1467
1467
1466
1467
1397
1467
1466
1467
1327
1397
1467
1397
1816
1397
1467
1466
1466
1467
1956
977
1467
1397
1397
908
1466
1397
1466
7123
1397
1396
1396
1467
1886
1397
1397
1396
1885
1397
1397
1467
1466
1467
1397
1396
1397
1467
1467
1466
1466
978
1467
1467
1397
1397
1397
1397
1397
1467
1466
1397
1397
1467
1397
1397
1397
1397
1397
1397
1886
1396
1397
1467
1467
1467
1885
1397
1467
1467
1397
1467
978
1885
1466
1397
1467
1396
1466
1467
1467
1397
907
1397
1885
1397
1467
1397
1466
1886
1467
1466
1396
1397
1466
1397
1467
1396
1467
1397
1397
1397
1397
978
1886
1467
1396
1467
1466
1397
1397
1396
1396
1397
1397
1397
1467
1396
1397
1467
1467
1885
1466
1397
978
1466
1466
1467
1466
978
1467
1397
1885
1886
1396
1467
1396
1467
1467
1886
1397
1466
1466
1885
1397
1397
1467
1467
1466
1466
1397
1815
1467
1467
1397
908
1467
1397
1466
1397
1466
1886
1467
7612
1467
1397
1397
1886
1886
1886
1397
1816
1396
1397
1467
978
1397
1467
1397
1397
1886
1396
1397
1397
1467
1467
1467
1397
3422
1397
1396
1956
1467
1955
1467
1397
1397
1396
1467
1466
1397
1467
1886
1467
1397
978
1396
1397
1397
1397
1466
1466
1466
908
1397
1397
1467
1886
1397
1397
1397
1467
1885
1397
1396
1397
1397
1467
1886
1397
1396
1397
1467
1397
1466
1467
1397
1397
1397
1466
978
1397
1397
978
1397
1397
1397
1396
1467
1467
1397
1467
1397
1397
1397
908
1467
1467
1466
1467
1397
