1467
1397
1397
1467
1397
1466
1466
1467
1467
1397
1467
1467
1396
1466
1397
1396
1397
1397
1467
1397
1397
1466
1466
1396
978
1466
1396
1885
1397
1956
1886
1886
1886
1396
1956
1467
1396
1467
1885
1397
1397
1886
1886
1466
1885
1467
1467
1816
1467
1886
1885
1467
2375
1886
1467
1467
2444
1955
1886
1467
1397
1466
1467
1885
1467
1885
1956
1467
1467
1466
1396
1467
1466
1397
1885
1886
1397
1467
1467
1397
1396
2305
1467
1397
1397
1956
1466
1886
2375
1467
1467
1467
1885
1886
1956
1467
1816
1466
1886
1467
1885
1886
1397
1886
1467
1397
1397
1885
1467
1397
8660
1396
1397
1955
1396
1397
1956
1467
1956
1466
1467
1397
1467
1397
1467
1816
1396
1397
1886
1397
1885
1886
1397
1466
1886
1397
1816
1467
1396
1397
1467
1885
1397
1467
1467
1397
1397
1886
1397
1467
1466
1956
1466
1816
1955
1816
1467
1955
1397
1956
1886
1886
1886
1397
1886
1816
1467
1886
1885
978
1886
1886
1397
1467
2444
1397
1397
1956
1886
1466
1886
1956
1467
1397
1886
1956
1467
1467
1956
1467
1466
1397
1886
1955
1885
1467
1397
1886
1397
1885
1396
1886
1397
1397
1397
1466
1396
1467
1466
1467
1886
1396
1956
1885
1467
1467
8521
2374
1466
1886
1885
1886
1886
1885
1397
2374
1467
1886
1816
1886
1955
1397
7194
2444
1885
2375
1886
1467
1885
1466
1956
1397
1955
1466
1397
1886
1397
1886
5866
1886
1885
1886
1885
1466
1467
1467
1466
1956
1885
1466
1955
1397
1397
1885
1816
1467
1397
1885
1396
978
1397
1467
1467
1467
1397
1467
1956
1467
1396
1467
1396
1467
1467
1396
1396
1956
1397
1466
1467
1397
1396
1397
1466
1397
1397
1396
1397
1467
1397
978
1397
1467
1397
1397
1886
1466
1467
1397
1397
1397
1467
1466
1397
2444
978
1396
1886
1886
1466
1956
1885
1397
1397
1466
1886
1466
1885
1955
1397
1467
1466
2863
1955
1467
1885
1885
1466
2375
1956
1955
1397
2933
2374
1955
1466
1886
1397
1397
1397
977
1467
1397
1467
978
1467
1397
1466
1397
1467
1397
1397
1466
1396
1397
1467
1466
1396
1467
1397
1467
1466
1466
1397
1466
1397
1397
1397
1397
1396
1467
1397
1397
1467
1467
1467
1397
1397
1467
977
1467
1397
1397
1397
1397
1397
1467
1397
1397
1467
1466
1397
1397
1466
1397
1885
1397
1396
1467
1397
1885
1816
5727
1466
1397
1886
1397
1397
1397
2304
1466
1956
1885
1885
1886
1467
1397
1885
1466
1467
1466
1397
1397
1467
1397
1397
1467
1467
1397
1956
1466
1467
1397
1397
1467
1466
1466
1396
1467
1397
1467
1397
1396
1467
1467
1955
1467
1956
1886
1397
2374
1397
1397
1397
1396
1467
1397
1885
1397
1466
1396
2445
1467
1956
1886
1467
1955
1396
978
1397
1956
1955
2374
1955
1956
1466
1466
1466
1397
1397
1467
1466
6146
1955
1885
1886
1886
1886
2933
1886
1397
1396
1466
1467
1466
1397
1467
1956
1396
1397
1466
1956
1886
1397
1397
1886
1467
1397
1885
1886
1885
1885
1886
1467
1956
1397
1397
1467
2863
1467
1886
1467
1397
1467
1397
1397
1956
1886
1396
1397
1467
1396
1466
1467
1397
1397
1396
1466
1397
1467
1397
908
978
1396
1816
1466
1886
1467
1397
1397
1466
1397
1397
1397
1397
1467
1396
978
1467
1397
1956
1397
1886
1396
1396
1467
1467
1397
1396
1397
1397
1396
1397
1467
1397
1397
1885
1467
1886
1467
1397
1397
1467
1397
1467
1397
1327
1397
978
1466
1397
1397
1467
1886
1466
1397
1886
1886
1816
1397
1886
1885
1397
978
1886
1886
1885
978
978
1955
2375
1956
1886
1466
1886
1955
1886
1956
1397
1466
1466
1397
1397
1327
1467
1886
1466
1466
1397
1397
1396
1467
1467
1396
1397
1466
1886
2375
1955
1955
1397
1396
1397
1466
1467
1467
1466
1397
1397
1467
1397
1886
1397
1397
1467
1397
1466
1466
1397
1467
1396
1397
1396
1955
1886
1397
1397
1466
1327
1467
1955
1885
1396
1466
1956
1397
1396
1955
1467
1956
1397
1396
1397
1956
1467
1886
1886
1886
1956
1466
1885
1397
1886
1886
1885
1955
1397
1956
1397
1466
978
1396
1397
978
1397
978
1397
1956
1467
1467
1886
1467
1396
1466
1467
1886
908
1467
1466
1467
1886
1467
1466
1397
1467
10267
1467
1816
1885
1397
1467
1467
978
1467
1467
1467
1397
1397
1467
1397
1397
1886
1886
978
1955
1885
1397
1466
1467
1397
1885
1397
1397
1466
1467
1955
1397
1396
1397
1886
1397
1467
1467
1397
1397
1397
1397
1396
1397
1886
1467
1467
1467
1397
1396
1467
1467
1956
977
1397
1885
1397
1397
1956
1397
1886
1816
1885
1886
1397
1397
1397
1397
1466
1467
977
1466
1466
1396
1886
1886
1396
1397
978
1466
1467
1397
1466
1886
1397
1397
1467
1397
1467
1466
2445
1466
1396
1885
1466
1956
1466
1397
1466
1467
1885
1467
1397
1467
1397
1397
1397
1885
1955
1467
1396
1467
1886
1466
1467
1886
1467
1397
1397
1466
977
1467
1466
1397
1466
1467
1397
1466
1816
1467
1886
1397
1816
1467
978
1956
1467
1467
1467
978
1467
1397
1397
1397
1467
1467
1397
1397
1816
978
1396
1397
1467
1397
1397
1467
1816
1397
1397
1467
1466
1467
1466
1466
1396
1397
1886
1467
1466
1466
1397
1397
1467
1397
1466
1467
1467
1467
1467
1467
1397
1397
1886
1397
1396
1466
1397
1816
1467
1816
1397
1467
1466
1816
1397
1467
1397
1467
1467
1466
1466
1397
1397
1397
1397
1886
1397
1885
1467
1397
1397
1885
978
1467
1397
1467
1956
1397
1466
1396
1397
1467
1466
1396
1466
1397
1467
1397
1397
1397
1466
1397
1397
2864
1397
1397
1885
2304
1466
1396
1466
1466
1886
1886
1955
1396
1397
1886
1466
1467
1397
1816
1397
1956
1466
1466
1816
1467
1956
1956
1886
1397
1886
1885
1886
1466
