1885
1886
1466
2375
1885
2374
1886
1886
1885
1886
1956
1885
1816
1886
1886
1466
978
1956
1956
1956
1886
1886
1396
1956
1886
1397
1955
1886
1885
1467
1467
1886
1466
3842
1886
1956
1466
1885
1956
2445
1886
1886
1955
1886
1886
1886
1955
1886
1886
1467
2304
1956
1816
1956
1885
1886
1466
1955
1467
1886
2375
1885
1886
1396
1467
1466
1886
1886
1397
1956
1885
1397
1886
1886
1467
1955
1397
1466
2375
1885
1466
1396
1467
1816
1397
1396
1466
1467
1466
1397
1397
1466
1467
1396
1886
1956
1886
1397
1955
1397
1885
1816
1886
1886
1397
1886
1956
1467
1886
1467
1467
1886
1955
1466
1397
1397
1467
1467
1397
1885
1467
1466
1815
2444
1466
1397
1397
1467
1396
1466
1397
1397
1397
1466
1397
1397
1466
1955
1816
1467
1885
1397
1886
1397
1397
1397
1816
1467
1467
1466
1955
1956
1396
1886
1816
1397
1396
1816
1397
1467
1397
1466
1396
1466
1467
1397
1397
1396
1467
1396
1467
1397
1467
1467
2374
1885
1816
1886
1816
1955
1885
1885
2375
1397
1956
1956
1886
1816
1397
1397
1886
1955
1886
1885
1885
1397
1886
1467
1885
1397
1955
1886
1885
1397
1397
1397
1397
1397
1396
1886
1396
1886
1466
1397
1466
1397
1816
1467
1397
1396
1397
1466
1467
1467
1397
1397
1467
1467
1466
1397
1397
1397
1397
1885
1397
1466
1397
1467
1467
1397
1467
1467
1955
1467
1467
1397
1467
1396
1467
1396
1955
1397
1955
1397
1467
1397
1397
1956
1816
1466
1886
1397
1467
1467
1397
1467
1397
1466
1397
1956
1396
1397
1397
1466
1467
978
1955
1397
1466
1467
1397
1467
1466
977
1467
1467
1467
1396
1467
1466
1467
1467
1397
1467
1467
1466
1467
1396
1397
1397
1467
1466
1397
1467
977
978
1466
1467
1397
1466
1396
1397
1467
1956
1466
1466
1397
1397
1886
978
1396
1466
1397
1466
1467
1466
1397
1955
2305
2375
1885
1885
1467
1956
1816
1955
1886
1885
2375
1956
2375
1955
2375
1397
1466
1885
2374
1397
1396
1467
1397
1466
1886
1466
1397
1466
1467
1397
1467
1396
1467
1397
1397
1466
1397
1466
1816
1886
1466
1466
1397
1467
1467
1466
2304
1956
1466
1885
1467
1397
1396
1397
1397
1467
1467
1396
1397
1397
1397
1467
1396
1397
1885
1397
2304
1396
1886
1397
1467
1397
1466
1397
1467
1466
1466
1467
1885
1467
1397
1467
1467
1886
1397
1397
1467
1397
1467
1467
1397
1886
1397
1397
1396
1467
1397
1955
1397
1397
1466
1397
1397
1397
1397
1397
1397
1467
1467
1467
1885
1467
1467
1397
1467
1466
1467
1467
1397
1467
1397
1466
1467
1886
1955
1886
1955
1956
1397
1397
1467
1397
1467
1467
908
1466
1466
1397
1466
1956
1466
1466
1467
1397
1397
1397
1397
1467
1816
1467
1467
1955
1886
1816
3353
1886
1466
1886
1955
1955
1885
1816
2304
1956
2374
1955
1956
1397
1397
11035
11034
1955
1396
1396
1467
1397
1467
1397
1885
1467
1816
1397
1397
1396
1467
1467
1467
1467
1397
1397
1397
1397
1396
1397
1466
1397
1466
1466
1396
1397
1466
1467
908
1466
1397
1466
1397
1467
1397
1466
1397
1397
1467
1397
1396
1466
1397
1397
1467
1397
1397
1397
1466
1397
1886
1466
1396
908
1397
1467
1466
1396
1466
1397
1467
1467
1467
1467
1396
1467
1467
1397
978
1466
1467
1467
1466
1467
1396
1397
1397
1467
1467
1467
1467
1396
1467
1396
1466
1466
1886
1467
1397
1466
1397
1397
1397
1885
1886
1467
1467
1886
1396
1397
1397
1467
1466
1467
1886
1397
1396
1467
1466
1397
1397
1466
1467
1397
978
1466
1886
1396
1466
1397
1467
1396
1397
1466
1397
1397
1397
1397
1467
1467
1397
1396
1397
1886
1396
1467
1886
1397
1466
1396
1467
1467
1886
1397
1466
1466
1397
1467
1397
1397
1396
1397
1397
1397
1467
1397
1885
1467
1396
1886
1956
2305
1397
1397
1397
1467
1467
1466
1886
1397
1397
1397
1397
1467
1467
1397
1886
1397
1397
1467
1397
1467
1466
1466
1466
1886
1885
1467
1396
1886
1466
1467
1467
1467
1397
1397
1467
1397
1396
1396
1397
1397
1397
1467
1397
1397
1466
1397
1467
1885
1886
1466
1397
1397
1467
1397
1466
1886
1467
1467
1397
1467
1467
1396
1397
1397
1466
1466
1885
1466
1466
1396
1885
1466
1397
978
1397
1397
1466
1886
1397
1466
1397
1886
1397
1396
1466
1466
1396
1396
1397
1467
1955
1955
1467
1886
1886
1467
1885
1956
1886
1956
1886
1886
1886
1885
1397
1396
1397
1466
1466
1467
1397
1397
1467
1397
1397
1397
1466
1467
1397
1397
1467
1397
1466
1396
1467
1397
1467
1466
1467
1467
1467
1467
1396
1397
1397
1397
1886
1467
1466
1466
1467
1397
1397
1397
1956
1396
978
1397
1467
1397
1466
1466
1467
1397
1397
1397
1396
1466
1397
1467
1886
1397
1467
1467
1467
1397
1467
1396
1955
1466
1397
1397
1815
1397
1397
1467
1397
978
1397
1396
1397
1397
1886
1396
1466
1397
978
1467
1467
1466
1397
1467
1466
1467
1397
1397
1397
1467
1397
1466
1397
1397
1467
1397
1327
1396
978
1467
1397
1397
1466
1816
1467
1397
1397
1467
1397
1396
978
977
1397
1466
1397
1396
1397
1397
1397
1467
1397
1886
1397
1886
1397
1397
1396
1397
1397
1396
1467
1397
1397
1467
1467
1467
1886
1466
1467
1397
2445
2305
1955
1955
1397
1886
1955
1467
1956
1397
1886
10965
1467
1956
1955
2375
1886
1467
1956
1467
1886
2305
1816
1816
1466
2305
1466
2375
1816
1885
1397
1956
1956
1885
1956
1397
1397
1467
1886
1466
1466
1956
1956
1886
1886
1397
1397
1467
1397
1467
2375
1397
1466
1397
1886
1956
1397
1955
1397
1397
1467
977
1467
1467
1467
1396
1466
1466
1397
1397
1885
1397
1396
1816
1886
1886
1466
1885
1886
1886
1955
1397
1397
1816
2863
1886
1885
1397
