1955
1886
1397
1397
1467
978
1886
2305
1467
1886
1397
1397
1397
1467
1396
1467
1397
1397
1886
1396
1397
1467
1396
1467
1467
1397
1467
1396
1396
1466
978
1397
1397
908
1397
1885
1467
1467
1467
1396
1956
1397
1397
1397
1397
1397
978
1885
1466
1397
908
1467
1956
1956
1466
1397
2305
1467
1396
1467
1396
1397
1467
1956
1886
2445
1886
978
1886
1397
1397
1466
1467
1397
1397
1396
1396
1397
1397
1467
1885
1396
1466
978
1885
1466
1396
1467
1397
1397
1466
1397
1467
1397
1466
1397
1397
1397
1466
1397
1396
1467
2304
1397
1397
1397
978
1466
978
1397
2375
1886
1467
1956
1467
978
1885
1886
1466
1397
1397
977
1397
1397
1397
1397
1396
1467
1397
1397
1466
1466
1397
1466
1466
1467
1466
1467
1466
1396
1466
1886
1886
1327
1397
1397
1397
1397
1467
1466
1466
1467
1397
1397
978
908
1397
1397
1397
1466
1955
1467
1467
1396
978
1955
1467
1397
1396
1467
978
1397
1466
1467
978
1467
1396
1466
1397
1467
1397
1885
1466
1397
1397
1467
1397
1466
1397
1397
1397
1467
978
978
1466
908
1397
1886
1467
977
1397
1467
1467
1467
1397
1466
1467
1397
1397
1466
1467
1397
1886
1397
1397
1397
1397
1397
1467
8660
1467
1397
1397
1467
1885
1886
1466
1955
1397
1397
1467
1885
1467
1467
908
1397
1397
1885
1467
1467
1396
908
1467
1397
1396
1397
908
1397
1467
1396
908
1886
1955
1466
1467
1885
1467
1397
1397
1467
1467
1396
1397
1467
1396
1467
1396
978
1467
1956
1466
1397
1467
908
2374
1397
1467
1467
1466
978
1466
1467
1886
1397
1467
1396
1467
1397
1397
1397
1397
1396
1397
1886
1397
978
1466
1396
1397
1396
1886
1466
1467
978
1466
1397
1397
908
1397
1397
1467
1397
1397
1397
978
1467
1467
1397
1396
1956
1886
1466
1467
1396
1397
1467
1397
1467
977
1397
1467
1397
1397
1397
1467
1467
1396
1397
1397
977
1467
1466
1466
1397
1397
1396
7263
1886
1397
1886
1396
1397
1397
1467
1467
1466
1396
1467
1955
1397
978
1466
1885
1397
1467
978
2445
1886
1956
1885
1885
1956
1816
1397
1886
1397
1885
1956
1886
2374
1467
1396
908
978
1467
1466
1397
1467
1467
978
1397
1397
908
1467
1397
1397
1467
1467
1467
1397
1397
1397
908
1397
1886
1467
1466
1466
908
1467
1886
1955
1467
1397
1467
1467
977
1466
1397
1886
977
1886
1397
1397
1397
1467
1467
1466
1467
1397
978
1397
978
1397
1397
978
1467
1397
45047
1397
1466
1397
1467
1397
1397
1816
1466
1396
978
1397
1396
1397
1397
1466
1466
2374
1886
2374
1956
1397
1396
1467
1467
1397
1885
1816
977
1397
1886
1397
1397
1467
1466
1397
1886
1397
1886
1467
1397
1466
1467
1397
1397
1397
1466
1466
1467
977
1816
1467
1397
977
1466
1467
1397
1467
1397
1467
1467
1956
1397
1397
1397
1467
977
1396
1466
1467
1397
1397
1397
1397
978
1397
1467
1396
1886
11873
1397
1396
1467
1397
1467
1467
1397
1397
2305
1397
978
1886
1397
978
1397
1885
1467
1466
1467
1397
978
1397
1397
1397
978
1397
978
1816
1467
1396
1397
1397
1397
1467
1466
1467
1885
1467
1397
1886
1397
1816
2863
1816
978
1397
1467
978
1397
1466
1397
1397
1886
1397
1396
1467
1886
1956
907
1396
1955
1885
1885
1467
1467
1885
1466
1466
1396
1396
1467
1397
1467
1467
2374
1466
1397
1816
1886
1886
1816
1466
1397
1467
1397
1956
1397
1397
1397
1467
1886
1397
1467
1467
1397
1886
1397
1467
1467
1466
1467
1467
1396
978
1467
1467
1396
1467
1467
1467
1886
1886
1886
2304
1466
1466
1467
1397
1886
1397
1396
1886
1466
1397
978
1466
1886
1396
1467
1397
1397
1467
1397
1397
1397
1397
1816
1467
1397
1467
1396
1397
1956
977
1467
1956
1885
1397
1885
1397
1397
1396
978
1397
1327
1886
978
1466
977
1397
1466
1397
1397
1467
1397
1397
1397
1397
1466
978
1886
1397
1467
1467
978
1396
1467
1467
1397
1467
1397
1397
1886
1397
1886
1467
1397
1397
1396
1397
1467
1397
1397
1467
1397
1396
1397
1955
1397
1397
1396
1396
1397
1397
1467
1466
1467
978
1397
1397
1397
1816
1397
1396
1397
977
1397
1467
1396
10965
978
1397
1467
1397
1397
978
1467
977
1467
1396
1397
1397
1467
1467
1955
1467
978
1467
1396
1397
1397
1956
1397
1467
1397
1396
1467
1397
1467
1466
1396
1816
1397
908
1885
1466
1397
1396
1397
1467
1467
1466
1397
978
1466
1397
1397
1466
1397
978
157840
1397
1396
978
1467
978
1467
1397
1397
1397
1467
1396
1467
1396
1467
1397
1396
1397
1467
1397
1467
1466
1466
1466
1397
1467
1397
1397
1466
908
1396
1397
1397
1467
2374
1397
1466
1886
1466
1397
12013
977
1397
1396
1397
1396
1397
1396
1397
1397
1467
1467
1885
1397
1397
1467
1467
1397
1397
978
978
1397
1397
1397
978
1397
1397
1397
1397
1396
1466
978
1397
1397
1466
1466
1467
1466
1467
1466
1397
1397
1467
1466
978
1467
1397
1397
1396
1397
1397
1467
977
1467
1886
1397
1396
978
908
1397
1397
1467
1397
978
978
2445
1466
1397
1397
1397
1397
1397
978
1466
1397
1467
1466
1885
1467
1397
1466
1955
978
1397
1467
1467
978
1397
1956
908
1466
1397
908
1396
1397
1397
1467
978
1397
1397
1467
1467
1396
1397
1466
978
1397
1467
1397
1397
1467
1467
1397
1397
1397
1397
1467
1466
1396
1467
1396
1466
1397
1466
1467
1467
1397
1397
1466
978
1397
1466
1467
1397
1397
1466
1466
1467
978
1396
978
12431
1396
1956
1956
1397
1467
1397
1397
1397
978
1466
977
1955
1467
1467
1467
4750
1885
1397
1396
1467
1397
1886
1467
1397
1397
977
1466
1466
2445
1955
