1467
1466
1397
1466
1396
1885
1885
1467
1885
1885
1956
1886
1956
1885
1955
1886
1885
1885
1885
3282
1397
1955
1886
1956
1886
1886
1397
1467
1886
1885
1886
1397
1397
1397
1467
1467
1816
1396
1467
1397
1397
1886
1466
1397
1467
1397
1467
9498
1396
1466
1467
1466
1397
1886
1466
1396
1397
1396
1467
1467
1396
1466
1886
1397
1396
978
1467
1396
1397
1467
1467
1397
1467
1467
1397
1886
1397
1397
1956
1467
1886
1397
1467
1467
1886
1397
1397
1397
1397
1955
1955
1886
1397
1397
1466
1397
1397
1466
1396
1467
1467
1397
1397
1397
1466
1466
1397
1397
1467
1467
1467
1467
1397
1466
1466
1397
1467
1396
1396
1397
1886
1885
1886
1466
1956
1886
1466
1467
1467
1466
1466
1397
1467
1397
1886
1397
1467
2444
1885
1886
1467
2375
1886
2445
1885
2375
1956
13968
1816
2305
1886
1397
1886
1886
1886
1466
1397
1816
1885
1956
1956
1886
1397
1397
1397
1467
1886
1466
1886
1886
1397
1467
1466
1466
1396
1396
1397
1467
1397
1886
1885
1886
1397
1466
1467
1956
1397
1466
1466
1466
1467
1396
1397
1397
1397
1466
2305
1397
1396
1397
1467
1397
1397
1397
1467
1467
1397
1396
1467
1467
1397
1885
1467
1397
1397
1467
1397
1886
978
1397
1466
1467
1396
1467
1397
1466
1397
1955
1466
1466
1816
1397
1397
1467
1467
1397
1956
1397
1396
1466
1397
1397
1397
4260
1466
1397
1466
1885
1467
1397
1397
1397
1397
1397
1397
1467
1466
1886
1396
1397
1396
1397
1467
1885
1466
1396
1466
1466
1397
1397
1397
1397
1467
1466
1466
1885
1467
1886
1397
1885
1886
1467
1467
1466
1397
1886
1956
1886
1886
1886
1396
1397
1467
1886
1886
1467
1956
1466
1466
1467
1397
1397
1397
1816
1466
1466
1466
1397
1397
1467
1397
1397
1467
1397
1466
1397
1466
1467
1467
1466
1467
1397
1397
1466
1397
1467
1467
1396
1467
1397
1327
1885
1397
1467
1886
1396
1397
1397
1467
1466
1397
1467
1397
1396
1397
1467
1467
1467
1467
1397
1466
1886
1397
1397
1397
1467
1396
1956
1397
1397
1396
1467
1397
1467
1397
1396
1397
1816
1467
1467
1397
1396
1467
1397
1397
1397
1397
1467
1397
1397
19555
1397
1885
1467
1397
1397
1397
1467
1467
1466
1466
1466
1466
1397
1397
1396
1397
1397
1396
1466
1466
1467
1397
1397
1397
1397
1467
1466
1397
1467
1467
1396
1396
1397
1467
1397
1466
1816
1816
1466
1397
1466
1467
1397
1466
1397
1396
1397
1397
1467
1466
1466
1466
1397
1467
1466
1886
1397
1955
1886
1466
1467
1396
1467
1397
1466
1397
1396
1467
1396
1886
1955
1885
1886
1885
1396
1397
1397
1467
1467
1467
1466
1397
1397
1467
1397
1397
1397
1466
1397
1466
1397
1467
1397
1397
978
1397
1466
1397
1466
1397
1396
1397
1397
1397
1466
1466
1396
1397
1816
1956
1956
1955
1397
1466
1397
1955
1466
1955
1397
1466
1886
1397
1397
1467
1397
1466
1466
1397
1467
1885
1467
1886
1466
1956
1467
1466
2375
1886
1956
1956
1885
1955
2305
1886
2375
1956
1467
1467
1816
1885
1467
1397
1467
1396
1467
1397
1466
1467
1467
1467
1466
1397
1397
977
1397
1397
1397
1885
1467
908
1467
1397
1397
1397
1397
1467
1397
1467
1886
1885
1467
1466
1397
1467
1397
1467
1467
1397
1467
1886
2374
1886
1397
1466
1467
1397
1397
1397
1886
1397
1467
1466
1466
1397
1397
1886
1466
1396
1397
1397
1397
1396
1397
1397
1466
1397
1396
1467
1397
1397
1466
1466
1467
1397
1467
1396
1397
1467
1466
1397
1396
1396
1397
1885
1397
1397
1467
1397
1466
1886
1467
1467
1397
1397
1956
1397
1396
1466
1466
1466
1396
1397
1466
1397
1397
978
1397
1466
1467
1397
1466
1397
1467
1466
1397
1397
1466
1396
1397
1466
1397
1397
1466
1467
1816
1886
1955
1467
1885
1467
1467
1397
1466
1886
1397
1397
1467
1466
1467
1396
977
1397
1397
1397
1397
1397
1397
1397
1467
1396
1467
1397
1397
1466
1955
1397
1397
978
1397
1397
1396
1397
1885
1467
908
1397
1816
1397
1397
1397
1397
1886
1467
1466
1467
1956
1467
1396
1396
1396
1467
1396
1397
1397
1886
1466
1467
1466
1397
1467
1886
1397
1886
1467
1397
1397
1397
1467
1397
1397
1466
1467
1396
1397
1467
1396
1397
1397
1397
1466
1397
1397
1467
1397
1885
1886
1885
1816
1956
1397
1467
1396
1397
1396
1467
1396
1467
1467
1467
1397
1467
1397
1886
1397
1466
1466
1466
1396
1397
1396
1467
1467
1397
1396
1467
1466
1467
1466
1466
1467
1397
1466
1397
1397
1397
1467
1466
1467
1886
1467
1886
1467
1466
1466
1396
1467
1886
1397
1466
908
1397
1397
1466
1466
1397
1467
1397
1467
1467
10336
1397
1467
1467
1467
1397
1466
1396
1397
1466
1466
1816
1397
1886
1467
1396
1397
1955
1467
1397
1886
1467
1955
1397
1955
1397
1397
1397
1466
1397
1467
1467
1397
1467
1467
1397
1467
1467
1466
1397
1396
1396
1466
1397
1467
1397
1396
1467
977
1397
1467
1397
1396
30032
1955
1397
1466
1886
1397
908
1467
1466
1397
1396
1955
1397
1397
1955
1467
1955
1397
1397
1467
1397
1467
1467
1397
1396
1397
978
1886
1397
1467
1467
1397
1466
1467
1397
1467
1467
1466
1397
1397
1397
1466
1397
1397
978
1397
1955
1467
1467
1467
1397
1886
1467
1467
1885
1467
1466
1467
1467
1397
1397
1397
1467
1467
1396
1397
1397
1886
1467
1397
1397
1397
1397
1467
1397
1397
1397
1467
1397
1885
1467
1467
1886
1467
1466
1397
1397
1467
1397
1466
1467
1466
1397
1467
1467
1397
1466
1397
1885
1466
1397
978
1466
1467
1466
1396
1467
1397
1466
1397
1397
1467
1886
1467
1397
1397
1327
1466
1397
1397
1396
1467
1955
1397
1397
1886
1467
1467
1886
1467
1886
1467
1396
1467
1397
1466
1466
