1467
1886
1397
1396
1397
1467
1397
1886
1396
1397
1467
1397
1397
1397
1466
1885
1466
978
1397
1397
1467
1466
1397
1466
1467
1467
1467
1397
1466
1466
1467
1397
1397
1397
978
1466
1397
1466
1466
1397
1466
1886
1467
1397
1397
1816
1397
1397
1816
1467
1397
1466
1397
1466
1886
1467
1396
1466
1467
1467
1397
1397
1397
1467
1397
1466
1397
1397
1466
1466
977
1467
1397
1397
1396
1466
1397
1397
1467
978
1466
1397
1396
1396
1467
1397
1397
1397
1466
1466
1466
1466
8450
1396
1397
1397
1397
1397
1397
1466
1397
1396
1397
1467
1397
1467
1397
1467
1397
1397
1397
1397
1466
1397
1397
1885
1467
1397
1886
1396
1396
1397
1466
1466
1467
1397
1467
977
1397
1396
1467
1467
1396
1466
978
1397
1397
1397
1467
1396
1397
1466
1397
1466
1467
1397
1466
1397
1397
1397
1397
1396
1467
1466
1397
1467
1397
1466
1467
1397
1466
1886
1396
1396
1397
1466
978
1397
1467
978
978
1467
1467
1466
1397
1396
1467
1466
1397
1397
1397
1467
1466
1467
1467
1466
1397
1397
1467
1397
1467
907
1467
1396
1396
1466
1396
1397
1397
1397
1467
1397
1467
1466
908
977
1396
1397
1396
1397
1397
1397
1467
978
1467
1467
1466
1467
1397
1396
1467
1467
1885
1886
1886
1467
978
1396
1397
1396
1467
1397
1397
1467
1397
1397
1397
1397
1466
1467
1956
1396
1466
1397
1467
1467
1397
1397
1397
1467
1466
1466
1397
1467
1467
1467
1397
1327
1397
1885
1397
1467
1466
1397
1397
1467
1466
1397
1886
1397
1396
1467
1467
908
1466
1397
1466
1467
1397
1466
1397
1466
1397
1397
1396
1466
1397
1397
1467
1397
908
1955
1397
1397
978
1467
908
1397
1467
1397
1397
1467
1467
1467
908
1467
1467
1397
1466
978
1466
1956
1397
1467
1467
1467
1396
1467
1396
1467
1397
1467
1396
1396
1397
1467
1397
1396
977
1467
1397
1466
1467
1397
1956
1397
1466
1467
1396
1466
1466
1396
1397
1886
1397
1397
1467
1397
1466
1397
1467
1467
1886
1467
1397
1396
1397
1396
1466
1397
1467
1466
1955
1466
1466
1397
1467
1397
1956
1467
1467
1397
1396
1467
1397
1467
1397
1397
1397
1816
1396
1396
1396
1467
1466
1397
1467
1397
1467
1397
1467
1397
1467
1467
1397
1397
1467
1397
1467
1467
1397
1397
1466
1467
1397
1397
1397
1466
1956
1397
1396
978
1466
1466
1396
1955
977
1397
1397
1396
978
1396
1396
1467
978
1397
978
2863
977
1397
1466
1886
1396
1467
1396
1466
977
1397
1397
1886
1397
1397
1467
1397
1397
1397
1397
1466
1467
1466
1397
1397
1955
1467
1396
1467
1396
1466
1396
1397
1397
1397
1467
1956
1397
1466
1467
1396
1397
1886
1396
1467
1397
1467
1396
1397
1467
1886
1885
1955
1467
1467
1467
1396
1467
1885
1467
1397
1467
1397
1397
1397
1397
1885
8520
1397
1397
1466
1467
1397
1396
1467
1467
1886
1396
1467
1467
1886
1397
1397
1466
1467
1397
1467
1397
1467
1397
1396
1467
1397
1467
1397
1397
2863
1397
1466
1466
1397
1467
1467
1467
1466
1397
1396
1886
1397
2375
1397
1396
1397
1467
1466
1396
1467
978
1397
1397
1467
1885
1467
1466
1466
1396
1467
1467
1466
1466
1397
1396
1466
2375
1885
1466
1396
1886
1466
1467
1396
1467
1466
1467
1885
1886
1467
1397
1397
1397
1397
1397
1397
1396
1886
1397
1467
1466
1397
1886
1467
1397
1397
1396
1467
1467
1886
1467
1397
1885
1467
1396
1397
1397
1886
1467
1466
1467
1397
1397
1397
1467
1397
1397
1397
1467
1467
1397
1467
1397
1467
1885
1396
1466
1397
1397
1397
1467
1467
1466
1467
1467
1396
1397
1815
1467
1467
1396
1467
1397
1467
1397
1397
1397
1397
1397
1467
1396
1396
1397
1397
1466
1467
978
1396
1397
1397
1466
1466
1466
1467
1397
1397
1397
1397
1397
1467
1467
1466
978
1397
1397
1397
1397
1396
1885
1397
1397
1466
1467
1397
1397
1397
1397
1397
1396
1397
1466
1397
1396
1466
1467
1397
1397
1397
1466
1466
1397
1467
1397
1396
1467
1466
1397
1397
1397
1466
1467
1467
1467
1397
1397
1397
1397
1397
1467
1467
1397
1397
1886
1467
1397
1467
1466
1886
1466
1886
1397
1886
1397
1397
1396
1466
1397
1467
1467
1397
1396
1397
1467
1397
1467
1956
1467
1467
1467
1396
1396
1397
1397
1397
1466
2374
1397
1467
1466
1397
1397
1397
1396
1885
1467
1467
1466
1955
1886
1397
1397
1397
1397
1466
1397
978
978
1466
1397
1397
1396
1397
1466
1397
1397
1397
1467
1467
1397
1397
1397
978
1397
978
1467
1467
1466
908
1397
1397
1397
1466
1397
1466
977
1885
1396
1396
1467
1466
1396
1397
1396
1467
1466
1467
1396
1396
1467
1466
1397
1467
1397
1467
1467
1467
1467
1397
1467
978
1397
1397
1886
1467
1467
1466
1397
1467
1397
1396
1466
1466
1466
1466
1397
1397
1466
1397
1955
1396
1397
1467
1467
1397
1397
1397
1397
1467
1397
1397
1466
1466
1397
1397
1467
1397
1397
1955
1885
1397
1467
1397
1396
1467
1397
1886
1467
1397
1466
1396
1397
1397
1397
1397
978
1396
1397
1467
1466
1467
1397
1886
1397
1466
1466
1467
1467
1467
977
1396
1397
1397
1397
1467
1467
1467
1397
1467
1396
1397
1466
1466
1467
1466
1397
1397
1397
1397
1467
1816
1397
1466
1466
1397
1467
1466
1397
1396
1396
1397
1466
1397
1397
1396
1397
1397
1466
1466
1466
1396
1467
1466
1467
1397
978
1397
1466
1467
1885
1467
1467
1397
978
1397
1396
1397
1397
1467
1466
1397
1397
1397
1467
1466
1466
1466
1397
1397
1467
1396
1467
1397
1397
1397
1397
1467
1397
1396
1397
1467
1397
1466
1466
1397
1396
1467
1397
978
1885
1397
1885
1467
1397
1396
977
1466
1467
1397
1467
1396
1467
1956
2374
1885
1467
1397
