978
1396
3772
1886
1397
1886
1466
1397
1466
1466
1466
1467
1397
1397
1466
1397
1886
1397
1955
1397
1397
1886
1467
1466
1397
1467
1397
1467
1397
1397
977
1955
1886
1886
1397
1397
1885
1886
1886
9568
1886
1466
1885
1886
1466
1467
1886
1467
1956
1467
978
1816
1467
1396
1397
1466
1466
1956
1466
1886
1397
1396
1467
1397
1467
1397
1467
1466
1467
1467
1466
1885
1466
1466
1397
1397
1397
1397
1886
1397
2444
1467
1466
1466
1397
1466
2445
1467
1955
1886
1886
1467
1396
1396
1886
1885
1886
1886
16133
1885
1886
1467
1467
1885
1886
1816
1466
1397
1397
1397
1467
1397
1397
978
1397
1886
1885
1397
1467
1467
1466
1955
1397
1467
1955
1467
1467
1396
1397
1467
1397
1397
1467
1396
1397
978
1397
1467
1886
1467
1397
1397
1956
14317
1466
1397
978
1466
977
1397
1467
4679
1397
1955
1397
1467
1467
1396
1467
1397
1886
1467
1397
1396
1397
1467
1466
978
1397
1397
1466
1397
1397
1467
1886
1467
1397
1397
1467
1397
1467
1467
1397
1467
1396
1466
1816
1956
2375
1886
1397
1397
1397
1466
1397
1466
1397
1397
1886
1397
1397
1396
1956
1466
1467
1397
1466
1467
1886
1467
1397
1467
1327
1396
1397
1467
1467
1955
1397
978
1466
1467
1397
978
1467
1467
1396
1467
1467
1396
1396
1816
1886
1466
978
1467
1397
1467
1397
1467
1886
1397
1886
1466
1396
1397
1397
1467
977
908
1956
1397
1955
1467
1815
1467
1396
1397
1467
1467
1467
1466
1397
1466
1467
1397
1466
1397
1955
1885
1397
1397
1467
1467
1466
1956
2374
1886
1467
1886
1956
1467
1397
1886
1397
1885
2305
1955
1885
1955
1886
1956
1397
978
1466
1397
1886
1955
1886
1397
1885
1467
1886
1885
1397
1956
1466
1467
1467
977
1885
1397
1885
1466
1886
1886
1467
2375
1885
2374
1886
1956
2375
1886
1467
1466
1816
1466
1886
1885
1466
1886
1397
1397
1885
908
1397
1467
1397
977
1397
1956
1397
1885
1397
1397
1396
1467
1397
1467
1327
1466
1956
1397
1396
1397
1955
1397
1886
908
1397
1397
1956
1955
1955
1886
1397
1397
1397
1886
1885
1397
1886
2374
1886
1956
1397
1886
1886
1467
1466
1885
1886
1885
1885
1886
1956
1467
1396
1816
1955
1467
1397
1886
2374
1956
1886
1467
1886
1397
1955
1885
1816
1466
1467
2444
1397
1885
4261
1467
2374
1886
1956
1886
2445
2864
1886
2794
1397
1956
1885
1397
977
1397
1955
1886
1886
1886
1956
1886
2444
1956
1955
1397
1956
1467
1955
1397
1397
1397
1397
1397
1467
1886
1467
1466
1397
1397
1467
1467
907
1397
978
1466
1397
1466
1397
1467
1467
1467
1956
1886
1397
1467
1397
1467
1397
1396
1467
1467
1397
1886
1467
1466
1397
1467
1396
1467
1396
1396
2374
1397
1396
1467
1467
1467
1467
1466
1956
1397
1397
1397
1885
1466
1467
1466
1397
1467
1466
1466
1956
1467
1467
1396
1885
1397
1396
1467
1886
1886
1397
1397
1467
1397
1397
1397
978
1467
1467
1397
1396
1467
1397
1466
1466
1466
1885
1467
1397
1396
1397
1467
1396
2375
1886
1466
1467
1397
1397
1886
1397
1397
1467
1397
1466
1816
1467
1397
1467
1467
1466
1815
1467
1397
908
1397
1467
1886
1397
1467
1397
1467
1467
1466
1466
1467
1886
1467
1885
1397
1396
1397
1466
1466
1467
1397
1956
1467
1397
1886
1397
1397
1397
1466
1467
1397
1396
1467
1467
1467
1467
1397
1466
1886
1467
1396
1467
1397
1396
1397
978
1397
1397
1397
1467
1396
2445
1396
1397
1467
1467
1397
1466
1397
1397
1467
1466
1467
1397
1467
1467
1397
1397
1467
1396
1467
1397
1397
1396
1466
1467
1397
1397
1396
1397
1397
1397
1467
1466
1467
1396
1466
1466
1467
1886
1396
1467
1467
1397
1397
1466
1397
1397
1467
1467
1466
1466
978
1397
1397
1327
1397
1466
1396
1466
1467
1466
1467
1467
1467
1467
1396
1885
1397
1467
1467
1397
1467
1467
1397
978
1467
1396
1397
1886
1397
1466
908
1955
1397
1397
1397
1467
1467
1467
1397
1466
1397
1467
1467
1467
1466
1466
1467
1397
1397
1467
1467
1396
1397
1467
1397
1397
1466
1397
1397
978
977
1467
1467
1466
1466
1467
1955
1466
1467
1397
1397
1467
1397
1467
1466
1397
1397
977
1467
1397
1467
1397
1467
1397
1467
1467
1397
1397
1396
1886
978
1397
1466
1397
1397
1396
1397
1467
1467
1397
1466
1467
1397
1397
1466
1397
1467
1397
1466
1467
1467
1467
1396
1467
1397
1397
1885
1467
1397
1467
1396
1467
1467
1397
977
1466
1397
908
1467
1956
1467
1397
1466
1466
1397
1397
1396
1885
1467
1397
1885
1466
1466
1397
1466
907
1397
1467
1466
1467
1397
1396
1397
1467
1466
1397
1467
978
1467
1397
1467
1467
1397
1397
1397
1466
1467
1397
978
1396
978
1397
1466
1467
1397
1397
1397
1466
1397
1467
1467
1466
1886
1396
1396
1397
1396
1467
1467
1466
1466
1466
1466
1397
1396
1397
1956
1397
1466
978
1397
1466
1467
1397
1885
1397
1397
1467
1467
1397
1397
1467
1397
1396
1397
1467
1396
1467
1397
1467
1467
1886
1467
1467
1466
1397
1467
1397
908
978
1397
1467
1397
1397
1397
1397
1397
1467
1397
1885
1466
1816
1397
1397
1466
1467
1397
1467
1466
1886
1466
1466
978
1467
1467
1467
1466
1886
1397
1397
1886
1466
1467
1885
1397
1955
1467
1397
1956
1467
1886
1467
1397
1396
1396
1886
1397
1956
1397
1397
1886
1886
1467
908
1886
1816
1885
2304
1467
2374
1885
1467
1397
1886
1816
1886
1886
1885
1886
1397
1397
1886
1466
1886
1397
1397
1886
1956
1955
1885
1397
1955
2444
1885
1466
1466
1885
1816
1885
1467
1886
1467
1886
1397
1956
2864
1885
1397
1397
1955
1396
1956
1467
1397
1466
1886
1885
1885
1397
1886
1886
1466
1955
