1396
1397
1885
1886
1467
1467
1816
1467
1955
1955
1955
1815
1397
1467
2375
1397
1816
1885
1467
1466
1955
1886
1397
1886
1467
1397
1467
1467
1466
1467
1466
1466
1955
1467
1397
1397
1467
1886
1816
1397
1397
1397
1397
1396
1397
1397
1466
1396
1466
1466
1467
1467
1466
1397
1397
1467
1397
1397
1397
1886
1467
1396
1467
1397
1466
1466
1396
1467
1397
1466
1397
1886
1886
1396
1397
1397
1397
1886
1886
1467
1956
1885
1396
1397
1467
1885
1397
1885
1886
1886
1467
1397
1396
1466
1886
1397
1467
1955
1396
2934
1886
2374
1886
1886
1886
1885
1956
2374
1466
1885
1955
1467
2374
1886
1467
1467
1956
1397
1397
1956
6285
1885
1955
1466
1466
1885
1466
1885
1397
1886
1886
1886
1955
1815
1886
1396
1467
1885
1467
1467
1956
908
1397
1467
1397
1397
1955
1397
1885
1466
1955
1467
1956
1816
1886
1467
1955
1886
1956
1467
1397
1397
1886
1466
1467
1885
1955
1397
1397
1467
1397
1397
1396
1886
1466
1955
1397
1467
1885
1397
1397
1397
1956
1397
1467
1466
1397
1467
1397
1467
1956
1886
1397
2374
1396
1466
1956
1397
1886
1397
1466
1396
1467
1466
1885
1467
1467
1467
1397
1397
1397
1397
1886
1886
1886
1397
1467
1886
1396
1397
1886
1466
2305
1466
1466
1467
1955
1397
1467
1467
1467
1397
1467
1397
1467
978
1467
2793
1396
1467
1466
1397
1956
1816
1397
1886
1397
1397
1397
1466
1886
1396
1397
1886
1397
1466
1467
1466
1886
1396
1885
1397
1885
1397
1886
1397
1886
1956
1396
1467
1467
1816
1885
2375
1815
1956
1467
1467
1397
1397
1955
1955
1886
1885
1466
1885
1886
1397
1466
1886
1467
2374
1955
1816
978
1467
1466
1955
1886
2375
1397
1397
1396
2375
1397
1955
1886
1467
1397
1885
2444
1397
1467
1467
1466
1397
1466
1886
1396
1396
1397
1397
1397
1466
1397
1396
1467
1397
1397
1396
1467
1397
1466
1467
1397
1397
1396
1396
1397
1467
1466
1886
1467
1466
1397
1397
1956
1397
1467
1886
1816
1466
1397
1956
1466
2445
2375
1397
1956
1886
1397
1816
1467
1886
1466
1397
1886
1467
1955
1955
2375
1886
20533
1466
1816
1467
1955
1397
1886
1886
1886
1816
1955
1885
1816
1466
1397
1955
1886
1956
1885
1397
1955
1466
2374
1955
1467
1956
1886
1467
1886
1397
1885
1956
1397
1397
1956
1886
1397
1885
1885
1396
1886
1886
1467
1956
1955
1886
1886
1467
1955
1467
1886
1467
1886
1886
1886
1816
1816
1885
1467
1886
2304
1956
2444
1397
1886
1955
978
1886
1955
1886
1886
1886
1955
1467
1885
1467
1955
1467
1396
1955
1397
1956
1955
1955
1466
1886
1396
1956
1886
1886
1956
2864
1466
1886
1396
1886
1885
1886
1956
1886
1886
1956
1885
1467
1466
1955
1886
1467
1886
1956
1467
1467
2445
1397
1467
1886
1467
1886
1467
1886
1396
1397
1956
1886
1886
1397
1467
1955
1886
1397
1816
1886
1397
1467
1886
1397
1467
1397
2374
1816
1885
1397
977
1467
1466
1466
1886
1397
1886
1886
1886
1467
1886
1955
1397
1467
1397
1467
1816
1397
1466
1886
1467
1886
1397
1955
1467
1466
1397
1955
1397
1886
1886
1885
1956
1956
1816
1467
1467
1955
1467
1397
1397
1467
1466
1397
1466
1397
1397
1467
1397
1397
1397
1466
1397
1397
1397
1466
1467
1397
1397
1467
1397
1397
1466
1886
1466
1886
1397
1397
1397
1467
1397
1396
10825
1466
1327
1955
1467
1885
1467
1467
1397
1397
1396
1397
1815
2374
1955
1397
1466
2445
1956
1956
1956
1886
1886
1955
1886
1467
1466
1397
1397
1466
1396
1466
1467
1467
1397
1956
1886
1467
1885
1397
1397
1467
1956
1467
1467
1396
1466
1396
1397
1466
1467
1397
1467
1397
1397
1885
1397
1397
1467
1467
1397
1886
1467
1397
1885
1467
1956
1397
1886
1956
1397
1397
1397
1467
1467
1466
1397
1397
1467
1397
1466
1885
1466
1396
1397
1466
1955
1397
1397
1397
1886
1467
1886
1885
1467
1396
1885
1467
1467
1397
1397
1467
1467
1397
1397
1397
1885
1467
1467
1466
1466
1886
1396
1467
1397
1955
1397
1467
1466
1466
1466
1397
1886
1397
1885
1397
1397
1886
1397
1886
1396
1467
1467
1467
1886
1467
978
1467
1397
1956
1467
1467
1886
1397
1466
1397
2375
1467
1397
1466
1397
1397
1397
1397
1467
1397
1886
1397
1397
1467
1466
1466
1466
1397
1397
1886
1397
1397
1397
1466
1397
1467
1397
1467
1466
1467
1467
1397
1467
1397
1886
1467
1466
1466
1466
1397
1467
1467
1467
1467
1397
1397
1397
1397
1396
1396
1467
1397
1885
1956
1467
1397
1467
1886
1466
1886
1886
1467
1397
1467
1467
1397
1396
1886
1397
1467
1466
1396
1885
1956
1397
1467
1466
1467
978
1466
1397
1955
1467
1956
1466
1397
1397
1466
1396
1467
1955
1397
1466
1397
1397
1397
1466
1885
1467
1467
1885
1885
1467
1467
1467
1886
1467
1467
1397
1467
1466
1467
1397
1467
1467
1397
1396
14317
1886
1886
1467
1397
1955
1397
1956
1397
1886
1467
1466
1885
1956
1397
1885
1466
1886
1886
1816
1397
1886
1885
1467
1815
1885
1885
1885
1467
1956
1396
1955
1467
977
1467
1885
2304
1467
1397
1397
1956
1886
1956
1466
1886
1886
1397
1955
1396
1467
1885
1956
1885
1886
1956
1885
1467
1886
1467
1815
1397
1467
1397
1397
1467
1397
1397
1955
2374
1397
1886
1397
1816
2375
1886
1396
1956
1396
1885
1886
1886
1886
1816
1397
1816
1467
1466
1885
1956
1885
1886
1885
1956
2374
1886
1467
1886
1955
1886
1955
1396
1466
1396
978
1397
1397
1397
1886
1466
1397
1397
1467
1467
1397
1396
1467
1397
1467
1467
1396
1466
8521
1467
1397
1397
908
1397
1467
1397
1397
1467
1397
1466
1396
1396
978
1466
1397
1397
1397
1397
1886
1467
1397
2305
9149
1397
2374
1397
1886
1467
