1886
1886
11454
1956
1396
1466
1397
1397
1467
1397
1397
1467
1397
1397
1816
978
1396
1467
1397
1397
1466
1466
1397
1466
1886
1466
1467
1466
1467
1467
1466
1397
1397
1467
1397
1467
1397
1467
1466
1467
1886
1467
1956
1885
1467
1885
1397
1886
1886
1467
1886
1886
1885
1886
1466
1886
2305
2863
2305
1886
1467
1955
1397
1467
1396
1467
1467
1397
1467
1467
1466
1466
1396
1397
1397
1467
1397
1956
978
1467
1467
1956
1397
1397
1467
1467
1466
1397
1467
1885
1466
1397
908
1885
1397
1396
7543
1396
1886
1886
1397
1397
1466
1955
1467
1466
1467
1467
1396
1397
1956
1467
1397
1956
1467
1397
1397
1397
1466
1956
1466
13479
1956
1466
1397
1397
1467
1397
1467
1397
1397
1397
908
1466
1466
1466
1956
1886
1466
1397
978
1396
1467
1467
1886
1466
1467
1955
1955
1397
1886
1397
1396
1397
1467
1397
1955
1397
1397
1886
1886
1396
978
1886
1816
1466
1467
1886
1886
1886
1816
1886
1466
1886
1466
1467
1885
1397
1467
1397
1467
1466
1816
1467
1396
1397
1396
1467
1467
1397
1397
1397
1467
1886
1466
1467
1397
1397
1397
1397
1397
1397
1886
1467
1467
1467
1886
1466
1397
1397
1397
1886
1886
1956
1467
1397
1396
1467
1466
1397
978
1816
1955
1467
1466
1397
1467
1397
1397
1467
1467
1396
1397
1467
1467
1396
1397
1397
1397
1467
10057
1397
1467
1397
1467
1886
1396
1467
1467
1397
1466
1397
1397
1397
1396
1467
1397
1397
978
1397
1467
1397
1885
1466
1397
1467
1467
1397
1396
1467
1396
1397
1467
1397
1466
1467
1466
1397
1466
1467
1397
978
1886
1467
1885
1467
1397
1397
1397
1396
1396
1397
1397
1885
1466
1397
1397
1397
1397
1467
1397
1955
1467
1956
1397
1466
1467
977
1466
1467
1466
1396
1397
1397
1467
1397
1397
1397
1397
1467
1397
1397
1397
1397
1466
1397
1467
1396
1466
1466
1466
1396
1467
1467
1397
1466
1396
1467
1467
1467
1466
1467
1396
1397
1467
1396
1467
1886
908
1466
1467
2375
1397
1467
1397
1467
1397
1467
1396
1467
1816
1397
977
1397
1467
1396
1397
978
1467
1466
1886
1886
1466
1467
1466
1467
978
1955
1956
1956
1467
1397
1955
1467
1956
1467
1885
1816
1886
1466
1956
1956
1397
1886
1886
1885
1467
1956
1467
1886
1956
1885
1467
1397
1466
1886
1886
1397
1466
1397
908
1397
1467
1466
1397
1466
1466
1467
1397
1397
1467
1397
1466
1397
1396
1885
1467
1397
1397
1397
1397
1467
1466
1397
1466
1467
1397
1467
1467
1397
1466
1396
1466
1397
1467
1467
1467
1467
1466
1397
1397
1397
978
1467
1466
1397
1397
1397
1886
1397
1467
1397
1467
1466
1467
1466
1466
1467
1397
1397
1396
1397
1397
1466
1466
1397
1467
1467
1886
1396
1397
1397
3353
1886
1886
1466
1956
1467
1886
1467
1397
1467
1396
1467
1886
1467
1396
1397
1397
1397
1397
1397
978
1396
1885
1886
1397
1396
1466
1466
2375
1397
1397
1467
1397
1397
1397
1397
1397
1397
1467
1397
1466
1466
1886
1467
1397
1467
1397
1466
1467
1397
1397
1467
1397
1397
1396
1397
1466
1397
1397
1467
1885
1886
1397
1466
1397
1467
1397
1466
1885
1466
1396
1467
1396
1467
1467
1467
1955
1397
1466
1467
1885
1886
1466
1397
1467
1397
1885
1397
1886
1466
1397
1886
1467
1397
977
1397
1397
1467
1467
1397
1886
1466
1467
1397
1955
977
1397
1396
1397
1466
1466
1396
1397
1955
1467
1396
1396
1397
1467
1397
1467
1467
1397
1467
1397
1466
1397
1467
1397
1886
1397
1397
1397
1396
1466
1397
1397
1397
1397
1396
1397
1885
1397
1467
1397
977
1397
1396
1397
1886
1467
1397
1397
1397
2375
1397
908
1467
1466
1466
1885
1397
1467
1466
1467
1886
1466
1397
1397
1397
1397
4330
1466
1396
1956
1467
1397
1467
1467
1397
1816
2374
1397
1397
1466
1397
1467
1397
1397
1397
1397
1397
1397
1467
1397
1886
1467
1397
1467
1396
5238
1467
1956
1467
1397
1886
1397
1956
1397
1467
1397
1467
1886
1397
908
978
2375
1397
1816
1466
1467
1397
1466
1467
1397
1466
1397
1396
1467
1397
1885
1397
1397
1467
1397
1466
1467
1397
1397
1886
1467
1397
1467
1886
1466
1467
1886
978
1467
1467
1397
1467
1467
1955
1397
1467
1885
1397
1467
1886
9428
1397
1885
1397
1397
1397
1397
1397
1397
1467
1467
1467
1467
1397
1397
1397
1397
1886
1466
2375
1885
1466
978
1397
1467
1397
1886
1397
1397
1397
1466
1397
1397
1397
1397
1397
978
1467
1467
1397
1466
1397
1397
1886
1397
1886
1467
1397
1467
1466
1397
1397
1467
1885
1816
1467
1885
1466
1467
1467
1467
1396
1466
1397
1397
1396
1466
1886
1397
1466
1467
1467
1466
1467
1466
1467
1397
1397
1467
1466
1466
1466
1467
1397
1466
1396
1397
1466
1467
1467
1397
1466
1956
1397
1397
1885
1956
1397
1396
1467
1397
1466
1956
1466
1466
1397
1886
1397
1397
1956
1397
1467
2305
1816
1397
1467
2374
1397
2375
1466
1467
1886
978
1397
1467
1397
1466
1885
1466
1466
1885
1886
1397
1467
1397
1956
1466
1396
1396
1397
1466
1396
1467
1396
1466
1466
1466
1397
1885
1397
1467
1466
6146
1397
1466
1397
1467
1397
1397
1885
1397
1396
1955
1397
1396
1467
1397
1885
1397
1467
1397
1396
1397
1397
1816
1886
1955
1955
2304
1397
1397
1397
1466
1396
1397
978
1397
1397
1955
1397
1466
1397
1467
1886
1886
1886
1955
1885
1467
1397
978
1396
1955
1396
1397
1397
1467
1467
978
1467
1397
1467
1467
1885
1467
1397
1886
1467
1885
1467
1956
1955
1467
1466
1396
978
1396
1467
1886
1885
1885
1397
1466
1466
1397
1397
1467
1397
1467
1466
1955
1467
1467
1467
1467
1467
1397
1397
1467
1397
1397
1466
1396
978
1467
1467
1397
1467
