1886
1467
1397
1397
1467
1467
1396
1466
1396
1397
1397
1397
1397
1396
1467
1466
1467
1397
1396
1467
1467
1467
1397
1397
1397
1397
1397
1466
977
908
1397
1396
1396
1397
1467
1397
1467
1397
1467
1467
1397
1466
1467
1886
1467
1886
1396
1466
1467
2374
1885
1885
1397
1397
1397
1466
1397
1467
1397
1397
1467
1466
1396
1467
1466
1397
1397
1885
1467
1397
1397
1466
1397
1466
1397
1466
1467
1397
1467
1396
1396
1397
1397
1467
1397
1467
1397
1816
1397
1397
1885
1397
1397
978
1397
1397
1467
1467
1397
1396
1397
1397
1396
1397
1397
1397
1467
1466
1397
1397
1467
1397
1397
1467
1467
1397
1397
1467
1397
1467
1396
1467
1466
1466
1467
1466
1397
1466
1466
1467
1396
1467
1467
1467
1397
1466
1397
1466
1396
1397
1397
1397
1467
1467
1397
1397
1466
1397
1466
1396
1466
1396
1397
1396
1885
1397
1396
9987
1396
1397
1466
1397
1886
1886
1397
1885
1466
1397
1396
1467
1467
1466
1466
1467
1467
1816
1397
1397
1397
1397
1886
1467
1397
1467
1397
1466
1397
1396
1467
1397
1886
1467
1397
1397
1397
1467
1467
1466
1397
1466
1466
1466
1397
1397
1397
1397
1397
1886
1466
1397
1397
1467
1467
1467
1397
1467
1885
1397
1397
1467
1397
1467
1397
1466
1397
1467
1467
1467
1396
1467
1467
1397
1467
1397
1467
1466
1466
1467
1467
1467
1467
1397
1467
1466
1397
1467
1396
1466
1466
1397
1397
1396
1466
1466
977
1397
1397
1396
1397
8590
1397
1397
1467
1397
1396
1466
1466
1397
1467
1885
1467
1466
1397
978
1467
1397
2304
1397
1466
1467
978
1397
1467
1466
1397
1397
1397
1467
2375
1467
1397
1467
1396
1397
1467
1467
1397
1396
1467
1466
1886
2375
1885
1886
1885
1467
1956
1396
1467
1467
1396
1397
1397
1397
1467
1397
1956
1886
1397
1397
1397
1955
1467
1397
1466
1397
1816
1467
1396
1397
1466
1467
1885
1886
1886
1396
1466
1397
1955
1885
1467
1466
1467
1466
1397
1466
1467
1466
1466
1467
1396
1467
1467
1467
1467
1397
1467
1467
1956
1397
1397
1466
1397
1397
1396
1397
1397
1397
1397
1467
1397
1396
1397
1466
1466
1467
1397
1396
1397
1397
1466
1397
1397
1466
1467
1466
1467
1397
978
1467
978
1397
1397
1466
1467
1396
1397
1396
1466
978
1397
1467
1467
1397
1467
1466
1397
1955
1396
1467
1397
1397
1466
1397
977
1397
1467
1467
1397
1397
1397
1397
1396
1396
1397
1466
1467
1466
1467
1467
1466
1467
978
1467
1396
1396
1397
1886
1467
1467
1467
1466
1396
1397
1397
1397
1467
1397
1886
1467
1396
1397
1397
1397
977
1396
1886
1466
1397
1397
1397
1466
908
1467
978
1397
1397
1467
1466
1466
1886
1397
1467
1467
1397
977
978
1397
1466
978
1466
1886
1396
1467
1466
1397
1397
1396
1466
1397
1467
1397
978
1467
978
1466
1396
1467
1397
1955
1467
1886
978
1397
1467
1467
1397
1467
1467
1467
1885
1397
1397
1467
978
1397
1466
1397
1467
1397
1397
1466
1466
1466
1397
1397
1467
1467
1396
1397
1955
1467
1397
1397
1885
1467
1467
1466
1466
1397
1397
1955
1397
1397
1467
1397
1396
1466
1956
1397
1397
1467
1397
1397
1397
1466
1886
1885
1397
1467
1886
1397
1467
1956
1467
1466
1397
1397
1396
1466
1397
1466
9987
1397
978
2375
3353
1467
1397
1466
1885
1467
1397
1467
1397
1467
1396
1397
978
1466
1466
1397
1397
1467
1885
2374
1467
1397
1467
1467
1397
1397
1466
1816
1467
1467
1955
1955
1466
1397
1467
1466
1397
1467
1466
1466
1397
1467
1396
1397
1466
1466
1467
1466
1467
1397
1397
1396
978
1467
1466
1467
1467
1466
1886
1885
1886
1466
1397
1397
1397
1466
1466
1466
1466
1397
1396
1467
1886
1466
1466
1886
1397
1397
1467
1397
1466
1396
1396
1467
1466
1467
1396
1397
1467
1467
1467
1466
1466
1397
1466
1397
1467
1397
1885
1886
1467
1397
1397
1467
1397
1397
1466
1397
1397
1466
1467
1397
1466
978
1397
1397
1467
1467
1397
1396
1466
1466
1397
1955
1397
1397
1397
1467
1466
1467
2375
1397
1467
1397
1886
1467
1467
1466
1886
1397
1397
1467
1466
1466
1397
1467
1397
1467
1397
1466
1397
1466
1467
1467
1397
1397
1466
1466
1397
1956
1467
1397
978
1397
1397
1467
1467
1397
1397
1396
1467
1396
1396
1956
1396
1466
1467
1467
1886
1397
978
1467
1467
1466
1396
1397
1467
1467
1397
1467
1397
1397
1397
1466
978
1466
1886
1466
2374
1467
1397
1466
1467
1467
1397
1466
1397
1466
1467
1397
1467
1397
1467
1467
1466
1397
1397
1397
1467
1466
1466
1396
1397
1397
1467
1396
1396
1397
1397
1397
1397
1396
1467
1467
1397
1467
1956
1886
1467
1467
1396
1886
1397
1467
1886
1397
1466
1397
1466
1467
1397
1467
1885
1397
1397
1886
1467
1397
1467
1397
1397
1467
1466
1396
1467
1397
1467
1397
977
1396
1467
1467
1467
1467
1397
1467
1397
1885
1467
1397
1397
1466
1886
1397
1467
1467
1397
1885
1467
2375
1466
1466
1466
1467
1467
1466
2933
1397
1397
1467
1816
1397
1467
1396
1397
1397
1467
1467
977
1397
1396
1466
1397
1396
1467
1397
1397
1956
1467
907
1466
1396
1467
1467
1886
908
1397
2374
2793
1396
1816
1397
1466
1466
1397
1886
1396
1396
1397
1397
1397
1397
1466
1467
1397
1467
1466
1397
1397
1467
1397
1886
977
1466
1467
1466
1467
1397
1397
1397
978
1467
1885
1397
1397
1467
1467
1886
1397
1397
1396
1397
1397
1467
978
1397
1466
1466
1466
1467
1397
1466
1397
1466
1397
1467
1397
1885
1467
1467
1467
1466
1467
1467
1397
978
1397
1466
1466
1466
908
1397
1397
1467
1397
2374
1397
908
1397
1397
1397
1956
1467
1396
978
1885
1467
1397
1396
1467
1467
1397
1397
1397
