1397
1397
1396
1466
1397
1396
1956
1956
1467
1816
1886
1955
1467
1397
1467
1397
1885
1466
1397
1466
1397
1396
1397
1885
1467
1886
1955
1886
1467
1397
1397
1816
1397
1397
1466
1397
1397
1955
1396
1467
1397
1397
1397
1886
1467
1816
1467
1397
1466
1467
1886
1397
1397
1467
1396
1397
1396
1397
1467
1397
1397
1397
1955
1885
1397
1397
1397
1397
1397
1885
1886
1956
1816
1466
1886
1885
1466
1956
1885
1466
1466
977
1467
1885
1467
1397
1397
1466
1886
1467
1467
1466
1397
1467
1397
1396
1397
1466
1397
1397
1886
1955
1885
1886
1956
1466
1466
1397
1396
1955
978
1886
1397
1886
1956
1956
1886
1886
1956
1466
1467
2374
1397
1467
1397
1467
1955
1397
1396
1397
1467
1397
1397
1467
1467
1397
1396
1397
1467
1886
1397
1396
1397
1956
1397
1397
1467
1397
1467
1885
1466
1397
1397
1396
1397
1397
1467
1466
1955
1956
1886
1885
1397
1397
1467
1396
1397
1397
1397
1467
1397
1397
1886
1396
1466
1397
1397
1467
1397
1396
1397
1885
1467
1886
1956
978
1886
1467
1466
1885
1467
1397
1956
1956
1397
1886
1397
1397
1467
1467
1466
1467
1466
1397
1396
1397
978
978
1397
9079
1816
1467
1397
1467
1397
1467
1956
1397
1466
1397
1467
1886
1467
1397
1885
1886
1885
1467
1956
1397
1467
1467
1397
1886
1467
1886
1396
1467
1886
2793
1466
1816
1467
1467
1467
1397
1397
1467
1955
1397
1397
1397
1466
1467
1397
1396
1467
1466
1396
1467
1467
977
1397
1956
1396
1466
1466
1397
1397
1396
1397
1886
1397
1397
1467
1467
1467
1397
1396
1397
1467
908
1467
1466
1467
1467
1397
1397
1397
1466
1466
1397
1397
1397
1396
1397
1955
1467
1397
1467
1396
1466
1467
1397
1466
1886
1396
1466
1466
1467
1467
1397
1397
1466
1397
1886
1397
1397
1467
1397
1467
1467
1466
1397
1397
1397
1467
1466
1397
1396
1397
1397
1397
1467
1467
1397
1466
1397
1467
1396
1396
1397
1397
1466
1467
1885
978
1467
1397
1397
1886
1467
1397
1466
1397
1397
1397
1467
1467
2444
1886
1467
1467
1397
1466
1816
1466
1467
1397
1397
1467
1466
1397
1397
1956
1467
1396
1467
1467
8660
1467
1467
1327
1467
1467
1397
1466
1886
1885
1397
1396
1397
1467
1466
1397
1397
1467
1397
1466
1467
1886
1466
1397
1396
1397
1397
1886
1327
1397
1396
1886
1467
1467
1396
1955
1467
1397
1396
1466
1466
1396
1397
1397
1397
1397
1397
1397
1397
1466
1467
1956
1467
1397
1467
1397
1397
1397
1467
1396
1886
1397
1467
1397
1396
1467
1396
1467
1886
1466
1397
1397
1466
1397
1397
1397
1397
977
1466
1397
1397
1467
1397
1467
1886
1467
1397
1956
1467
1397
1467
1886
1467
1397
1397
1955
1397
1885
1397
1397
1467
1397
1397
1397
2374
1467
1466
1886
1956
1397
1467
1956
1397
1397
1396
1466
1467
1466
1397
1886
1467
1955
1397
1397
1397
1397
977
1816
1397
1397
1466
1816
1467
1956
1886
1397
1396
1397
1397
1396
1467
1886
1397
1467
1467
1396
1886
1397
1396
1327
1397
1397
1467
1466
1397
1397
1397
1396
1397
1467
1397
1466
1467
1466
1467
1397
1397
1397
1397
1886
1397
1886
1397
1397
1397
1397
1396
1467
1467
1397
1397
1397
977
1397
1466
1397
908
1466
1396
1397
1886
1396
1467
1397
1397
1467
1885
1397
1396
1397
1397
1466
1397
1466
1467
1466
1396
1397
1397
1396
1397
1397
1397
1397
1397
1467
1467
1467
1955
1816
1396
1397
1397
1467
1467
1466
1467
978
1466
1397
1397
1467
1467
1466
1886
1397
1886
1397
1886
1397
9359
1397
1886
1467
1397
1327
977
1815
1466
1397
1467
1397
1397
1466
1397
1466
1397
1885
1397
1396
1397
1397
1397
1815
1955
1467
1956
1466
1886
1397
1397
1466
1396
1956
1397
1397
1886
1467
1886
1466
1397
1397
1466
1466
1886
1396
1397
1466
1397
1816
1886
1397
1396
1397
1886
1467
1467
1467
1396
1397
1467
1466
1467
1467
1466
1885
1467
1467
1886
1396
1467
978
1397
1467
1956
1397
1397
1886
1467
1886
1397
1466
1466
1397
1397
1397
1467
1396
1885
1397
2305
1885
1955
1396
1397
1467
1397
1467
1816
1397
1467
1396
1467
2374
1956
1885
1397
1467
1397
1466
1397
1955
1397
1397
978
1467
1397
1467
1397
1467
1397
1396
1467
1886
1956
1467
1396
1466
1466
1397
1466
1886
1397
1466
1886
2374
1397
1467
1397
1396
1467
1396
1886
1397
1885
1466
1466
1466
1466
1397
1466
1886
1467
1467
1886
1397
1397
1467
1396
1466
1397
1466
1885
1886
1397
1886
1467
1955
1467
1396
1467
1467
1956
1397
1396
1467
1467
1466
1397
1886
1396
1956
1886
1397
1397
1466
1816
1885
1467
1466
1467
1466
1397
1397
1396
1885
1466
1397
1396
1886
1397
1397
1397
1955
1397
1885
1886
1397
1467
1397
1397
1327
1466
1956
1396
1397
1955
1396
1396
1466
1467
1467
1467
1467
1467
1467
1397
1955
1397
1467
1467
1397
1397
1466
1467
1466
1397
1467
1396
1397
1397
1397
1467
1467
1467
1467
1397
1466
1886
1467
1466
1397
1397
1396
1466
1956
1886
1397
1397
1467
1397
1397
1397
1397
1886
1467
1397
1467
978
1467
1955
1397
1467
1467
1956
1397
1467
1397
1397
1467
1467
1396
1467
1467
1397
1466
1467
1466
1466
1467
1885
1467
1886
1467
1816
1397
1397
1467
1397
1466
1397
978
1467
1396
1397
1396
1397
1397
1956
1467
1886
1816
1397
1466
1955
1886
1466
1396
1467
1467
1466
1885
1397
1467
1466
1886
1397
1467
1396
1467
1466
1466
1885
1397
1396
1467
1397
1397
1467
1397
1885
1467
1397
1466
1466
1397
1466
1466
1467
1467
1397
1396
1885
1816
1397
1396
1886
1467
1466
1397
1397
1885
1467
1397
1467
1467
1397
1467
1397
1467
1467
1956
1466
1885
1885
1466
1397
1397
1396
1397
1397
