1885
1956
1466
1397
1467
1396
1956
1886
1885
1886
1956
1886
1886
1885
1886
1397
1467
1466
1955
1467
1955
1956
1956
1396
1466
1397
1466
1397
1397
1466
2375
1886
1467
1886
1886
1886
2374
1886
1816
1397
1886
1955
1885
1885
1885
2375
1466
1886
1886
1886
1886
1885
1816
1397
1886
1467
1466
1397
1886
1955
1467
2374
1955
2375
1955
1467
1886
1956
1956
1956
1397
1886
1397
1397
1885
2374
1886
1886
1397
1397
1467
1886
1816
1467
1955
1467
1396
1886
1956
1956
1955
1467
1885
1956
2864
1397
1397
1467
1397
1885
1397
2375
1955
1886
1886
1886
1955
1467
1886
1886
1886
1885
2375
2445
2305
1886
1397
1816
2304
1956
1955
1956
1885
1816
1886
1955
1467
1466
1397
1467
1886
1955
1956
1396
2794
1885
1886
1955
1397
1467
1397
1327
1955
1467
1467
1467
1467
1396
1885
1886
1886
1956
1956
1466
1396
1467
978
1466
1886
1955
1886
1886
1886
1955
2374
1397
1397
1397
1886
1467
1956
1886
1816
1956
1397
1397
1466
1397
1397
1396
1396
1955
2444
2374
1396
1956
1886
1886
1397
1886
1816
1397
1397
1397
1466
1886
1885
1956
1956
2374
1467
1467
1397
1885
1397
1396
1885
1397
2374
1885
1886
1955
1885
1397
1396
1885
1467
1955
1397
1397
3213
1467
1396
1397
1466
1467
1397
1397
1467
1885
1466
1956
1397
1467
1956
1955
1956
1886
1397
1467
1885
1466
1397
1397
1396
1397
1467
1397
1467
1397
977
1886
1397
1885
1816
1956
1956
1886
1466
1467
1397
1397
2375
2444
1397
2445
1886
1467
1467
1886
1397
1955
1886
1885
1886
1397
1885
1467
1397
1397
1886
1466
1396
1397
1955
1956
1955
1397
1397
1467
1955
1467
1467
1885
1467
1886
1886
2375
1956
1955
1467
1466
2374
1397
1955
1956
2374
1885
978
978
2305
1396
1955
1467
1956
1886
978
1467
1397
1467
1397
1466
1397
1397
1396
1397
1397
1467
1397
2375
1467
1397
1466
1397
1466
2444
2375
1467
1397
1467
1467
1396
1397
1885
1467
1955
1467
1467
1397
1467
1886
1955
1955
1397
1397
1396
1397
1397
1397
1466
1886
2375
1466
1467
1467
1467
1886
1956
1467
1397
908
1467
1886
1466
1467
1397
1886
1397
1397
978
1397
1467
1397
1397
1467
1397
1467
1467
977
1886
1466
1466
2375
1467
1396
1886
1886
1955
1396
2374
1397
1467
908
1397
1397
1886
1397
1397
1467
1397
2305
1396
1397
1467
1397
1466
1397
1397
1397
2445
1885
1955
1467
1885
1885
1955
1397
1467
1816
1397
1466
1466
1467
1396
1886
1466
1397
1955
1466
1327
1886
1886
1956
1466
1466
1467
978
1467
2374
1816
1466
1396
1467
1397
1397
1467
2375
1396
1397
1397
1815
1467
1396
2374
1397
1397
1956
1397
1466
1397
1467
1467
1397
1397
1397
1467
1397
1467
1467
1886
2375
2374
1467
1467
1956
1397
1397
1467
1397
1885
1397
1397
1397
1467
1467
1397
1955
1396
1467
1397
1397
1397
1886
1396
1397
1397
1467
1467
1466
2375
1397
1397
1397
1397
1466
1885
1467
1397
1397
1397
1886
2445
1396
1467
1397
1467
1396
1886
1886
1886
1886
1886
1467
1467
1885
1467
977
1466
1466
1886
1397
1467
1467
1397
1466
1397
1467
1397
1956
1467
1397
1397
1396
1816
1467
1467
1467
2375
1956
1397
2445
1816
1397
1886
1397
1816
1466
1886
1397
1886
1886
1397
1467
1886
1885
1885
1886
1397
1467
1396
2374
1886
1467
1955
1397
1397
1397
1396
1886
1886
1397
977
2374
1886
1467
1467
1466
1397
1397
1397
2305
1816
1466
1467
1466
1955
1956
1397
1397
1397
1396
1886
1886
1886
1397
2375
1885
1886
1397
2375
1885
1816
1467
1467
1466
1886
1886
1955
1397
1885
2375
1397
1467
1886
1397
1816
1397
2305
1396
1885
1885
2444
1955
1467
1467
1466
1955
1466
1397
1956
1466
10057
1397
1466
1885
1397
1466
1397
1397
978
1467
1467
2305
1885
1397
9987
2375
1886
1397
1327
1956
2444
1955
1816
1397
1467
1397
1397
1467
1466
1397
1886
1886
1885
1885
1397
1397
1886
1466
1886
1466
1397
1397
1885
1466
1466
1397
1467
1816
1466
1467
1397
1466
1466
1886
1397
1956
1885
1956
1955
1886
1467
1816
1886
1886
1886
1886
2374
3352
1397
2305
1396
1397
1466
1955
1886
1885
1955
1467
1816
1467
1397
1467
1885
1886
1816
1815
1955
1397
1397
1886
1467
1396
1886
978
1886
1956
1467
1886
1466
1955
1467
1955
1466
1886
1466
1397
1886
2374
1955
1816
1955
1886
1886
1397
2305
1886
1467
1886
1396
1397
2375
1396
1467
1956
1886
1955
1955
2375
1885
1466
1467
1955
1885
1397
1885
1886
1885
1956
2374
1955
1397
1886
1956
1467
1886
1816
1467
1466
1467
1467
1956
1886
1956
1885
1886
21650
2305
1886
1467
1886
1886
2375
1397
1885
1956
2375
1886
1956
1397
1467
1956
1396
7123
1886
1466
1397
1885
1886
1816
2304
908
1467
1886
1955
1886
1955
1886
1886
1886
1956
1397
2374
1816
2305
1886
1467
1956
1467
1885
1467
2933
1885
1466
1886
1886
1956
2374
1466
1955
1397
1886
1886
1397
1467
1466
1886
1397
1955
1396
1397
1955
1955
1816
1885
1397
1397
1467
1467
1885
1397
1886
1467
1886
1886
1397
1397
1397
1886
1467
1886
1466
1466
1885
2375
1466
1397
1466
1396
1956
2375
2375
1466
1397
1466
1397
1886
1467
1955
1396
1885
1955
1467
1466
1397
1396
1467
1396
1885
1467
1467
1466
1397
1397
1397
1466
1397
2375
1886
1466
1467
1397
1396
1885
1397
1467
1397
1467
1397
2304
1396
1886
1397
1396
1397
1467
1466
1397
1467
1467
1397
1466
1467
1956
1956
1467
1886
1397
1886
2375
1397
1397
1466
1886
1397
1396
1397
1467
1956
1397
1466
2304
978
1467
1397
2374
1467
1397
1467
1397
1466
1467
1467
1886
1397
978
1397
1467
1396
1467
1397
1397
1397
1397
1885
1466
1397
1467
977
1397
