1955
1885
908
1466
1467
1886
1885
1885
1467
1955
2444
1397
1396
1396
1886
1886
1467
1467
1467
1397
1396
1886
1467
1467
1467
1886
1885
25771
1956
1466
1466
977
1397
1467
1467
1467
1397
1886
1956
1886
1397
1886
1956
1885
1956
1397
1467
1397
1466
1886
1886
1396
1956
1467
1955
1956
1397
1467
1467
2375
1397
1397
1466
1397
1816
1885
1397
1886
1466
1467
1396
1886
1886
1397
1397
1397
1397
1886
1886
1396
1956
1396
1886
1397
1396
1886
1886
1467
1466
1466
1467
1467
1815
1466
2864
1467
1886
1396
1886
1885
1956
1397
1886
1397
1467
1396
1467
1397
1956
1397
2375
1467
1466
1955
1467
1886
1467
1397
1467
1397
1886
1956
1886
1886
1467
1397
1466
1466
2305
1466
1397
1466
1886
1397
1886
1956
1467
1467
1397
1396
1397
1886
1467
1397
1397
1467
1396
1467
1886
1397
1467
1956
1466
1396
1397
978
1467
1467
1466
2374
1396
1397
1466
1466
1467
1466
978
1397
1466
1466
1397
1466
1467
1396
1397
1467
1396
1396
1466
1885
1956
1397
1956
1886
1397
1955
1466
1886
1886
1467
1397
2375
1467
1956
1955
1396
1396
1885
1467
1886
2305
1955
1397
8031
1397
978
1886
1885
1397
1886
1886
1956
1397
1886
1885
1886
1397
1466
1467
1886
1467
1885
1467
1886
1467
978
1885
1466
1397
977
1467
1467
1816
1955
1397
1466
2375
1886
1466
1885
1956
1955
2444
1886
1397
2375
1886
1467
1815
1885
1467
1886
1397
1467
1467
1467
1885
1467
1396
1466
1466
908
1397
19416
1466
1467
1886
1397
1397
1397
1397
1467
1467
1467
1467
1955
1886
1955
2444
1467
2375
1885
1397
2305
1467
1397
1396
1886
1467
1396
1467
1397
1885
1397
1886
1397
1397
1467
1467
1467
1466
1397
1396
1466
1396
1397
1397
1467
1466
1466
1397
1467
1397
1816
1396
2375
2374
1956
1885
2375
1467
1955
1467
1397
2375
2444
2445
1886
2305
1955
1956
1885
1955
1886
1886
1886
1397
1885
1885
1886
1955
1467
1397
1886
1396
2375
1886
1396
1467
1397
1397
1397
1396
1397
1886
1885
1885
1467
1886
1886
1466
1467
2374
1886
1396
1467
1956
1467
1467
1466
1397
1886
1467
1467
1466
1397
1467
1397
1467
1886
1467
1816
1955
1886
1467
1397
1396
1396
1885
1467
1396
1466
1397
1396
1397
1397
1397
1467
1466
1397
1396
1466
1397
1467
1886
1886
1466
1466
1397
1397
1956
1396
1397
1886
1886
1886
1956
1885
1885
1886
1956
1956
1956
1886
2375
1885
1467
1955
2793
1955
1466
1886
1956
1397
1816
1886
1886
1886
1397
1466
1467
1397
1397
2374
1886
1466
2374
1466
1955
1396
1396
1397
1956
1886
1397
1397
1956
1955
1397
1886
1886
1886
1466
2445
1886
1955
1886
1886
1886
1885
1397
1467
1467
1397
1886
1886
1467
1397
1886
1397
1886
1956
1886
1397
1466
1467
1397
1886
1886
1467
1466
1886
1397
1397
1466
1467
1956
1886
1397
1397
1886
1885
1397
1467
1955
1397
1467
1397
1397
1467
1467
1467
1466
977
908
1467
1885
1467
1466
1886
1467
1396
1397
1397
1466
1467
1397
1955
1886
1397
1397
1396
1467
1397
1397
1467
1956
1397
1956
1955
1956
1467
2375
1886
1816
1956
1956
1466
1886
1467
1467
1956
1397
1466
1467
1886
1397
1956
1466
1885
1397
1467
1467
1467
1467
1467
1885
908
1467
1956
1466
1466
1467
1466
1397
1467
1396
1885
1956
1466
1397
1956
1955
1467
1396
1397
1397
1467
1397
1397
1397
1467
1396
1396
1886
1466
1466
1397
1467
1886
1885
1396
1886
1886
1396
1886
1467
1397
1886
1397
1886
1886
1955
1466
1397
1816
1467
1467
1397
1397
1886
1955
1885
1466
1956
1397
1397
1397
1886
1467
1397
1396
1886
1886
1396
1816
1397
1886
1466
1397
1955
1956
1956
1815
1885
1955
1397
1955
1467
1956
2375
2374
1886
1886
1396
1467
1397
1397
1397
1467
1955
1886
1955
1956
978
2445
1886
1886
1816
1467
1955
1886
1886
1467
1396
1886
1467
1397
1816
1885
1397
1886
1956
1466
1956
1397
1886
1467
1396
1956
1886
1956
908
1886
1886
1397
1466
1886
1956
1886
1466
1885
1885
5168
1886
1396
11454
1885
1397
1396
1397
1397
1955
1467
1467
1397
1397
1397
1466
1397
1397
1466
1466
1466
1467
1467
1397
1466
1397
1466
1467
1466
1397
1467
1467
1467
1467
1397
1886
1397
1467
1397
1467
1955
1397
1397
1397
1467
1466
1397
1397
1397
1955
1467
1956
1885
1956
1467
1816
1467
1886
1886
1886
1885
1886
1397
1886
1816
1397
1466
1886
1466
1955
2375
1886
1816
1886
1466
1466
1466
1396
1467
1885
1467
1886
1397
1397
1886
1466
1955
2374
1397
1396
1397
1886
1467
1886
1467
1886
2305
1885
1397
1397
1397
1397
1396
1885
1396
1886
1956
1397
1467
1467
1397
977
2375
1886
1955
2305
2374
1886
1885
2305
1886
1955
1467
2863
1956
2305
2375
2305
1815
1886
1886
2375
1467
2375
1886
1467
1956
1955
2375
1886
1955
1886
1396
1467
1886
1467
1466
1467
1466
1397
1467
1467
1466
1397
1397
1467
1397
1886
1956
1327
2375
2375
1397
1956
2444
1467
2304
2375
1956
1397
1886
1466
1956
1886
1467
1396
1885
1886
1956
2375
1816
1955
1886
1885
2375
1955
1956
1886
1397
1955
1886
1886
1886
1816
1397
1886
1886
1466
1466
1956
1397
1396
908
1397
1467
1397
1886
1397
1397
1397
1467
1886
1886
1467
2305
1885
1956
1886
1956
2374
1956
1885
1955
1397
2374
1886
1955
1885
978
15435
1397
1467
1885
1467
1397
1467
1467
1886
1397
1397
1397
1396
1467
1886
1956
1956
1397
1886
1467
1397
1466
1397
1466
1466
1467
1467
1397
1397
978
1397
1396
1397
1396
1396
1397
1396
1466
1886
1466
1397
1396
1886
1397
1886
1886
1886
1397
1397
1467
1396
1396
977
1466
1397
1466
1396
1397
1467
1816
1397
1467
1467
1467
1466
1466
1816
1397
