1397
8521
1396
1466
1396
1466
1467
1467
1886
1397
1467
1467
1467
1397
1467
1397
1467
1886
1467
1397
978
1886
1467
1467
1396
1397
1467
1466
1396
1467
1397
1397
1396
1397
1467
1886
1396
1397
1467
1467
1466
908
1397
1466
1466
1467
1397
1397
1397
1397
1467
1956
1466
1397
1466
1466
1466
1886
1397
1396
1467
1397
1397
1397
1467
1467
1397
1397
978
978
1397
1466
977
1466
1397
1397
1467
1397
1467
978
1396
1396
1397
1466
1396
1397
1466
1466
1466
1397
978
978
1466
1397
1396
1467
1396
1397
1397
1397
1397
1397
1466
1397
978
1397
1466
1397
1466
1397
1397
1466
1397
1396
1466
1816
1467
1397
1397
1397
1467
1397
1467
1397
1466
1397
1816
1466
1397
1397
1397
1397
1467
1467
1397
1396
1466
1397
1466
1397
1396
1397
978
1467
1397
1396
1396
1466
1397
1467
1397
1397
1466
12013
978
1466
978
1397
1397
1397
978
1397
1467
1467
1467
1396
1467
1397
1397
978
1467
1467
1397
1467
1397
1396
1397
1396
1467
1397
1467
1466
1396
1467
1467
978
1397
1397
1397
1466
1466
1397
1467
1397
1397
978
1466
1396
1466
1467
1397
1467
1397
1396
1397
1397
1396
1397
1397
1467
1397
1467
1397
1466
1466
1397
1397
1397
1397
1467
1886
1467
1397
1467
1467
1467
1467
1466
1467
1467
1397
1396
1467
1467
1467
1467
1466
1885
1396
1467
1885
1467
1397
1467
1397
1466
1397
1396
1397
1397
1467
978
1396
1397
1467
1467
1466
1466
1397
1397
1467
1397
1466
1466
1885
1467
1397
1886
1467
1466
1397
1466
1467
1467
1886
978
1467
1397
978
1397
1397
1467
1467
1467
1816
1397
1467
1466
1467
1885
1397
1466
1397
1886
2863
1397
1466
1396
1467
1397
1397
1467
1397
1467
1955
1396
2375
1466
1397
1467
1467
1396
1397
978
1466
1467
1466
1397
1397
1397
1397
1467
1467
1397
1466
1397
977
1396
1397
1397
1397
1397
1467
1397
1397
1466
1467
1466
1396
1397
1467
1467
1467
1467
1397
1467
1467
1466
1396
1397
1467
1467
1397
1467
1397
978
1397
1397
1466
1396
1397
1397
1397
1466
1397
1397
1397
1467
1886
1467
1397
1397
1397
1397
1467
1466
1397
978
1467
1397
1467
1397
1466
1885
1396
1397
1397
1466
1467
1397
1466
1467
1397
1397
1397
1397
8171
1397
1397
1397
1467
1397
1397
1397
1467
1397
1886
1397
1467
1396
1397
1396
1467
1397
1466
1886
1397
1467
1397
1467
1397
1467
1396
1396
1466
1467
1397
1466
1397
1397
1467
1466
1466
1396
1397
1467
1397
1397
1466
1467
1397
1467
1397
1397
1886
1397
1397
1467
1467
1816
1397
1397
1466
1397
1467
1466
1397
1466
1466
1467
1397
1956
1466
1886
1467
1396
1396
1467
1397
1397
1397
1396
1816
1397
1397
1397
1397
978
1467
1467
1467
1397
1397
1397
1467
1466
1467
1397
1397
1467
1466
1397
1397
1397
1886
1396
1397
1467
1467
2863
1467
1815
1466
1467
1886
1397
1466
1397
1467
1397
1397
1397
1397
1397
1467
1467
1397
1467
1467
1466
1397
978
1886
1397
1397
1467
1467
1886
1396
1467
1397
1467
1467
1467
1466
1467
1396
1467
1467
1885
1466
1886
1467
1467
1956
1467
1397
1397
1397
1466
1397
1397
1467
1467
1467
1467
1396
1886
1466
978
1397
1397
1467
1397
1467
1466
1467
1396
1397
1397
1397
1466
1397
1467
1885
1397
1397
1467
1466
908
1397
1467
1467
1397
1397
1397
1466
1397
1886
1466
1467
1397
1397
1397
1397
1467
1397
1466
1956
1397
1467
1397
1397
1397
1467
1466
1466
1467
1467
1886
1467
1466
1397
1467
1466
1396
1466
978
1397
1397
1397
1396
1397
1466
1466
1467
1396
1396
1397
1397
1397
1397
1397
1397
1466
1467
1467
1397
1397
1396
1397
1396
1467
1397
3213
1397
1467
1886
1396
1397
1396
1467
1466
1466
1466
1467
1467
1467
1397
1397
1467
1467
1397
1397
1397
1396
1466
1397
1397
1397
1397
1886
1396
1466
1397
1397
1956
1397
1397
1467
1467
1397
1396
1467
1397
1397
1397
1397
908
1467
1886
1397
1397
1466
1397
1397
1397
1467
1467
977
1397
1397
1396
2375
1467
1397
1397
1467
1466
2374
977
1397
978
1467
1467
1467
1397
1397
1467
1467
1397
1467
1467
1467
1467
1467
1397
1467
1397
978
1466
1396
1886
1397
1397
1467
1467
1466
1397
1396
1467
978
978
1397
1956
1396
1467
1397
1397
1467
977
1466
1467
1397
1397
1396
1397
1396
1467
1467
978
1467
1396
1397
1467
1467
1397
1396
1467
1397
978
1397
978
1397
1467
1397
1467
1396
978
1466
1397
1397
1397
10825
1466
1466
1467
978
1397
1397
1396
1397
1397
1397
1467
1397
1466
1466
1397
977
1467
1396
1396
1397
908
1466
1396
1397
1396
1397
1397
1467
1397
1396
1466
1397
1396
978
1467
1466
1467
1467
1467
1397
1467
1466
1397
1397
1397
1397
1467
978
1466
1466
978
978
1397
1397
1397
1467
1397
1467
1397
1956
1467
978
1467
1397
1467
1886
978
1397
1467
1397
1396
1466
1467
1397
1467
1467
1955
1397
1467
1397
1886
977
1397
1466
1467
1466
1467
1467
1467
1397
1466
1467
1467
1466
1816
1397
1396
1466
1397
1397
1397
1466
1396
1397
1396
1467
1886
978
978
978
1397
978
1396
1396
1466
1397
978
1397
1466
1397
1397
1396
1397
1397
1466
1396
1397
978
1396
1397
1397
1397
1467
1397
1397
1467
978
1467
1466
1466
1397
1397
1467
1397
1397
1467
978
1467
1467
1397
1397
1396
1397
1466
1397
1397
1397
1396
1397
1397
1397
978
1467
1467
1467
1397
1467
1397
1397
1466
1467
1466
1397
1467
1467
1397
1397
1815
1397
1327
1466
1467
1467
1955
1467
1397
1397
1467
1397
1466
1397
1816
1397
1466
1467
1467
1397
1886
1467
1466
1397
1397
1396
1397
1397
1467
1467
1396
1397
1396
1397
1397
1397
1397
1467
1466
