1467
1886
1886
1816
1397
1397
1397
1886
1467
2445
1397
1886
1466
1396
1956
1886
2374
1955
1886
2375
1396
1955
1885
1886
1885
1885
978
1886
1397
1396
1467
1397
1397
1397
1886
1467
1467
2305
1886
1397
1397
1467
1397
1397
1467
1886
1467
978
1467
1466
1467
1397
1397
1397
1397
1396
1466
1466
1467
1466
1467
1397
1467
1467
1466
1396
1397
1397
1397
1467
1467
1397
1397
1396
1466
978
1397
1397
1467
1467
1397
1467
1396
1467
1467
1397
1816
1397
1955
1396
1886
1397
1466
1467
1397
1467
1397
1397
1886
1467
1467
1467
1397
1467
1466
1466
1397
1397
1397
1467
1467
1397
1397
2375
1467
1467
1467
1396
1397
1397
1397
1467
1886
1467
1467
1396
1467
1397
1886
1885
1467
1396
1397
1886
1466
27168
1396
1466
1397
2305
2863
1815
1467
1397
1467
1885
1886
1885
1886
1956
1956
1955
1886
1467
1467
1885
1466
1397
1397
1886
1885
1885
1956
1396
1467
1466
1466
1467
1397
1467
1466
1397
1397
1467
1466
1396
1467
1885
1397
1467
1466
1955
1397
1467
1466
1467
1466
1397
1397
1327
1397
1885
1467
1397
1396
1396
1466
1397
1397
1467
1396
1397
1467
1397
1466
1466
1466
1467
1466
1466
1396
1466
1396
1886
1467
1397
1466
1467
1467
1467
1397
1467
1397
1397
978
1886
1886
1886
1885
1397
1886
1396
1886
1397
1397
1956
1397
1466
1467
1885
1956
1467
2374
1467
1955
1397
1397
1467
1466
1466
977
1396
978
1466
1397
977
1886
1467
1886
1397
978
1467
2305
1397
1467
1886
977
1397
1886
1397
1467
1885
1467
1467
1467
1467
1466
1396
1397
1467
1467
1467
1467
1886
1466
1466
1396
1885
1397
1397
1467
1467
1466
1397
1466
1397
1466
1466
1467
1886
1397
1397
1466
1886
1467
1466
1467
1396
1956
1397
1397
1885
1396
1466
1956
1397
1886
1955
1397
1397
8520
1886
1397
1466
1885
1466
1397
1396
1467
1396
1886
1397
1397
1397
1886
1397
1396
1397
1467
1397
1467
1397
1397
1397
1886
1397
1466
1396
2374
1397
1886
1397
1467
1397
1397
1396
1467
1397
1396
1397
1467
1886
1396
1397
1467
1955
1397
1466
1397
1397
1466
1466
1397
1397
1396
978
1397
1467
1396
1396
1466
1397
1886
1467
1467
1396
1397
1466
1466
1886
1397
1397
1466
1467
1467
1396
1466
1397
1467
1467
1467
977
1397
1397
1467
1956
1467
1467
1397
1467
1397
1467
1466
1885
1396
1396
1467
1396
1467
8241
1397
1886
1397
1397
1467
1397
1466
1397
1397
1397
1397
1467
1397
1886
1467
1467
1886
1886
1397
2375
1885
1466
2374
1956
1955
1955
1955
1955
1886
1955
1815
1467
1886
1467
1467
1396
1885
1467
1467
1466
1466
1397
1956
1885
1956
1467
1885
1886
1886
1886
1816
1886
1466
1885
1466
1885
1397
1397
1467
1397
1466
1467
1397
8101
1397
1467
1467
1397
1467
1956
1886
1467
1466
1467
1467
1466
1885
1466
1467
1466
1467
1397
1397
1397
1397
1467
1397
1397
1466
1467
1397
1466
1396
1397
1467
1397
1467
1466
1466
1467
1467
1886
1397
1397
1397
1467
1397
1467
1397
1467
1956
978
1467
1397
1467
1396
1466
1396
1397
1396
1466
1397
1466
1467
1466
1467
1396
977
1396
1466
1467
1886
1397
1397
1467
1816
1467
1466
1396
1397
1466
1396
1467
7682
1396
1467
1397
1397
1397
978
1397
1397
3352
1467
1466
1466
1886
1397
1396
1885
1956
2375
1885
1397
1885
1955
1885
1886
1466
1397
1956
1886
1467
1467
1397
978
1397
1886
1955
1886
1885
1956
1467
1397
1397
1955
1397
1467
1397
2375
1885
1886
2305
1955
1885
1886
1955
1886
1467
1467
1397
1467
1397
1397
1886
1397
1397
1467
1397
1467
1467
1886
1397
1396
1396
1886
1467
1467
1886
1397
1466
1466
1397
1397
1466
1885
1397
1886
1467
1396
1396
1466
1815
1397
1466
1397
1397
1397
1467
1397
1816
1466
1467
1886
1397
1885
1397
1467
1955
1467
1466
1466
12082
1466
1397
1956
1397
1886
1397
1466
1466
1467
1396
1955
978
1956
1886
1956
1956
1886
1886
1467
1956
1885
1397
1397
1956
1397
1955
1886
1467
1397
1886
1466
1886
1396
1397
1466
1467
1816
1467
1886
1396
1397
978
1396
1467
1397
1397
1397
1467
1466
1886
1396
1397
1466
1466
1397
1397
1397
1397
1397
1466
1467
1467
1397
1467
1467
1467
1467
1396
1886
1396
1397
1466
1886
1466
1397
1396
1397
1397
1467
1397
1397
1397
1467
1397
1467
1396
1956
1397
1397
1397
1397
1467
1467
1467
1467
1467
1396
1397
1466
1467
1466
1886
1816
1397
1886
1396
1466
1885
1396
1397
2375
1886
1467
1886
3282
1466
1956
1886
1467
1885
1397
1467
1467
1466
1467
1397
1397
1467
908
1886
1467
1467
1467
1397
2375
2794
1885
1956
1466
1886
1397
1397
1956
1466
1956
1885
1397
1886
1467
1885
1467
1466
1886
1397
1397
2375
1467
1466
1397
1467
1397
1397
1397
1397
1467
1397
1396
1396
1467
1397
1396
1467
1397
1466
1396
1466
1467
1397
1397
1396
1466
1397
1467
1467
1886
1467
1397
1397
1886
1816
1396
1397
1397
1397
1467
1397
1467
1466
1397
1396
1396
1396
1397
1396
1396
1466
1885
1467
1466
1467
1397
978
1466
1466
1467
1397
1467
1467
1397
1466
1467
1467
1466
1467
1886
2374
1886
1466
1886
1885
1397
1397
1467
1886
1397
1397
1885
1467
977
1397
1397
1397
1397
1397
1466
1467
1467
1396
1397
1466
1886
1397
1467
1466
1885
15156
1467
1397
1885
2304
1397
1467
1955
1397
1816
1886
1956
1956
1885
1886
1885
1467
1397
1397
1885
1886
1886
1467
1397
1397
1397
1397
1886
1467
1397
1397
1397
1397
1467
1467
1467
1955
1397
1467
1886
1466
1886
1397
1397
1467
1397
1886
1396
1397
1397
1885
1397
1467
1467
978
1397
1396
1397
1466
1816
1467
1397
1467
1467
1396
1397
1397
1885
1397
1396
1467
1397
