1466
1955
1397
1466
1397
1466
1397
1466
1466
1397
1397
1467
1397
1396
1397
1955
1886
1886
1886
1886
2305
1816
1956
1466
1886
1886
1886
1885
3841
1886
1886
1885
1956
1397
1956
1956
1397
1397
1397
1397
1466
1885
1467
1466
1955
1886
1886
1956
1956
1955
1886
1396
1467
1467
1397
1467
1467
1886
1466
1397
1397
1466
1885
1397
1396
1467
1467
907
1467
1397
1397
1467
1397
1397
1396
1467
1397
977
1396
1815
1955
1397
1397
1466
1467
1886
1956
1397
1955
1467
1327
1467
1467
1396
2375
1885
1467
1885
1467
1886
1886
1956
1467
1956
1466
1467
1397
1397
1886
1886
1397
1466
1396
1466
1396
2375
1467
1397
1466
1397
1396
1816
1397
1396
1397
1397
16552
1467
1397
1816
1955
1327
1467
1397
1397
1397
1397
1885
1466
1466
1466
1397
1885
2375
1397
1467
1467
1467
1886
1466
1467
978
1397
1397
1397
1397
1467
1466
1396
1396
1886
1466
1466
1397
1467
1466
1397
1396
1467
1467
1466
1467
1397
1396
1397
1467
1886
1397
1467
1397
1397
1467
1397
1467
1397
1467
1327
1885
1467
1397
1467
1466
1397
1466
1396
1397
1467
1466
1886
1397
1466
1397
1396
1466
1885
1816
1396
1816
1467
1886
1466
2374
2305
1886
1956
1467
1397
1467
1467
1396
1397
1397
1467
1397
1467
1396
1396
1886
1467
1885
1397
1466
1396
1397
1467
1397
1466
1397
1397
978
1466
1397
1397
1467
908
1466
1467
1885
1467
1467
1397
1466
2374
1396
1466
1397
1396
1955
1397
1467
1397
1466
1467
1816
1397
1886
908
1467
1816
1816
1885
1467
1397
1397
1467
1955
1397
1955
1466
1396
1397
1397
1397
1466
1466
1885
1467
1397
1467
1467
1397
1397
1467
2444
1816
1397
1886
1397
1885
1397
1396
1886
1467
1397
1397
1397
1466
1956
1467
1886
1955
1397
1397
1886
1396
1467
1466
1886
2793
1467
1396
1397
1467
1396
1885
1886
1466
1397
1467
1467
1467
1397
1886
1467
1396
1397
1955
1885
1397
1886
1956
1885
1886
1466
1956
1956
1467
1956
1396
1886
1396
1886
1467
1397
1467
1397
1886
1397
1397
1396
978
1956
1816
1466
1397
1467
1396
1467
1466
1466
1466
1467
1467
1467
1467
1397
1397
1466
1467
978
1396
1467
1397
1396
1396
1467
1397
1466
1467
1397
1467
1466
1397
1467
1467
1466
1397
1397
1397
1816
1397
1397
1467
2375
1397
1467
1467
1467
1397
1397
1397
1885
1467
1885
1467
1467
1397
1397
1397
1886
1396
1467
1467
1467
1467
1397
1467
1466
1467
1885
1397
1466
1467
1397
1885
1816
1816
1397
1886
1397
1397
1396
1466
1467
1886
1396
1467
1397
1397
1886
1397
1396
1466
1397
1397
1396
1466
1466
1396
1466
1467
1467
1467
1886
1467
1397
1397
1397
1815
1885
1397
1467
1467
1466
1397
1466
1815
1396
1466
1467
1467
1816
1886
1467
1466
1396
2374
1467
1397
1396
1397
1466
1467
1467
1397
1396
1397
1467
1397
1467
1466
1466
1886
1466
1397
1885
1467
1956
1956
1467
1886
1397
1466
1397
1886
1466
1467
1466
1396
1885
1467
1396
1466
1397
1397
1397
1397
1397
1955
1886
1397
1467
1466
1467
1396
1397
1466
1467
1885
978
1816
1397
1397
1397
1396
1397
1397
2375
1467
1397
1397
1467
1396
1466
1397
1397
1466
1467
1467
1396
1956
1886
1885
1467
1397
1467
1397
1397
1467
1327
1396
1467
1397
1466
1466
1397
1397
1397
1956
1397
1466
1886
1466
1467
1397
1397
1396
1886
1397
1886
1467
1396
1467
1466
1396
1396
1467
1886
1397
1397
1397
1467
1396
1467
978
1396
1466
1467
1467
1467
1467
1956
1466
1397
1397
1466
1467
1467
1467
1467
1466
1397
1397
1397
1467
1396
1467
1467
1397
1397
978
1466
1886
1886
1397
1327
1397
1397
1396
1397
1467
1467
978
1467
1397
1397
1397
1397
1397
1467
1466
1467
1397
1397
1397
1467
1467
1885
1397
1397
1396
1955
1397
1467
1397
1397
1396
1467
977
1397
1397
1397
1467
1886
1466
1885
1467
1397
1397
1886
1397
1397
1396
978
1467
1467
1397
1397
1397
1467
1396
1396
1466
1397
1467
1397
977
1467
1466
1956
1397
1466
1397
1466
1467
1397
1397
1467
1466
1466
1955
1397
1956
1467
1466
1397
1467
1467
1467
1467
1467
1397
1467
1397
1466
1466
1396
1397
1886
1397
1467
977
1396
1397
1397
1397
1467
1467
1397
1397
1466
1466
1397
1467
1396
1397
1397
1885
1466
1467
978
1397
1467
1886
1816
1816
1885
1466
1397
1467
1397
1466
1466
1396
1466
1886
1397
1397
1885
1956
1886
1885
1956
1955
1466
1397
1885
1955
1955
1467
1955
1885
2305
1816
1886
1466
1467
1955
1886
2374
2445
2305
1816
1956
1886
1886
1955
1467
1397
2305
2794
1885
1466
1886
1886
1466
1397
1885
1396
1816
1885
1955
1396
1885
1397
1886
1956
1397
1397
1816
1467
1396
1467
1397
1467
1467
2444
1397
1466
1397
1397
1397
1466
1466
1466
1397
1466
1397
1396
1397
1397
978
1956
1397
1886
1886
1397
1397
1397
1396
1397
1397
1956
1397
1466
1886
1467
1466
1397
1885
1466
1466
1467
1396
9569
1886
1467
1886
1396
1466
1467
1886
1955
1886
1956
1955
1466
1397
1886
1397
1816
2374
1466
1397
1886
1885
1956
1886
1466
1467
1885
5797
1467
1886
1467
1885
1396
1885
1886
1886
1886
1467
1886
1956
1467
1885
1397
1886
1396
1467
1467
2304
1467
1886
977
1885
2374
1886
1886
1886
1886
1886
1886
1885
1956
1397
1955
1466
1886
1466
1397
1397
1956
2444
1397
11384
1886
1886
1886
1397
1956
1397
1467
1956
1397
1956
1886
1885
1397
1396
1885
1396
10895
1885
1955
1396
1886
1885
1885
1397
1396
1955
1467
1467
1397
1397
1467
1886
1397
1466
1467
1397
1467
1886
1956
1467
978
1467
1886
1397
1467
1956
1396
1467
1467
1467
1466
1396
1467
1886
1467
1466
1397
1467
1466
1397
1397
1397
1397
1397
