1397
1396
1467
1397
1956
1467
1886
1885
1396
1467
1466
1397
1466
1466
1397
1396
1397
1397
1397
1396
1396
1955
1397
1397
1886
1397
1397
1396
1885
1955
1397
1397
1467
1885
1467
1397
1886
1956
1466
1467
1397
1885
1397
1885
1886
1816
1956
1955
1886
1466
1467
1956
1467
1955
1885
1397
1467
1396
1397
1467
1467
1885
1885
978
1886
1466
1466
1467
1397
1955
1467
1955
1885
1397
1467
1467
1397
1467
1955
1396
1886
1886
1466
1815
1886
1396
1397
1466
1466
1397
1885
1885
1466
1956
1886
1467
1466
2375
1467
1886
1467
1467
1886
1956
1397
1956
1466
1397
1955
1815
1397
1816
1885
1886
1885
1467
2375
1397
1397
1397
2374
1467
1816
1885
2375
1886
1397
1886
1886
1956
1886
1467
1467
1955
1886
1466
1467
1467
1467
1466
1466
1397
1467
1397
1886
1467
1886
1886
1955
1467
1885
1397
1466
1397
1397
1956
1396
1466
1467
1886
1955
1885
1397
1396
1886
1886
1467
1467
1467
1467
1816
1397
1467
1397
1885
1397
1886
1397
1397
1397
1397
1886
1397
1396
1467
2374
1886
1886
1397
1397
1397
1956
1467
1467
1397
1327
1955
1886
1886
1885
1467
1467
1467
1467
1816
1327
1396
1466
1396
1467
1467
1397
1397
1467
1886
1467
1467
1467
1467
1956
1466
1397
1397
1955
1886
1886
1397
1397
1886
1955
1956
1466
1396
1886
1886
1396
1397
1466
1956
1885
1467
1466
1397
1467
1466
1397
1467
1397
1397
1886
1467
1396
1397
1886
1885
1885
1466
1816
1397
1396
1397
1467
1397
1885
1467
1466
1397
1397
1886
1467
1886
1467
2374
1886
1886
1397
1397
1397
1397
1467
1467
1886
1467
1467
1467
1467
1467
1397
1397
1397
1397
1467
1886
1466
2445
1396
1886
1396
1466
1467
1467
1396
1396
1397
1467
978
1397
1467
1397
1467
1467
1466
1397
1467
1397
1397
1467
1467
1886
1397
1467
1467
1467
1397
1397
1397
1885
1466
1467
1886
1397
1397
1397
1955
1467
1886
1956
1956
1397
1466
1956
1397
1397
1397
1467
1886
1886
1397
1955
1397
1396
9080
1397
1885
1467
1886
1397
1466
1397
1397
1467
1397
1467
1466
1397
1467
1467
1396
1396
1397
1467
1466
1467
1397
1397
1467
1397
1466
1467
1397
1467
1397
1466
1466
1397
978
1396
1397
1396
1396
1396
1397
1886
1467
1886
1886
1466
1886
1467
1397
1467
1956
1397
1467
1397
1886
1397
1397
1466
1397
1397
1955
1466
1466
1466
1467
1397
1956
1956
1396
1467
1467
1956
1886
1885
1886
1397
1467
1396
1467
1885
1397
1467
1467
1396
1466
1397
1397
1397
1466
1466
1466
1397
1396
1396
1886
1397
1466
1397
1397
1886
1886
1397
1467
1397
2305
1955
1816
1886
1397
1397
1466
2304
1815
1956
1397
1467
1467
1397
1886
1397
1886
1466
1397
1956
1956
1467
1396
1467
1467
1467
1466
1397
1467
1886
1886
1397
1955
2374
1397
1467
1397
1397
1397
1397
1397
1467
1886
1886
1886
1467
1885
1397
1885
1886
1956
1886
1467
1955
1467
1886
1467
1397
1886
1885
977
1886
1397
1467
1397
1467
1397
1885
1397
1956
1396
1397
1467
1397
1467
1955
1397
1956
1956
1397
1397
1467
1466
1397
1886
1955
1467
1467
1397
1466
1956
1466
1397
1397
1467
1467
1466
1886
1466
1466
1956
1956
1397
1955
1397
1397
1885
1397
1397
1466
1466
1886
1467
1467
1466
978
1466
2374
1886
1397
1885
2375
1396
1816
1467
1886
1466
1466
1885
1886
1397
1885
1397
1397
1886
1467
1467
1397
1397
1397
1467
1397
1396
1467
1885
1886
1397
1955
1397
1466
1886
1466
1397
1886
1467
1886
1886
1885
1467
1885
1885
1397
1886
1956
2793
1886
2375
1815
1886
1956
1467
1956
2374
1467
1467
1467
1886
1467
1396
1886
2374
1886
1886
1397
1885
1886
1886
1885
1955
1467
1956
1885
1467
1885
1467
1885
1886
1816
1397
1397
1397
1467
1886
1886
1397
1886
1467
1396
1467
1816
1467
1397
1397
1816
1956
1886
1956
2374
1955
1885
1885
1886
1886
1956
1885
1397
1467
1397
1816
2444
2375
1886
1466
2445
2863
2374
2375
1885
3352
1816
1397
1467
1955
1467
1466
1816
978
2375
1397
1816
1467
1816
1885
1467
1466
1467
1885
1885
1466
1886
1886
1467
1886
2374
1397
1467
1956
1467
1397
1397
1886
1397
1467
1885
1886
1956
1397
1816
1886
1397
1397
1956
1885
2375
1886
1886
1397
1955
1397
1467
1467
1467
1466
1467
1396
1467
1397
1397
1956
1466
1466
1397
1397
1397
1956
1466
1886
2375
1396
1466
1885
1397
908
1955
1397
1397
1467
1886
1466
1397
1467
1467
1397
1885
978
1956
1956
2375
1467
1467
1467
1467
1396
1467
1397
1467
1886
1467
1397
1467
1467
1466
1467
1466
1885
1397
1816
1956
1397
3283
1816
1467
1397
1467
1467
1885
1885
1955
1886
1955
1467
1397
1956
1886
1886
1396
1397
1956
1466
1397
1466
1886
1397
1397
1467
1886
1886
1467
1955
1467
1886
1885
2375
1885
1886
1955
1955
1816
2304
1886
1886
1816
2375
2375
1816
1886
1467
1397
1466
1467
2863
1397
1885
1467
2444
1466
1397
1467
1467
2374
1467
1397
2444
1397
1886
1396
1466
1466
1886
1886
1466
1397
1466
1467
1397
1466
1396
1885
1397
1467
1886
1466
1397
1467
1397
1886
1396
1467
1467
1467
1955
1396
1467
1397
1467
1956
1396
1396
3282
1467
1885
977
1396
1467
1397
1397
1467
1467
1397
978
1886
1467
1885
1397
1466
977
1397
1467
1886
1466
1397
1397
1467
1466
1955
1886
1466
1956
1467
1466
1466
1955
978
1955
1886
1886
1816
1397
1397
1396
1397
1397
1397
1466
1397
1956
1467
1397
1396
1396
1955
1397
1885
1467
1397
1397
1397
1466
1885
1397
1397
1397
1467
1467
1955
1397
1467
1397
1467
1467
1467
1397
1467
1467
1396
1467
1396
1467
1466
1955
1466
1466
1886
1816
1466
1397
1397
1467
1466
1397
1886
1467
1885
2374
1467
