1396
1466
1467
1467
1397
1886
1397
1396
1397
1397
1955
1397
1397
1467
1467
1467
1466
2374
1467
1397
1467
2375
1397
1397
1397
1886
1397
1467
1467
1397
1467
1397
1467
1466
977
1397
1815
1397
1397
1467
1397
1467
1397
1467
1466
1396
2375
1466
1467
1397
1396
2375
1397
1466
1956
1397
1397
1467
908
1397
1397
1396
1397
1467
1816
1397
1466
1397
1397
1885
1467
1467
1397
1466
1466
1466
1467
1467
1397
1467
1467
908
1467
978
1466
1466
1397
1397
2375
1397
1397
1466
1396
1397
1467
1397
1466
1397
1886
1397
1397
1467
1397
1466
1397
1397
1466
1397
8521
1397
1397
1397
1467
1467
1467
1466
1467
1466
1397
1397
978
1467
978
2374
1467
1466
1886
1397
1466
978
1467
1467
1467
1886
1397
1397
1466
1467
1467
1467
1397
1467
1397
1397
1397
2305
1885
1396
1397
1397
1885
1397
2374
978
9638
1467
1886
1397
1466
1397
1816
1397
1397
1467
1397
1397
1397
1466
1467
1466
1467
1397
1397
908
1467
977
978
1396
1397
1397
1886
1397
1885
1467
1886
1467
1397
1467
1467
1396
978
908
1466
1397
1397
1397
1397
978
1466
1466
1467
1397
1466
1397
1467
978
1397
1397
1466
1466
1467
978
1466
1467
1397
1886
1467
978
1396
1466
978
1467
1466
978
1466
1886
1397
1955
1396
1396
977
1466
1885
1466
978
1467
1467
1397
1397
978
1397
1466
1397
1467
1397
977
1467
978
2374
1397
1397
978
1466
1466
1397
1467
1396
1467
1466
1397
1397
1397
1396
1466
1396
1397
1397
1396
978
978
1397
978
1467
1396
1467
1397
1397
1397
1397
1397
1466
1467
1397
1467
1397
1466
978
1467
1466
1467
1397
1467
1885
1397
1397
1467
1397
1467
1467
1397
1397
1466
978
978
1397
1466
1397
1886
1396
1397
1885
1467
1397
1396
1397
1466
1397
1397
1396
1467
1397
908
1467
1397
1467
1467
1466
1467
1396
1397
1397
1396
1467
1467
1397
1397
978
1397
1467
1466
1397
1467
1397
1467
1397
978
1466
908
1397
1397
1467
1397
1397
978
977
1397
1397
1397
1397
1397
908
1467
1397
1467
1397
1467
1886
1467
1397
1467
977
1397
1397
978
1467
1397
1396
1397
1467
1467
1466
1397
1397
1397
1397
1467
1397
1467
978
1397
1467
1397
1397
1466
2375
978
1397
1397
1397
1397
978
978
1397
1955
908
1397
978
1397
1397
1397
1467
1467
1467
1467
1467
978
1467
1885
978
1396
1466
1397
1467
1397
1397
1397
1397
1397
978
977
1396
978
1467
1397
1397
1467
1467
1466
1397
1397
1397
1396
1397
978
1466
1467
1467
1397
1467
1466
1467
1397
1466
1466
908
1397
1397
1397
1397
1397
978
1397
978
1397
1885
1955
1467
977
1397
1886
1397
1397
1397
1397
1397
1397
1466
1396
1467
1397
1467
1397
1467
1886
1397
1467
1467
1885
1467
1397
1467
1466
1467
1466
1397
1396
1886
1955
908
1886
1466
1466
1397
1397
1467
1397
978
1397
1397
978
1397
1397
1397
1396
1396
1397
1467
1397
1467
1467
1397
1397
1397
1467
1467
1397
1397
1397
1466
977
1397
1466
1397
1466
1397
1467
1466
1467
1397
1397
1466
1397
1397
1467
1467
978
1397
1397
1467
1467
977
1466
1397
978
908
1467
1466
1397
1397
1397
1397
978
1396
1467
1467
1466
1467
1467
1397
1467
1466
908
978
1397
978
1466
1397
1467
1397
1397
1396
1467
1467
1397
1397
1467
1467
1397
1467
1396
1397
1467
1397
1397
1397
1466
1467
1467
1467
1397
2375
1467
978
1396
1396
1467
1466
978
1396
1396
7752
1467
1397
1396
1467
1397
1397
1466
908
1397
978
1467
1397
1397
1467
908
1397
1397
978
1397
1396
1467
9917
978
1397
1955
1467
1397
1396
1397
1397
1396
1467
1397
1816
1397
1466
1467
1467
1467
1467
1466
1466
1466
908
1397
1397
1397
1397
1467
1396
1397
1397
1397
1466
1467
1467
1466
977
1397
1397
1467
1467
1397
1467
1466
1466
1466
1466
1467
1397
1397
1467
978
1396
1397
1466
1396
1466
2305
1467
1467
1397
1466
1886
1397
1467
1396
1467
1397
977
908
978
1397
1397
1397
1466
1396
1396
1466
1467
1397
1466
978
1397
1397
1397
978
1397
1397
977
1397
1467
1396
1396
1467
1467
1397
1397
1397
1397
1467
1397
1467
1467
1397
1467
1467
1397
1466
1397
1397
1466
978
1397
1397
1396
1396
978
978
978
1467
1466
1397
1396
1467
1467
1397
1467
1397
1466
1466
1467
1467
1397
1397
1396
978
1396
1327
1397
1466
1397
1396
1397
10965
1397
1467
1397
1466
1397
10057
1396
1467
1467
1467
1397
978
1397
1467
978
1467
1396
1466
1397
1467
1467
1397
1397
1396
1886
1396
1397
1397
1466
1466
1397
1467
1467
1816
1397
1397
1397
1466
978
1886
1397
1397
1396
1467
1956
1397
1466
1467
1467
1397
1467
1466
1466
1397
1467
1467
1467
1397
1467
1397
1467
1397
1396
1397
1397
1466
1467
1397
1397
1467
1397
1397
1397
1397
1397
1397
977
1466
1396
1397
1397
1397
1397
1397
1466
1467
1467
1467
1466
1397
1467
1397
1467
1467
978
1467
1467
1466
1397
1397
1466
1397
1397
1397
1397
1396
1397
978
1466
1397
1467
1467
1397
1397
1396
1397
1466
1816
1886
1467
1467
1396
1396
1397
1466
1466
1397
1396
1467
1467
1467
1467
908
1397
1396
1466
1396
1396
1397
1397
1467
1397
1466
1466
1327
1397
1397
1397
1466
1396
1466
1467
1396
1397
977
1955
1467
1467
1397
1397
1885
1397
1885
1886
1466
1397
1467
978
1886
1885
1886
1467
1467
1397
1466
1397
1397
1397
1396
1397
1397
1397
978
1397
1467
1397
1397
1815
1467
1397
1396
1396
1397
1466
1397
1397
1397
1467
1466
978
1397
1467
977
1397
1466
1467
1397
2374
1466
1397
1467
1467
1467
978
2444
1467
1467
1466
978
1885
1467
1396
1397
1397
