1816
1397
1885
1397
1956
1397
1955
1886
2444
1956
1466
1886
1397
1467
1955
1956
1467
2374
1396
1886
1466
1467
978
1885
1885
1955
1885
1885
1885
1885
1466
2375
1886
1467
1886
2375
1467
1955
1886
2863
1886
1886
1886
1397
1397
1467
1886
1886
1885
1886
1885
1467
1955
1886
2793
1886
1466
2374
1816
1956
1467
2375
1885
1397
1397
1885
1886
1885
1886
1886
1397
1885
978
1397
1885
1885
1886
1886
1886
1955
1956
1886
1886
1466
1397
1886
1886
1885
2375
1886
1885
1886
1816
1467
1886
1956
1397
1886
1885
1955
1885
1886
1885
1886
1397
1886
1886
1467
8520
1886
1327
1885
1466
1816
1397
1886
1396
1466
1466
1885
1885
1466
1956
1467
1396
1467
1885
1885
1466
1397
1886
1397
1397
1956
1886
1885
1886
1397
1886
1886
1397
1466
1886
1955
1886
2374
1886
1886
1955
1816
1955
1467
2375
2374
2304
1885
11873
1955
1956
1467
1816
2375
1955
1397
1467
1886
1955
1397
1885
1886
1467
1886
1816
1885
1886
1885
1885
1397
1466
1885
1467
1466
1886
1397
1466
1397
1467
1397
1467
1397
1886
1816
1466
1816
1397
1955
1886
1397
1886
1956
1886
1467
1397
1956
4819
1397
977
1397
1467
2794
1886
1467
1397
4749
1397
1397
1397
1885
1886
1956
1466
1956
1885
1397
1397
1886
1397
1816
1956
1885
1397
1886
1397
1885
1397
1397
1816
1397
1956
1816
1466
1397
1467
1885
1397
1466
1397
1466
1396
1886
1466
1396
1397
1467
1886
1396
1886
1397
2375
1885
1467
1397
6077
1956
1956
1466
1955
1467
1396
1467
1466
1956
1397
1397
1397
1886
1955
1886
1885
1397
1885
1955
1886
1886
1885
1885
1955
2374
1886
1397
1886
1955
1397
1396
1886
978
1886
2375
1397
908
2374
1467
1397
1956
1397
1397
1815
1397
1885
1397
1467
1397
1397
1466
1397
1396
1467
1397
1955
1466
2863
1466
1467
1396
1886
1955
2305
1956
1886
1885
1886
1397
1956
2374
2374
1885
1397
1886
3352
2375
1466
2375
1397
1885
1397
1397
1467
1886
1886
1466
1886
1467
1956
2375
1886
1956
2375
1397
1886
1467
1886
2374
1886
2374
1885
1886
908
1467
1467
1886
1955
1886
1816
2375
1956
1467
1397
1886
1885
1885
1397
1396
1467
1885
1886
1886
1397
1885
1885
1397
1467
1885
1955
1397
1466
2375
1397
1397
1816
1885
1886
1886
1816
1466
2794
1956
1956
1467
1886
1955
2375
1885
1886
1466
977
1886
1956
1466
1886
2375
2375
1886
1956
1815
908
1886
1886
1955
1955
1397
1886
1886
1396
1467
1397
1886
1397
1885
1467
1466
1467
1467
978
1467
1397
1886
1466
1466
1397
1397
1467
1955
1467
1397
1397
1397
1397
1397
1467
1467
1397
1397
2305
1397
1397
1886
1467
2445
1467
1397
1397
1886
1467
1467
1397
1467
1467
1397
1466
908
1467
1467
1886
1955
1397
1886
1885
1886
1886
1886
1885
1397
1467
1466
1466
1467
1397
1467
1467
1886
1397
1466
1467
978
1467
1466
1467
1397
1397
1885
1885
1467
1886
1955
1397
1397
1397
2863
1467
1466
1467
1467
1397
1397
1466
1467
1397
1466
1955
1397
1466
1956
1886
1467
1397
1466
1396
1466
1397
1397
1955
1466
1467
1397
1397
1886
1467
1466
1955
1956
1397
1955
1396
1397
1956
1956
1955
1886
1397
1466
1467
1467
1467
1886
1397
1885
1396
1467
2374
1886
1885
1885
1466
1885
1886
1467
1886
1886
1466
1885
1466
1955
1885
1467
1886
1956
1955
1396
1885
3213
1466
1467
978
1955
1397
1467
1467
1956
1397
1396
1397
1397
1397
1467
1397
1886
1467
1466
1467
1397
1467
1886
1467
1466
8171
1467
1466
1467
1397
1886
1466
1466
978
1467
977
1467
1397
1467
1467
1466
1397
1397
1956
1397
1466
978
1467
2374
1397
1886
1466
1466
1397
1466
1397
1396
1466
1397
1397
1396
1467
1397
1467
1466
1886
1467
1466
1467
1397
1397
1396
1467
1956
1466
1397
978
1956
1466
1467
1396
1466
1397
1466
1467
1467
1397
1467
1396
1397
1467
1886
1956
1467
1886
1397
1397
1956
1467
1397
1397
908
1396
1466
1886
1396
1466
1885
1467
1467
1466
1466
1466
1467
1885
1397
1466
1396
1816
1886
1885
1886
908
1955
1885
1397
1397
1466
1885
1886
1467
2375
3841
1886
1467
1956
1886
1955
1397
1397
1956
1886
1885
1886
1467
1815
1886
1886
1396
1885
1467
1467
1466
978
1397
1467
1886
1955
7682
1956
1467
1886
1956
1397
1956
1397
1397
1467
908
1955
1956
1467
1886
1467
1397
1397
1956
1956
1467
1467
1466
1467
2375
1886
2444
1886
1955
1956
1396
1885
1397
13270
1467
1467
1467
1955
1886
2374
1397
1396
1397
2305
1886
1955
1886
1886
1886
1955
1467
1886
1396
1467
2375
1956
1885
1467
1466
1886
1467
1816
4749
908
1467
977
1956
1886
1955
1397
1816
2375
1886
1886
1955
1886
1466
1886
1397
1816
2305
1956
1885
1397
1467
1956
1955
1955
1467
1886
1467
1466
1466
1466
1466
1886
1886
1467
1467
1466
1466
1886
1397
1467
1397
1397
2305
1467
1956
1466
1467
908
1397
1886
1467
1467
1397
1885
1467
1396
1467
1397
1467
1466
1396
1397
1467
1466
1466
1467
1396
908
10895
1397
1467
1955
1397
1466
1396
1397
1466
1467
1466
1397
1466
1885
1467
1956
1397
977
1467
1467
1397
1886
1397
1397
1467
1397
1396
1397
1467
1397
1397
1397
1397
1466
15365
1397
1956
1396
1397
1885
1956
1467
1886
1956
1885
1886
1886
1467
2375
1956
2305
1466
2375
1885
1956
2445
2374
1886
2375
1886
1956
1886
1886
2305
2375
1886
1885
2375
2305
1885
1886
1397
1397
1955
1467
1467
1467
1885
1466
1397
1466
1467
1396
1467
1396
1467
1397
1466
1397
1886
1397
1397
1396
1397
1397
977
1397
1397
1467
1466
1397
1397
1885
1397
1396
1886
1815
1886
1397
1886
1466
1397
1467
1397
1397
1396
1397
1396
1397
1397
1885
