1467
1955
1397
1466
1467
1467
1886
1467
1397
1397
1397
1467
1467
978
1956
1886
1956
1466
1956
1467
1886
1467
1466
1397
1466
1397
1397
1467
1886
1955
1955
1885
1397
1396
978
1467
1886
1466
1467
1886
1397
1397
1397
1397
1466
1397
1466
977
1397
1397
978
1397
1466
1396
1396
1397
1396
1397
1467
977
1396
1466
1466
978
977
1885
1396
2375
1467
1956
978
1397
1397
1885
1466
1466
1956
1396
1396
1886
1467
1467
908
1397
978
1467
1397
1467
977
908
977
1397
1397
1397
1466
1466
1397
1467
1397
1396
1397
1467
1397
1396
1467
1397
1466
1885
1885
1885
1397
1396
1885
1467
978
1397
1397
1815
1467
1467
978
1397
1467
1397
1397
1886
1397
1397
1466
1466
1397
1397
978
1466
908
1955
1397
1397
1885
1886
1885
1467
1955
1397
1467
1467
1397
1466
1467
1467
1397
1466
1397
1466
1466
1397
1397
1467
1466
1397
1396
1955
1397
1466
2444
1466
1396
1466
1467
1396
1397
1467
1956
1397
1396
1397
1397
1467
1466
1467
1397
907
1467
1466
1467
1396
1467
1397
1397
1396
978
977
908
1467
1397
1467
1467
1467
978
1466
1397
1397
1467
1397
1466
1466
1397
1396
978
1396
977
1397
1467
1466
1397
1467
1396
1396
1397
1467
1397
1466
1467
1397
1397
1397
1397
908
1467
1397
1466
1397
1397
1397
1466
1397
1397
1397
1397
1397
1397
1396
1397
1397
1466
1466
1397
1396
1397
1467
1467
1886
1466
1397
908
1397
1397
1397
1397
1467
1467
1886
1467
1466
1467
1816
1327
1467
1397
1956
1397
1466
1466
1397
1396
1466
1397
2305
1397
1397
1396
1466
1467
1396
1397
1397
1396
1397
1397
1885
1466
977
1397
1885
1467
1397
1886
1467
1397
908
1467
2305
1467
1467
1397
1467
1397
1956
978
1396
1397
1886
1467
1467
1397
1956
1397
1397
1397
1955
908
1466
1467
1397
977
1955
908
1886
1815
1396
16901
1467
2445
1396
1467
1396
1466
1466
1467
1397
1466
1397
1885
1467
8032
1886
1466
1466
2445
1397
1397
1466
1397
1955
1467
1396
1396
1886
978
1397
1466
1397
1886
1397
1955
1886
1955
1467
1397
1467
1397
1466
1396
2444
1397
1396
1397
1466
978
1397
1467
1816
1397
1467
2375
978
1466
1397
1467
1397
978
1397
1397
1466
1467
1467
1397
1466
1467
1397
1397
1467
2445
1397
1397
1466
978
1397
1397
1467
1466
2305
1466
1396
1397
1955
1396
1466
1955
1397
1397
1397
1397
978
1397
1885
1467
978
978
1397
1886
1467
1397
1467
1466
1467
1397
1397
978
1467
1396
1956
1467
1396
1467
977
1955
1397
1466
1397
1467
1466
978
1397
1956
1397
1397
1467
977
1467
2305
1396
1397
1467
978
2444
1466
1466
1396
1956
908
1467
2445
1396
1467
1467
977
1396
1466
1467
1397
1466
1397
1466
978
1816
1467
1467
1885
1466
978
1466
978
1466
1467
1466
1397
1397
1466
1397
1397
1397
1397
2864
1466
1467
1397
1886
1466
1396
1467
1956
1396
978
1466
1397
1466
1467
978
1397
1467
1396
1397
2305
1397
978
1467
1467
1397
1467
1886
1396
1397
1397
1397
1396
978
1397
1467
978
1885
1466
1397
1955
1397
1956
1396
1466
1886
1396
1466
1466
1466
2444
1885
1397
1397
1467
1467
1955
1397
1467
1466
978
1466
1467
1886
1467
1466
1397
1466
1467
1466
1467
1955
1467
1886
1466
1467
1886
1397
1466
1397
1397
1886
2444
1396
1466
1955
1885
1467
1467
1467
1886
1886
1886
1886
1955
1466
1886
1466
1956
1396
1885
1956
1886
1886
1397
1397
1397
1397
1816
1956
1886
1886
2305
2375
1885
1886
1886
1956
1956
1885
1886
1956
1467
1886
1886
1955
2305
1886
1816
1885
1886
1396
1886
2374
1466
1956
1466
2444
1886
1885
1397
1956
1396
1886
1397
1886
1955
1466
908
1955
1397
1885
1467
2374
1886
1886
1396
1886
1956
1885
1886
1955
1886
2374
1886
1467
1397
978
1885
1397
1885
1955
1886
1816
1886
1886
1886
1466
1885
1886
1467
1886
1816
1886
1396
1397
1886
1885
1955
1886
1885
1886
1467
1397
1886
1397
1886
1886
1397
1466
1956
1886
1955
1467
1397
1955
1467
1886
978
1467
2375
1397
1956
1397
1955
1886
1886
1885
1886
1955
1467
1956
1885
1397
1467
1397
1467
1886
4260
1467
1466
1467
1397
1397
1466
1397
1396
1956
1885
1397
2375
978
1466
1467
1956
1955
1467
908
1397
1955
1955
1397
1816
1467
1816
1467
1885
1467
1955
1397
1467
1467
1397
1397
1467
1397
1467
1397
1466
1467
1397
1886
1956
1466
1396
1396
1397
1886
1467
1467
1396
1955
1396
1397
1397
1397
1886
978
1467
1397
1955
1467
1955
1886
1467
1397
1956
1467
1886
1466
1396
2864
1885
1956
1886
1885
1467
1466
1886
1886
1466
1466
1397
1467
2374
1397
1397
1886
1466
2444
1467
1397
1397
1955
1397
1396
1886
1397
1397
1397
1397
1397
1467
1816
1816
1955
2444
1397
1397
1955
1885
1885
1397
1816
1397
1466
1886
1397
1466
1466
1886
1886
1467
1886
1466
1397
1886
1397
1955
1886
1885
1467
1816
1467
1467
1885
1956
1397
1467
1886
1886
1956
1886
1467
1816
1955
1466
1466
1885
1885
1955
1886
2374
1885
1886
1955
2375
1885
1956
1466
1886
1466
1886
1886
1885
1816
1467
2374
1397
1466
1466
1885
1886
1467
1467
1466
1467
1397
1955
1467
1466
1397
1886
1397
1955
1955
1886
1956
1886
1956
1466
1956
1397
2933
1886
1467
1467
1467
1467
1397
2375
1397
1466
1467
1955
1397
2864
1955
1397
1467
1467
1397
1466
1397
1467
1466
1467
1955
1466
1886
1886
2305
1397
1467
1886
1886
978
1396
1886
1396
1466
1466
1467
1467
1397
1467
1885
1955
1397
1956
1397
1885
1886
1885
1956
1467
1886
1885
1886
1397
1886
1885
1955
1466
1467
1886
1466
1467
1955
978
1397
1397
1886
1956
1885
1397
1885
