1467
1397
1396
1467
1467
1467
1886
1886
1467
1885
1956
978
1886
1886
1886
1397
1886
1397
1886
1955
1885
1956
1397
1397
1466
1956
1397
2375
1886
1956
1955
1397
2375
1956
2864
1816
1956
1955
1955
1467
1885
1886
1466
1397
978
1466
1885
1397
1397
1397
1886
1467
2445
1467
1886
1467
1467
1886
1467
2374
1886
1397
1397
1397
1955
1956
1886
1886
1397
1397
10406
1955
1467
1397
1886
1397
1466
1886
1397
1886
1886
1885
1467
1397
1397
1885
1886
1397
1397
1956
1397
1396
1466
1885
1955
1467
1956
1886
1397
1467
1467
1467
1956
1886
1885
1397
1466
1466
1885
1466
1885
1467
1956
1467
1955
1886
1467
1886
1396
1397
1886
978
1397
1466
1327
1466
1397
1397
1397
1466
1466
1467
1886
1886
1396
1397
1467
1885
1397
1467
1397
1397
1466
1886
1397
1397
1816
1467
2305
1886
1466
1886
1467
1886
1397
1466
1467
1956
1397
1467
1466
1396
1466
1397
1396
1397
1397
1885
1466
1397
1467
1397
1886
1955
1955
1467
1397
1397
2375
1466
1886
1956
1816
1397
1467
1467
1956
1816
1396
1885
1467
1397
1886
2794
1397
1396
1885
1886
1396
1397
1816
1466
1467
1886
1397
1885
1467
1885
2445
1397
1467
1396
1816
1466
1467
1467
1885
1885
1885
1467
1397
1396
1886
1467
1467
1467
2794
1467
1466
1397
1467
1955
1397
1397
1886
1886
2375
1885
1885
978
1466
1886
1886
1885
1466
1397
1466
1396
1885
1885
1397
1466
1886
1467
1886
1397
1886
1886
1885
1397
1466
1467
1466
1955
1886
1396
1397
1397
1397
1467
1467
977
1467
1397
1397
1466
1885
1955
1885
1886
1467
1396
978
1467
1397
1397
978
1466
1397
1466
1467
1466
1466
1397
1467
1886
1397
1397
1396
1886
1956
1956
1397
1397
1396
1466
1397
1466
1397
1466
1396
1466
9987
1467
978
1397
1886
2374
1397
1956
1955
1886
1956
2374
1955
1956
1885
1467
1397
1886
1467
1467
1885
1886
1397
1467
1886
1466
1397
1467
1396
2374
1397
1956
1397
1955
1397
1886
11035
1396
1397
1327
1467
1397
1886
1886
1397
1886
1885
1397
1886
1886
1467
1466
1397
1886
1466
1466
1956
1397
1885
1467
1397
1886
1956
1467
1886
1885
1397
1885
1397
1467
1886
1886
1466
1886
1955
1885
1467
1816
1886
1466
1885
1397
1397
1397
1397
1886
1956
1396
1467
1397
1397
1466
1397
1467
1885
1397
1955
1397
1885
1397
1956
1467
1816
1467
1886
1466
1466
1886
1886
1955
1397
1397
1396
1467
1956
1816
1955
908
1885
1956
1396
1397
1955
1886
1397
1397
1467
1816
1886
1886
1466
1885
1467
1886
1396
1886
1467
1886
1467
1397
1467
1955
1885
1466
1886
1886
1885
2375
1885
1467
1397
1397
2444
1885
1956
1886
1467
1467
1466
1467
1467
1397
1397
1397
1467
1397
1397
978
1467
1397
1467
1397
1466
1467
1396
1467
1467
1885
1467
1397
1466
1467
1396
1956
1397
1467
1886
1467
2375
1955
1467
1466
1886
1397
1956
8102
1955
1466
1886
1886
1816
1956
1397
1396
1397
1885
1886
1886
1397
1467
1397
1467
1885
1467
1886
1956
1467
1886
1397
1467
1886
1886
1886
1397
1886
1467
1886
1886
1885
1886
1955
1886
1956
1396
2374
1955
1956
1885
1955
1397
1886
1886
1956
1467
1467
1886
1956
1397
1886
1466
1956
1467
2305
1886
1467
1467
1886
1816
1886
1886
1886
1397
1466
1886
1466
1467
1467
1467
1886
1886
1885
1955
1466
1886
1397
1397
1397
1886
1397
1397
1467
1466
1886
1885
1397
1397
1816
1397
1467
1467
1467
1467
1956
1466
1956
1886
1886
1467
1955
1886
1886
1955
1466
1466
10057
1397
1467
1816
1955
1397
1396
1467
1397
1397
1467
1886
1397
1396
1397
1886
1885
1396
1956
1886
1466
1397
1467
1467
1397
1396
2305
1815
1396
1467
1886
1397
1886
1886
1885
1956
1396
1956
1885
1397
1397
1467
1467
1397
1397
1886
1467
1886
1886
1886
1397
1467
1467
1956
1885
1396
1467
1886
1467
1467
1397
1396
1956
1885
1955
1886
1885
1397
1396
1467
1467
1886
1886
1886
1886
1886
1396
1397
1467
1467
3352
1467
1397
1955
1886
1955
1886
1885
1467
1467
1396
1467
1955
1886
1886
1886
1885
1886
1885
1466
1467
1956
1397
1397
1955
1816
1397
1956
1466
1886
1466
1397
1886
1397
1956
1397
1397
1886
1885
1467
1466
1955
1397
1467
1397
1886
1397
1466
1397
1397
1886
1467
1466
1886
1955
1397
1467
1467
1955
1885
1886
1467
1886
1397
1956
1466
1886
1467
1466
1886
1816
1466
1467
1956
2375
1396
1466
1956
1956
1886
1956
1467
2375
1886
1886
1466
1467
1397
1955
1956
1885
1396
977
1956
1466
1467
1467
1466
1467
1956
1886
1467
1886
1397
1886
1397
1397
1466
1886
1956
1955
1397
1467
10965
1466
1467
1886
1956
1396
1467
1466
1885
1397
1397
1467
1397
1397
1467
1397
1467
1467
1467
1466
2374
1397
1397
1397
1885
1467
1396
1816
1397
1397
1397
1466
1886
1955
1886
1397
1885
1397
1467
1466
1396
1396
1467
1466
1466
1467
1886
1397
978
1885
1397
1467
1397
1397
1885
1467
1885
1955
1955
1955
1956
1885
1885
1397
1397
1955
1885
1467
1396
1466
1467
1816
1886
1397
1467
1397
1397
1396
1466
977
1397
1396
1397
1396
1397
1397
1886
1955
1467
1885
1886
1955
1886
1467
2444
1467
1955
1885
1397
1466
1397
1467
1397
1467
1885
1397
1815
1886
1396
1956
1886
1886
1885
1396
1886
1467
1886
1886
1886
1886
1397
1886
1466
10546
2374
1955
1467
1886
1466
1397
1466
1397
1886
1466
1467
1396
1467
1467
1467
1467
1467
1397
1397
1467
1467
1397
1397
1466
1397
1397
1396
1397
1886
1467
1885
1397
1396
1467
1885
1467
1955
1467
1886
1885
1955
1467
1466
1956
1816
1886
1467
1397
978
1397
1396
1467
1397
1397
1396
1397
1397
1397
1955
1466
1397
1397
1467
1397
978
1396
1397
