1466
1396
1466
1467
1396
1397
1466
1397
1397
1467
1396
1466
2863
1396
1397
1397
1397
1396
1396
1467
1397
1397
1466
1397
1467
1397
1466
1467
1466
1467
1396
1397
1466
1397
1467
1467
1466
1886
1955
1397
1467
1396
1466
1467
1466
1396
1397
1397
1467
1467
1466
1467
1397
1397
1467
1396
1467
1467
1397
1467
1467
1467
1886
1466
1466
1466
1397
1397
1467
1397
1467
1467
1397
1467
1397
1397
1467
1467
1467
1886
1466
1466
1466
1396
1956
1396
1467
1467
1397
1467
1955
1396
1397
1466
1467
1397
1467
1886
1397
1467
1886
1467
1466
1886
1397
1397
1466
1397
1467
1396
1397
1466
1467
1466
1467
1397
1397
1467
1396
1397
1397
1397
1397
1467
1467
1466
1886
1467
1467
1396
1396
1467
1397
1466
1466
1397
1467
1467
1397
1397
1467
1397
977
1397
1885
1466
1397
1886
1397
1466
1466
1397
977
1467
978
1467
1886
1397
1467
1397
1397
1467
1956
1466
1466
1467
1396
978
1397
1467
1955
1466
1467
1466
9638
1396
1467
1397
1397
1397
1396
1466
1467
1466
1467
1397
1886
1397
1466
1397
1397
977
1397
1396
1397
1467
1467
1396
1466
1466
1467
1816
1467
1397
2375
1466
1397
1397
1466
1467
1467
1467
1396
1397
1467
1397
1886
908
1467
978
1467
1397
1397
1466
1397
1467
1466
978
1397
1396
1467
1885
1956
1396
1466
978
1397
1466
1397
1397
1886
1467
1955
1466
1467
1886
1467
1467
1466
1397
1397
1467
1467
1886
1467
1467
1886
1397
1815
1397
1466
1397
1397
1467
1467
1466
1466
1467
1466
1397
1885
1467
1466
1467
1397
1397
1467
1397
1467
1467
1396
1467
978
1466
1397
1397
1397
1466
1397
1467
1397
1467
1467
1397
1397
1397
1397
1397
1467
1467
1467
1466
1467
1397
1397
978
977
1397
1397
1397
1467
1397
977
1397
1466
1467
1397
1466
1397
1397
1396
1397
908
1467
1396
1885
1397
1397
1467
1397
1397
1397
1396
1885
1467
1467
1397
1397
1397
908
1467
1467
1397
908
1397
1466
1886
1397
1466
1467
1396
1397
1397
1397
977
1466
1397
1886
1467
1396
1467
1397
1467
1397
1956
1885
1467
1466
1397
3422
1885
1467
1397
1466
1886
1396
1466
1955
1885
1956
1886
1397
1397
1466
1466
1886
1467
1397
1467
1397
977
1397
1396
1397
1396
1466
1397
1886
1467
1397
1397
1467
1467
1886
1467
1397
1467
1466
1466
1397
1467
1467
1397
1466
1397
1397
1397
1467
1397
1397
1886
1467
1397
1397
1397
1467
1466
1466
1467
978
1467
1397
1397
1467
1466
1466
1397
1397
1396
1467
1466
1397
1885
1397
1466
1467
1467
1467
1397
1397
1397
2375
1396
1467
1467
1467
1467
1956
2374
1397
1466
1466
1956
1816
1955
1466
1886
1886
1467
1466
1467
1955
1467
978
1467
1397
1397
1397
1397
1397
1397
1397
907
1397
1467
1397
1397
1397
1467
1397
1397
1886
1467
1467
1397
1467
1397
1956
1956
1397
1397
1886
1886
1466
1466
1886
1886
1886
1467
1397
1466
1886
1885
1955
1397
1467
978
1466
1396
1397
1397
1397
1886
1467
1467
1397
1467
1397
1466
1467
1467
1396
1397
1466
1466
1397
1466
1466
1467
1397
1466
1397
1467
1466
1467
1467
1397
1467
1397
1397
1467
1467
1466
1397
1397
1397
1397
1816
1466
978
1956
1467
1886
1467
1956
1467
1467
1467
1397
1397
1466
1467
1396
1397
1397
1397
1467
1467
1396
1467
1467
1467
1467
1467
1397
1397
1397
1467
1397
1467
1885
1397
1466
1397
1467
1467
1467
1466
1397
1397
1397
1467
1397
1396
1396
1396
1467
1396
908
1466
1467
1467
1466
1467
1397
1397
1467
1397
1467
1397
1397
1397
1467
1397
1397
1397
977
1397
1397
1397
1397
1396
1397
1467
1467
1397
1956
1956
1397
1467
1467
1956
1885
1397
1397
1396
1466
1467
1397
1467
1956
1396
8031
1466
1397
1396
1885
1885
1956
1396
1397
1397
1397
1466
977
1397
1397
1397
1397
1466
1467
1397
1396
1396
1397
1397
1396
1396
1397
1467
1467
1467
1466
1396
1467
1397
1466
1467
1467
1467
1397
1467
1397
977
1467
1466
978
1396
1467
1397
1955
1816
1397
978
1397
1397
1466
1466
1467
978
1397
1466
1467
1467
1466
1396
1397
1467
1397
1467
1396
1397
1397
1956
1466
1467
1397
978
1397
1397
1397
1397
1397
1467
978
1397
1397
1467
1467
1397
1397
1397
1467
1397
1466
1466
1397
1467
1327
1886
978
1397
1396
1466
1466
1886
1467
1396
1885
1467
1886
1396
1467
1467
1466
1397
1397
1397
1466
1466
1467
1467
1397
1467
1886
1466
1467
1886
1397
1397
1467
1397
1397
1397
978
908
978
1466
1466
1397
1397
1467
1397
1467
1397
1466
978
1397
1467
1397
1396
1467
1397
1467
1467
1467
1466
1397
1396
1397
1397
1467
1397
1396
977
1397
1397
1467
1397
1397
1397
1397
1396
1467
1397
1467
1467
1397
1397
1397
1467
1467
978
1466
1397
1466
1397
1466
1397
978
1467
1467
1397
1397
1397
1396
1397
978
1396
1466
1956
1466
1466
1397
1886
1397
1467
1466
1467
1397
1396
1397
1467
1396
1467
1397
1466
1956
978
1396
1467
1397
1466
1397
1467
1467
1467
1886
1397
1466
978
1397
977
1466
1467
1467
1396
1467
1467
1397
1397
1396
1467
1397
978
1467
1886
1467
1397
1397
1467
1467
1397
1397
978
1396
1466
1466
1397
1397
1467
1466
1467
1396
1397
1467
1397
977
1397
1397
1467
1466
1467
978
1467
1397
1397
1396
1466
1396
1396
1466
1397
1397
1467
1466
1467
1467
1397
1466
1467
1397
1467
1397
1466
1467
978
1396
1397
1466
1397
1397
1466
1397
1397
1466
1467
1467
1397
1397
1467
1397
1397
1397
1466
1397
1397
1397
1467
978
1396
1397
978
1467
1467
1466
1816
1397
1467
1397
1467
978
1816
1467
1467
1397
1467
1467
1467
1397
1467
1466
1397
1396
1467
1467
1467
1397
1396
1397
