1955
1886
1467
1397
1466
1397
1466
1397
1886
1397
1397
1955
1466
1466
1396
1467
1467
978
1886
1886
1816
1466
1815
1397
1397
1467
1467
1467
1467
1396
1885
2794
1955
1466
1886
1955
1885
1956
1956
1397
1396
1886
1467
1886
1467
1397
1396
1396
1397
1397
1467
1466
1467
1467
1466
1466
1397
1467
1885
1397
1467
1397
1467
1397
1397
1467
1397
1397
1466
1467
1397
1466
1466
1397
1467
1467
1467
1397
1396
1397
978
1397
1467
1467
1397
1397
1467
1467
1467
1397
1397
1397
1397
20533
1467
1466
1467
1396
1467
1397
1467
1467
1397
1397
1467
1885
1466
1467
1397
1397
1467
1467
1466
1467
1467
1466
1467
1397
1466
1467
978
1397
1397
1397
978
1466
1467
1397
1397
1397
1397
1397
1467
1467
1397
1467
1466
1466
1397
1466
1397
1397
1397
1466
1397
908
1397
1397
1397
1397
1397
1397
1466
1397
1466
1466
1397
1397
1466
1397
1397
1467
1466
1467
1397
1397
1467
1467
1396
1885
1397
1397
1466
1467
1397
1467
978
1396
1396
1397
1397
1467
1396
1886
1467
1397
1467
1396
1467
1885
1397
1886
1885
1397
1885
1467
1885
1885
1466
1886
1886
1886
1955
1885
1397
1396
1396
1816
1397
1467
1886
1467
1466
1397
1886
1467
1396
1396
1397
1467
1396
1815
2375
1816
1397
1956
1886
1397
1467
1886
2304
1397
1885
1886
1956
1956
1397
2375
1886
1397
1397
1397
1397
1886
1467
1397
1467
1397
1886
1397
1396
1467
1886
1886
1467
1397
1396
1467
1467
1396
1885
1956
1397
1467
1886
1956
1467
1397
1467
1397
1397
1396
1396
908
1886
1815
1466
1467
1466
1956
1397
1467
1397
1467
1466
1467
1466
1397
1397
1467
1466
1467
1397
1467
1397
1397
1397
1816
1397
1397
1466
1397
1467
1397
1955
1467
22489
1396
1466
1467
1396
1397
1466
1467
1885
1466
1397
1816
1955
1467
1816
1397
1885
1466
1956
1397
1886
1886
1397
1467
1397
1955
1397
1956
1466
1466
978
1885
1397
1956
1886
1886
1467
1466
1956
1467
1397
1886
1956
1815
1885
1396
1886
1397
1397
1397
1467
1886
1466
1397
1397
1467
2374
978
1396
1467
1467
1467
1956
1397
1466
1467
1397
1886
1467
1467
1886
1396
2794
1397
1466
1886
1467
1397
1467
1886
1886
1885
1397
1956
1467
1886
1397
1467
1886
1466
1466
1397
1467
1467
2375
1467
1467
1397
1886
1397
1396
1466
1467
1467
977
1397
1467
1397
1397
1466
1467
1397
1466
1397
1467
1467
1467
1396
1397
1397
1397
1467
1886
1886
1397
1467
1397
1397
1886
1885
1466
1467
1886
1467
1466
1955
1955
1466
1886
1467
1397
2444
1396
1467
1467
2444
1396
1397
1467
1467
1467
1467
1397
1885
1397
1397
1955
1467
1397
1886
1396
978
1397
1397
1397
1467
1396
1467
1466
1467
1397
1466
1397
908
1397
1397
1886
1467
1467
1886
1467
1466
1467
1397
1467
978
978
1396
1467
1467
1397
1467
1956
1466
1467
1397
1397
1397
1467
1466
1466
1396
1466
1397
1397
1396
1886
1467
1397
1467
1397
1466
1467
1467
1467
1467
1396
1886
1467
1466
1466
1397
1397
1397
1466
1467
1467
977
1397
1396
1397
1397
1466
1466
1397
1466
1397
1396
1397
1467
1397
1467
1467
1467
1466
1467
1467
1397
1467
1397
1397
1397
1955
1397
1397
908
1397
1397
908
1467
1466
1396
1885
1397
1816
1397
1397
1397
1396
1397
1816
1396
1467
1396
1467
1396
1396
1396
1397
1397
1466
1467
1397
1467
1396
1466
1467
1397
1466
1397
1467
1467
1466
1466
1886
1397
1397
1466
1466
1397
1467
1467
1466
1396
1467
1466
1467
1397
1467
1397
1816
1467
1397
1466
1397
1467
1397
1397
1467
1467
1467
1816
1467
1467
1467
1467
1397
1467
1466
1397
1397
1397
1467
1396
1397
1467
1397
1396
978
1397
978
1467
1466
1397
1396
1397
1397
1467
1466
977
977
1466
1397
1397
1467
1397
1397
1397
1466
1397
978
1467
1397
1396
1467
1467
1466
1397
1397
977
1397
1466
1466
1466
1886
1397
1886
1886
1955
1467
1466
1397
1466
1466
1397
1886
1467
1397
1397
1397
1467
9638
1397
1397
1397
1467
1466
1396
1467
1397
1396
1466
1397
1397
1467
1397
1397
1397
1466
1467
1397
1467
1397
1397
1397
1467
1397
1397
1466
1467
1397
1467
1397
908
1467
1467
1397
1467
1467
1467
12432
8451
1466
1467
1466
1397
1467
1396
1886
978
1466
1885
1466
1397
1886
1467
1397
977
1397
1467
1397
1467
1956
1397
1397
1467
1467
1467
1466
1397
1467
1396
1397
1396
1466
1396
1816
8730
1467
1467
1467
1397
1885
1397
1397
1397
1467
1467
1467
1397
1467
1466
1885
1397
1886
1397
978
1396
1466
1397
1467
1397
1397
1397
1397
1397
1466
1397
1397
1956
1397
1396
1466
1397
1397
1466
1397
1397
1397
1397
1467
1467
1397
1396
1467
1466
1397
1467
1467
1466
1467
1397
1397
1397
1467
1467
1466
1467
1397
1397
1397
1466
1396
1467
1397
1467
1397
1397
1467
1397
1397
1467
1397
1467
34780
1397
1466
1466
1396
1397
1397
1397
1467
1467
1396
1466
1397
1396
1397
1467
1466
1396
1397
1467
1397
1467
1467
977
1816
1397
1397
1397
1467
1467
1467
1466
1397
1397
1396
2304
1886
1397
1467
1466
1397
1467
1885
1467
1397
1467
1466
1397
1397
1467
1467
1466
908
1467
1467
1397
1467
1397
1466
1467
1397
1397
1397
1467
1466
1467
1397
1466
1396
1885
1467
1396
1397
1397
1397
1397
1397
1467
1397
1466
1397
1467
1466
1397
1467
978
1467
1397
1467
1397
1397
1397
1466
1467
1885
1397
1397
1467
978
1397
977
1397
1956
1397
1397
1396
1396
1397
1397
1885
1397
1397
1467
1886
1467
1466
1466
1886
1466
1397
1397
1886
1397
1397
1397
1397
1397
1396
1467
1397
978
1466
1466
1467
1467
1397
1397
1467
1397
1397
1396
1397
1467
1396
1396
1466
1397
978
1397
1397
