1886
2445
1886
1397
1466
1467
1397
1885
2375
2375
1816
1956
1467
2444
1886
1886
1955
1466
1956
1955
1956
2863
1886
1886
2374
1885
2374
2374
1397
1397
1885
1466
1886
1956
1885
1886
1886
1956
1886
1956
1886
1885
1955
1885
1467
1816
2374
1397
1885
1886
1397
2304
1956
1956
1885
1956
1886
1816
1396
1886
1955
1885
1886
1886
1886
1955
1955
1466
1886
1886
1467
1467
1885
1397
1467
1397
1397
1466
1886
1466
1467
1886
1467
1397
1397
1467
1467
1467
1397
977
1467
1467
1466
1466
1956
1885
1397
1466
1396
1466
1397
1467
1397
1466
1397
1467
9917
1467
1396
1397
1467
978
908
1467
1397
1467
1885
1467
1397
1886
1466
1956
2864
1396
1886
1467
1396
1467
1955
1886
1885
2375
3282
2305
1956
1886
13269
1956
1885
1886
1466
1955
2375
1886
1396
1886
1885
2445
1397
1816
1397
1955
1956
1886
1467
1466
1886
1397
1467
1397
978
1397
1397
1885
1397
1467
1466
1466
1396
1467
1467
1397
1466
1955
1467
1816
1886
1397
1467
1885
1397
1956
1885
1467
1467
1886
1955
1397
1466
1467
1956
1466
1397
1396
1467
1466
9499
1886
1466
1886
1397
1396
1466
1396
1955
2374
1886
1886
1955
2305
1886
1956
1886
2374
1955
2374
1886
1885
1886
1397
2375
1466
2375
1886
2375
1886
1955
1397
1955
1466
1397
1885
1397
1397
1397
1467
1397
1467
1467
1466
1397
1467
1466
1397
1396
978
1467
1397
1467
1397
1397
1466
978
1466
1467
1885
1956
1397
1956
1467
1467
1397
1466
1397
1466
1816
1397
1885
1466
1397
1886
1397
1467
1396
1467
1397
1396
1397
1397
1467
1467
1466
977
1467
1397
1397
1397
1466
1397
1886
1397
2304
2305
1886
1956
1886
1466
2445
1886
1886
1886
1886
1956
1955
1956
2374
2375
2305
1466
1885
1886
1467
1955
1886
1397
1886
1885
1886
1397
1396
1886
1466
1397
1397
1466
1397
1397
1397
1397
978
1397
1467
1397
1467
1467
1397
1397
1467
1467
1396
1885
1396
1467
1397
1467
1397
1467
1815
1467
1466
1816
1397
1397
1397
1397
1467
978
1396
1397
1467
1956
1397
1886
1397
1467
1467
1397
977
1397
1397
1397
1466
1396
1467
1397
1886
1466
1886
978
1396
1397
1467
1396
1467
1397
1397
1467
1396
1397
1467
1467
1467
1397
1467
1397
1467
1397
1396
1467
1467
1397
1886
1956
1815
1955
2374
2444
1955
1886
1955
1955
1886
1886
1886
2374
1956
1885
1886
1885
1955
1956
2375
1886
2374
1816
1886
1886
1397
2375
1397
1467
2375
1886
13410
2444
1886
2445
1467
2375
1955
1956
1467
1467
1886
1956
1885
1467
1397
1467
1466
1885
1397
1397
1397
1466
1397
1467
1397
1397
1816
1467
1397
1466
1397
1467
1467
1397
1956
1467
1886
1397
1397
1397
1397
1396
1397
1396
1396
1466
1396
1466
1466
1397
1396
1467
1467
1467
1955
1466
1397
1467
1397
1397
1397
1467
1397
1467
1397
1397
1397
978
1397
1886
1467
1397
1467
1397
1466
1467
1397
1397
1466
1467
1466
1397
1397
1467
1467
1397
1397
1397
1397
1397
1886
1466
2375
1396
1397
1397
1956
1816
1397
1886
1397
978
1466
1467
1397
1396
1466
1397
1397
1886
1886
1396
1397
1816
1397
1886
1467
977
1397
1397
1466
1396
1397
1327
1396
1467
1397
1397
1467
1467
1466
1397
1397
1466
1397
1397
1397
1466
978
1396
1466
1956
1886
1397
1886
1467
1886
1955
1885
1886
2375
1956
1816
1466
1886
1886
2444
2445
2863
1886
1885
1885
1886
2374
2374
1885
1885
1886
1886
1956
1466
1886
2375
4261
1886
1886
2375
1955
1397
2863
1467
1466
1396
1397
1397
1467
1397
1397
1467
1397
1467
1467
1467
1467
1396
1396
1467
1816
1467
1955
1467
1397
1467
1955
1467
2374
1467
1467
1397
1886
1816
1467
2375
2375
1886
1955
1816
2375
1886
2375
2375
1886
1885
1885
1955
2444
1886
2444
1885
8032
1886
1886
1886
1955
1956
2934
2794
1956
1886
1886
1956
1956
1816
2375
1467
1397
2933
1955
1886
2374
2375
1886
2374
1886
1466
2304
1397
2375
1956
2374
1886
1397
1955
1956
1955
2305
1466
1956
2794
13270
2445
1885
1886
1885
2444
1956
1397
2374
1955
1886
2374
1956
2444
2374
1886
2375
1886
2305
3772
1955
1886
1397
1886
1955
1956
1467
1886
1397
1397
1467
1466
1397
1467
1396
1397
1397
1467
978
1397
1467
1467
1466
1467
1397
1466
1466
1397
1467
1397
1466
1397
1466
1467
1397
1467
1467
1397
1396
1466
1397
1467
1397
1397
978
1397
1397
1467
1466
1397
1397
1396
1816
1955
1886
1396
1886
1886
2305
1886
1956
1956
1956
1397
1396
1466
1397
1467
1467
1886
1396
1397
1396
1467
978
1466
1956
1397
1886
1467
1956
1467
1886
1467
1397
1397
1467
1397
1466
1396
1467
1397
1396
1467
1466
1397
1466
1467
1396
1466
1467
1397
1466
1467
1396
1397
1886
1885
1886
1396
1886
1885
1885
1467
2375
1886
1955
1467
1467
978
1397
978
1397
1397
1397
1466
1397
1397
1467
1466
1397
1397
1397
1467
978
1467
1956
1467
1396
1885
1955
1816
1885
2375
2864
1886
1466
1885
1956
1467
1955
1466
1466
1467
1466
1467
1885
1397
1397
1886
1397
1397
1467
1467
1397
1467
1397
1467
1467
1467
1397
1467
1397
1467
1397
1466
1466
1467
1467
1467
1467
1396
1467
1397
1397
1467
1396
1396
1396
1467
1886
1467
1397
978
1886
1886
1397
1467
1397
1397
1466
1886
1466
1467
1467
1467
1955
1466
1397
1397
1886
1397
1886
1886
1397
1467
1397
1956
1466
1396
1397
1886
1397
1466
1397
1396
1397
1467
1397
1397
1956
1466
1816
1397
1397
1467
1467
1396
1466
1396
1467
1396
1466
1397
1397
1397
1466
1397
1397
1886
1397
1955
1956
2375
1467
1955
1397
1397
1885
1397
1467
1816
1397
1886
1955
1396
1397
1397
1955
1466
1467
1397
1397
1397
1467
1397
1397
1397
