1815
1397
1885
1886
1397
1467
1467
1956
1467
1886
1816
1467
1397
1956
1886
1397
1467
1467
1467
1467
1956
1397
1397
1397
1886
1467
1397
1397
908
1397
1467
1467
1886
1467
1397
1467
1397
1397
1397
1886
1397
1466
1397
1886
1885
1467
1886
1397
1396
1886
1467
1396
1885
1397
1466
1466
1397
1467
1397
1467
1885
1467
1397
1467
1397
1396
1397
1466
1397
1467
1467
1397
1467
1397
1397
1467
1396
1956
1956
2375
1886
1397
2793
1467
1467
1955
1466
1466
1955
1955
1886
1397
1397
1467
1885
1397
1955
1467
1956
1397
2444
1397
1397
2374
1467
1397
1467
1397
1886
1397
1886
2305
1816
1397
1397
1467
1397
1397
1397
1466
1885
9987
1467
1885
1397
1397
1467
1397
1956
2375
1397
1397
1885
1886
1397
1886
1955
1885
1885
1397
1467
1467
1956
978
1397
1467
1467
1467
1467
1816
1886
1466
2374
1466
1886
1886
1885
1467
1885
1467
1885
1885
1466
1397
1397
1886
1885
1886
1956
1886
1466
1885
1816
1886
1885
1886
1397
1885
1956
1815
1956
1886
1467
1467
1885
1885
1956
1396
1397
1886
1466
1886
1397
1466
978
1466
1956
1955
1467
1955
1397
1886
1955
1397
1467
1886
1886
1397
6705
1955
1467
1886
1886
1467
1886
1396
1466
1396
1467
1467
1467
1397
1397
1816
1886
1885
1397
1397
1467
1397
1396
10616
1397
1467
1397
1886
1467
1397
1397
1466
1467
1397
1955
1397
1466
1396
1955
1467
1886
1397
1886
1816
1466
1397
1397
1467
1886
2374
1397
1886
1397
1956
1955
1397
1397
1955
1467
1397
1886
1397
1815
1885
1466
1956
1397
2375
10126
1467
1396
1397
1397
1397
1397
1466
1886
1885
1886
1467
1467
1886
1467
1397
1467
1396
1466
1467
1396
1397
1397
1397
1466
1467
1467
1467
1955
1466
1397
1397
978
1397
1466
978
1467
1466
1397
1397
1397
1397
1885
1397
1397
1955
1467
1397
1397
1467
1397
1396
1397
1396
1397
1397
1397
1397
1466
1396
1886
1956
1886
1885
1816
1396
1956
1467
1886
1886
1956
1397
1396
1816
1467
1397
1397
978
1466
1467
1397
1956
1466
1397
978
1397
1956
1955
1466
1397
1467
1956
1397
1397
1886
1467
1397
1956
1467
977
1885
1886
1886
1956
1397
1886
1466
1467
1396
1397
1396
1466
1397
1467
1397
1397
1886
1397
1466
1886
1467
1396
1397
1886
1396
1467
1397
978
1397
1466
1955
1396
1467
1397
1397
1397
1467
1397
1886
1466
1467
1397
1397
1955
1956
1397
1467
1467
1466
1397
1956
1467
1956
1955
1397
1467
1815
2444
1955
1467
977
1956
1327
1466
1467
1397
1816
1467
1467
1396
1467
1397
1467
1466
1467
1397
1397
1885
1467
1397
1467
1397
1466
1397
1397
1466
1466
1396
1467
1467
1397
1466
1467
1397
1467
1397
1397
1397
1467
1397
1886
1467
1955
1397
1466
1397
1466
1397
1466
1886
1467
1467
1397
1466
1396
1396
1467
2375
1396
1467
1397
1397
1466
1467
1396
1466
1467
1885
1396
1397
1467
1466
1467
1397
1397
1397
1467
1467
1466
1396
978
1467
1396
1467
1886
1466
1467
1467
1397
1397
1397
1397
1885
1467
1815
978
1956
1886
1885
908
1397
1886
1886
1466
1956
2444
1396
1397
1886
1886
1886
2444
1466
1885
1885
1397
1816
1396
1886
2305
1956
1466
1886
1886
1397
1816
1397
1396
1467
1467
1467
1466
1397
1885
1397
1397
1397
1397
1397
1397
1397
1467
1397
1886
1397
1397
1397
1396
1467
1397
1397
1886
1467
1396
1397
1397
1466
1397
1466
1955
1886
1467
1886
2305
2305
1885
1466
1886
1466
1397
1466
1466
1956
1467
1886
1397
1886
1955
1885
1886
1397
1397
1956
1397
1467
1397
1397
1466
1397
1467
1396
1886
1467
1466
1397
1467
1397
1467
978
1466
1466
1397
1467
1885
1397
1397
1467
1397
1397
1396
1466
1467
1886
1397
1467
1886
1467
1397
1396
1466
1396
1466
1467
1467
1397
1466
1397
1397
1467
1396
1467
1467
1397
1397
1397
1467
1397
1466
1467
1397
1396
1466
1466
1397
1397
1397
1397
1886
9499
1397
1397
1397
1466
1397
1397
1397
1396
1885
1467
1397
1466
1467
1397
1397
1467
1886
1467
1467
1885
2375
1885
1956
1466
1467
1397
1466
1886
1467
1397
1397
1467
1886
1955
1467
1466
1467
1397
1397
1467
1396
1467
1466
1816
1466
1397
1467
1467
1467
1397
1467
1397
1467
1467
1885
1397
1467
1396
1467
1466
1397
1886
1397
1397
1396
1397
1397
1467
1467
1467
1396
908
1467
1885
1467
1467
1886
1816
1885
1466
1397
1467
1396
1397
1397
1466
1397
1466
1467
1886
1955
1955
1886
1397
1466
1467
1397
1467
1467
1397
1466
1467
1397
1466
1397
1467
1396
1467
1396
1466
1397
1397
1397
1397
1466
1467
1397
1466
1397
1397
1467
1397
1886
1396
978
1397
1467
1467
1397
1467
1466
1397
1467
1397
1397
1886
1886
1397
1397
1885
1466
1956
3353
1397
1397
1397
1466
1397
1466
977
1397
1466
1396
1397
1467
1886
1397
1816
1886
1467
1886
1467
1886
1956
1956
1815
2444
1467
1466
1397
1396
1397
1397
1397
1397
1886
1397
1467
1397
1467
1397
1466
1467
1397
1397
1467
1466
1396
1466
1467
1397
1397
1396
1397
1396
1467
1466
1466
1886
1885
1815
1397
1467
1885
1466
1466
1467
1955
1397
1466
1397
1467
1466
1396
1467
1397
1467
1885
1397
1467
1396
1885
1467
1397
1467
1397
1397
1397
1397
1467
1467
1397
1466
1397
1397
1396
977
1956
1397
978
1397
1466
1467
1397
1467
1397
1466
1397
1467
1396
1466
1397
1397
1885
1397
1397
1397
1397
1467
1397
1397
1956
1466
1467
1397
1396
1397
1397
1396
1397
1886
1397
1397
1397
1397
1397
977
1396
1397
1467
1397
1396
1816
1467
1396
1467
1467
1397
1397
1467
1467
1467
1397
1397
1397
1467
1467
1397
1467
1467
1397
1467
1886
1397
1886
1467
1397
16762
1467
1466
1467
1397
1466
1397
1397
