1467
1397
1467
1886
1397
1956
1467
1956
1466
1467
1467
977
1467
1956
1397
1467
1886
1886
1466
1396
1467
1397
1397
1467
1397
1397
1467
2444
1397
1397
1397
1397
1955
1467
1467
1396
1466
1397
1467
1397
1397
1466
977
1396
1467
1396
1466
1467
1397
2304
1396
1886
1397
1397
1397
1886
1397
1397
1467
1396
1467
1397
1466
1466
1397
1886
1886
1467
1396
1466
1397
1397
1885
1467
1397
978
1956
1955
1885
2374
1956
1396
1467
1467
1397
1885
1397
1397
1467
1467
2375
1467
1397
1885
1886
1886
1397
1886
1885
1397
1956
1467
908
1397
1956
1886
1886
1956
1955
1886
1397
1955
1816
1886
1956
2375
1467
1886
2304
2374
1397
1396
1466
1466
1886
1886
1467
1886
1467
1467
1467
2444
1397
1467
1397
1397
1396
1885
1956
1467
1467
1397
1886
1466
1467
1397
1886
1885
1467
1397
1886
1467
1397
1396
1885
978
1955
1885
1886
1886
1956
1886
1397
1397
1467
1397
1955
1886
1466
1467
1396
1956
1886
1886
1467
1467
1466
1467
2445
1467
1467
2445
1467
1397
1466
1885
1886
1886
1886
1397
1886
1397
2375
1815
1396
2304
1885
1956
1886
1467
1815
1397
1467
1467
1397
1397
1886
1397
1397
1466
1397
1467
1396
1885
1466
1467
1886
1467
1885
1397
1397
2445
1467
2375
1397
1397
1816
1397
1956
1466
1466
978
1886
1956
1956
1885
1397
1466
2445
1886
2444
2444
1397
1467
1397
1397
1397
1466
1397
1886
1467
1397
1886
1886
1886
1397
1885
1886
1467
1955
1466
1397
2375
1467
1466
1467
1467
1467
1397
1886
1466
1886
1397
1466
1467
1397
1396
1397
1467
1955
1886
1467
1885
1466
1397
1816
1955
1467
1886
1397
1466
2444
1955
1467
1886
1886
1955
1467
1466
1467
1467
978
1397
1396
1397
1397
2444
1397
978
1397
1886
1885
1397
1467
1397
1467
1397
1467
1816
2375
1467
1397
2374
1886
1397
1886
1397
1466
1397
908
1466
1397
1467
1467
1466
1467
1467
1955
1956
1396
2375
1396
1467
1397
2933
1955
1397
1956
1467
1886
908
1955
2374
1886
1467
1816
1467
1956
1886
1885
1467
1886
1397
1467
1396
1466
1886
1466
1467
3771
1467
1467
1467
1397
1466
1466
1816
1956
1466
1397
1467
1886
2444
1886
5238
1467
1886
1467
1816
1886
1815
1886
1397
1397
2793
1397
1886
1466
1955
978
1397
1397
1397
1467
1397
1956
1886
2794
1467
1956
1886
1467
1467
2374
1466
1886
1955
1466
1467
1467
1397
1467
1467
1397
1886
1397
1397
1396
1397
1397
1466
1886
1397
1467
1886
1886
1396
1466
1467
1467
1466
1467
1956
1397
1397
1397
978
1397
1467
1467
1467
1467
1397
1466
1397
1467
1467
1397
1397
1396
978
2445
1466
1396
1397
1467
1467
1397
1397
1885
1466
1397
1467
1467
1886
1397
1397
1397
1467
1396
1397
1886
1397
1955
1397
2235
978
1397
1467
1466
1466
1397
1467
1397
1467
1397
1396
1467
1466
1466
1466
1466
1397
1397
1397
1396
1466
1396
1466
1467
1397
1955
1397
1885
1397
1466
1397
1397
1397
1467
1467
1397
1397
1397
1397
1467
1467
1466
1886
2374
1397
1467
1397
1467
1396
1885
1886
1467
1466
1886
1816
1886
1397
1467
1397
1397
1397
1397
1397
1466
1397
2444
1397
1467
1397
1396
2374
1397
1397
1886
1396
1885
1397
1467
978
2445
1886
1396
1467
1956
1955
1396
1397
1397
1397
1397
1397
1396
1397
1886
978
1886
2375
1467
978
1467
1466
1466
2374
1955
1397
1886
1397
1397
1396
1397
1397
1466
1955
1467
1886
2374
1397
1886
1886
1955
1397
1466
1467
1396
1467
1467
1397
1466
1467
2445
1955
1467
1466
1955
5238
2305
2794
1397
1467
1396
1956
1466
1397
2374
1467
1467
1886
1396
1397
978
1467
1397
1466
1397
977
1397
1956
978
2374
1466
1397
1466
1467
1467
1466
978
1396
1396
2375
1466
1467
1956
1956
1886
1397
1886
1886
978
1466
1467
1397
1466
2375
1467
1396
1956
1885
1955
1397
1467
1466
1886
2374
1956
1955
1397
1467
1396
1396
1397
1466
1467
1467
1886
1886
1396
1886
1956
1886
1397
1467
1886
1467
1467
2794
1397
1397
1816
1397
1886
1466
1467
1397
1396
1397
1815
1467
1956
1956
1466
1885
1886
2375
1886
1955
7612
2374
1397
1467
1397
1397
1397
1885
1397
978
1467
1886
1956
1955
1886
1397
1885
1467
1396
1467
1956
1397
1467
2374
1397
1467
1467
1885
1955
1467
2375
1467
1886
1467
1955
1397
1397
1397
1467
1467
1397
1467
1466
1467
1466
1815
1467
1467
1956
1886
1466
1467
1466
2305
1885
1467
1886
2794
1397
1955
1886
1397
977
1397
1467
1397
1956
1397
1466
1955
1886
1397
1466
2444
1327
1956
1397
1397
1886
1467
1397
1467
1467
978
1466
1396
1886
978
1397
1467
1467
1397
1955
1466
1397
978
1397
1397
1885
978
1397
1397
1467
1956
1467
1397
1397
1397
1397
2864
1885
1396
1397
1396
1466
1397
1956
1886
1886
1397
1397
1466
1397
1397
1397
978
1466
1397
1467
1467
1816
978
1396
1397
1886
1886
1885
978
1396
1467
1467
1466
2374
1467
2445
1466
1396
1397
1467
1396
1466
1396
1397
978
1886
1397
2375
1466
1397
1885
1466
978
977
1466
1466
13828
1467
1467
1886
1467
1467
1396
1397
1397
1396
1466
1397
1956
1467
2374
2375
1467
1467
2375
1467
1466
1886
1467
1466
1467
1397
1467
1396
1886
1467
1397
1466
1397
1467
1397
1955
1397
1956
908
1467
1397
978
1396
1467
2375
1466
1886
1467
1327
1467
1396
1467
1886
1397
1397
1955
1397
1885
1397
1396
1886
1397
1397
1396
1396
1466
1397
1956
1467
2375
1397
1467
1885
2374
1956
1466
1467
1467
1466
1467
1467
1955
978
1397
1397
1397
1467
1467
1397
1397
1467
1396
1396
1397
1466
1955
1397
1956
1397
1885
1467
1467
1885
1397
1956
1466
1886
1955
1886
978
1396
908
1397
1397
