200162
189338
197788
285088
187661
277964
206797
187521
189268
198975
194086
200721
194854
195553
217133
209731
197299
206238
191292
282365
199743
192690
228098
197718
187941
210219
300872
251984
196111
284879
193248
228518
265184
188778
190455
195414
194226
193457
270143
276428
186963
203236
194436
194156
194855
275171
194435
295006
198277
332790
223699
203235
248283
372179
194226
194087
197997
197648
230543
194576
199464
199883
214060
205959
206728
186265
196880
241159
205121
199953
207007
208403
198696
202258
200233
210010
211965
279990
197509
198766
197089
198696
295285
243533
195064
195134
186194
239204
196811
220695
193458
194645
198905
193877
193528
194785
195553
195203
193458
187591
