95262
94215
95402
94913
94425
100151
93935
94425
90862
94913
93027
95332
91142
95821
94914
94424
94913
97706
95402
94704
94145
94773
94634
93586
94913
92329
95402
101547
90513
96869
108602
93866
133465
113980
112094
106506
101198
94215
93936
110487
95123
93935
95891
94983
123967
94494
94982
115167
94913
97288
110278
93027
96240
123967
93097
97288
88976
93936
92957
93586
91561
94424
93517
92468
91840
91771
92538
92050
94494
95193
94075
94424
93027
95192
93726
94634
94005
92260
117052
95402
91002
93935
93935
94005
93377
94983
108602
99174
105948
94005
93447
93516
94913
95332
95402
108742
93516
106297
93237
94285
