559491
401302
402839
405982
405423
406680
400744
404725
389080
406610
402141
422394
403049
394528
418903
397322
399347
405004
396274
407659
392922
396484
399556
402700
404026
402001
398998
404096
400395
420788
404027
400185
385240
401233
406541
405633
401303
406680
402281
402560
383773
401024
402141
402421
399278
405004
402420
387893
402141
399138
400604
404515
409264
403118
390337
404306
403398
383564
385728
388383
395017
408077
401233
402909
403677
405493
406191
405982
405982
388103
399348
402351
400604
403608
407030
401931
400255
409264
404935
398160
395157
402071
403468
422046
403538
403538
405423
401862
405772
410661
403677
452565
399347
402699
405563
407239
401861
402699
398299
402350
