13829
17530
18089
14177
14178
14807
14876
12012
12502
12502
12013
11873
14387
13828
14387
14317
13968
14387
14666
17320
13898
14387
15364
14318
14248
13759
14387
14317
19136
14876
14527
14457
12292
14247
13688
14667
14248
15295
12990
14527
13968
14318
14108
14457
14457
14666
14108
14736
14736
14247
14876
14387
14457
12711
11733
13968
13968
15644
14737
14177
14457
14527
14876
14457
14666
12711
14317
14387
11873
14667
14108
14177
13968
14457
13898
15226
14317
14666
14317
14736
14108
26260
12780
14666
15714
16622
14737
14387
13829
14177
14457
14736
14597
14736
14248
14666
13968
14318
14317
14807
