60063
57688
60482
60063
59574
57129
57200
59644
57200
59713
59225
609636
57408
57199
59574
59574
59783
59085
62018
59992
60062
67047
60970
60831
60552
61041
111814
60273
61041
120056
60063
67815
56710
58596
54895
57060
57689
56291
58038
58177
55803
58107
57758
60551
59644
59713
59574
60622
60551
64393
60063
59364
81923
63904
64602
58736
57199
61879
60063
59085
60133
59085
57688
59643
59574
61530
59643
59085
59015
60063
67745
71587
60133
57758
60761
57618
58735
59085
56641
58177
57619
57129
58037
57688
56990
59574
59643
58596
58247
59155
58526
59155
59644
59085
60481
78152
60063
56851
59155
59574
