31917
32406
31777
31917
32406
34152
33454
31847
32266
33454
32964
31986
40438
31986
32476
31917
32196
32406
37295
32895
31917
31917
32406
31918
32406
32197
31987
31917
37574
32406
31917
33384
32685
32965
31498
32895
31917
30520
32476
32406
32685
31987
31987
31987
32406
32476
33384
32476
34292
31498
31987
34850
32895
32965
33873
32266
32267
32406
32336
31009
31987
32895
32475
31917
31987
33384
32895
32406
31917
31568
32825
32406
32476
32406
31917
32197
32685
32895
31917
32685
30032
32895
31917
32965
32965
32476
31987
31987
31428
31917
32406
31987
31987
34082
31498
31498
32476
32406
30800
31987
