141287
162239
141008
138144
141636
141986
142265
142684
135839
143313
142195
178372
142195
134443
142545
143941
138214
142893
135560
144081
147573
142265
149807
140240
139890
143242
138633
139331
140519
136747
146804
139122
143871
172855
147573
166989
143312
158398
136328
141916
143452
138214
142684
142405
139610
136887
142404
221394
165033
278872
174741
145897
305621
142823
134094
146176
143103
138842
135700
141287
148551
142334
139751
143871
139192
143033
144011
143802
144569
136607
160214
166359
146525
141356
141985
142195
168176
143801
143522
142264
136818
143871
142195
139122
142544
140729
139821
160773
173763
142823
138144
142195
139471
137725
139122
145966
153998
202257
187102
142195
