486787
479455
466464
488464
482597
489931
483785
484832
486857
505295
484692
486019
484273
502222
509904
486229
477708
516190
505924
488673
485879
486927
485390
487695
486648
527365
490280
486857
487346
495517
492026
481899
484552
485042
486368
480641
482108
489581
489371
467092
481340
489092
515911
492305
482527
487067
497892
487625
487835
490559
478756
488324
486368
488603
486578
490350
486159
490768
523942
461854
489860
483715
489650
486369
489302
473867
482108
484553
494889
518984
499638
700918
495098
486718
465137
531765
483714
506273
492444
487626
483225
475473
486508
487276
487905
493492
494330
493772
487416
494610
493981
539866
545732
495238
492514
490139
483296
486927
479244
459968
