341520
328110
349202
325247
345151
334325
337259
460457
459480
326365
358351
348224
320357
326992
327342
302758
331322
326015
321266
316726
319241
322942
327132
318891
318612
322872
315819
322034
318681
303946
324757
324339
324827
326155
326853
318682
323989
319939
323361
316028
321196
326644
321476
322663
324758
315888
324897
319589
322523
339424
326295
330205
323151
324339
324338
323360
320358
323431
322452
322034
322523
371970
385309
322522
320777
308974
310022
330066
322802
322383
324478
318682
322383
385868
349342
357164
329577
447956
322034
313653
324199
349901
322034
327691
387335
314770
324059
320567
328389
323361
325456
324338
322872
323990
320567
348224
323221
340192
325945
322802
