255477
240740
254498
257153
247724
257152
245280
255756
254987
256663
253869
243743
255196
256873
255197
255476
253311
264416
248073
243883
252123
256175
267279
257153
266650
248213
248911
259736
260923
258480
358141
256664
414083
245558
277685
250517
270422
249050
357862
262669
262391
258549
242695
256175
365265
354790
246956
251495
251565
255197
249470
351576
258130
296542
353393
360167
249121
250517
250727
258759
254708
260714
253311
243883
261482
255685
257431
254288
262809
240670
255477
242207
253800
254569
254778
240809
595040
253381
257641
258060
253870
255476
258619
307228
256175
253800
257641
248213
254777
255686
255825
253800
254708
254289
250727
252403
281387
252403
261413
254569
