8521
8102
9009
10616
8590
8521
10057
8591
8591
8520
8869
10057
8590
8660
9918
8521
8940
9009
8939
9918
9568
10057
8591
8520
8241
9498
9987
8870
8521
8520
8660
8661
8730
9638
9010
8730
9429
9499
9917
8660
8661
9987
8450
9219
8591
8521
8660
9987
9918
8521
10616
10197
9638
8660
9009
8590
8241
9638
9638
8730
17111
8661
8661
8521
8381
9010
8521
8661
8521
9918
9079
10336
8520
8521
8660
9987
8660
8939
8940
8032
8520
8520
8521
8661
10057
8939
8590
8521
8730
8521
9010
8591
9918
8590
8590
8241
8521
8521
9847
10197
8521
8730
9428
8591
8591
10336
10057
9009
9010
8660
9150
8451
8661
8520
8102
9149
9009
10965
9848
8590
9987
9428
9149
9079
8940
8591
9848
9080
9429
8940
8590
9149
8520
16692
8521
9568
8520
8520
8660
8172
9638
8590
8591
8590
9009
8661
8451
8451
8521
8660
8661
8730
10197
8730
9010
8730
9428
8450
9917
9638
8241
8521
10057
8590
8730
8242
7193
7054
7263
7124
7124
7054
6705
6775
7124
6844
7124
7123
8102
7263
7194
6984
8032
6774
7054
7124
7054
6705
7962
7124
7054
7194
7334
8451
7683
7124
7613
7054
6704
7333
8032
6704
9428
8520
8520
9009
8730
8870
10337
8520
8520
8660
8591
8241
9918
10267
9638
10476
9010
8520
9988
10336
8521
8660
9499
9009
8172
8450
8661
10127
8660
9918
8451
11873
8451
8590
8381
8451
8450
8590
8171
8660
9569
9568
9010
8521
8661
9638
8450
8520
9080
9079
8451
8660
8940
8591
8660
10197
8660
8521
8451
9638
9499
8450
8661
9638
8451
9498
8451
8241
9010
9149
8451
8521
8660
8870
9009
8520
9218
8660
8521
8521
9009
9079
9080
8521
9498
9918
9638
9569
10127
8939
9010
8660
8661
8730
10057
8590
8660
8730
8940
8591
8590
8661
8520
9010
8591
9009
10126
9848
9150
8590
8590
8521
8591
9918
9568
8591
8520
8451
8660
8450
9498
9918
8171
9079
9009
8660
8451
8660
8590
8590
8591
8381
8451
10057
8661
8520
8661
9917
9918
8590
8661
9778
9219
8660
8660
8660
8660
8451
9638
8940
8590
8590
8451
10267
8940
9848
8520
8451
8381
8451
10127
8660
9987
8520
8591
8590
8661
8520
8661
8870
8940
8660
8381
8940
8590
8591
8520
8730
9917
9079
9009
9080
8590
8591
8520
8730
8940
8660
8940
8451
8590
8591
8520
8521
8521
9429
8591
10057
9080
8590
8521
9079
9638
9009
8660
8521
8451
8451
10337
9429
8660
9918
8591
10616
8381
8102
8520
9010
9079
8730
10127
10406
10406
9987
8520
8521
8172
8521
8591
8590
9708
8590
8520
8660
8521
9918
8520
9428
8171
8381
9847
9638
9079
8940
8660
9079
10057
9638
8591
9498
9429
16692
10476
10546
8870
9848
19067
8661
9079
9428
10476
9009
9079
8450
8661
8730
10337
8521
8521
10127
8939
9359
9080
8451
11244
9428
12991
14317
10825
10825
12571
9499
8590
9079
8660
12431
12292
10406
10057
8940
10476
8660
9079
9009
10057
10127
9079
10127
8590
9010
9149
19625
8940
10127
9568
8660
8521
9150
9009
9009
8730
8590
11943
10685
9219
9917
8591
10476
11524
9638
9009
8870
9010
9009
9079
8520
8661
8940
8521
8591
9428
10197
8521
15854
9638
9499
9848
11104
11314
11803
10895
9568
10057
8451
8660
8940
8521
8660
11594
9429
8450
8660
8940
8869
8660
9498
9010
1467
1397
1886
1885
1886
1467
1466
1956
1816
1466
1886
1956
1886
1956
1886
1885
1397
1816
1467
1467
1886
1956
1955
1886
1956
1466
1886
1397
1466
1467
1466
1397
1886
2375
11035
14108
12921
12222
9358
10407
10826
9987
8939
8940
8661
15854
11803
11384
12432
10126
9708
8660
10546
8660
10546
10057
9149
9009
9638
12850
10616
12361
12362
9988
10616
9009
9080
9009
9079
12990
13269
12012
9918
10896
9638
11314
11105
10057
12082
10127
11943
10476
9498
8660
8661
8521
9917
9498
9010
10057
11105
22349
12013
14108
9079
11035
10616
11314
12711
9569
9009
8521
12502
24793
14946
9707
10057
9917
11524
9568
10546
14177
15714
10127
9918
9009
8590
8450
9010
8660
8660
8521
9079
8660
8032
8451
9149
9079
8451
8660
8590
8660
9499
15226
11384
10965
13479
10895
8520
9987
10057
10546
9847
9568
9569
9010
9498
8591
8940
8590
9988
10895
11593
10406
12013
11733
9149
9149
8730
9009
9358
10337
9080
12362
12013
9149
9080
9568
9149
10406
9568
9429
9498
9498
10756
10895
9987
10965
10615
8800
8939
10616
8730
10057
9079
8590
9219
12362
9149
8940
8590
9219
8591
9149
9568
9010
16203
9010
14596
10127
9079
8661
8590
8660
8591
8521
8521
9987
8939
9010
8521
8660
10057
9010
8241
9010
9010
9009
9569
10336
13898
10127
10546
9429
9638
8451
9708
8451
9010
9987
10895
12362
11594
12502
11244
8660
8520
8660
8521
8730
8590
9568
8660
12502
12362
13549
11034
11104
9917
9918
8660
8451
8939
9499
8590
8660
16692
8520
8660
9079
8660
14387
9638
7962
8590
9498
13969
12153
12012
10407
13829
13758
9080
10895
10895
14876
19415
11104
11524
12990
13270
12362
14178
11244
12780
8451
8590
8171
8590
8520
1397
1956
1397
1886
2445
1886
1397
1956
1885
1886
1467
1956
1886
1886
1885
1885
1886
1956
1886
1885
1956
1397
1396
2375
1467
1885
1886
1467
1955
2374
2864
1885
13270
11733
11524
11175
10546
8660
8661
8520
8520
9149
9917
9009
8660
8521
14108
9917
12432
12711
10825
11454
10895
11593
20953
11384
14457
11803
12362
9569
9987
9638
10336
12362
10545
10616
12432
9707
9079
8450
9988
8660
8660
9987
8660
8940
8450
9708
9149
8660
8101
10127
8870
9848
8870
8591
11384
12292
11244
10476
11453
8591
10476
9358
8869
8730
8940
8730
9149
8660
8940
8591
8172
8451
9917
11943
10616
11873
12991
9847
8451
10337
10057
11594
8939
9638
8591
8730
8660
8660
8591
9568
9638
8590
8870
8661
9149
10826
8939
9638
8940
8520
9638
8730
10127
8730
9917
8381
8591
9009
8590
9149
10267
10895
9079
8660
8520
9079
9009
9010
11384
