2865
2864
2795
2794
2794
2376
1956
2375
2864
1886
2445
2864
2375
2864
2934
2794
2375
2375
2375
1887
2375
2794
2375
12785
2864
2375
2864
2376
2864
2794
4820
2445
2864
2445
2445
2865
2864
2864
2445
2375
3283
2446
2375
3284
4261
2445
1956
2375
2864
2865
4192
2376
2864
2375
2795
4750
2794
2445
2376
2864
2375
2864
2305
2445
2375
2375
2864
2376
2445
2865
2865
2934
2794
2794
2865
2794
2794
2794
4820
2445
2375
2934
2795
2375
2934
2864
2445
2375
2864
2795
2934
4680
2795
2865
2375
2376
2375
3284
2794
2865
2864
3842
4890
2864
1887
2934
2864
3284
4331
2794
2934
3283
4331
2795
2865
2445
2864
1887
2375
2794
2934
2794
4262
2376
2446
2864
1957
2305
2375
2865
2794
2865
2794
2865
2934
3284
2375
2864
2864
2934
2794
4750
2864
2864
2934
2794
2864
2865
2445
2934
2445
2305
2376
4751
2864
2375
2864
4750
2445
2375
2375
2445
2864
2445
1886
2795
2935
1957
2795
4401
2445
2795
2795
2794
2795
2864
2795
5309
5589
4820
2865
3773
2794
4332
2864
2376
2375
2865
4821
2864
2375
2445
2795
2865
2795
2864
2376
2864
1886
2864
2376
2375
2864
2376
2864
2306
2794
2864
2795
2446
2934
2305
2445
2864
2865
2305
2794
2375
2376
2934
1886
2934
1886
2934
2864
2375
2376
2864
2375
2864
2865
2864
2375
2865
2934
2934
2305
2445
2795
2865
2446
6637
1887
2864
2934
1886
2375
2376
2375
2934
12365
4751
2794
2375
2376
2375
2865
3772
2934
2794
2445
2865
2864
2864
2795
2445
2934
4680
2376
2445
2375
2375
4821
2376
2794
2864
2864
4820
2865
2795
2864
2794
2864
2795
1886
2445
2375
2865
2865
2375
4820
2446
5239
2446
2445
2864
1956
2794
2375
1886
2305
2375
2795
2376
2375
2865
2864
2375
2864
2446
2375
2375
2795
2375
2864
2795
2794
2375
2376
2864
2445
2375
4820
2864
2445
1956
2934
2375
2376
2934
1887
2795
2934
2305
2375
2864
2794
2375
2864
2445
2795
2375
2795
2864
2794
2864
2864
2795
2375
2445
2305
2934
3772
2445
2865
2794
2445
2865
2376
2375
2934
2795
2865
2865
2375
4750
2375
1886
2864
2375
2375
2375
2795
2794
2795
2864
10758
2794
2376
2864
2865
2375
2376
2375
1886
2864
2864
5239
2445
5239
1887
2375
2934
2375
2864
2864
2864
2864
2794
2375
5170
2864
2795
2864
2865
2865
2864
2935
2865
2864
1956
2864
2864
1956
4750
2934
2445
2934
4680
2375
5239
2375
5379
3283
2375
2864
2934
2864
2864
2934
2794
2794
2375
2934
2795
3283
2376
2864
2864
2934
2375
2934
2934
2375
2795
2305
2376
2934
2864
2445
2864
2445
2864
2445
2375
2864
2795
2375
2445
2864
2864
1886
2794
2794
2445
4820
2864
2865
2376
5309
2375
2865
2795
2864
2794
2376
2375
2795
2375
2795
2795
4820
2795
1886
2865
2864
2864
2445
2935
2375
3283
2865
2864
2934
2865
2865
2375
3424
2864
2794
2445
2794
2865
2864
1397
2376
2864
2795
2445
1887
2934
2864
3284
3353
2934
2864
2795
2794
2864
2865
4821
2375
4192
2864
2445
2934
4820
2445
2795
2864
2794
2934
2375
2864
2864
2934
4750
2375
4262
2375
4820
2306
2445
2445
3773
2864
2794
2865
2375
2376
2375
2864
2305
2795
2375
4751
2864
2375
2864
3284
2375
4751
2864
2376
2934
2376
2864
2445
2375
2305
2375
4750
3353
2864
2376
2864
2934
2864
2864
2864
2376
2445
1886
2445
2445
2376
2934
2864
2864
2375
2375
2795
6567
2864
2375
2376
2864
1886
3773
1887
2864
1886
2445
2864
2375
2794
2864
2445
2306
2375
2865
1886
2934
1886
3353
2375
2864
2864
2794
2864
2864
2865
2865
2864
2794
2375
1887
2795
2795
2864
2445
2375
2865
2864
2934
1956
2864
2445
2864
2794
2305
2375
2864
2794
2934
3283
2865
3283
2794
2864
2864
2864
2795
2794
2934
2864
5728
2864
2865
1886
2794
2795
2864
2376
2794
3284
2445
2864
2864
2865
5309
2375
2864
2864
2445
2794
2864
2375
1886
2934
2864
2795
2794
2934
2934
2375
2794
2375
2375
2934
2375
2375
2934
2375
2375
2375
3424
2865
2445
2864
1886
2375
2445
2935
2445
2794
2375
2795
2934
3354
2794
2864
2865
2376
4680
2445
5309
2375
2794
2375
2864
2864
4751
4820
2445
2445
2934
2795
2376
2865
2794
2794
3284
2864
3353
3353
2864
2795
2864
2375
2865
2865
2865
2865
2865
2865
2795
2795
2794
2864
2795
2864
2864
3773
2865
2934
2794
2865
2864
2376
2864
2934
4681
2865
2375
2864
2375
2446
2865
3284
2794
2934
2375
1956
2376
2375
2934
2375
2306
2864
4401
2375
2865
2375
2934
2445
2864
2794
2864
2864
2794
4751
2375
2375
2445
2865
3353
2375
2864
2864
2446
2445
2934
4261
2794
2375
2864
2375
2865
5309
2794
2794
2375
2795
2375
2795
3284
2795
1956
2865
2375
2375
3283
2865
2864
2864
2864
2794
2864
2794
2445
2934
2794
2864
2375
2934
2794
4820
2865
2375
2865
2794
2794
12295
2375
2864
2795
2864
2865
2446
2864
2864
2794
2446
2794
2794
2865
2375
2934
4750
2376
2864
2795
2375
2375
2445
2935
2934
2375
2375
2934
11876
2375
2864
2375
1816
2375
2864
2375
2375
2865
2376
2794
2865
2794
2795
2794
1956
4890
2865
2445
2934
2445
2865
2375
2864
2864
2794
2795
4331
2934
2864
2794
2795
2864
2865
2865
2865
2375
2864
2795
2794
2795
2864
2794
3283
2934
2375
2794
3353
2934
2864
1886
3353
2865
2934
2934
2794
2794
2934
2864
3283
3842
2375
2865
2795
2865
2795
1886
2305
2864
2865
2865
2864
2865
2864
2864
2934
2864
2375
2864
2864
2864
4331
2375
2794
2934
3284
2445
2795
3354
2934
2864
3354
3353
3772
2865
3353
5798
2376
3284
6497
2794
2865
2864
2375
2445
3773
3353
3284
3353
2934
2935
3353
2864
2934
3283
2864
3284
3353
3353
2864
2864
2794
3353
3354
2934
3354
5169
3284
