1886
1467
1886
2375
2305
1956
1956
1886
1398
1886
2375
2375
1956
2376
2305
1886
2376
2375
4890
2375
2376
2375
2445
2375
2445
2376
2934
2375
2445
1886
2376
1886
2375
2865
1886
2445
2375
2376
2445
1957
2305
2306
1886
2375
2445
1467
2376
2306
2375
2376
2375
1886
2375
2306
1397
2305
1886
2375
2376
2794
2865
2864
2934
2795
1956
2794
1397
2375
2375
2375
2375
2376
2375
2445
2445
2375
2375
2445
2305
2375
1956
2375
2376
2375
2375
1956
2446
2375
2445
1886
2375
1886
2375
2445
4751
3283
1957
1957
1956
2375
2376
2375
2445
1887
2375
2934
2375
2375
2305
1886
1886
2376
2445
2376
2375
1817
3353
1887
1886
2375
1886
2445
2446
2305
2375
2376
1956
2375
1886
1887
1887
1956
1886
1956
1398
1887
2306
2445
2305
1957
2375
2375
2306
2375
2445
1886
1956
2375
1817
2446
1886
1816
2864
2375
4820
2375
1886
1956
2376
2934
2376
1886
2375
1886
1956
2375
2375
1886
2375
2376
4681
1956
2934
1887
3842
2864
2375
2375
1886
1886
1956
2376
1816
2306
2305
2375
1956
2445
1887
2375
2375
1816
2376
2305
2375
2445
1956
1956
2376
2375
2375
1886
2375
1887
1956
1886
1886
4261
1887
1956
1398
1956
2375
2375
3912
1956
1886
2305
2376
1956
2306
2375
2376
2445
2375
2864
2375
2375
2375
1467
2306
2305
2305
1467
1886
2934
2375
2375
2375
2375
2864
2375
2305
2375
2375
2445
1956
2376
2375
2306
2306
2864
1956
1956
2376
1886
2376
2375
2864
2935
2306
2864
2934
1467
2375
2794
2375
2375
1956
2864
2795
2376
2864
2375
2794
2445
2375
2445
1886
2376
2375
2375
1886
2376
2445
2305
2376
2375
2305
1956
2446
2305
1886
2445
1956
2445
2375
2375
2375
2445
2864
2445
1956
2865
1886
2445
2305
2375
1886
2375
2375
2375
2375
2375
3702
2375
1887
1956
2446
2375
2376
2375
2375
2305
1886
2795
1397
1886
1886
2305
2445
1956
4331
1887
1956
2446
3773
1956
3283
1886
2375
2795
2445
2445
2446
2375
1886
1467
2305
4750
2865
2375
1956
1886
1956
4331
1467
2305
2376
2375
2794
2376
2375
2375
2375
2375
1886
2375
2376
1467
2375
1957
1886
2445
1886
2376
2445
1887
2375
2376
1956
2375
2445
1886
1956
2375
1956
1957
1887
2306
2375
3284
1956
2375
2376
1886
1957
2375
2375
2375
2305
3353
2445
2305
2864
2305
1886
2375
3773
2445
1886
3772
2376
2376
1397
2445
1886
1886
1886
4261
1956
2305
1887
3423
2375
2305
2375
2306
2305
2376
1887
1887
2446
3284
2445
1956
1886
2375
2306
3213
1467
1956
1886
1886
2375
1887
1816
2375
2305
2376
2376
1817
2376
2375
1956
2445
1886
1956
2375
1886
2375
2445
2376
2375
1956
2306
1956
2445
2375
1956
1956
2445
2375
1886
1886
2375
1887
2375
2375
1886
1397
1887
1956
2376
1956
1886
2375
2375
1886
3843
1886
1886
1886
2375
2306
1956
1886
2445
1886
2376
1886
2375
2375
1886
2375
2306
1956
2375
2376
1886
2376
1887
1886
1956
2375
2445
1886
2306
2445
1957
1886
1886
2375
2375
1886
1467
1887
4192
2445
3772
2376
3283
2445
1956
1956
1957
2445
978
1886
2445
1886
2375
1886
1886
2375
2445
1956
3354
1886
1886
1957
2306
1957
1398
1887
2375
2376
2376
1467
1886
3424
1886
2375
1886
2376
1886
1887
2305
1956
1397
2376
2375
2375
3353
2375
2375
1816
1956
2445
2375
2375
2375
1956
1956
2375
2865
2375
1886
1886
1467
3353
1886
2376
2864
1956
2445
2375
1887
1956
2376
2446
3354
1887
1956
1887
2376
2445
2375
2376
2445
2376
1886
2445
3214
1886
2375
2375
1886
1816
1886
1956
2375
2306
1957
1887
1887
2375
1956
2375
1956
2375
2305
1956
1887
1956
2445
2445
4332
2375
1886
1956
2375
1956
2375
1956
1887
1956
2445
2305
2375
1886
2445
2794
2376
1886
2375
3283
4751
2445
1956
2375
1956
2445
1957
1886
1887
2376
2864
1956
2376
1887
1886
2375
2375
2445
1956
1886
2864
2375
2375
2445
2375
2375
2306
2376
2445
1956
1886
2376
1886
2375
2446
2864
2305
2306
1886
2305
1886
2376
2375
1956
2376
2375
1887
2375
2375
2375
2445
1886
2376
2375
2795
1887
2445
1956
2375
1886
4680
1956
3842
1956
3842
2376
1886
1956
1887
2375
2375
2376
2375
1956
2376
1956
2376
1886
1397
2306
1887
1956
2864
2446
3772
1956
3353
2306
1886
1956
2375
2375
2375
2794
2445
2795
1886
2864
2864
2375
2376
2376
2376
2375
2305
1956
3843
2446
2375
2305
2864
2865
1887
2446
2445
2375
2375
1816
2305
1956
3773
2305
2795
2305
2376
2375
2375
2375
2445
2376
2445
1887
3772
1886
2306
2375
1957
2445
2376
7126
2305
1816
2375
2375
2376
1956
1886
2375
2305
1886
2375
2376
1956
2445
2305
2375
2375
1956
2445
2375
2375
1886
2445
2376
1886
3354
2445
2445
3354
2306
2375
2375
1956
1886
2445
1956
3842
1886
2375
1816
1886
1817
2376
2305
1887
3354
2375
978
1956
2306
1887
2375
1956
1886
1956
2375
1886
1956
1886
1887
2305
2375
1886
2375
2375
1956
2306
2305
1886
3772
1956
2445
3423
1957
1956
2375
1886
2376
2446
3912
2376
2375
2375
2864
2445
1956
1956
2445
2375
2375
2375
3702
2375
2375
1887
4261
2375
2375
2376
2375
2446
2445
2375
2305
2375
2375
2445
3353
3773
1956
1886
2375
1957
1956
3842
2305
1887
2305
2376
2445
1886
2375
1956
1397
1956
1886
1468
3912
1956
1886
2376
2375
2375
1467
2375
2864
2375
2306
2375
2376
2375
1956
1886
2376
1886
2375
13273
2375
2864
2445
2934
5729
2375
2375
1886
2375
1886
2864
2445
17954
1956
2305
1956
2375
1886
2375
14741
2376
2375
2306
2934
2375
2305
1886
1956
1956
1956
2375
1956
2445
2376
1886
1956
2445
1886
2375
1956
1887
3283
1886
2376
2376
1887
3773
2934
2375
1886
3772
1886
2376
2306
1956
2445
