1816
1957
2375
1886
1886
2235
979
1956
1887
1886
1467
2445
2306
2864
1956
1887
1886
1886
1887
1886
3703
1886
3354
2864
1956
1956
1956
1957
1956
2795
1956
2864
2864
2865
1886
1956
9990
2375
1886
1467
1886
1886
1956
1887
1886
1886
2376
1886
1887
2375
1886
2864
1956
1886
2934
2794
1397
1956
2864
1886
1886
1886
1816
2375
1886
1886
2306
978
1397
1956
1886
1956
1887
1886
2375
1398
1397
2375
1886
1956
1956
1887
1886
2375
2445
2376
2376
1886
1956
1887
2375
1817
1816
1887
1817
1887
1886
1956
1956
1956
1887
1887
1956
1886
1886
2375
1886
1886
1887
1886
1886
1886
1956
2794
1887
2864
1467
2376
1886
1886
1956
1886
1957
2794
1956
1886
1887
2306
2375
1816
1956
1886
3353
1886
1956
2376
2376
2375
1887
1886
978
1886
1887
2864
1886
2376
2375
1886
1956
1887
1886
1887
3423
2865
1886
1886
1886
1956
1886
3283
3283
1467
1956
1886
1816
1886
1886
1467
1817
1817
1956
1886
1887
2375
1886
1956
3354
1886
1886
1886
1886
1956
1956
1886
1886
2865
1886
1956
1886
1467
1886
1817
1816
1956
2376
1956
1887
1817
1886
1887
1886
1887
1887
1886
1956
1886
1816
1886
1887
1886
2864
1886
1886
1886
1886
1398
2445
1467
1467
2445
1957
1956
1467
1816
1467
1886
2376
1886
1886
2375
1886
2375
1398
1956
1956
2864
1956
1887
1886
1956
1957
1886
2375
1956
1886
1886
1957
1887
2445
1956
1956
978
1886
1886
2445
1886
1957
1886
2376
1397
1956
1467
1887
1886
1886
2375
2306
1886
3213
1886
978
2445
1956
1887
2864
1887
1887
1886
1887
1886
1956
1397
2376
2375
2375
2445
2375
1956
2794
2445
2376
2375
2375
1886
2375
2376
3423
1887
1957
2376
2375
2375
2445
2376
2376
2445
2375
2375
2375
2375
2375
1886
2375
1886
1887
1467
2375
1956
2375
2305
2375
2305
2375
2376
2376
1886
3424
2375
2375
2445
1956
1887
2445
1886
2375
3283
2375
2865
3424
2375
2376
1886
2306
1887
2864
1886
1956
1886
1886
1887
1887
1817
1887
2305
2375
1956
2375
1816
2376
1956
1956
1886
1886
1956
1886
2376
1956
1886
2864
1887
908
1887
1886
1886
2375
1467
1887
1956
1886
2446
1886
1816
2375
1886
2375
1467
1886
1397
1887
1887
1956
2445
2445
1886
1957
1956
1956
1956
1887
1816
1467
1956
1886
1816
1956
3284
1817
2376
1397
1956
1956
1886
1886
1886
1886
2445
1957
2375
1887
1956
1886
1887
2445
2445
1956
1886
1886
1397
2306
2794
1887
1886
1887
1886
2305
1886
2375
1886
1397
1956
1956
1886
1956
1887
1956
1817
1956
1887
1886
2375
1886
1957
1886
978
1886
1956
1956
1887
1886
2305
1956
1886
1886
2795
2376
1886
2375
1956
1887
1956
1956
1467
1956
1886
1467
1886
1886
1887
2375
1467
1467
1887
1886
1887
2305
2375
1886
2375
1886
2306
978
1467
2375
1886
1956
2375
1956
1886
1886
1886
2795
1817
1957
1956
1887
1467
3354
1886
2376
2794
908
1886
1956
1816
2375
2375
2375
1956
1886
1886
1886
1956
2375
2445
1398
1886
1887
1887
1957
1886
1887
2305
1467
1397
1886
1467
1886
2376
1956
1956
2305
1886
1956
1956
2375
1956
2375
3843
1467
1956
1956
2445
1397
1886
1957
1956
3284
1956
1886
2375
1956
2305
1886
3353
2376
1956
1956
1886
2864
1956
2375
1887
1886
1956
1886
2376
1956
2375
1886
1956
1956
1886
1886
1886
2376
1956
978
2376
1957
1956
2445
2445
1467
978
1886
1887
2375
1886
2376
1398
1817
2445
1956
2376
2306
1956
1886
1886
2445
1886
1886
2375
2446
1886
1956
1817
2376
2445
3353
2795
1956
1887
2445
2376
1886
1886
2445
978
1956
2375
1956
2376
1956
1956
1956
2376
2375
1397
2376
1956
1886
1886
2375
1816
2375
2375
1956
2375
1956
1886
1956
1956
1817
2375
2376
2445
978
1886
1886
2305
1886
2306
2376
2375
1816
1886
1887
2445
1886
1886
2305
2375
2305
1956
2305
1956
1816
1956
1886
1956
2375
2375
2375
1956
2375
1886
1816
1956
1816
2446
2375
1956
1886
1886
1886
2376
3354
2375
2375
1956
1956
2375
1887
1956
1468
1956
978
978
1956
2375
978
2375
2375
1956
1886
2375
2376
1886
1886
2375
1957
1397
2305
3354
1886
2445
1886
2445
2305
2375
2376
1886
1956
1956
2375
2376
978
1956
2305
2375
2306
1886
1886
1816
1956
1816
1886
2375
3284
1957
1956
1886
1886
1816
1887
1886
1397
2864
1397
1886
1886
1956
1956
1887
2375
2375
1886
2375
1957
1886
1887
1886
1956
2445
1887
2375
1886
1887
1956
1956
1886
1957
2375
1886
1956
1956
1816
1886
2375
2864
9502
1956
1887
1886
1956
1956
1957
2445
1816
2864
1886
2375
2376
2376
1886
2445
1467
1886
2445
1886
1886
1816
1956
1956
2306
1956
2375
2376
3283
2864
1956
2376
1956
1956
1956
1886
1886
3843
1956
1886
1956
1398
1956
1886
1956
2305
1886
3423
1956
1956
1886
1887
1886
1956
2375
1886
1956
1886
1956
1886
1887
1956
1817
1397
1886
1956
1886
1956
2445
2375
1887
1887
1957
1886
1887
1956
1886
978
1887
1467
1886
1886
1956
1886
2864
1956
1886
2376
1886
2375
1886
1467
1886
6637
1956
1957
1956
1886
2376
1886
1887
1887
1886
1886
1957
1956
1956
3353
1886
2375
1817
1886
1956
1956
1886
1887
2375
1817
1398
1956
1886
2445
1887
2865
1956
2934
1886
978
1956
1887
1956
1816
1467
1887
1886
2375
1886
1886
2375
1886
1887
1886
1957
1887
1397
1886
1467
1886
1886
1467
1886
1956
2376
1886
1886
2375
2375
1817
1467
1956
2864
2375
2375
1887
1886
1957
1956
2865
1887
1886
1886
2376
1887
1956
1956
1956
1816
1886
1887
1467
1886
1956
1886
1956
2795
2375
1887
1887
1956
1467
1886
1886
2305
1956
19003
2864
1956
2934
1886
1886
2445
2376
1886
1886
1886
1886
2445
1956
1886
1956
