5727
6216
5657
5727
6636
6706
6286
6147
6705
6705
5727
6636
5308
6357
8172
5798
5588
5588
6706
6287
5588
5797
6217
5727
5658
6635
5797
5728
5239
6635
5588
5728
6216
6566
5728
6496
6636
5588
5798
5588
5727
4679
5797
6565
6566
8452
5867
5588
5308
6147
5657
6635
6217
5727
5588
7125
5378
6146
7474
5797
5308
5798
6217
6775
6636
5798
5727
6286
6147
6147
5727
6216
6146
5727
6566
16694
6635
5308
6147
5168
5309
6286
6286
5169
5798
6217
5309
5169
5239
5308
6146
5657
6706
5867
6706
5727
6705
6146
6077
6636
5588
5727
6286
5728
5727
6775
5308
5308
6147
5308
6216
5798
5727
5308
5798
5169
6077
5378
5727
5658
5239
5308
5239
6286
5239
5239
5239
6147
5308
5309
6286
5239
5658
4819
5239
9849
6007
5658
5728
5238
5309
5168
5379
5169
5308
5797
5657
5867
6635
5728
7474
6496
8102
6216
8662
8591
6565
8521
6286
6635
5727
5728
6286
7613
6216
7055
5797
6076
6566
5588
7614
6146
6216
5309
5238
5168
6077
6216
5657
6566
5727
5797
5797
5588
5727
7194
5727
5587
5728
5658
5727
6147
5727
5798
5658
6286
5168
6635
5657
5727
6286
6147
6286
6147
6147
5658
9150
7614
6636
5798
5379
7614
5657
7194
6706
5658
7195
5728
6636
5727
5657
5657
6566
6635
6287
5309
5798
8172
6636
5728
6147
6705
5728
6146
5658
5798
6286
6775
5798
6146
5657
6636
6217
7264
5797
5239
6216
5727
6146
6146
6635
5239
1397
1886
1956
1886
978
1466
1816
1956
1397
1467
1885
1397
1956
1956
1956
1886
1397
1956
1397
1397
1886
1885
1396
1397
1466
1886
1467
1397
1886
1886
1886
2375
1466
908
1886
1397
1467
1956
1467
1467
1955
1886
1467
1467
1466
1816
1886
1886
1467
1955
1466
1886
1886
1886
1467
1466
1467
1397
1955
1467
1397
1886
1467
1467
908
1955
1396
1467
1816
1955
1955
1956
978
1886
1816
1886
1467
1466
1886
1886
1886
1886
1397
1396
1397
1886
1956
1467
1885
978
1397
1886
1467
1886
1956
1886
1886
9150
1956
1397
1886
1817
1397
1956
1467
1956
1397
1886
1397
1397
1886
1885
1886
1955
908
1467
5169
6147
5169
4261
5658
6286
8033
5727
7264
6566
7963
6356
7125
6217
6147
7125
6286
6635
6007
6217
6495
13970
5797
5797
5727
6705
7264
6216
5797
6006
5797
5658
5239
6565
6147
6077
5727
5378
6636
5588
5658
5169
5308
5308
6216
5728
6217
6077
5727
5588
5797
17602
6287
6286
5308
5727
6216
5378
5239
5169
6077
5099
5169
5588
5238
4819
5169
5308
5657
4680
7753
6146
5797
6077
5727
5797
5797
6217
6635
6217
5797
6146
6566
28149
5658
7124
6077
5867
8172
6635
5727
6636
6147
5658
6635
5797
6635
6147
4749
8172
5728
5657
6217
6216
18230
6077
6286
5658
6076
5169
7264
5658
6147
5168
4749
5239
6216
5239
6286
5798
5728
5728
5309
6775
5867
6635
5657
5657
6147
5658
6077
6216
5239
5169
6287
5239
6217
5727
6705
5238
6356
6496
5169
5168
5797
5798
5658
5099
5727
6566
5658
6566
5658
5308
5309
6146
5728
5798
5309
5308
5239
5169
5658
5099
5658
5657
5727
5168
5169
6077
7683
6216
5727
5797
5239
5588
6286
5797
6566
5238
7544
5657
5797
6286
5798
6146
6287
5308
5378
6216
6147
5309
5308
5797
5308
5658
6216
5309
5239
6077
6146
4261
5308
5239
5169
5588
5657
5238
6147
5239
5169
5378
5169
5658
5238
5379
5728
4750
5239
4749
5308
5239
4820
5238
5798
5238
4819
4750
6984
6706
5658
4750
6077
16204
6286
7195
7055
6286
5797
8102
6147
6287
7125
7055
8172
7264
6775
5728
6775
7613
5658
7753
6286
6217
6705
5797
6636
6217
5727
5798
5727
6007
6216
5728
5239
4260
5727
5308
5658
5727
5238
7195
5308
4331
5727
5378
5797
5727
5099
5657
6217
5168
5658
6077
5797
5658
5378
6217
5728
5728
6007
5239
5658
6146
6635
5657
5727
5728
5728
6147
5727
8102
5798
6147
6147
5728
5588
5657
5728
5658
6635
6985
6635
5728
6286
6286
4750
6077
5728
8242
6845
7124
6706
5797
5657
6776
5238
6636
5238
6147
6146
5727
5169
4331
5309
5727
5727
6496
5588
6216
5728
7544
5658
6217
6147
5727
6635
7125
6146
5588
7194
6636
8033
6147
6636
5728
6845
6147
5797
5168
5308
5238
5658
5727
5308
6147
5658
6146
5238
6147
5588
5238
6147
5308
5239
5308
5308
5308
5239
5099
5308
5239
5309
5378
5867
7125
5379
6147
6216
5798
5657
6147
5728
5658
5727
5727
5658
5797
5867
8173
7125
8173
7125
7195
7055
6146
7474
5727
7614
5169
6705
5728
5728
6775
5798
5308
5728
5238
5728
5728
8102
7195
5797
5727
5658
5798
7753
6216
5657
6775
6146
5727
5587
6635
5588
6636
6706
5727
6217
7055
6775
6635
6636
5657
5658
5588
5588
5658
5728
8452
6147
7614
5657
5867
7753
5657
6077
6216
5588
5797
6636
6287
6566
5378
6147
5657
6635
5727
6636
6146
7613
5658
6636
6286
5658
6147
6565
6217
8591
5728
5657
5798
6705
6286
5308
5868
5588
6146
6287
6147
6287
5238
5727
5168
5727
4749
5168
5657
5239
5239
4820
5309
12992
5239
5657
5309
6147
5309
4889
4749
5797
5239
5238
5239
5308
5308
11874
5169
5867
5169
5239
5169
5658
4820
5098
7543
5238
5309
5308
5797
5797
6146
5168
6216
5658
5727
5239
4889
6706
5169
5309
5308
5239
6286
6216
5658
5309
6705
5239
4889
4889
5378
5378
6216
5238
5657
4260
5727
5309
5238
5308
6216
5727
5658
5658
6077
6146
7613
6566
5727
6705
6216
5797
6775
5588
5797
7614
5798
5867
5657
5309
5308
5169
5588
5168
6287
5239
5238
5308
5308
5657
6147
5587
6705
5588
5308
5727
5657
6077
5169
4261
6216
5169
5308
6147
6636
6287
6007
5657
6216
5099
6147
5238
6077
5728
5658
5238
6147
5658
4819
5657
5797
7195
6147
6286
7265
6007
7683
6146
6147
7264
6286
