5098
5308
4330
4819
5308
4679
5238
4819
4819
4749
4679
4819
4819
4819
4819
4749
5238
4819
4609
4260
4749
4190
4190
4819
4330
4330
4330
4400
4190
4749
4749
4330
4400
4750
4331
4749
4260
4330
4819
4749
5168
4749
4610
4261
4680
4260
4679
4888
4680
4330
4330
4260
4889
4260
4819
4330
14876
4610
4191
4191
4680
4679
4190
4680
3771
4260
4190
4330
4889
4330
4330
4400
4679
4260
4330
4749
4749
5168
5169
4330
4330
4330
4260
4330
5238
4680
4260
4260
4260
4330
4679
4261
4190
4260
4749
4819
4330
14247
4750
4330
5168
5168
4680
5238
4679
4749
4749
4400
4749
4679
4260
4820
4260
4819
4400
4331
4330
4261
4260
3352
4819
4819
7194
4749
5238
4330
5168
6215
4749
4819
5238
6635
4750
4749
5168
4819
4749
4331
4679
4819
4749
4749
4260
4260
4400
4749
3282
4260
5168
4260
4190
4330
4749
4749
4749
4610
4400
4260
4331
4330
4330
4680
4400
4680
4749
4261
4330
4260
4400
4610
4749
4749
5308
4330
4190
5169
4749
5657
4819
4330
4819
4889
4749
4400
4190
3772
5168
4261
4261
4261
4260
4330
4261
4261
4260
4679
10476
4888
4190
4260
4679
4749
4749
4400
4679
4260
4400
5169
4679
4680
4330
4679
4680
4191
4330
4889
4260
4609
4680
4330
4330
4261
4191
4330
4330
4610
4819
4331
3842
4889
4330
4190
6495
4330
4260
4330
4330
4190
5308
4679
4330
4680
4260
4749
4190
4261
4749
4330
4749
4679
6216
5168
4330
5168
4819
4819
4331
5168
4819
5168
4889
5657
4609
4819
5238
4819
4260
4819
4680
4749
5238
4330
4680
5238
4819
5168
5238
4260
4749
4330
4260
4819
4680
4330
4749
4261
5378
4749
4260
4400
4679
4750
4330
4819
4819
4260
4749
4331
4330
4749
4330
5238
4819
4749
4749
4191
4679
5238
5168
4889
4330
4260
4330
5238
5238
4819
5238
3772
5378
4749
4331
3841
5238
5098
4749
19555
5169
4819
4680
5238
3771
5308
4680
4260
5168
4191
4819
4819
4331
3841
4749
4330
4400
4749
4330
4260
4400
4261
4260
4260
4330
4330
4190
4400
5168
4679
4679
4190
3911
4330
4260
4260
4749
5099
4191
4819
4679
4260
5169
4330
4400
4819
4330
4260
4261
4750
4330
4749
4190
4330
4260
4330
4330
4819
4330
5169
4749
5308
4331
5169
4749
4330
4191
3841
4330
4260
4749
4190
4331
4400
5797
4331
4260
4330
4190
4749
4679
4191
5168
4749
5238
4610
4330
4749
4330
4330
4190
4330
4260
5308
3772
4260
4260
4749
4749
4750
4330
4260
4331
4889
4191
4680
5308
3702
4261
4330
4749
4331
4679
4819
4330
4400
4330
4260
4330
4750
3841
4330
4260
4260
4330
4260
4819
4679
4330
4191
4260
4331
4260
4330
4121
4330
4680
4679
4330
4679
4749
4400
4191
4190
4260
4400
4749
4330
4330
4889
4260
4679
4819
4819
5238
4750
4749
4260
5168
4260
4330
4330
5238
4749
4400
4400
4819
4330
4261
4819
4749
4330
5168
4750
3772
2933
3353
4261
5098
3702
3841
4191
4330
5657
3771
39949
3772
4121
4191
3352
3841
3841
3841
3841
4330
4260
4260
3771
3842
4121
4191
4749
3911
3842
3911
3771
4330
3701
3841
3842
3771
3842
3911
4191
4260
4260
3772
3842
4331
3352
3911
3702
3771
3283
3702
3771
4260
4330
3772
3842
3911
4330
4330
4330
3283
4819
3772
3771
3841
4679
4260
4889
3911
3701
3841
5308
4889
4260
3841
4260
4260
5099
4261
4679
3772
4819
3841
3841
3911
4261
4261
5308
4261
4190
3842
3911
3841
4261
3842
3772
3841
3771
4400
4260
3841
3841
3352
4191
3353
4260
3771
3282
3772
3422
4330
3352
3771
4610
4261
3841
3772
3841
4330
3842
4819
3842
3771
4749
3841
3772
3702
4260
3771
3701
3282
3771
3353
3772
4190
3841
3842
3353
4260
3911
3772
4260
3352
4400
3911
3911
3841
3702
4330
3702
3841
3702
3771
3771
3772
3772
3771
3841
3771
9428
3771
4261
4330
3353
3841
4819
4819
3772
4819
3911
3772
3841
3771
4679
3352
3771
4191
3841
4330
13619
3841
4400
3423
3911
3842
3772
4190
3911
3771
4330
3772
3422
3841
3841
3771
3283
3771
3772
3772
3911
3772
3772
4191
4400
12711
4260
4260
3841
3771
4749
4330
4191
3841
4330
4261
4819
4679
4400
4260
4679
4261
4261
4191
4749
4749
4330
4330
4330
4330
4680
4330
4679
4331
4331
4260
4749
4819
4400
3283
4819
4679
4190
4679
4330
5308
4260
4749
3911
4819
4819
5238
4330
4400
4819
4750
4680
4260
4749
5168
5308
4260
4679
4260
4331
4330
4680
4260
4749
4260
5657
4330
3841
4679
5308
4819
4749
4750
4330
4610
4400
4749
3911
4260
4260
4261
4330
4888
4679
4749
4400
4400
4190
4400
4331
4330
4679
4260
4749
4190
4260
4819
4750
4400
4190
4749
4191
5308
4679
4680
18438
4819
6146
4190
4680
4680
4261
4889
4749
5238
4400
4679
4261
5307
4260
5168
5238
4190
5169
4749
4749
4679
4819
4749
4330
4400
4260
4190
5308
4680
4190
5168
4750
4749
4331
4749
4819
4679
4749
4260
4680
4190
4749
4260
4190
4330
5307
4260
4749
4260
4330
4750
4679
4261
4819
4679
4400
4331
4819
4400
4400
4749
4260
4260
4260
4331
4261
4330
4679
4330
4330
4680
4749
4680
4260
4191
4819
4400
4749
5168
4330
4260
4330
4190
4191
4260
4889
4750
4260
4261
4400
4260
4679
5238
4679
4749
5308
4679
4819
4819
5238
4260
5727
5238
4750
5238
5657
4749
3841
4889
5238
4680
6635
5797
5238
4260
4819
4819
4749
3841
4330
4749
4749
4609
4819
4260
4749
4330
4679
5308
6285
4819
4749
4819
4819
5169
4749
4261
5657
4888
4749
4679
3771
4750
4749
5099
5727
3841
4749
4679
3841
4819
4819
4680
4191
5238
4260
4819
4749
4819
5168
4260
4260
5238
4679
4749
4749
3841
4260
4679
4330
4261
4749
4819
4749
4749
5238
5238
4680
5657
4749
4330
4679
4749
5657
4330
4330
3771
4330
5168
4750
