6286
6775
6146
7054
7612
6146
6356
6216
5796
6634
6565
6216
6146
7263
5727
6146
6775
6146
7123
6146
5797
7194
6635
6146
6216
6146
7194
6215
7124
7194
6077
6286
5797
6216
6704
6146
6705
6076
6984
5727
6286
6286
7054
6216
6286
7263
6216
5727
6216
6215
6146
6146
6565
6634
6286
5727
6146
5727
6635
6076
6634
6635
5797
7124
6076
5867
6146
6775
6216
6146
7124
15575
6775
5796
5658
6146
6216
6216
6216
6775
6565
7612
7194
6146
6285
5796
6285
6565
6146
7054
6635
7543
6146
6635
6146
6146
5797
6216
6076
6565
5727
6285
6007
7124
7473
6285
6215
6216
6286
6285
6076
5797
6077
6635
6146
7054
6076
7193
6146
6635
6286
7542
6216
6216
5727
6146
6146
7053
7193
6774
5727
7124
6146
6146
7054
7124
6215
6286
6286
6565
5866
6635
5866
6285
6076
6146
6215
6076
6285
6146
6705
7193
6774
6146
6216
5797
5867
6286
7193
6216
6565
5797
6635
5657
6216
6146
6216
6146
6565
5867
6076
5727
6146
7193
7263
5866
6146
7543
7193
6286
6216
5797
13758
6146
6216
6216
7054
6076
6146
7194
6705
7054
6146
6286
7054
6076
6286
6216
7193
6635
7473
7263
6635
6705
7124
6984
8031
6775
6216
6216
6215
5797
7124
6216
7054
6076
6285
7473
7124
6216
6216
6216
6146
6146
6285
6146
7962
6286
6286
7194
6215
6076
6286
6006
6076
6286
7124
5657
6146
6216
6216
6704
7054
6146
6216
6216
7264
6146
6076
5797
6146
6285
6216
6635
5797
6215
6146
6146
6145
6705
6285
6146
5727
7054
6216
6286
6146
6565
6076
6844
7263
6286
6565
7124
6355
7194
6216
7054
6076
6565
6216
6565
6216
5727
16203
7194
6216
6286
7054
7193
7124
6705
6077
6076
6216
6146
6216
5797
6076
6216
6286
7753
6146
6146
7124
6286
6216
6076
5797
5658
5727
37714
6286
6076
6286
6146
7123
5727
6146
6145
6286
6146
6635
6215
6635
6356
6146
7543
7613
6635
6635
6705
6635
6286
5867
7054
5727
6634
5866
7263
6076
6006
6355
6704
6286
5517
6146
6146
6565
6565
7054
6146
6705
6215
6565
7123
7752
6565
6565
7054
6146
6146
6216
6286
6076
6775
5796
6215
7263
7264
7612
6216
6286
7612
6216
6076
6565
6216
6146
6286
7123
6216
7613
6704
6146
6565
6635
7263
5797
6146
6984
6285
6635
6146
5657
6076
5657
6006
7124
6146
6285
6285
6146
7194
6285
6146
6705
6286
6635
6006
5797
6635
6286
13409
6566
6216
6146
13340
6146
6565
16552
6215
5657
6285
6146
7263
6146
6146
6286
6146
6146
5727
6146
5727
7124
6216
5727
6146
7054
5657
6705
6704
7054
7193
6146
6774
6285
6285
6146
6216
6146
6216
6635
6705
5867
5658
6215
6775
7053
6216
6146
7194
7263
6146
6146
6286
7054
6286
6704
6495
6215
6704
7264
6565
6146
6635
5797
5727
6076
6077
6215
6146
6634
6076
6077
6076
6216
6495
6146
6705
6635
6285
6215
5727
6076
7124
6077
7194
6146
6216
6216
6635
7124
5726
7194
6146
6146
7054
6076
6286
6146
6146
6216
6216
6146
6146
6216
8032
6146
6285
6286
6635
5866
6076
7193
6705
6286
6215
6146
7542
6285
6077
6566
6146
6146
6286
7194
6146
4819
6077
7193
6355
6216
6216
6216
7613
7193
6146
6146
6076
6216
6216
6215
7193
5657
6146
6216
5657
7124
6215
6146
6286
5797
6215
6216
7123
6286
7054
6286
6285
7124
6285
7124
6146
6146
6146
6146
6216
6635
6635
6146
5797
6146
6216
5797
5727
6216
6216
6705
6146
6146
6565
6565
6076
7053
7054
7193
6775
6495
6635
6216
7054
6705
5727
6216
6216
5797
6216
6705
6216
7124
6146
6146
6146
6146
6146
7194
6146
7263
6286
6076
7054
5727
6356
5796
6216
6705
6146
6146
6146
6216
6146
6077
6076
6076
6146
7124
6146
6146
6007
6286
6285
6146
6774
6704
6216
6216
6286
6146
6565
5726
5727
6215
6496
6285
6146
6634
6355
6146
6774
6216
6495
6285
6705
6146
6285
6285
7124
5797
6146
6286
6146
6286
6705
7124
6216
5657
6285
6286
6076
6215
6146
6146
6216
6146
6704
6216
7054
7543
6705
6286
6285
6216
6146
6216
6146
6635
6146
6285
6146
5797
6146
6076
6216
6216
6146
6216
6076
6285
6146
6565
7193
6216
6006
6146
6146
6215
7053
7053
5727
7124
6146
6146
7053
5867
6146
6635
6286
5378
6565
5797
7124
6355
7054
7752
6495
7263
6216
7682
7054
6216
6215
5797
5796
5658
5796
7263
6565
6216
6286
6146
6146
5866
6565
6146
6146
6285
5727
6286
5727
6285
6216
6215
6286
7124
7124
6146
6285
7194
6216
6215
6216
7124
6007
6146
6216
5727
6635
6146
6215
6076
5797
6704
6774
6076
6634
5727
6285
6076
6705
6565
6286
5867
6634
7054
7193
6495
5727
6216
6216
6216
8172
7193
6775
7543
7613
7123
7124
6146
7054
6286
6216
6076
7123
5866
6774
6216
5797
6146
6076
6704
7194
6635
6286
6285
6146
6215
6145
6077
7263
6565
6565
6216
7124
6774
6146
6006
6216
6356
6146
6146
6215
6076
6146
7263
5727
6076
6146
7054
6285
7124
6145
6286
6215
7263
6775
7054
6286
6286
6146
6355
6076
7123
6146
6146
5727
6076
6146
5657
5797
5797
5797
5727
6146
6216
6216
6704
6146
6704
6216
6216
6146
7333
6286
7194
7612
6076
6146
5796
6146
6215
6146
6215
5796
6216
6146
6146
7264
6215
6565
6215
6077
6285
7054
6216
6704
6076
6984
6146
7193
6285
6635
5866
6634
6216
6775
5867
6216
7263
6285
6146
5797
7193
6356
6076
6635
6215
6984
7194
6984
7054
6076
6146
7263
6705
6146
6635
6216
7194
6215
6146
6216
6076
6146
6285
6215
5797
6286
6775
6215
7124
6845
7124
6146
6216
6215
5797
5866
6286
6634
7264
7194
6146
6705
7124
5657
6844
6146
6215
6007
6286
6216
6774
7193
5797
5726
6146
6216
6286
7263
6076
5727
6146
7263
6984
7053
6076
6077
7054
7194
7612
8451
7124
7124
7194
6704
6635
6076
6216
6215
