2375
2374
1885
2374
2375
2304
2304
1885
2444
1955
1816
2444
2375
1886
1885
2375
2305
2375
1955
2863
2793
2445
2864
2375
2864
2444
2863
1955
2305
2375
1956
2375
2374
2444
2445
2305
2374
2304
2375
2375
2375
2863
2863
2375
2375
4120
2305
2375
2375
2375
2374
2375
2305
1885
2375
2794
1956
2445
2374
2375
2375
2444
2864
2863
2933
2374
1885
2375
2305
2794
1955
2374
2375
2374
2375
2375
2444
6635
1886
2445
2374
2793
1467
2793
2933
2375
2375
2375
2934
2305
2445
2444
2375
1397
2444
2305
1955
2375
2445
1886
2374
2374
2375
2445
2863
2375
2444
2374
2305
2863
2863
2305
2445
2375
2375
2374
1816
2375
13619
1956
2375
2375
1955
1886
2304
2794
1956
2305
2375
1886
1955
2305
1885
2305
1955
2374
2374
2793
1955
1886
1886
1956
1955
2374
1955
1956
1885
2304
1886
1956
1886
1885
1885
1885
2374
1886
1956
1955
1885
1955
1885
1955
1956
1955
1956
1886
2374
1886
1886
1955
2305
2375
1886
1955
1885
1886
1956
2374
1955
2374
1885
1886
1886
1886
1955
1885
1955
1886
1885
1886
1886
1886
2304
1955
1886
1886
1886
1956
1955
1956
1886
1886
3352
1886
1956
1885
1816
1956
1956
1886
1955
1886
1956
1885
1956
2375
2305
1955
1956
1956
1886
1886
2375
1885
1955
1955
1886
2374
1886
1886
1886
1886
1956
2375
1955
1886
3283
1886
1886
2375
2375
2375
1816
977
1886
1885
1956
1886
1885
2375
1955
2375
1886
1816
2374
1956
1956
1886
1956
1396
1956
1886
1955
1885
1885
1956
1955
1816
1467
1955
1885
1956
1886
1885
2375
1956
1956
1886
2444
1956
2445
1885
1955
2375
1886
1885
1886
1886
2444
1886
908
1956
1956
1956
1886
1815
1886
1885
1955
1886
2305
1955
2375
1886
1886
1885
1886
2375
1885
1886
1886
1956
1956
1885
1956
1885
1885
2375
1886
1886
1955
1886
1886
1955
1956
1885
1886
1886
1885
1885
2374
2374
1885
1956
1886
1956
2444
1886
2305
1885
1956
2445
1886
1886
2375
1885
2375
1956
1886
2375
2374
1955
1467
1956
1956
1816
1956
1815
1885
1886
3352
1955
2375
1886
1955
1886
1956
2375
1886
1956
1956
2305
1886
1955
1956
2374
1955
1885
1816
1886
1885
1885
1886
1956
1885
1886
1956
1956
2375
1956
1955
1955
1885
2374
2374
1816
1955
2374
2375
1956
1886
1886
1886
1886
1816
1397
1886
1955
1956
1956
1885
1886
2375
1956
1467
1886
1956
1886
1467
1956
1886
2374
1886
1886
1397
1466
1466
1886
1885
1886
1955
2305
1886
1886
1886
1886
1886
1956
1955
1816
2374
1886
1956
1885
1886
1886
1467
1397
1397
1885
1467
2934
1397
908
1955
2793
1466
1886
1397
1466
1886
1886
1886
1886
1885
1885
1467
1886
1886
1886
1955
1955
1956
1466
1886
1885
1885
1816
1886
1397
1955
1956
1886
1956
2375
1886
1956
1886
1885
1886
1956
1885
1886
1886
1956
2444
1886
2375
2374
1885
1956
1886
2444
2374
1955
1956
1886
1886
2933
1956
1886
1955
2794
1816
2864
1956
1955
3353
2864
2375
1956
2794
2793
1466
1955
1885
2794
2794
2793
1886
2305
1955
1956
1466
2863
1886
2793
2864
2864
2864
2863
1885
1886
2794
1955
2374
2863
1956
1816
2794
2375
1886
3283
2374
2375
2863
1955
1955
1886
1886
1955
1955
2933
1955
1955
2375
1397
1955
1886
1956
1885
1885
1886
1886
2864
1886
1886
2375
2374
2445
2375
1955
2794
1816
1956
2863
1885
1886
1886
1955
1886
1956
1885
1467
1397
1885
2375
2374
2375
1956
1886
2375
1886
1955
1956
1956
1886
1955
2305
2374
2444
1955
2374
2933
1816
1886
1956
1886
1886
1816
1886
1886
1885
1886
1956
4261
1886
1886
2375
1886
1956
2933
1886
2305
1955
1956
1397
1956
1956
1886
1886
1956
1885
1885
1816
1885
1886
1885
2933
1885
1956
2863
2934
1955
1885
3422
1886
2374
1886
2863
1956
1956
1956
1886
1466
2794
1955
1467
1886
1886
1885
1956
1886
1886
2444
1466
1956
2863
1466
1956
1886
1955
1886
1886
1816
1955
2374
1397
1886
2793
1955
1955
1886
2374
1886
1956
1886
1885
1885
1885
1955
2375
1886
1886
2794
1956
1886
1885
1885
1956
1816
1816
1885
1886
1886
1885
1886
2445
1397
1956
1955
1397
1885
1886
2374
1885
1397
1885
2794
1886
2444
1466
1886
978
1886
1467
1816
1885
1886
1956
2375
2863
1466
1956
1886
1886
1886
1886
1886
1886
1886
1397
1886
1396
1886
1886
2864
1886
1816
1886
1466
1886
1885
1886
1467
1886
1886
2863
1956
1886
1467
1886
1956
1886
1816
2304
1886
1886
1885
1956
1885
1955
1955
1885
1956
1886
1886
1956
1885
1885
1886
1886
1886
1816
1886
1955
1885
13340
1466
1397
1956
1886
1467
1886
1816
2444
1885
1886
1955
2374
1886
1466
1466
1886
1396
1466
1397
1956
1466
1886
2375
1886
1885
1886
1886
2863
1886
1886
1886
1886
1956
1886
1955
1956
2375
1397
1816
1886
2444
1466
1885
1467
1886
1396
1886
1815
2864
1886
1886
2793
1885
1886
1886
1886
1886
1956
1955
1885
1466
1886
1886
1956
1956
3283
1396
2793
1886
1466
1886
1955
1885
1955
1886
1886
1956
1466
1397
1886
1885
1816
1886
12850
2375
1886
1955
1886
1955
1886
1885
1886
1956
2864
1956
1886
1816
1885
1886
1886
1886
2863
1467
1886
1956
1886
2794
1955
1886
1956
1886
2863
1397
1885
1955
1885
1956
2374
1886
1885
1886
1956
1886
1467
1955
1885
1885
1816
1956
1885
1886
1885
1816
1467
1885
2794
1466
1956
1886
1885
2864
1467
1886
1886
1886
1886
1956
1886
2794
2375
1886
1886
1886
1956
1886
1886
1885
11384
1886
1886
1956
1886
1955
978
1886
1886
1886
1886
1885
1955
121593
1816
1886
1466
1396
2444
1956
1885
1467
1396
1886
1956
1886
1885
1467
1886
1886
1956
1467
1886
1885
1886
1885
1956
1956
1885
1885
1397
1956
1886
1467
1956
