6705
4330
4749
4330
4749
5796
3841
4679
4819
5587
5727
4680
5587
4819
4819
4260
3842
4261
4260
4191
4331
3911
3841
3841
3772
3352
3841
2933
3842
3841
4190
3841
4330
3841
3422
3772
3771
4330
3841
3772
3352
3352
3841
4260
3911
3283
3772
3911
5168
4190
4400
5238
5238
4261
5377
4261
4400
5308
4330
4190
5168
4190
4260
4260
4400
4889
4260
5308
5308
4749
5168
4889
4750
5797
4260
4749
3701
4260
5308
4260
5308
4819
4749
4190
5168
5168
4260
4261
4749
5238
5238
4330
4750
4260
4680
4679
3842
4331
3841
4330
3841
3911
3841
4330
3911
3771
3772
3772
3842
3772
3911
3771
3841
3841
3772
3911
4190
3772
3771
3772
3283
3423
3772
3771
3702
3911
3772
3772
3842
3842
3771
3842
3841
3771
3842
3771
3702
3771
4260
3842
4330
4190
5727
4190
4749
4260
3702
3841
3911
3771
3841
3841
4819
4330
3911
2863
3771
3771
4330
3842
3771
4260
4260
3841
3771
4260
3283
3771
4400
3771
3771
3772
3771
3283
3842
3841
3352
3841
3841
3841
3841
3842
3841
4260
3283
3771
3771
3422
3771
3841
3352
3842
4330
2933
2934
4260
3842
3911
3771
3912
4749
4191
3701
4330
4679
4330
3702
4679
3701
3842
3842
3842
3841
3771
3911
4190
3771
4260
3842
4819
3912
4330
3352
4260
4260
3701
3841
4330
4749
4191
3771
4680
3771
3841
3771
3771
3842
3841
3772
3772
4330
3842
3841
3912
3352
3842
3282
4400
3841
3841
3842
3353
4191
4260
3701
3911
3771
3841
4330
3841
4260
3771
3772
4260
4330
3842
3841
4330
3911
3841
3842
3841
3771
4330
3772
3282
3911
3911
3352
4330
3771
4400
4330
3841
3841
3842
3842
3771
5238
4261
4330
3842
4191
4749
4330
3911
4191
4750
4330
4260
3213
4260
4331
4260
3911
4260
4400
4330
4260
3772
4260
3842
3422
3771
3841
4330
3841
3771
3771
3352
3842
3841
3771
3772
3841
4260
4190
3772
4191
4330
3771
3772
4260
3841
3771
3911
3702
2864
3911
3771
3771
3842
4679
3772
3422
3701
3841
3911
3841
3842
4261
3772
3841
4330
3911
3841
2863
4750
3912
3771
3842
3702
4679
3771
3772
4260
4330
4331
3841
3771
3422
3842
3353
3771
3772
3842
3841
3771
3771
4680
4260
3911
3771
4190
4190
4261
4260
3841
3771
4679
3772
3771
4330
3841
3841
3772
3771
3841
3841
3911
3841
4330
3841
3842
4331
3911
3771
4260
4330
4330
3841
3772
3771
3771
3842
3771
3841
3771
3702
3911
4261
3771
3772
3772
4260
3841
3771
3771
3702
4191
3772
3701
3841
3911
4749
3772
3772
4610
3841
15574
3772
3771
3771
3771
3771
3841
4260
4330
4330
3911
4261
4749
3771
4260
4330
4330
3841
3841
3771
4261
3772
3841
3841
3841
3352
3911
3841
4260
4260
3771
3911
3841
4331
3772
3422
3841
3772
4399
3841
4260
3841
3842
3841
3701
4260
3842
3911
4260
3702
3352
3772
3841
4819
3842
5727
3423
3771
4819
4330
4190
5238
5308
4750
5657
4749
3352
3282
4749
4889
4400
5727
4750
4260
4749
5866
4749
4679
4260
5727
4330
4749
5238
6076
4330
5168
5308
5727
4190
5168
4330
4330
4260
5308
4330
4679
4330
4330
4260
4749
4330
4749
4330
4330
14387
4750
4331
4260
3771
3842
3772
3772
3702
4749
4749
4260
4260
4260
4819
4331
4330
4330
4819
4889
3352
4261
4330
4191
5168
4610
4191
4749
3422
4749
4819
3352
4260
4330
5168
4680
4819
4679
5308
4819
4749
4679
3282
4610
4260
4190
5727
4750
4330
4330
4261
4749
4819
4261
5238
4330
4819
5168
5308
4330
4331
4680
4819
4749
3911
3772
3771
4190
4400
4819
5168
4330
4190
5168
4191
4260
5168
4330
4261
4330
4330
4331
3771
4750
4679
4260
5238
3841
3772
3842
3771
3772
3842
3841
3771
4260
4330
4330
3422
3771
3841
3771
3841
3772
3771
3772
3841
3771
3841
3702
3422
3841
3283
3771
3842
3841
3772
3353
3771
3771
3911
3772
3911
5238
4749
3771
3841
3841
3352
3841
4330
3841
3841
3771
3423
4330
4400
3911
3841
3772
3771
3772
3283
3353
3771
4749
3701
3911
4749
5168
4749
5307
3841
4749
4261
4330
3841
4190
4260
4190
3841
3702
4190
3771
4121
3772
3702
3842
3841
4400
3911
3911
4680
4330
4190
3841
5168
5168
4679
4330
4330
3842
4190
2863
3841
3841
3771
3842
3841
4819
4261
4191
3841
4260
3841
4330
3841
3911
3841
4749
3841
3772
3912
3771
4400
4749
5238
5797
4190
4260
4260
4679
5099
4819
5797
4260
4679
4680
4330
4749
4610
5168
4331
4260
3842
4749
3911
3842
4190
3771
3842
4679
3771
3841
4260
3841
3842
4889
3841
3842
3911
4260
3842
4330
3771
3841
3771
4190
3771
3841
3282
4330
4190
3841
3841
2794
3772
3841
3772
3352
4191
3771
3911
4819
4400
4330
3841
3771
3842
3772
3841
3842
3772
3772
3771
3911
3772
3841
4330
3841
3771
3771
3841
3771
3841
11454
5168
3841
3841
3772
3841
3771
3912
3772
4260
3841
3772
3771
3352
4331
3841
4330
3842
3842
3771
3702
3771
3701
4260
26260
3771
3841
4819
3422
3772
3841
4749
4330
3771
4260
3772
4260
3771
3771
3841
3772
3771
3841
3352
3771
3702
3771
3352
3772
4261
4330
3772
3422
3842
3352
4679
3771
4260
4260
3911
3352
3841
3772
3841
3353
3841
3772
3282
3841
4679
3352
3702
3422
4330
3841
4260
3842
3842
3841
3771
3772
3771
3283
3352
3911
4330
4330
3422
3841
3353
3772
3842
3422
3841
3772
3771
4330
3771
3772
3771
3772
3771
3911
3911
3841
3702
4260
3423
5238
3841
3841
4260
3423
3841
3841
3841
3283
3841
3842
3841
4260
3352
4330
3702
3771
3771
3771
3283
4191
3841
2863
3841
3352
3772
3772
3352
3841
3352
4400
4400
3841
3772
4261
4260
4679
3911
4750
3841
4260
3911
4190
4261
3771
4260
4190
3772
3841
4260
3911
3771
3841
3841
4260
3841
3911
3841
3772
4260
4749
3772
3701
4261
