11452
11314
11383
12012
11733
13268
12710
13687
11523
11872
11453
11313
13617
13269
11872
11313
19973
11872
11802
13338
11244
11593
11453
11593
11383
11732
11941
12361
11523
11942
11453
20671
13478
11871
12361
11732
11383
11452
11313
11244
11593
11942
14176
11383
11034
11314
11593
11453
11313
12570
19623
13478
11453
11872
12849
11313
13478
11383
11453
11453
11522
11593
12500
11523
11383
12500
13199
13408
13268
12919
13199
11872
11522
12291
11383
13199
13758
12012
11522
11383
13478
11523
13199
13478
11383
12850
12081
11942
12919
11314
11522
11593
11593
11522
11313
11871
11802
11314
12291
13199
11802
13128
11034
11941
12290
11523
12500
11453
13687
12779
11383
12361
11593
11453
11523
12430
11313
12011
11593
11313
11453
11383
11522
13198
19554
13478
11802
30098
12849
14177
11732
13338
11523
13269
11383
11243
11872
12151
11662
13478
11383
11872
11523
12850
11593
11383
12500
13338
11243
11523
19623
11383
13269
11872
11872
13687
12430
12500
11033
13757
13478
11243
11452
13269
11523
11383
11522
11383
11383
11383
11732
13478
11872
13338
11942
11592
11872
13339
11383
13897
12850
13269
11802
11663
11383
11453
11522
11313
11593
13478
11314
13129
11871
11383
12431
11383
13338
11453
11383
11244
11452
12012
13478
11383
13269
11383
11383
11452
11313
13339
13268
13338
11593
13478
11383
11453
11453
11034
11942
12081
12290
11383
11313
12919
11523
11383
11313
11453
12570
11523
11313
12012
12501
12920
11802
11453
10894
12290
11522
12221
13758
13268
13618
11383
11244
11802
11383
11034
11453
11942
13339
11523
11314
11383
11034
13827
11523
12012
11383
13129
11452
11453
11593
13129
11733
12011
11383
11453
11383
11384
11592
11942
11872
13409
11244
12361
11383
11243
11593
13687
11941
11593
11244
11872
11872
11593
11453
13060
13269
11522
11802
12011
13478
13199
11592
11872
11453
13339
13269
11592
12011
11453
12710
11313
11383
11383
11941
11802
12779
12779
11872
12430
11592
11173
11034
11383
13548
11802
11313
12919
11523
11592
11592
12919
11732
13339
11522
11313
13408
11453
11523
11383
12850
11592
11383
11802
11383
13897
11313
13408
11453
11244
11732
11802
13478
11592
11383
13199
11523
12990
11523
12291
12779
11383
12012
10964
11592
13199
11383
11383
11872
11452
12989
11103
12500
12290
12360
11383
11453
12989
13339
11523
13268
11592
11663
13827
11523
13409
10894
13618
13268
11243
11313
11033
13338
12360
11593
11383
12640
11732
11383
14317
11173
12850
11942
11383
11313
11453
11522
11453
11592
11243
14246
11104
13339
13338
12430
13338
12780
11453
12011
11522
11453
11453
11523
13129
13758
11313
10545
12850
12989
11452
11453
11453
11663
11523
11593
13338
11871
13199
11592
11243
11384
12640
13268
12919
11453
11593
13478
11802
12500
11383
11872
11383
11803
12360
11383
13338
13758
11453
11243
11522
12430
13199
13198
12360
13408
13757
11522
12012
11872
11593
11383
13059
13478
11453
11313
13408
11104
14247
11871
14386
12012
12081
12431
12430
13338
11872
14107
11314
11383
11872
13897
11453
11662
4749
4679
5308
4749
4400
5238
4330
4748
4819
4260
4888
5168
5167
5238
4819
4749
4330
4819
11104
13478
11173
13897
13129
12780
11592
12361
11313
10964
11593
14595
12081
11872
12361
14386
13757
11453
10894
10755
10895
10754
10336
10895
10964
11453
10545
12710
11034
11104
10894
10545
13268
13199
11523
22487
10615
12500
12011
11872
12291
13478
12500
11802
10894
11314
13269
13408
14735
13338
20950
13478
11243
11383
11383
13827
11244
12710
11872
11523
12012
12849
11104
12779
11383
12221
13269
13408
11522
15293
11453
12011
11733
15922
5307
5307
5238
4819
4749
4749
5726
4888
4679
5168
5168
5237
5168
5168
4819
5238
5307
5587
13338
11523
12919
14875
13339
13269
13268
12081
12361
11592
11732
11523
14386
11942
13408
13339
11383
13478
11732
11383
13478
12360
11523
11872
14386
11592
13198
11802
11383
11941
11453
11313
12849
12011
12361
11592
12012
13268
12081
11383
12919
11941
12011
13478
12919
11732
11732
13199
12431
11941
11593
12012
13129
11942
13827
13897
11383
11803
13618
11872
12710
12082
11802
11872
12501
13478
14107
12082
12501
11592
14945
11942
11383
11732
12919
12780
11244
14247
12919
13897
11941
14177
14316
11941
11802
11104
14246
12291
12850
12291
13827
12849
13757
11523
11244
11243
13269
14176
12291
14176
12082
11313
11453
12011
13478
12081
12779
13828
12082
7123
9078
7682
8589
6774
7682
6704
6494
6774
8171
7543
6705
6146
7193
6704
7263
7193
6285
6285
12361
11592
13060
11941
13897
11383
11593
11384
11942
11732
12291
11802
11243
13199
11872
11104
14176
11872
12989
11313
12012
11383
13338
12780
11103
12361
14176
11593
13828
12850
11942
11592
11453
11523
12780
11383
12850
13198
13408
12011
11453
11592
13338
11383
11592
12291
11942
13828
12011
11383
12571
14246
11453
12501
11453
14806
13199
11942
11872
11592
11942
12850
12012
11383
14246
11593
11732
12989
12710
11383
12221
11872
11383
13339
12570
13059
13409
11383
11313
12780
11872
13338
11941
15364
11872
20602
11593
11802
11522
11383
12431
11732
12011
11942
13478
11942
12989
11732
11453
11453
13269
12361
12012
11384
12849
11453
11243
11383
11592
11803
7263
8450
8520
7123
7193
7053
7193
8101
7682
7053
7193
8171
7612
7612
6983
8101
7123
7124
11732
11313
12081
13199
11872
12920
11592
11941
11802
11244
10895
12012
11384
11034
11872
12361
14875
11592
12361
11802
11732
11941
11314
11732
12501
12081
13897
13408
12221
12012
11802
13618
11592
12919
15085
12780
13478
12361
12989
11104
13618
12500
12221
11383
11522
11942
12989
13339
11384
13478
12011
11453
12920
11941
12500
12361
12081
13409
11383
13688
11453
11802
13408
10894
12012
12012
12710
11314
11383
11733
13479
13129
12710
10126
11453
11104
11383
10545
10825
10475
11034
10405
10406
10405
10755
11383
10335
10336
11453
10405
9986
13478
12989
11732
11942
12221
14386
11384
12012
13269
11872
11453
11942
13897
11942
11453
12850
11453
13897
12082
11872
11383
11313
12151
11872
12221
13338
11383
11941
12012
12989
13198
14805
11593
12291
11942
10894
11104
16691
11803
13758
12850
13269
13059
11243
11383
14247
12291
11803
11663
13478
13478
11942
11872
13898
11942
12082
13269
11733
