6146
6775
13689
6635
7054
6285
5867
6775
6146
7124
6146
6216
6285
5797
6286
6076
6076
6216
5658
6285
5727
5867
6216
6147
6774
6635
6286
7055
6286
6356
6286
7613
7403
6635
6705
6565
7613
6705
7543
7543
7962
7194
6775
6704
7683
6705
6775
6705
7474
6565
6704
6286
7194
6705
6705
7194
6635
6635
7124
6705
7613
6566
6635
7543
6775
6635
7543
6216
7753
6216
6146
6565
6705
6286
6705
6635
7682
6705
6704
6077
7543
6635
6705
6635
7612
6635
6775
6774
6635
6635
6565
7543
6636
6705
7683
6705
6635
6635
6635
6565
6495
6705
6286
6635
7613
6705
6705
7543
6635
7054
6845
6775
6636
6775
7543
6635
6705
6775
6216
6495
6146
6845
6565
6286
6635
6565
6635
8171
7613
6635
6705
7543
6286
7613
6635
7473
7613
6775
6565
6286
7543
6635
7683
15784
7194
6775
7683
6775
6635
6635
7683
6774
6774
7055
7263
6635
6775
7613
5728
6704
6705
7613
7473
6635
6356
6076
6635
6565
6496
6216
7963
6565
6775
6635
7194
6705
7753
6565
6565
6635
6635
7124
7054
6775
6635
14876
7613
7124
6286
6286
7753
7124
7263
6635
7263
8032
7543
7613
7613
7263
6216
6635
6565
6635
7543
6705
7753
5587
7613
6635
6775
6636
6705
6286
7124
7543
6635
7613
9569
6076
6775
6635
6565
7753
6984
7263
7473
6774
6635
6704
7962
6146
6635
6635
6635
6635
6635
6635
7613
7612
6636
6635
15226
6635
7613
6635
6635
6565
6775
6985
6565
6775
6705
6635
6565
6216
6565
7753
7613
7613
7124
6635
7264
7613
6566
6705
6286
6216
7054
6285
6286
6286
6146
6216
7054
6984
6775
6775
7683
6286
7613
6356
6705
8172
7543
6216
7612
6565
7682
7613
7264
6635
6705
7683
7124
6984
7473
6286
6775
6285
6286
6635
6146
7613
6635
6705
7683
6635
6635
6636
6495
6705
6775
7543
7124
6565
6775
6705
7264
6705
6774
6635
6565
6775
6635
6635
6635
6636
6565
6635
6775
7613
6635
6635
8171
14877
7613
6635
6216
15994
6775
6565
6146
6565
6635
7264
6705
6775
6286
7682
7683
6705
7124
6774
7683
6704
7613
6705
7124
7682
6705
6635
6635
7543
7683
6635
7543
8660
7613
6845
6705
6985
7263
7124
6565
6705
7543
6635
8032
7054
6635
6635
6565
6705
6635
6635
6635
6775
6985
6565
6635
6635
6216
6635
6775
6635
7612
6565
6565
6635
7753
7752
6635
6566
6636
6216
7543
7962
6705
6704
7612
6566
6705
6285
6635
7682
6635
6495
6705
6356
7543
6775
6705
5727
6635
6635
7613
6635
6565
7752
7683
6705
7543
7194
7683
6286
6635
6286
6775
6705
6286
6635
6844
7613
6635
7055
6355
7683
7613
6775
7543
6775
7683
6635
7193
6984
8451
7752
6705
6705
7543
6286
6635
7613
6216
6635
7543
6775
6216
6705
7753
6146
6146
15994
6705
6775
6705
6286
7473
7613
6705
7543
6635
6705
6286
6635
6565
6775
6635
6565
6635
6635
6635
7822
6565
7194
6635
6565
6286
7473
6705
6635
6495
6775
6566
6705
7543
6774
6635
6286
6565
8102
7264
6775
7473
6566
6635
7753
7683
6565
6635
7613
6845
7612
7124
6216
6146
6775
7753
6635
7124
8102
6705
6565
6635
7543
6775
7264
7543
6635
6635
7613
6635
6635
6146
6775
8241
6705
6566
6286
7193
6705
7544
6286
7543
7613
7124
7613
6635
8032
6635
7473
6286
6985
6775
6565
7683
5867
7752
6565
7543
6705
6146
6635
6635
8172
7683
7613
6635
6774
6635
6565
6635
6635
6705
6565
7124
6775
6705
6565
6705
6635
7612
6565
6635
6635
7613
6635
6635
7612
7683
6635
6636
6774
7264
6566
6565
7613
6565
6146
6356
7124
6286
6216
6286
6565
7613
7543
6705
6216
6635
6775
6705
8032
6705
6565
6216
6775
7264
7752
6286
7612
6495
6775
6356
8102
16483
7613
6775
6146
7543
7194
6635
6635
6565
7263
7543
6635
6286
6775
7613
6704
7753
6705
7682
6286
6705
6775
6635
6286
6565
6146
7683
6635
6775
7613
6635
6774
6635
6635
7473
7543
7962
6216
6356
8241
6635
6566
6635
6216
7264
6775
6705
6285
7682
6705
7613
7543
6705
7683
8032
6704
7752
7194
6705
6635
6565
6285
7682
6775
6705
6565
7054
6635
6286
6774
6705
6635
7543
6076
6775
6356
6775
7613
7613
6705
6775
6635
7264
7683
7543
6705
7543
6635
6705
6635
7543
6635
7682
6216
6705
7123
6635
6635
6635
6635
6216
6495
6705
6216
6495
6286
7194
7613
6635
6565
6635
6216
12920
6635
6775
6495
6705
7963
6705
6705
6636
7613
6635
6635
7752
6286
7054
7613
6775
6565
6635
7473
6566
6565
6565
7543
6635
7683
6636
6705
6565
6636
6146
6076
6635
6566
6774
6705
7124
6775
6216
6636
6216
6635
7683
6216
7474
7054
7473
6286
6705
6775
7194
6635
6775
7124
6286
7613
6146
7753
13131
6566
6775
6705
6635
6635
6635
6705
6705
7263
6775
2863
3283
2794
2863
1886
3352
3352
2864
2794
2793
2864
3352
2933
2933
2864
3283
3702
2444
2933
2864
3353
2863
2863
3282
3213
3353
2794
2864
2933
2934
2864
3352
3352
3352
3352
2863
2863
3282
3423
3283
3283
3283
3352
2794
3282
2794
3282
3352
3352
3282
3352
3282
2933
2933
2864
2933
2793
3422
2933
2934
2793
2933
2794
5866
5657
5377
6146
5308
5588
5797
5308
5657
5168
5238
5657
5657
5308
5308
5308
6147
5587
5657
5308
5797
5308
5168
6216
5727
5238
6076
5658
6146
5588
5168
5657
5657
5727
5238
4260
5727
5239
5308
5239
5308
5308
5727
6286
6146
5797
5238
5239
5168
5238
5657
5727
6146
5587
5797
5168
5797
6635
5168
6286
5238
27658
6076
5727
5168
13340
6635
7753
7613
6705
6355
6845
7543
16204
6635
6635
6635
7683
6286
7613
7124
6635
6775
7473
7124
7683
6286
6775
7473
7543
6635
6705
6705
6774
6286
6565
7124
6705
6565
6845
6566
6356
6635
6635
7752
6565
7543
6355
6286
7474
7264
7683
6495
6286
7124
6985
7543
6635
6705
7473
