4680
4192
4262
4261
4401
3842
3354
4820
4332
4261
3842
4331
4191
4331
3843
4191
3842
3772
3772
3772
3773
4401
3842
3843
4331
3283
3842
4191
3912
3773
4401
4750
3772
3911
3912
3912
3772
4192
3423
3772
3842
3772
3842
3912
3842
3842
3772
3842
3702
4331
3842
3703
3912
4332
4261
4331
3423
4331
4261
4261
4261
4261
4820
3842
4331
4261
5309
4680
4750
4401
4750
5169
4681
3283
4821
4332
3354
4192
3773
4261
4261
3842
4401
4331
3423
3772
3423
4331
3772
4261
4401
11876
4331
3772
3842
4192
4610
4332
4261
4681
5659
3912
3842
4331
3842
4890
3912
4261
4401
3842
3912
2795
4191
3772
4331
4331
4261
4261
3703
4261
3772
4261
14391
3842
4750
3772
3772
4191
3772
3912
3842
4261
3912
3842
3702
3772
4331
3843
4191
3772
3773
3353
4261
3842
3842
3773
3773
3772
3842
3842
3772
5309
3843
3772
3912
4261
3702
4331
3842
3912
3842
4261
4262
3772
3842
3842
3842
3773
3703
4261
3842
4191
4751
3772
4192
4750
3772
4262
4400
4261
3842
4331
3912
3842
4750
4750
3772
3772
11387
3772
2794
4261
4261
4680
3842
3843
4750
3843
4262
3772
3772
3703
3772
4331
4261
4331
4331
3703
4751
3772
3773
4262
3702
3912
3842
3772
4331
3772
4191
3772
4192
2794
4192
4261
3842
4331
4750
4820
4681
4192
4261
4401
4261
4750
4750
4750
4261
3353
4750
4261
4751
4331
4401
4191
3842
5239
4331
4890
4262
4261
4751
4261
4331
4331
4192
4401
4401
4401
3842
4331
4261
4751
4750
4820
4331
4261
4331
4331
3842
4750
4681
3842
4261
3772
3912
4261
4192
4261
4331
3772
4261
4261
4680
4331
4611
4750
4191
4331
4890
5170
5310
4820
4890
4681
4610
4331
5309
4261
3843
4401
4191
4261
4401
4262
4331
4820
4331
4820
4890
4401
4890
4750
3842
4331
3842
3772
4331
4261
3842
4191
4262
4401
3772
3842
4401
4890
4261
4820
4191
4191
4750
3772
4262
4261
4192
2864
4750
4331
3284
4332
4191
4191
4191
4261
4750
3773
4331
4192
4261
3842
3912
4261
4261
4820
4262
4261
4331
3842
6287
6566
5240
4751
4261
4681
4261
5728
6287
4331
4331
5170
5659
6218
5729
6706
5728
4820
4750
5728
4820
5659
5239
4820
4750
5728
5658
4820
10967
5169
4331
5239
4191
4820
6287
4681
3772
4821
4750
4192
4331
3283
4331
3772
4820
4261
3842
4261
4331
4820
4820
4261
3773
4332
3353
4750
3843
5728
4192
4820
5658
5379
4750
4750
4750
4820
5169
4401
4331
4751
4331
4750
4820
4820
4820
4680
5589
4681
5658
4331
5239
5239
4192
5658
5799
4820
4821
6287
4750
4750
4750
5170
6287
5169
6147
6217
13832
5310
6217
4820
4680
5728
5589
5728
4750
4261
5169
6148
4750
5798
6147
4331
4681
4820
6147
4890
4261
5239
5239
4820
6357
6287
5169
4750
4332
4751
4261
5658
4890
4820
5239
5658
4401
5729
5169
4750
4261
4820
4820
4750
5379
4890
5239
5239
4890
4401
5379
4262
4751
5239
4262
5239
4820
3772
4331
4261
5240
4261
4261
4261
4680
4401
5309
4750
4820
4331
4331
4681
4331
4191
4261
4680
4331
4681
4261
3842
4261
4331
4191
4261
4331
4261
4751
3842
4261
4331
4331
2864
4191
4750
4820
4750
4750
4820
3912
4750
4331
4750
5309
4680
4331
4331
4750
4680
4261
4820
4680
3912
4261
4261
4261
4331
4331
4192
4191
4261
3772
4192
4331
3912
3842
3283
4751
3842
5309
3842
4262
4331
4331
4751
3842
4331
4820
5170
5309
6148
5728
5239
5239
6147
6636
5798
4820
5728
6287
4331
5658
4750
5658
4681
5170
4820
4262
23262
5239
4750
6218
6077
4820
4680
4820
7614
5798
5309
3702
5658
4751
5658
5799
6078
6148
6217
6217
6637
6566
4750
5170
5658
4750
5728
4681
5309
4680
5798
4681
5589
4611
4191
5728
4820
5659
4820
4681
5099
4261
5239
4331
4192
4611
5867
4820
5100
4820
5728
6287
4681
5239
5169
4331
4192
4750
4331
4820
4681
3423
4750
4750
6147
28152
5170
5729
4820
6148
6008
6357
6287
6077
5798
5239
5798
6217
5169
7195
4820
4750
6147
6147
6217
5798
5658
4401
5099
7056
6078
5588
4750
4332
4820
5309
6078
5658
4401
5169
4191
4820
4820
4750
4332
4821
4681
4681
5310
4751
3423
4750
12714
4750
4680
4331
4331
4191
4331
4331
4331
4750
4750
5309
4401
4750
4261
4751
5239
5169
3773
6008
6287
4681
5658
4681
4261
5169
4331
4750
5239
6287
4820
5240
5379
4332
5658
6148
4750
4820
5729
5240
4400
4820
5728
6217
5728
4191
5589
5309
5379
6147
4750
4680
4750
4680
5379
5239
4820
4681
3842
5239
4681
4890
4331
5240
5239
3284
4680
5658
4750
4750
4820
4610
4331
4192
4401
4401
4331
5309
5728
5658
5239
4751
5658
4750
5169
5309
6078
4820
4680
5658
4681
4820
6217
5239
5239
6218
4261
5169
4820
5240
5239
5798
4820
3772
4820
5239
4751
4750
5239
4820
4681
4820
6077
5798
4750
5239
6287
4750
4680
5728
5728
4680
4750
5659
6637
6008
5659
6217
4750
4890
6217
6148
4681
4820
5100
4750
4680
6148
4191
4261
5728
5728
4331
5099
4331
5309
4750
5659
4261
5169
4820
5728
4820
4680
5868
4820
4750
4820
5798
4750
4331
5798
5658
4331
5169
5239
4890
4261
5728
5309
4680
4401
5659
5728
4821
3842
4680
4821
5798
4750
6147
5728
5239
6217
6217
4820
4191
6287
4750
4820
6008
6148
4750
4820
6148
6148
6287
5658
5658
6217
4610
5239
5239
4332
5239
5659
5169
6217
4751
6566
6217
4751
4821
5239
4750
4750
4750
5169
5798
5239
5169
4820
5169
4261
5309
5728
5658
5728
5798
4750
5239
5589
5170
5309
6217
5239
6148
6776
5099
5658
4261
4611
5240
5589
4750
4820
6217
4751
4820
5379
6147
6078
4750
4820
6147
6148
4750
4681
5309
4890
4331
4681
4331
4820
4890
3772
4332
6287
6148
4680
5169
5798
5309
6217
5798
4261
6217
