9987
11872
10546
10336
10546
10127
10965
10406
10266
10895
10336
10406
9987
9987
10406
12013
10965
10406
10336
9777
11105
9987
9987
10336
11523
11803
11314
10546
12083
9987
12012
11942
9987
11104
11873
12013
11872
10616
10546
11872
10546
9987
12012
12501
10127
9987
11873
10337
10406
10057
11593
11873
10336
10057
10127
11034
10056
11034
10056
10057
11733
9917
11873
9917
9918
10476
11454
10406
9987
10755
10336
11384
9987
11384
12012
10965
10476
9987
11035
10196
11453
18577
10406
10755
11663
11454
9917
10615
10406
9987
10197
10127
11454
9917
11593
9987
10056
10127
12013
11803
11593
10895
11873
10476
12083
10476
10127
10057
10545
11594
9987
10336
11803
9847
10476
10057
11873
10616
10056
10406
9917
11523
10476
12013
12431
11593
12292
10406
11873
9987
10615
10127
12013
11733
10127
11873
9987
12013
9917
9987
12012
10406
10406
10336
10616
9987
9987
11453
11034
13130
10616
10406
11873
10127
10127
10965
10127
9918
9987
10616
10476
10546
10196
9987
10126
9917
10406
9987
12012
12292
10545
9987
10057
11733
10546
11802
19625
12012
11733
10057
10406
10407
10825
11524
10476
10057
9987
11943
10057
10336
11383
9918
10336
10476
10756
12012
10406
9987
10825
10546
10616
10894
9917
10337
11733
12361
10406
10057
9987
9987
10407
10476
10127
11733
9917
10965
9847
9987
9917
12082
10126
3422
2793
3352
3283
3352
3352
3283
2863
3213
3352
2793
2793
2933
3282
2794
2864
3422
2864
3352
3701
2863
2864
3283
2933
9917
12362
10337
10406
9847
10336
10546
10057
10546
11383
9847
11523
9987
11942
10895
11943
10406
10057
11872
10476
9987
10127
9987
18298
10336
10406
11453
10057
12012
9917
12292
10475
10546
10475
10965
9987
10406
9987
10476
9918
10127
10406
10476
10057
9987
10965
9918
10057
10965
10546
19486
11803
11384
9498
10057
10057
10057
11244
10127
10057
10126
10126
10406
10406
10336
10546
10406
11943
11803
10057
10476
9918
10336
10057
9917
10406
9987
10406
12013
9987
10406
10615
10336
10406
12362
12013
10406
11872
10406
9987
10336
9847
10406
10406
10336
10894
10127
10336
9987
11873
11803
11943
10895
11523
9848
10406
10057
10197
11803
10267
11803
11733
9918
11802
11873
10965
10126
10057
10337
10336
9917
10406
11802
9498
11314
10476
10476
10546
11453
9638
9987
9708
10057
10057
9987
10545
10336
11873
11454
11524
10546
11943
10406
11803
10057
9987
10057
10057
10127
9847
11523
11733
11942
12082
9987
12432
11035
10196
12013
10406
12501
10546
10336
10895
10127
10336
10126
10476
12013
10476
10476
11873
10266
12292
10127
11872
11873
9917
10057
10406
10406
9987
11873
9987
10895
10057
10127
10127
10126
9987
9917
9987
10406
9917
11943
10616
12362
11105
10616
10476
10127
13479
11524
10267
9917
10057
10406
10406
11105
11593
10406
10126
10406
10406
12013
10964
10406
12082
10057
10965
10476
9848
10057
11384
11524
11802
10406
11104
9987
12222
10057
12222
11873
11453
10126
9987
11663
10406
11873
10476
10546
10337
12292
11942
10267
11942
10407
11034
11593
11523
10127
9987
10965
10546
12012
9847
10127
10895
11802
9987
10056
12012
10615
10336
10406
12221
12082
10336
11872
9848
10057
11803
9987
9847
10406
11733
12082
11104
11803
10406
9987
12013
10057
11314
12222
11943
10965
12920
10476
10476
11803
10546
12012
10337
10406
10825
10546
10476
9917
10406
9638
9847
11803
11384
11873
12012
10127
12082
10476
11104
11104
10686
11943
9847
12013
12292
10057
11244
10266
9987
10406
10197
10057
9987
11244
10476
10546
10057
11314
10476
11942
10545
11384
10126
9987
9987
99033
9987
10057
10406
10057
10476
10057
12012
10406
10126
9847
10057
10127
11943
10406
11942
11034
10056
10964
12012
12013
10127
9987
10476
10127
6635
6635
6634
6565
6285
7612
6285
6635
14317
6565
6704
6145
7193
7124
6635
7124
6635
14876
7543
6774
7194
6216
6635
6565
6564
10615
10267
9987
10267
11454
10406
10616
10267
10336
10196
10755
10406
12222
9987
12013
10127
12361
11943
10756
10616
10057
12012
11873
10336
10616
11314
9917
11943
12362
10126
11943
11454
11873
10895
10127
9917
11524
10197
10965
9987
11942
10127
10476
11593
10266
10057
10127
10406
10267
9987
11803
10336
10406
10406
11663
10057
11733
10546
12013
18228
12222
10476
10127
9987
10057
9987
10894
10406
12012
9987
10196
9917
11802
12361
10057
10406
10336
9987
10057
10057
10336
10615
10406
12501
10895
10406
11872
9987
9917
10546
11803
9917
11873
10056
9918
11803
10126
12012
12082
10336
10057
10615
10475
11594
11454
10127
12013
10546
10476
10476
10057
9987
10616
12501
10197
9987
10056
11104
11803
11873
9777
10406
10057
10545
9079
10476
10336
10616
9917
10057
19555
10407
10407
10056
10616
11593
20882
10895
10826
11594
10337
10406
11803
10616
11803
9917
10127
10267
10337
9917
10057
10057
10406
11593
12082
10057
11244
11943
9917
12222
10965
9917
9987
9917
9917
10406
9918
11384
10056
9987
11873
11942
10336
10126
10476
9918
10616
12921
10126
10406
10406
10057
10406
11594
10057
12013
9917
10336
10406
12432
10616
11314
9987
11803
10476
10616
9987
10407
10057
10056
10057
11943
10057
10126
11873
10476
9917
12361
10546
10336
11453
10406
12222
10406
10406
10057
9987
10406
10057
9847
10476
10336
9987
10197
10057
11663
9917
9848
10336
10126
10476
10127
11034
10476
11942
12082
11733
10057
12082
10406
10546
10267
9987
5797
5796
6146
5796
5796
5797
6216
5727
5657
6565
6216
5726
5727
5657
5797
6146
6565
5797
5727
6146
6775
5727
6705
6146
10127
10056
10127
10756
11523
10127
10476
10615
10407
10406
10057
11873
10686
10406
9987
11523
9917
10057
10057
10057
9918
10057
11314
10755
10057
10545
10546
10127
11454
10057
10336
10057
10826
10057
10476
10546
10545
10476
9987
10057
10126
9917
10127
19625
10127
12361
10825
12292
9918
10616
10336
11594
10406
10406
11663
10546
10965
12013
11594
11942
10057
12990
10476
10266
10127
11035
10476
9918
10057
10616
10406
10127
11872
9987
12291
9987
10127
10057
10406
11803
10336
11035
11593
10336
12013
10616
11943
11454
10126
10546
10965
12361
10895
9847
11035
9987
11034
11454
9848
11733
10057
10057
