5308
4749
5238
4749
4819
4749
5657
5308
5727
6286
4889
5308
6216
5726
5238
4610
4260
4330
6076
4330
5308
4261
4679
4330
4260
3422
4680
5308
4260
4260
4819
6286
4819
4330
4679
4260
4191
14806
4261
4330
4819
4261
5657
4330
4819
4819
4330
4260
5238
4190
4330
4330
4819
4819
4679
4260
4749
4260
3911
4260
4260
4260
3771
3842
3841
4260
3911
3842
3772
3283
4330
4191
4680
4331
3911
3771
6286
3841
3841
4261
4190
4330
4191
4819
4261
4260
3841
4400
4260
4330
4261
4261
4331
4190
4330
5238
3842
4679
4260
4331
4330
4260
5657
3772
4260
4680
4260
4749
5308
5238
3772
4260
4261
4330
4330
4331
4330
4330
4260
4330
4679
4261
4260
4819
5308
4400
4330
4260
4260
4261
3771
3911
4749
3911
4749
5238
4819
4330
4331
4679
4190
4400
4819
4260
4330
4680
4330
4749
4819
4889
5238
4679
5238
4749
4819
5727
5169
4749
5238
6635
4330
4400
4819
5308
4889
3353
4750
4819
4680
4679
4819
4191
4190
4330
4749
4749
4400
4260
3911
4260
4330
4749
4331
4819
4749
4330
4749
4190
4749
3841
4260
4400
4400
4261
4260
4261
4260
4330
4331
4749
3911
4260
4330
3771
4749
4819
4330
4261
4749
4330
4260
4330
4819
4330
4330
5168
4190
5867
4260
4330
4750
4330
4191
4261
4190
3842
3772
4330
4609
4330
3841
3911
3771
3841
2794
4191
3771
4400
4260
3842
3772
3841
4260
3841
3911
3841
3771
4400
4260
4260
4331
3841
3911
4261
3842
3841
4819
4260
4749
4819
3841
4190
3771
4330
3772
3911
4260
3282
4260
4330
4260
3771
4261
4331
4400
4749
3842
4330
4261
3771
4260
4191
4260
4191
5377
4260
4330
4331
4261
4330
22838
4400
4260
5308
4679
4750
3841
3772
4679
3771
4749
4191
4330
3841
4191
3772
3771
5168
3632
3842
3841
4260
4260
3352
3771
3842
4260
4261
11943
4190
3282
4749
3842
3841
3842
4261
3701
4261
4400
4819
3772
4260
4330
3911
3842
4330
4330
3771
4889
4819
4330
4260
4680
4330
4330
4330
4190
5377
4819
4330
4819
4749
4330
4819
5169
4190
6146
6286
6216
4749
4819
6076
5657
4819
6286
6076
4679
4819
5238
5377
5796
5239
5238
4679
4819
5308
5238
5238
5168
4750
5797
4819
5168
4749
4400
4749
4679
4260
4749
4749
4330
4191
4330
20184
5238
5308
4680
4191
4191
3842
3841
4190
3911
4330
4261
4330
4260
4260
4330
3841
4330
3352
4260
4260
4330
4260
4260
4819
3911
3771
3841
4260
3841
3771
4261
3841
3841
3841
4330
4749
4749
4888
4749
4819
4749
4260
4749
4819
5308
4819
4819
3771
4749
4679
3352
5658
3911
4749
5517
5657
4399
5587
5308
4190
5587
5307
6634
7683
6216
6705
6077
6146
6984
6355
4749
17180
5168
5238
6146
5726
5308
4609
4679
4749
4749
4190
5168
6146
5308
5168
4819
4260
4749
4749
4679
4679
12012
5168
5168
4750
4749
4679
4260
4260
3772
4260
4260
4260
3841
4749
4261
4261
4330
4330
4819
4679
3841
3911
4190
4330
4260
4330
4330
4190
4330
4330
4260
4261
3771
3701
4260
4260
4191
4330
4261
4330
4819
4330
4261
4261
4749
4400
4330
4190
3841
3771
3771
4191
4260
4609
5308
4260
3841
4260
4749
4749
4260
4330
3772
4679
3353
3771
4400
4330
4331
4261
4331
4330
4261
4260
5168
4889
4749
4330
4330
5797
5308
5238
4400
4260
5587
4819
4819
4679
4191
4330
6006
5169
4330
4819
4749
4819
4749
5378
4330
4819
5168
4749
4819
4330
5238
5727
4819
4750
5727
4819
4749
4819
6285
4400
4819
4749
4819
6216
5168
4679
5308
4749
5098
4679
4749
5867
13759
5098
4749
4819
4750
4749
4609
4260
4260
4819
4330
3911
5587
6216
4749
5727
6216
5239
5238
4330
4679
4190
4400
4330
3771
4679
4749
4750
4679
4260
3841
4261
4888
4749
4260
5308
5239
4749
5238
4679
4609
4260
4819
4260
5168
4330
5727
4749
4819
4749
4330
4330
4819
4889
5657
3841
4749
4749
4330
4889
4330
4191
4330
4260
3911
3702
3841
3771
3772
4260
4260
3841
3911
3702
3841
3841
3841
4190
3842
3842
4260
4260
4330
4679
3911
4889
4330
4330
4610
4190
4400
3771
4260
4819
4330
4749
4819
4191
4190
3841
4680
4679
3772
4679
4330
4330
3771
3841
4260
2864
3772
3841
4261
3771
4819
4330
4819
4191
4819
4260
5517
4260
4749
3841
3771
3841
2933
3911
4400
4261
4260
3842
4679
3842
3911
4261
3841
4261
4260
4260
4749
5168
4260
5308
4260
4191
5657
4330
4330
4750
3911
4331
4889
4331
4260
4260
5238
3702
4260
4261
4331
4330
4330
4400
4261
5169
4330
5378
4680
5099
5378
4749
4260
4261
4610
5378
5657
4750
5308
6146
4400
4819
4819
4819
6286
4749
4191
5727
4330
4749
4680
4819
5168
4679
4889
4679
4750
4121
4261
4749
4191
4191
4749
3771
4260
4819
4191
4260
4679
4330
4330
4819
5727
5308
4260
4261
4680
4330
4889
4889
5168
5169
5168
5168
4679
4749
4749
4819
5727
5238
4750
6146
7124
4819
4749
6216
6285
5238
5238
5308
6635
4819
6146
5308
5238
4749
4819
4819
19626
5657
5238
4749
4819
4679
5238
4749
4750
4260
5587
4679
4749
4190
4330
4260
4261
4260
3842
4260
3772
4331
3352
4260
4330
4261
4260
4819
4330
4261
4819
4260
5238
5726
4819
4330
4680
4400
4261
3771
11454
3911
3841
2933
4190
3771
3841
3702
4261
4261
5308
5797
4749
4819
4749
4888
4260
4260
11454
4330
4750
5168
4330
3841
3422
4261
3911
4400
4260
3911
3841
3841
4260
4190
3701
4330
3771
3771
4260
3772
3911
3772
3841
5308
6076
5796
4819
5797
6146
4679
4749
5238
6146
4330
4749
3283
3353
3422
3283
4191
3422
3353
3841
3282
2794
3353
4330
3283
3352
3841
3841
3283
2375
3353
3282
3282
3771
3842
3353
2793
3352
3841
3772
3771
3283
3283
3353
4889
3771
4260
3771
2794
3352
3422
3282
3283
2794
4330
3213
3841
