3283
3702
3352
3352
3841
3422
3771
3772
3842
3353
3422
4191
3352
3352
3422
3352
3353
3352
3282
3422
3423
3283
3841
3353
4261
3282
13690
3353
3283
3422
3771
5727
3423
3282
3213
3352
3422
3842
3352
3282
6146
6495
6286
5238
6635
7193
6704
6775
6705
6076
6705
6635
6286
7473
7264
6705
6495
6565
6286
6146
7543
6356
6775
6147
6775
6216
7613
6844
6635
6286
6146
6635
7543
6984
7054
6705
6146
6147
6566
6286
7682
6286
6635
6705
7054
7194
6216
6286
6705
6147
6635
7054
7264
6216
7194
7613
6635
6565
6844
6076
6146
6635
7613
6285
6216
7054
6286
7124
6635
6146
6845
6216
6216
7543
6146
6705
6356
6775
6635
6635
6217
6216
7682
6705
6775
6076
6705
6216
7194
7263
6286
6216
7054
7193
7194
6565
7543
6565
6774
6635
6565
6147
6286
6147
6775
6635
6146
6285
7543
6565
7613
6775
7193
6565
6565
7055
6076
7194
7124
7613
6146
6705
6635
7055
7054
6635
6635
6635
7264
6286
6217
6565
7054
7752
6495
6216
16273
6705
6146
6216
7264
7194
6775
7543
6635
7683
7543
6146
6636
6635
6565
6705
6216
6635
7613
7194
6216
7613
8521
6565
6216
6076
6286
7054
6286
7264
6076
6286
7264
6216
6565
7683
6146
6286
7613
6286
6635
5588
6147
6565
7543
6566
6007
7055
6705
7054
6635
7683
6147
6147
7543
6844
7193
7054
6286
6705
6216
6774
6635
7194
6076
6565
6216
6565
7263
6286
7194
6705
6216
6285
7124
6635
6356
7263
6566
7054
6146
6355
6705
6775
7613
6635
6635
6635
6705
7055
6216
6705
7543
6216
7543
7334
6775
6286
7054
6146
6147
6146
6635
6286
7124
6705
6775
6635
7543
7543
6566
6216
7613
6216
6705
7263
6635
6286
6076
6705
6565
7194
6705
7543
7054
6146
6146
7613
5797
6286
7613
7264
7613
7193
6286
7613
6286
6216
7264
6286
7543
7124
7193
6566
7613
6566
6076
6635
6147
7124
6286
6635
6286
7613
7263
6775
6565
6705
6216
6216
6775
6146
7613
8102
6216
6147
7194
6286
6775
6076
6216
6286
6635
8101
6635
6635
6635
6146
6635
6146
6635
5728
6775
6565
6636
7613
6635
6356
6774
6216
6635
7054
7193
6286
6146
7543
7263
6146
6146
6216
6565
6356
7264
6146
6635
6705
7124
6635
7124
6216
6286
6775
6286
6705
6286
6635
6286
6705
15854
6705
6146
6635
6216
6286
6286
6216
6285
6286
6146
7264
6216
7613
6146
6565
7264
6285
6635
7543
7613
6216
8520
6216
6775
7683
6216
7194
6356
7194
7263
7613
6217
6705
6216
6705
6775
6705
6775
6635
6286
6775
7193
6216
7054
6286
6636
7194
6565
7124
6216
15296
6286
6216
6216
7054
7543
6146
6286
6216
7543
7124
7194
6146
6635
6566
6147
6635
6286
6636
6146
6356
6636
6286
6146
6147
7194
7544
6635
6286
6146
6565
6565
7054
6775
6146
6286
6565
6705
6496
7124
7194
7124
6565
7683
6705
6286
6705
6146
7054
6216
7264
6775
6146
6216
6635
6774
5238
6356
6216
6286
6705
7263
6286
6146
6635
6635
6705
6286
6286
6216
6216
6076
6076
6705
6635
6216
6635
7194
7194
6146
6076
6216
7124
7054
7543
6146
7264
7612
6147
6636
6635
6566
6146
6286
6565
7055
7055
6565
6705
6705
7194
6636
7124
6635
6566
7194
6147
6077
6286
6146
6216
6216
6565
6286
6286
6076
6286
6704
7264
6216
6705
7193
6636
6216
6775
6286
6147
8102
7613
6286
6286
6705
6356
6705
6147
6216
6216
6565
6635
7054
6077
6146
7264
7194
7124
7124
6984
6565
6286
6216
6147
6635
6216
7682
6635
7054
6635
6146
6565
6635
6286
7263
6216
6635
7543
6076
7543
6216
6146
6635
6076
6495
7054
7124
8032
6705
7124
5727
6147
6775
6635
7264
6705
7054
6216
6635
6705
6286
6635
6635
7194
6216
6286
6705
6356
6286
7682
6636
6146
7264
6705
7264
6286
6705
7194
6705
6216
6146
7124
6565
6286
7613
6566
6146
6146
7264
7054
7543
6217
7054
6705
7613
7543
6286
6146
6705
6216
7473
6146
7124
6286
6076
6774
6705
7263
7194
7613
6286
6565
6286
6216
6635
7124
7264
6146
6286
6915
6216
7055
6286
6495
7683
6077
7543
6216
6635
7124
7543
6216
6286
7054
6775
6566
6705
17601
7194
6845
6216
6844
6705
6216
6635
6216
6635
6077
6146
6705
6286
7543
7194
7612
6635
6216
6286
6565
6635
6635
6705
7613
6286
6705
6146
6076
7544
7612
6077
6146
7682
3212
2933
2934
3353
2933
3353
3283
3282
3353
2863
3352
3282
3423
2863
3283
3353
3352
3352
3353
2864
2794
3353
2794
3282
3213
11384
3352
3353
3283
3213
3352
3283
3422
2864
3422
3422
3352
3353
2793
3352
3352
3213
3283
3213
2794
3353
3282
3422
3353
3353
2864
3422
3771
3283
3352
2933
2863
3352
2864
3283
3353
3352
3282
3771
2863
3283
2864
3423
2793
3422
3352
5727
6705
6146
6146
7543
6635
6216
6286
6635
6216
7054
6636
7194
7124
6286
7055
7194
6286
6495
6216
7124
6705
6286
6636
6635
6705
6146
7473
7124
7752
6565
6146
7124
7544
6217
6705
6635
6705
6356
6635
6635
6216
7613
7543
6216
7264
6775
6565
7193
7264
6565
6286
7613
6565
6635
6565
7124
6146
6146
7543
7263
7124
6285
6705
6286
6146
6216
6705
6216
6216
6077
6635
6635
6984
7194
6286
6286
7124
7752
7124
6286
6705
6705
6216
6146
7194
6077
6216
6635
6775
6286
6146
6705
6705
6705
6216
7124
6146
6216
6286
6355
6565
7543
8032
7264
6705
6286
6705
6146
7682
6566
7543
6286
6775
6216
6216
7194
6286
7473
7613
6635
6076
7543
7264
6216
7613
7473
6216
7124
6635
6635
6216
6146
6077
6705
6216
7194
6216
6077
14387
8171
14667
6565
6705
6774
7055
6705
7124
6705
6216
7543
6565
6495
7194
6635
7683
6566
6286
6146
7683
6285
7612
7473
8032
6635
6216
6285
6565
7613
6216
6286
6216
6705
6216
7124
7124
6146
6216
6705
6286
6635
7543
6146
6635
6147
6286
