2375
2375
2375
1955
2444
2305
2864
2863
2444
2445
2794
2794
2933
2793
2445
2933
2375
2863
2374
2863
2375
2863
3352
3352
3422
2794
2933
2864
3283
2933
2375
2864
2794
2864
2374
2444
2375
3422
2794
2793
3353
3283
2864
2864
2375
2794
4750
2374
2374
2933
2863
2863
2374
2934
2794
3283
2864
3282
2444
3283
1956
1955
1955
2863
2864
2794
5657
3282
2445
5797
2375
2863
2445
2863
2444
2445
2863
2794
2794
2933
2864
2863
2864
2375
2375
2863
2864
2375
6215
2793
2794
4679
2444
5657
2375
5307
2864
2863
2375
2375
5238
2933
2863
2375
4330
2375
2793
2444
2375
2375
2445
2444
2863
2374
2444
2864
2374
2375
2374
6984
2794
2864
5238
2375
2793
2374
2375
4330
2445
2375
2445
2794
2375
2375
2863
2375
2863
1955
2374
2794
2863
4330
2794
2375
2444
2375
2374
3772
2445
2305
2864
2444
2444
5657
2794
2374
2445
2375
2374
4261
10895
2375
2374
2374
2794
2305
2375
2444
3772
2444
4261
2374
2794
4330
2374
2864
2444
2305
4819
2444
2375
2374
2444
2863
1955
2374
2864
4260
1956
2933
2374
2374
5238
2374
2794
2305
2305
2375
2375
2863
2444
2374
2374
2374
2863
2305
4190
2305
3282
2375
2444
2374
2445
2375
2445
4330
2375
2375
2445
2444
2374
2374
2374
2374
2444
2863
2375
2375
2375
4749
2444
2374
3353
2444
2375
2444
2444
2444
2444
2864
2375
2374
2374
4679
2863
2863
2794
2863
4679
2444
2863
2304
2374
2375
2444
4261
2374
2445
4679
2863
2863
2863
2375
1956
2445
3283
3352
3352
1397
3283
5308
2375
2374
2793
3352
3772
3422
2934
3283
2864
3283
3353
3422
2863
2863
2864
3771
6634
2863
2933
3282
3282
3283
2863
3352
3352
2794
2864
2794
2934
3353
3352
4889
2864
2794
3352
2375
2863
2864
5657
2933
3283
2794
3283
3282
3353
3771
2934
3282
3841
2793
2863
2794
3352
2864
2934
2934
3352
3422
2794
2933
2863
2934
2864
3282
2863
2863
2864
2863
2934
3771
2794
1885
2864
2794
2863
2794
2375
1466
2793
2445
2863
2934
3283
3352
2863
2864
3282
2864
3841
2794
5308
2864
2863
2793
3353
2793
2933
3282
3352
2794
2864
2374
2794
3353
3282
2933
2794
2794
2934
2374
6565
2864
3422
3353
2864
2864
3282
3282
3352
3422
2863
3352
2863
4749
2864
2864
2864
2794
2863
2863
2933
2445
3771
2863
2863
2444
2375
2933
2444
2374
2793
2864
3353
2863
2793
2863
2444
4679
2444
2933
4819
4749
2375
4749
2863
2793
2864
2864
2934
2444
2863
2933
2863
2794
2933
2864
3283
3353
2794
3352
2793
2444
4819
2864
2934
2374
2374
2793
2374
2863
5238
2444
5797
2375
2375
4400
2933
2374
4819
2375
2374
2863
4330
4400
2933
4680
2864
2444
2863
2375
2794
2374
2375
3911
2444
3772
4819
4400
2933
2444
2444
2863
2305
2375
2375
1397
2375
2375
4819
2444
2305
2794
2444
2933
2374
2445
2375
2863
1886
2374
4679
2864
2863
5308
2374
2445
2934
2864
3282
2863
2863
3352
2864
2305
2794
2933
2933
2863
2444
2864
2933
2864
3283
2863
2863
2933
2794
2864
2305
5796
2864
5308
3352
2375
2864
2863
4750
2374
3352
2794
2934
2863
2793
2863
2445
2375
2445
2374
2934
2794
2863
4610
2445
2375
2863
2863
2864
2374
2794
2305
2374
2304
2864
2863
2444
2375
3842
4749
2305
2863
2374
2864
2444
2374
2374
2864
2794
2793
2304
3282
3213
2793
2304
2374
2444
2445
3771
2794
2375
2375
2444
2305
2444
2375
1955
3772
2933
2863
2863
2794
1956
4749
2933
2793
1886
2864
2375
17670
2444
2864
16133
2793
2445
2445
2794
4749
2375
2444
2375
2445
2444
3352
2375
4260
2863
2863
2864
2794
2864
2794
2793
2793
2864
2794
2863
2863
2375
2445
2864
2444
1955
4819
2933
2933
2794
2794
2934
2304
2864
2864
2864
3283
3422
2864
2794
2864
2445
2863
2793
2864
2864
3353
2375
2863
3283
2794
3353
18159
2375
2863
2445
3771
3771
2794
2933
2933
2933
3353
2863
2863
2375
2794
2863
2793
2863
3353
3213
3771
2863
3283
2794
5168
1956
2864
2863
2374
2864
2863
2794
3213
2864
2374
2933
2864
2793
2863
2864
2864
2933
3353
3352
3352
3772
3423
2863
2375
3422
2933
3353
2375
3352
2864
2793
3771
3283
3283
2794
3423
2793
2864
3352
2864
2864
12083
3283
2933
2934
2863
2794
2794
3282
2863
2864
3282
3353
2794
2933
1956
2864
3283
3702
2794
3352
2794
3353
3283
3353
3352
2934
5238
2374
2933
2375
2794
2444
2864
3352
3283
3283
3352
2794
2863
2863
2933
1886
2864
2374
2444
3282
3283
2933
3352
3283
2305
2793
3353
2863
2793
5308
2445
2794
2444
2793
2445
2863
2374
2863
2794
2863
3423
2863
2864
2793
2445
2445
2374
2794
2863
2794
2305
2863
2793
2794
2794
2863
2933
2863
2794
2375
4260
2444
2863
2444
2374
2864
2793
2375
2793
2863
2374
2793
2374
2374
2863
2794
2375
2934
2374
2375
2444
2793
2305
2375
2375
2864
2375
2374
2445
2445
2375
2444
2444
2375
2375
2375
2375
2794
2304
2374
2374
2864
2444
2375
2375
2374
2863
2375
2375
2375
3911
2374
2374
2794
2374
2864
2794
1955
2444
2374
2444
2304
2375
4190
2863
2304
2375
2444
2374
2374
4749
4679
4749
4749
4330
4261
5168
2374
2444
2444
2864
4330
2864
2444
2374
2444
2375
2375
2933
2444
2794
2374
2374
2445
2375
2864
2863
2933
4819
2375
2375
2864
2864
2445
2305
2863
2305
2374
2305
2375
2794
2444
1466
4261
2934
2374
2374
2794
2864
2374
2864
2445
2445
2375
2444
2375
4819
2374
2863
2444
2863
2445
2375
2374
2375
2444
2304
2444
2305
2445
5587
2863
4749
2444
3353
2863
2374
1955
2375
2375
4260
3352
1885
2864
2375
2375
2863
2933
2863
2934
2794
2375
2864
2445
4679
2793
2375
4261
2375
2375
2375
2374
2864
2374
2375
4261
2374
2304
4190
2375
