16622
11523
10895
12781
11105
11105
11035
10756
10407
10477
12013
14457
13340
14387
11384
10895
11803
11035
12431
20533
11035
12152
10965
11244
10965
11105
10266
10895
12292
10407
11035
11104
10895
11803
11803
10895
10616
12362
10966
10825
11803
10616
12362
11105
10895
12501
10965
11035
10406
10825
10546
10546
12292
11245
10476
10965
10546
10615
10755
11035
12502
11803
11104
10616
10826
12501
11942
10755
10615
10616
11105
10616
10616
10825
10895
11873
10407
10895
11454
10895
10546
10546
10825
10756
10965
10616
10546
11314
10266
12293
10476
10546
11035
11105
10895
10476
10686
10477
12781
10826
10616
10965
10616
10406
10896
10476
10407
11035
10616
10616
12711
10896
12781
10895
10546
10965
10476
10895
10546
10546
10546
10616
12362
10965
11943
11105
10546
10406
11873
10546
10476
12781
12292
12222
10826
10476
10895
10476
10966
12501
11943
11314
10546
10546
10616
12781
12083
12292
10477
10615
10337
12292
11035
10616
12222
11244
10546
12292
10895
10825
10825
12292
11384
10895
10616
11035
10336
10895
10406
10616
10965
11314
10406
10895
11385
10406
10616
11385
10476
10616
10476
10965
10477
12362
11035
10755
10965
11105
10476
11245
11943
10825
12292
12292
10546
12921
11035
12292
18508
12851
12013
11035
12292
11035
10546
11104
11315
11384
12711
10965
12921
12502
10825
10825
11035
10755
10826
10896
11314
10546
12292
10895
10406
10546
10825
10616
12501
10895
10826
11035
10546
11454
10546
12431
10546
12013
11104
10896
10826
10895
10616
10896
10476
10616
10476
11454
12502
11314
11384
12362
10895
10616
10965
10616
10476
10406
11035
10616
10685
11105
12362
10616
12292
10895
10755
10616
10406
10966
10826
12362
10965
10895
10965
9917
10895
11034
12851
12012
10895
12711
9359
12501
10407
11384
11245
12781
11524
11315
10616
11104
12711
10406
12711
10477
12361
11245
11385
10965
10895
12292
10686
10896
11594
12431
10966
12013
11524
11104
10895
11873
10267
10896
12850
10616
12501
12921
11105
11105
12432
10755
10826
10477
10756
11104
10407
10895
12781
11105
10546
10895
11314
10825
12152
10895
12501
10336
11104
12013
10896
10476
10965
10616
10546
12781
10407
10616
10616
10825
10895
11314
10895
10616
10546
11035
10826
12641
10756
10965
10406
11035
12781
10895
11384
10825
11873
10965
10406
12362
10406
10825
12362
12642
12292
10546
10896
12292
12152
10546
11384
10476
10477
11035
12571
10546
10965
10896
10965
10826
12432
11733
11244
12292
10965
10896
11035
10616
10616
10755
10896
10756
10406
10546
12781
10895
10406
10965
10616
11035
10896
10756
12362
12362
10895
11104
10895
11524
12362
12292
11803
10826
11034
10616
10826
10336
10477
10965
12641
11035
10965
12502
10756
11454
12013
11035
10546
11035
10965
10895
10546
10546
12502
10546
11105
12502
10546
10965
12432
11873
11454
12362
12572
11105
12083
10476
10965
10616
10825
12222
10896
12292
11384
11105
10546
10406
12781
18718
11943
11105
10546
10406
10966
12711
12292
10895
10895
11105
12361
12432
12711
10965
12850
11454
10406
10407
10337
11523
10476
12362
10966
10477
10477
11104
10406
10616
10476
11873
10895
10476
10337
10895
12571
10406
12921
12432
10407
12292
10407
12711
12431
10477
10546
12502
10476
10965
10896
10895
10896
11105
11454
11524
12712
11943
11454
12292
10546
12292
10546
12292
12920
10616
10965
11943
10546
6286
5168
5727
5378
5238
5378
5168
5168
5098
5238
5238
5727
5727
5727
5238
5797
5657
5238
5657
5657
5797
5727
10895
12571
10546
11873
11035
10965
10895
10616
10616
10616
11035
10546
10825
10476
10336
12222
10895
10476
10616
10895
16622
10406
10477
10546
11105
10546
20533
12432
12501
10756
14946
10616
10966
11384
11524
12362
10546
12362
11943
10546
10965
10406
10546
10896
11035
11035
12502
10895
11874
10616
10546
10406
11594
10407
12781
10965
10476
12850
10895
10896
11384
10965
10476
10895
12432
11035
10476
12571
10616
10896
10406
10616
10476
10406
10896
11454
10895
10476
10895
10965
10546
12432
19626
10266
12432
10895
6286
5657
5797
6286
5657
5727
5098
6146
5727
5727
5587
5238
6216
5657
5238
5657
5797
5168
5168
5727
5168
5657
10406
10965
11943
12502
13899
11454
9917
10825
11244
13968
10406
12432
10546
10546
11594
10895
12222
12781
15714
11384
11175
11943
11035
10895
11105
11105
11035
11454
17181
10826
11803
10965
10616
10826
10616
10895
11105
11943
12432
11105
10826
11524
12292
11035
10546
10476
10546
10616
11314
10895
12362
10825
12012
10965
10406
10476
11594
10965
11035
11104
10966
10966
12781
10825
10546
11454
11315
10476
10616
10895
10896
11105
10895
10546
10965
10896
10895
11035
11524
10476
10336
10895
10616
10407
12502
12572
11035
10546
10476
10337
11524
12362
12362
10616
10546
11035
12153
11105
11035
11943
11314
10825
11384
10616
11035
10407
12711
10616
12292
10477
12362
10965
10895
10546
10546
12362
11524
10896
12711
10616
10616
10476
11384
11105
10895
11384
12292
12432
12432
10965
10895
11105
12502
11524
10127
11454
11035
11105
10476
10895
15295
10895
11035
10755
11105
10756
10756
10965
11174
12362
19416
12431
10895
10476
10407
11104
10406
12991
10616
12711
12292
12781
10546
11384
10895
10965
12571
12431
10825
12432
12432
10895
20604
11593
12222
10407
11035
11315
10616
10547
10616
10476
10965
10336
10825
10546
10337
12711
10476
12292
11733
12292
11035
10965
10965
10477
10825
11454
11524
12501
12990
10406
10266
10407
11245
10896
10965
10965
12711
10616
10616
10755
10965
10825
10825
10616
10616
10966
12501
10896
10896
12712
10756
12432
12641
12432
12781
12991
10547
12362
12362
10616
10477
10756
10895
11384
10895
10616
11035
10616
10477
10895
12432
10476
10546
10965
10965
12502
10407
11104
12432
11105
10476
10616
10616
10826
10546
10337
10476
11314
10895
11734
10616
12781
11105
10546
11105
10895
10895
12012
10896
10616
10406
10895
10546
12292
10476
10546
12502
10546
10546
12432
10895
11105
12292
10616
10895
10546
10896
12222
11315
12432
10476
12502
10825
12991
12572
12502
11105
11105
11524
10407
10825
10616
10826
10476
11035
10965
12432
11804
12082
10895
12641
12502
10826
12292
10965
10895
11105
10546
14247
11803
10965
10616
10336
12711
11315
10825
10826
10616
12502
10895
10406
12851
10476
10615
10406
