7752
6635
8102
6565
6705
7194
6565
6635
7892
7193
7123
8172
6565
7194
6705
6635
6635
6286
6775
7613
7543
7194
7124
6705
6705
7054
7193
8241
7124
15714
6705
6635
7124
6704
7123
6635
6565
8031
7194
7194
6775
7542
6635
6634
7123
7053
7124
7193
7054
7543
7124
7264
7054
7473
6705
6705
6635
7124
7962
8171
6635
6705
6565
9010
11523
11872
8590
9988
7613
8939
7543
7543
6705
6635
7264
6705
8171
7194
6635
7683
7892
6635
6775
6775
6774
8031
6774
7193
8520
8032
7753
7054
6705
8171
15784
8032
6705
7194
6775
6774
7543
6984
6774
6565
7194
6635
6705
6775
6774
7613
6635
6775
7194
7683
6705
6635
7683
7682
7264
6775
7054
6845
13619
8381
7124
6355
6705
6705
7542
6286
6705
6705
7264
7542
7613
6705
6635
8032
7683
6635
6635
8171
7054
6704
6635
7612
6634
6775
7753
6635
8101
6635
8241
6635
7123
7124
7613
6635
7193
6774
7124
6984
7194
8031
7193
6635
7543
6705
6705
6635
6635
7613
8102
7054
13899
6705
8520
7194
6704
7054
6775
6705
7194
6495
7962
7124
6634
7054
6705
6774
6705
6705
8171
7194
6635
6705
6775
6635
6705
6774
7613
6704
8031
7752
6285
6984
7123
7543
6705
7053
6774
6635
6774
6635
7123
6775
7054
7612
7124
6286
6705
7054
8102
7264
7194
7124
7124
7054
7264
14248
6635
7054
6565
6565
6984
7124
6844
6496
7543
7124
7124
6635
6704
6774
8102
6565
7613
7683
7054
7682
6705
7682
8032
7194
7054
8101
7543
6635
6565
7124
7054
6845
7124
9638
7124
6635
8172
6635
6565
7542
6635
6634
7682
6635
6705
6705
7682
6774
7124
6635
6705
23886
6774
7683
7683
6705
7054
6635
7612
7542
7123
6775
7193
7612
6565
7124
6704
6705
7054
6984
7123
6775
7053
8032
6704
7613
8171
7054
8032
6705
7193
6775
7194
7683
6635
7543
7194
6775
8032
8032
6844
7193
6635
7683
6844
9149
7682
6705
8032
8031
13479
7682
7682
7054
7054
6984
6634
8171
6775
6704
7264
6705
7752
6635
7752
6565
6634
6705
6634
7543
6635
6635
6705
6635
6635
6775
7054
8241
6774
8521
8172
7613
6565
7193
6775
6705
6635
8032
8102
8031
8102
7124
7124
7612
6984
6286
7193
7682
7193
6635
6775
6565
6565
7543
7123
7124
7054
7193
7193
6774
7193
6775
8520
7124
7124
7473
6635
6774
6985
6775
6774
6774
6635
7753
6705
6565
7124
7961
7612
6775
7753
6705
7683
7264
8171
6635
6566
7053
8102
7124
6774
8031
7054
8031
8032
7613
6774
6635
6705
6705
7543
8032
6705
6704
6635
7961
7123
7333
7124
8241
6984
6565
6775
6985
7124
7124
6704
7193
6984
7543
7612
6704
7263
7123
6565
6775
4260
4819
4679
4609
4889
4819
4679
4679
4261
4819
4749
4680
4819
4750
4749
4330
5239
4749
4819
4679
4260
4749
4819
4330
4819
4679
5169
4260
4260
4749
4400
4330
4749
4749
5238
4260
4330
4260
4680
4749
4191
4330
4679
4330
4819
4261
4190
4260
4261
4749
4261
4260
5308
5238
4679
4260
4330
3422
4888
4260
5169
4680
4400
4400
4261
4750
5238
4261
4819
4819
5238
6844
7124
6705
6635
7822
6775
6775
7054
6705
6635
6705
6635
7612
7683
6705
6635
6635
6704
7263
6635
6775
6775
6775
7962
7613
7612
6635
7194
6565
6704
6705
6775
7123
6635
8171
9010
7682
7962
7612
6215
6705
7683
6634
6705
6704
7054
6984
6985
8171
7962
6704
6775
6635
7683
8032
6704
6845
6844
6984
6635
7124
6774
6704
7054
6705
8171
7053
6704
6705
7752
6774
6705
6705
6704
6635
7752
7752
9079
8591
7194
7193
7124
7124
6634
6635
6775
6705
7613
7124
6146
6565
6705
6635
6355
6565
6775
6565
6705
8032
6705
7194
8031
6705
13899
7194
6705
7193
8520
7124
7124
6635
6635
6635
7124
7124
7263
7054
8242
6635
6705
6634
6565
7124
7193
7473
6704
7264
6704
6565
6775
6704
6635
6775
6705
7124
7193
6705
7193
7264
14387
7124
6635
6704
6775
7054
6635
7193
7961
6775
6635
7752
7054
6704
6566
7543
6634
7613
6704
6565
6565
6634
6705
6565
6704
7123
7752
6775
7054
8660
7193
7543
7542
6635
6565
7682
7054
7543
7613
6635
6565
6705
6774
6635
6565
7683
7473
6705
6565
6705
8101
7543
7124
6634
6635
6565
6774
16692
7683
7263
6565
6705
6774
6635
6704
6634
7961
7054
6635
16762
6774
6774
6565
6634
6565
3353
3282
3283
3911
3841
4330
3353
3772
3422
3771
3772
3771
3353
3772
3772
3352
3353
3702
3841
3911
12362
3282
3841
3771
3771
3353
3352
3772
3841
3422
3282
3771
3841
3911
3352
3772
3771
3841
4261
4260
3772
3772
3352
3772
4260
3283
3422
3841
3353
3353
3771
3352
3771
3842
3702
3771
3772
3423
3771
3282
3772
3283
3353
3841
3283
3422
3841
3283
3422
3283
7753
6775
6635
6565
7612
6565
6634
6984
7054
6565
7543
6704
8032
7194
8031
7613
6635
7054
6774
7054
7194
8661
8032
7263
7054
8381
6635
6705
8032
6635
9149
7054
6775
6705
6565
7124
7194
7054
6774
7543
7752
6565
6774
6635
7334
6635
6774
6635
7612
6705
6774
7612
6076
6635
6634
6705
7682
7264
6704
7752
8171
7194
7124
7612
7053
7613
6635
6705
6984
8241
6704
7124
6705
6635
6635
6705
8101
7403
8520
7683
7612
6704
6635
6635
6704
6705
7683
7961
6705
8171
8241
6775
8032
6984
6635
6635
6775
6635
6704
6705
7194
7753
7613
6705
6704
6775
7194
8242
7054
6705
6705
7613
6565
6775
6635
7194
6635
7613
6775
7613
6775
6984
6984
6705
6635
6705
6705
6565
6705
6775
6565
6705
6705
6635
6704
7054
6635
6565
6705
6565
7123
8101
7194
6704
6705
6704
6635
6635
6705
6146
6635
15714
6635
6635
7054
6775
6565
8171
6704
6704
6705
6566
6774
6844
6705
6705
7612
7333
6355
6774
7193
6705
5797
6704
7682
7683
6565
7054
7682
6775
6635
7124
7124
7193
6704
6705
7613
6635
7542
