11943
10126
9917
18997
11523
11594
12012
9987
10267
10476
10337
11873
9987
9987
10476
10057
11733
10057
9917
10406
9847
9917
9917
10266
10406
11802
10546
9917
10056
10057
11314
11803
11943
10126
10336
11872
9917
11523
9987
9917
11035
9917
10057
10336
10545
10127
11803
10965
10964
9917
10616
11733
11523
9987
9847
10197
13270
9917
10406
10895
10336
10336
11384
10057
11733
11454
10406
10406
10057
10057
9987
10336
10336
10057
11873
11873
9917
9987
10406
11244
10057
10127
10895
9638
9987
9848
10126
9847
9917
10476
9778
9778
12082
10965
10057
10476
9987
9568
10057
10336
12571
12641
11873
10406
10127
11942
9917
11803
9847
10127
26609
11384
10406
11384
9917
10476
11943
11943
10127
11873
11104
9987
11384
10126
11384
10126
10546
11803
9917
11384
10406
9987
10895
10197
10406
10476
11524
10057
11873
9987
10127
10895
10127
10057
9987
11314
11453
11244
9987
9987
9917
9708
11384
9987
12012
10406
9777
11593
9917
9988
10127
10196
11383
11872
10965
11454
10056
10127
9987
10057
9917
9987
11594
11872
11524
11384
10336
9987
10476
11803
11733
10336
10127
9987
10965
9987
9987
11942
9987
10406
10825
9987
9987
9498
9917
10057
9987
10196
9917
11523
11942
11524
10406
11454
9917
9987
9917
10127
9848
10336
10476
11454
11035
11593
11244
9987
10546
11524
9987
11035
10475
11803
9847
10126
9987
11314
9987
12082
11384
11873
9638
9848
9987
11873
10476
1885
2305
2375
1885
1886
1886
1885
2374
1886
977
2374
1885
1886
1955
1956
1956
1886
1885
1885
1955
2375
2305
1886
2445
1886
10615
9987
10127
12013
10127
9917
10895
10336
10475
11314
11803
9917
11942
10057
11244
10056
9987
10406
9778
9917
10057
9987
10057
11524
11803
11314
10476
9987
11873
10336
9987
10057
10057
11384
11384
9847
12012
10057
10546
10336
14107
11663
11943
11802
10475
9917
11942
9917
9987
10127
10057
11733
10476
10407
11873
9987
10127
10475
10057
11594
10057
10056
10965
10127
9428
9987
9987
9918
11733
9987
11104
9987
10057
11453
11873
10126
12292
11873
12083
9848
9847
11593
10056
10126
10127
10127
10057
10895
10057
11802
11384
11035
10127
9987
10546
9987
10964
11872
11384
11384
11942
9987
10126
9917
9917
10336
10476
11593
12082
9917
12012
11453
9917
9987
11314
11942
11733
10546
11873
10057
11943
10476
10895
9917
9987
19416
11873
9917
10127
10126
10616
10686
9917
11454
9987
10197
11803
10127
10336
11873
10127
9987
10126
11593
9638
9987
9987
9917
9917
9708
10127
10057
9917
10126
9917
9987
9917
10057
11524
9848
11873
12222
9917
10476
10057
10336
11314
11873
9778
10127
11314
9079
10057
10126
9917
9847
11105
9777
11105
11384
11943
10197
10127
11872
9847
12013
10476
10406
12012
10127
11802
10406
9847
10825
11803
9987
10057
10546
9987
11872
9917
9987
11872
9987
20603
10825
10127
10964
10056
9987
9917
11942
10267
11453
10057
10406
10057
9987
11873
10127
10476
10476
10057
11593
10475
11803
10197
9987
11803
10056
10545
10895
10127
9917
10127
11454
10685
10546
9987
11105
11803
9777
9988
10127
18158
10476
9987
10197
11873
10685
9568
10127
10476
10406
9918
9917
9987
11034
10336
10476
9987
11873
10336
10127
10406
19415
12431
10756
12013
12012
10057
10057
9987
11034
10406
10127
11802
9848
9637
11454
9918
9847
11942
11104
11873
10476
9987
9917
11384
10546
20044
9987
9987
10057
10057
9847
9637
9778
12362
11873
10475
10267
10126
9917
10057
9777
9847
9847
10476
11524
10545
11593
11105
11523
11594
11105
10546
9848
9917
10476
9638
10895
9987
11314
10057
10057
11873
9987
9987
9987
11523
10127
9917
9987
10476
9987
9987
10825
9918
11942
10197
12012
11733
19416
10127
9847
10336
11454
10126
10476
11593
11384
10197
10406
10406
10406
10126
10406
10057
10964
10056
11942
10406
10057
10057
10336
10895
10197
9498
9917
9917
10336
11873
11803
9707
9848
10057
9917
9918
10894
9987
10057
10057
10406
11384
11245
9917
10755
10126
12083
10127
10336
10057
10057
10057
11943
10336
10057
11803
11594
10476
10336
11524
11454
11873
9987
10197
11942
11104
11873
10057
10616
10615
10406
10127
9917
10126
10057
10056
10197
11733
18158
10127
11104
10197
10476
10616
10127
10057
11454
10406
11872
10895
10057
9917
11943
9918
11872
10127
10406
10616
10406
10197
10476
9638
9987
10127
10755
11035
11873
10057
18927
10057
9917
10546
11314
11803
9987
11873
9917
11314
10057
11873
11453
9917
12012
12012
9917
10406
9917
10057
11524
11872
11593
18577
9917
11384
10546
9918
10406
11034
12222
12013
11523
10126
9917
10127
10825
10127
10127
10406
10057
10127
10406
11384
12013
9987
10266
9149
11383
9219
10057
11803
9498
10127
9917
10546
9848
10476
11314
10337
9918
10057
10615
10057
11524
10476
11943
11942
9987
11035
11523
9847
10616
10127
10755
10126
9987
9917
10336
11872
11105
10127
10336
11872
10197
10545
10336
9987
9917
10126
11873
11873
10267
12083
10057
9987
11244
9917
10546
10057
11803
11383
11803
10546
9917
18578
19135
10476
10895
9917
11943
9848
10406
11523
9987
12013
10127
11803
9918
10126
9987
11453
10127
9847
9987
10057
10126
10826
11453
10616
10476
11313
10127
10056
9987
9917
11034
11384
9568
11524
11873
10126
10057
11803
10127
9987
10406
10196
11454
9848
10197
10127
11454
9917
10336
9987
10406
10057
10616
9987
10057
11803
10127
10755
10127
9987
9987
9638
9777
4260
3841
4400
4750
4261
4400
4330
4260
4260
4190
4819
4260
4330
4330
4260
4819
3771
4261
4260
4260
4330
4330
3772
4260
10127
9987
10126
9987
9987
10127
10476
10056
11942
10126
9987
10965
11873
10755
9987
10057
11524
11733
11174
9918
9987
9848
11664
9917
10336
10476
10546
10406
14387
9987
9987
10267
11383
12082
10057
9917
9987
10755
10057
12292
11803
10197
10895
10057
9917
11873
11314
10127
9708
11383
9848
10056
10127
18927
10336
10476
11594
10057
11384
11873
10126
11593
10616
9987
10196
10057
11384
11803
12012
11454
10127
10266
11384
11803
11523
7543
7962
7542
7263
7613
8590
7612
7542
7613
7263
7612
7612
8520
7054
9219
7194
8590
7543
8451
7194
7054
