6636
6146
6147
5658
5798
6146
5658
5239
5728
5727
5588
6635
6566
6565
5727
6146
6077
6775
5797
7194
6286
5727
5798
6077
6146
5658
6146
6146
6287
6636
4750
5657
5728
6146
5727
6496
5727
6705
5728
5797
6635
5727
6077
6845
6146
5728
5727
6286
5797
6286
5658
5797
6566
6635
5797
6495
5657
5797
5798
5867
6636
6636
5727
5728
6775
5658
5797
5797
6286
6287
5727
5727
5728
5797
5658
5657
5797
5797
5797
6705
5728
6635
5797
5308
6076
5728
6147
5587
5797
6705
5797
6216
6705
6775
5588
6566
5727
5797
6636
5798
5657
5658
5658
6636
6775
5727
5727
5797
5797
6984
6146
5867
6217
11943
5727
5309
6217
5728
5657
5658
6356
5657
5587
6216
6635
5658
5797
5658
6077
5588
5867
5797
5797
5798
5727
6217
5657
5658
5727
5797
6705
5728
5797
6147
5728
5727
5658
5867
6286
6217
6636
5587
5587
5727
6565
5727
6076
6565
5587
5727
6146
978
1885
1886
1956
1467
1956
1816
1816
1886
1886
1467
1955
1886
1885
1467
1886
1397
1956
1466
1886
1956
1886
1886
1467
1466
1886
1955
1886
1886
1955
1956
1886
1397
1955
1886
1886
1816
1885
1397
1886
1467
1396
1466
1886
1886
1397
1396
1816
1467
1816
1955
1886
1886
1466
1886
1886
1955
1956
1955
1816
1886
1816
1886
1886
1467
1886
1886
1886
1885
1886
1886
1467
1816
1956
1886
1886
1886
1956
1886
1886
1886
1956
1956
1397
1467
1397
1886
1885
6775
6216
5797
6565
5727
6076
5797
5727
5798
5867
5727
6147
5797
6286
5797
5798
5797
5657
6775
5728
6216
6636
5867
6566
6775
7194
5797
12781
6705
6216
6286
6775
7125
5658
5727
5867
5727
6775
11594
6775
5657
5658
6635
5797
5867
6146
5728
6496
5658
5587
6217
6775
6775
5379
5727
5657
6705
5867
5588
5727
5797
15576
5797
5728
5867
5658
7054
6216
5797
6635
6076
5657
5728
5588
5797
6216
5867
6146
6635
5727
6286
5657
6636
5727
5797
5657
6775
6077
6984
5797
6286
5728
5657
5797
6076
6286
6216
5727
5728
6146
5727
5658
5727
6216
5727
7194
5727
6216
5727
6705
5727
5727
5657
6216
5797
6565
5658
6077
5727
5797
5587
6635
6705
6076
5727
5797
6286
5657
5798
5378
5728
5867
5588
5308
6076
5727
5797
6147
5867
6565
6147
5657
5728
5867
5657
5797
5588
6286
5727
5658
6845
6636
5797
6147
5587
5797
5588
5867
5588
6705
6147
6146
6286
5727
6565
6146
5727
5727
6636
7055
6286
6635
5727
12852
5727
5657
5797
5797
6705
5727
5657
6635
5658
5797
12781
6775
6635
6076
6775
5798
6635
5727
5867
6077
6146
6147
5727
5727
5657
5727
5797
5728
5728
6635
5587
6287
6985
5658
6146
5727
5658
6635
6077
5727
5657
6566
5587
5588
6635
6635
5588
6775
5727
6495
5309
5588
6635
5657
5797
5657
5797
5657
5797
6147
5727
6565
5867
6216
6146
5728
6636
5727
6775
6495
5727
5657
6146
6705
6635
6705
6216
6077
6705
5587
6706
5797
6147
5658
6217
6147
5728
5727
6565
5727
6147
5728
5657
6286
5657
5727
7125
3352
3772
3352
3353
3283
3422
3422
3772
3771
3422
3283
3282
3422
3352
3772
3912
3282
3353
3353
3353
3352
3353
2863
3353
3353
2864
2794
3353
3352
3423
3352
3352
2864
3282
3353
2863
2934
3283
3282
3283
3352
3283
3353
3422
3841
2864
3352
3353
3283
3842
3352
3352
3353
3283
3352
3352
3282
3352
2864
3282
3352
3283
3772
3282
3283
3283
3353
3282
2863
3283
3842
3353
3282
3282
2864
3353
2444
3352
3353
2375
3422
3842
3422
2863
2863
3283
3353
3352
3353
3772
6566
7124
6984
6077
5239
7194
7613
8172
5727
7263
5728
6775
6635
6216
6705
5727
5797
6146
5657
5657
6147
6635
6636
6705
6705
6146
5587
5728
5587
6216
6076
5728
6216
6146
5797
5797
5727
5727
5657
5657
5867
5727
6635
5657
5727
5657
6077
5099
5797
6006
6216
6495
5727
5797
5797
5797
7194
5657
6705
6705
5798
5657
5797
5727
5797
5797
5728
6146
5727
5797
5727
5797
5727
6286
5797
6566
5658
6216
6705
5727
5727
6216
5727
5797
6286
6077
6286
6566
5727
6286
5797
6077
5798
5657
6355
5798
4819
5727
7124
6356
5588
5797
6705
5728
6705
5658
5727
5657
6636
5797
5657
5658
6355
6635
5867
5657
5798
5727
6775
5867
5797
6146
6636
6565
5658
6147
6705
5797
7054
6635
6495
6775
5587
6356
5658
6636
5727
5728
6217
5727
5658
5727
5657
6565
6146
6845
6077
5727
5797
5657
5658
5728
5727
6705
5239
6636
6705
5727
5727
6566
5797
6775
6635
5587
5867
6775
6216
6705
6286
6217
6635
6775
5797
6077
6565
5657
6635
5797
6705
5797
6635
5797
5727
6216
5657
5727
5727
5727
5728
5797
5657
13410
6146
5658
5657
6146
5728
6635
6146
5727
6706
5727
5658
6705
6076
6565
5657
6077
6146
6635
5658
5588
6286
5727
6635
5728
5657
6146
6076
6705
5797
5727
5797
5798
6636
6705
5798
5727
6287
5657
6217
6216
5867
6635
5308
5658
5867
6706
7124
5658
6565
5797
5727
6565
5727
6775
6147
5658
6705
5728
6565
6146
6635
6077
5658
5797
5727
5727
5657
5308
5727
5728
5728
5727
6146
6636
5797
5727
5588
6775
6146
5797
6565
6146
7055
5728
6705
5657
6216
5727
5727
5727
6705
5728
5728
6705
5798
6077
5727
5658
6636
5658
5657
5728
5727
6076
5587
6216
5727
5797
5657
5727
6216
5657
5727
6635
5727
5797
6705
5797
5727
6636
6146
6146
6635
5727
6286
5797
5727
5727
5728
6146
6566
6775
5797
5588
4749
6216
6985
6147
6146
5588
6705
6705
6635
6216
6286
6635
5727
5727
5867
6286
6705
6635
6147
5797
5657
5657
13271
6635
5658
5797
6356
5797
1815
1956
1956
1956
1886
1886
1467
1886
1886
1885
1886
1886
1886
1466
1956
1956
1955
1397
1816
1886
1886
1956
1396
1886
1397
1816
1886
1886
1885
1886
1397
1886
1397
1397
1885
1467
