13900
5727
5238
5168
5728
5797
6146
5308
5727
5239
5798
5798
5797
5727
5308
5658
6286
5728
5308
6705
5657
5657
5657
6286
6146
5657
6146
5239
5239
5727
5657
5798
6147
5727
5728
6146
6635
6286
5728
6216
5658
5797
5309
5658
5797
5657
16344
6566
5238
5728
5239
6217
6566
5588
5239
5168
5658
5657
5798
6147
5797
5239
5797
5238
5727
5378
6146
6286
5308
5308
6216
5308
5239
6566
5378
5658
6147
5238
5727
5308
6286
6147
6566
5797
5728
5727
6636
5657
5308
5658
6146
5727
5797
5728
6636
2375
1886
2375
1956
1397
2374
2375
2375
1886
2375
2374
2375
2375
2374
2375
2374
2374
2375
2375
2375
2374
2794
2375
2794
2375
2375
2374
2445
2445
2444
2375
2375
1955
2375
2375
2305
2444
1467
2445
2445
2374
2445
1956
2375
2445
2374
2445
2445
2794
2305
2375
2445
2375
2375
2445
2305
2445
2375
2305
1886
2375
2864
2375
2375
2375
2445
2375
2375
2374
2444
2375
1956
2305
1956
2375
2794
1397
2375
2305
2445
2374
2375
2375
2375
2375
2374
2793
2374
2375
2445
2374
1886
2305
2375
2445
2375
2375
1956
6147
5657
5727
5308
5169
6286
5239
13341
6146
5728
5728
5657
5798
5378
5657
5798
6217
5309
6775
5728
6775
5657
5238
5308
6147
12293
6217
5239
6286
5239
5308
5168
5308
5239
6286
5378
5308
5378
6216
5658
6076
5378
5168
6216
5727
5658
5239
6147
5728
5867
5309
5727
5378
5308
6216
6286
5308
5727
5239
5727
5658
5727
5658
5657
5727
12991
6146
6216
5727
5658
5169
5169
5797
6147
5378
5797
6146
5587
6286
5308
6286
5239
6146
5238
5239
5309
5168
6007
5238
6286
6286
5797
5728
5798
6146
6287
5308
5797
6636
6426
6147
6147
5588
5727
6216
5727
6775
6705
6635
5797
6635
6216
6286
7124
5588
6077
5728
5657
6286
14388
5308
6286
5728
5169
5727
5728
5239
5169
6146
5308
5378
6146
5657
6216
5239
6147
5588
5658
5728
5588
6217
6635
6775
5657
6216
5379
5657
6146
5308
5239
5657
5658
5169
5308
5309
6286
5168
5727
6217
7055
5728
5308
5309
6146
6147
5239
6217
5657
6147
6286
5657
5657
5238
5169
5308
6216
6566
5378
5798
5169
6216
6217
5168
6636
6566
6147
6565
5658
6147
5238
6216
5728
5308
5308
5308
5379
5658
5727
5727
6217
6147
5308
5727
6566
5308
5309
5168
5727
5658
5238
5727
6286
5728
6636
6286
5727
6705
5727
6216
5728
6216
5308
5239
5727
5378
5798
15646
6077
5239
5308
5657
6217
6077
5308
5238
5239
6775
5309
5588
5727
6635
6286
5797
5728
5658
5588
6356
5727
5728
5657
6147
6216
6076
5378
6147
5309
6076
5727
5797
5378
5309
5727
5378
6146
5658
5378
5308
5657
5658
5658
6216
5238
5309
4750
5657
5099
5728
6216
5308
5239
5727
5727
6216
5798
6635
5308
5308
5239
5797
6636
6217
5797
5728
5727
6077
5728
5308
5727
6077
5658
5727
6286
5727
6496
5727
6635
5727
6287
6216
5798
5378
5728
6216
5308
5657
5379
5658
6636
5309
6566
5238
6286
6147
5587
5657
6565
5588
6146
5309
6286
5727
6286
6077
6286
5657
5308
5588
6146
5658
6216
5378
6217
6147
5169
6146
5727
6216
5797
5309
5308
5728
5658
5588
6286
5168
6565
5658
6565
5308
5728
5238
5798
6216
6287
6216
6147
5728
6146
5867
6636
5238
6566
5727
5658
5587
6286
5587
5728
5239
6216
6147
5728
6146
6146
6146
5658
5378
5168
6286
5238
5797
5727
5238
6077
5728
5308
6496
6286
6076
5797
5728
6217
6287
4819
5727
5588
5867
5238
5657
5727
6286
5309
13271
5797
5658
6286
6147
6146
5308
6775
6566
6286
5728
5797
5797
6286
5658
5099
5239
6216
6565
5308
5587
5238
5727
5657
6287
6216
6077
5657
6286
6635
5727
6286
5308
5378
5797
6147
5728
12991
5727
5658
5658
6076
6147
5238
6636
6147
5728
6146
5867
5587
5238
6077
5099
5797
5238
6216
5588
5308
5588
5239
5797
6146
6146
6006
5238
5727
5239
5309
6216
5728
5239
5239
5658
5308
6216
5727
5728
5727
5797
6356
5168
5308
5658
5308
5308
5657
5238
6286
5727
6286
5308
5588
5728
5797
5797
5238
6146
5727
6216
5238
5658
5308
5588
5657
6216
6566
5727
5308
5168
5798
5378
5728
5309
6286
5308
5238
6146
5797
5308
5727
5657
5239
5728
6147
6146
5727
5308
5238
5169
5378
5587
6286
5658
5658
6077
5658
5728
6216
6565
6216
6565
6635
6146
43304
5657
5727
6286
5658
6146
5309
6147
6146
5239
6147
5658
5239
5238
6286
6146
6635
5867
6146
5308
5308
5238
6776
6286
5658
6356
6286
5657
6146
6146
6286
5657
5727
6076
5378
6077
5798
6147
6076
5727
5727
5657
5239
5658
6286
5657
6565
6286
6286
6286
5169
5727
5797
5587
5657
5797
7613
5797
5309
5728
6146
6286
5308
5238
6286
5728
5238
5797
5239
6147
5308
7753
6635
5728
6286
6216
6565
5238
5379
5658
6286
5587
6566
6636
5727
6146
5658
6217
6635
5308
5309
5239
5798
5727
5658
5588
6286
5657
5588
6286
6287
6286
6286
5797
5309
5238
5239
5658
6077
5309
6566
5587
6636
5797
5308
5797
6286
5727
5238
5588
5867
5727
6006
6216
6217
5657
5798
6146
6216
5588
5727
6076
5169
5239
6077
5308
5727
5309
6286
5728
6217
6216
5657
5727
6286
5238
5238
5657
6147
5657
5797
5169
6077
6077
6216
5239
6705
6146
5239
5168
6077
6636
5728
5727
6147
5658
6146
6775
5239
6076
5309
6775
5728
5727
4680
5308
5308
5657
6216
5657
5239
5588
6565
5308
5658
6216
5239
5728
5587
5168
5797
5308
6146
7124
5728
5098
6566
6705
5727
5238
5657
5239
5728
5658
5797
5727
14388
5797
5797
5309
5658
5588
7054
6146
6147
5309
5658
5308
6566
5727
5728
5657
6007
6146
5727
5798
5797
5239
5798
5727
5588
5727
6146
5798
5657
6147
6147
6216
5657
5309
5657
5658
5239
5867
6706
6217
5798
5658
5727
6216
6216
5727
