2934
2933
3282
2934
3423
2864
2863
2863
3422
3352
3283
3283
2864
3702
4260
12013
10546
10895
10895
10616
12153
10616
10406
10895
9219
10127
10546
10476
10615
11733
12292
10057
10545
12082
10825
10476
11802
10127
10615
12361
11803
10126
10476
10964
10126
10476
10406
11523
10126
11454
11523
10545
10476
9987
18647
10965
11803
10964
10337
10545
10616
10476
10127
10546
10406
10895
12501
10127
10336
11245
11314
13828
10057
10476
10825
12082
10406
11873
12291
11873
10546
11523
10406
11524
10615
10127
12431
10336
12082
12501
10895
10546
17600
11943
10965
10476
10476
11943
10057
11244
10546
12083
10406
11733
12012
10546
10406
10825
10057
10685
10406
10894
10965
11942
10406
10057
18996
10406
10476
10406
10336
11873
10336
10406
10476
12012
11873
10197
10406
12013
10965
12082
10406
10546
10336
10616
10615
10266
10476
10336
10616
12292
10126
10057
12431
11244
10546
11873
10895
10057
10476
10127
10546
10126
12291
10057
10755
12501
10476
11105
10476
10475
10336
9917
12291
12083
11314
9987
10127
10407
10406
11104
11384
10406
11314
10546
10895
10476
10406
10615
11803
10686
10127
10127
10127
9918
13688
10475
10406
10336
12292
10825
13829
10546
12152
12222
10337
10476
10616
10546
10476
12082
10616
10615
10406
12292
10475
12012
10336
11453
9987
12082
10755
12013
10476
12291
10476
10406
10476
10406
10057
10476
10616
10476
4400
4190
4331
4889
4749
4191
4330
4260
4260
3911
4190
4679
4260
4261
4400
4330
4260
4260
4330
4330
4260
4400
4191
4888
10406
12291
10406
10476
11872
10057
12502
10126
10476
12292
12361
11942
10965
12292
11314
10616
10616
12641
10406
10616
11594
12362
10406
11384
11803
12362
10266
11873
10615
11104
10476
10057
12501
10406
12502
10406
10894
10755
10476
10755
12012
11384
10126
10337
10616
11104
10545
10476
10895
10616
10546
10127
12431
12431
11035
10476
10406
10755
12291
10127
10406
11384
11943
10267
11244
11942
10406
10616
11943
10406
10406
12431
11873
11943
11384
10546
12990
10406
13409
12502
12013
10127
10616
12222
11384
10615
11035
10615
11035
10126
10616
11803
10406
10616
12361
11034
10406
10127
12012
12361
9987
12431
10615
11802
10057
10406
10895
10476
10406
10406
10126
10476
11873
12082
10127
10407
12082
9428
12013
10686
11314
12361
12362
10337
10406
10546
9917
10336
10057
10546
11873
12431
10476
10825
12292
12362
10406
10895
10406
11035
10895
10616
11384
10825
9428
10406
10406
10546
12013
10545
10406
10476
10336
11104
10476
10616
10616
10476
10545
10616
2374
1956
1886
2305
2375
1955
2374
1955
2374
1956
1955
1886
1886
1885
2374
1885
1886
2304
2374
1816
1885
1955
2374
3772
3352
3841
3771
3841
3702
3283
3771
4190
3772
3772
4190
4190
3352
3282
3353
4260
3772
3772
3841
3771
3842
3353
10615
10197
12221
10476
10965
10337
10476
11664
11943
10545
11035
12361
12501
10546
10825
10476
10756
10197
10127
10546
12013
10475
10755
10825
10546
10895
11803
10406
10615
10965
10406
10616
10337
10895
12013
10476
10546
10545
12082
11523
11104
10616
10476
10127
10546
10616
5168
4749
5727
4679
5308
5657
5238
5168
4749
5168
5657
5168
5727
5168
4749
4749
5238
4749
4819
4889
4679
4749
5168
10826
10476
11454
10964
12990
11733
11035
10127
10546
10616
11942
10616
10755
10056
10546
11244
11314
12292
12641
10127
12082
10406
10964
10267
14248
10616
11593
10476
9987
10545
10056
10476
10336
12012
10266
12082
10406
10476
11454
10546
11733
10127
10057
11314
10056
10126
10127
10546
11872
11943
10267
12152
12292
10476
10336
10476
10895
10545
10266
12571
12361
10546
13758
12362
9987
10406
11803
8940
10546
12501
10965
10546
10337
10406
10755
10266
10336
10406
10545
10336
11872
10476
11943
10196
10755
10546
11035
11384
10616
11733
10546
12432
12012
10475
11803
10476
10337
10546
10126
11314
10406
10686
10546
11872
10406
11873
10336
14596
12222
11943
11104
10476
10476
10965
10336
3841
3771
3771
3841
3771
3422
3422
3352
3701
3841
3771
3282
3841
3772
3352
3283
3772
3282
3772
3283
3771
3282
3353
3772
11803
10406
12362
11873
12082
11873
10616
10476
10337
12083
12082
11454
12362
13898
11105
9498
12501
11942
10546
10546
10895
10755
11454
12292
10825
10126
10546
11454
11803
10336
10057
10476
10615
10476
11383
11313
10476
10337
12292
12012
12291
10336
10406
10057
11104
12222
12362
10406
12432
10615
10546
10127
11873
10476
10406
10406
10546
10057
10266
12082
10057
12012
10476
11383
9847
10406
10616
10406
12222
10476
10197
10406
11943
11873
12362
12222
11943
10615
10616
10545
10476
10895
10615
10615
12291
10406
12012
12222
11523
12432
10476
10406
10126
11802
10546
10336
10336
10895
10406
11034
11663
10267
10406
10406
10965
10406
10267
10127
11942
10546
11943
10965
11384
10476
10406
10965
10476
10965
10545
10406
11104
10546
10336
10197
10406
11104
10406
10266
10127
9917
10546
10476
11174
10406
12432
10476
10406
11035
12572
10267
10895
10616
10755
10336
10406
11873
10616
10057
10337
10475
10476
10546
10546
12222
10546
10406
10476
10057
10546
10057
10057
12012
12362
10755
10965
9987
10476
10755
9987
11384
10615
10476
12222
10126
10964
10895
10336
10616
12361
10965
10406
11873
11943
19625
10476
10476
9987
11384
12292
12012
12361
10545
10476
10406
10616
10406
10476
10755
10406
10406
10406
10616
11943
11384
11593
11035
10616
10266
10406
10476
10406
12222
10545
10615
12012
11593
10196
10895
11523
11593
12292
10475
10337
10476
10546
11314
10476
10546
10476
10337
10476
10336
10546
10476
10615
10476
10615
10546
10337
10615
10406
11873
12012
11873
12292
10616
11872
10546
10546
11943
10686
10476
10546
10616
12431
10546
10406
10616
10127
10476
10546
10615
11873
10615
10546
11802
11943
9918
11594
10476
10406
12850
10965
12292
10406
10196
10616
12012
10964
12362
10476
10475
11733
10476
11035
11523
12152
9987
19416
11104
12292
10336
10825
11314
10476
10476
11105
10616
9987
12991
11803
11035
8660
9079
9009
9917
9917
9009
10546
9917
8939
9009
10127
8940
9917
8730
8450
10616
8730
8520
9009
9149
9009
9079
10476
10406
10406
10476
10197
10406
9987
10407
10406
10546
12292
11803
11803
10336
