7054
8032
7962
8731
8102
8102
6146
5587
7124
6566
6775
13690
8172
6844
7124
6984
8520
7613
7263
6844
7263
7124
6845
6705
7124
7194
7124
7962
8032
6705
10058
6774
6704
7682
7194
8172
7264
7054
6635
6705
6775
6635
7123
6635
7054
6774
8172
7543
7543
8241
7683
7123
6635
7124
6705
7194
12502
7054
8101
6775
7194
7124
6635
6705
7683
7054
6774
7962
6775
7054
6774
7054
6775
6565
6704
6635
6635
16692
6775
6704
12921
8032
8171
8102
7124
6705
6565
7054
8102
7543
7613
6774
7054
7194
7753
8172
6635
7264
6775
7124
7263
6775
6984
7124
6635
6705
6984
8171
7054
7194
7683
6635
8032
7054
7473
7124
6635
6704
6705
7613
7054
7124
7682
6635
8591
6775
6635
7054
7264
6565
6705
7962
6635
7124
8171
7194
7194
7682
6635
13759
7264
8032
7124
8032
7194
7194
7194
7124
6635
7543
7194
7124
7124
7124
6566
6635
7194
7124
6705
6635
7124
7682
7194
6705
7123
6984
7543
7613
8102
7613
6775
16552
8102
6775
6774
7612
6845
7194
6566
7124
6705
7123
7054
8032
7263
6774
7613
8032
6635
7054
7124
6635
6705
6775
6635
8102
7124
7124
7124
7054
8032
7124
6705
8101
7054
6775
7124
7962
8032
7612
6705
8102
7124
6705
7613
7194
7054
7123
6635
7124
8031
6635
6705
6635
7124
6775
8102
8172
6566
6705
7054
6775
7124
7194
6705
8102
7752
7194
7683
7962
7264
6635
8032
6775
6705
6635
8172
8102
7683
7054
7194
8241
7194
8172
7613
7194
7613
7683
7194
7264
8032
7193
6635
6984
6635
6635
7263
8032
7124
7054
6775
7613
6635
7752
7054
7194
7054
6705
7962
8451
6705
7543
6635
6635
6775
7054
7683
7194
7124
7054
8102
7194
7682
7124
7264
8172
8032
8102
7194
7055
7054
7194
7194
7613
7193
7054
6705
8032
6775
6705
7054
6705
7683
7124
6635
6705
6705
8172
6775
6984
7054
8031
6635
6635
7054
8032
7264
7333
7264
7892
7752
6635
7054
7194
6635
7683
7193
8032
8031
6775
6775
6705
6705
7613
7194
6984
7264
6566
7752
7054
6565
8032
7962
9010
7054
6704
7124
6984
7264
6635
6635
8102
7194
7124
7054
6705
8102
7543
7124
7124
8032
7054
7124
7054
6705
7403
8031
8032
6705
7124
8032
6705
7054
6635
8032
7054
8102
7753
15435
7124
7193
7612
8101
8172
7263
6705
6635
7613
6774
8102
8031
7543
6984
6775
7054
6984
6774
8940
6635
7543
6705
6775
7124
6635
7753
7124
7054
7054
7054
6774
6775
6705
7124
6635
6565
7124
7124
8171
6775
6635
6705
7054
13969
6984
6635
8241
7194
6635
6845
7124
6705
7124
7054
6775
7124
7543
7054
7123
7263
7124
7124
6705
8032
6566
6774
7194
6635
7124
7054
6705
7683
7264
6635
7124
6705
6565
7054
8032
7054
7054
7194
7962
6775
6705
6984
7264
7194
7124
7194
6705
6635
7194
8241
7054
6705
6775
6705
6774
6635
7124
6775
13968
6985
6775
7683
7613
6775
8032
6705
7055
6704
7124
7682
7124
6705
6565
7124
6566
6635
7683
6635
7054
8241
7752
6635
6705
7124
7124
8032
6704
7263
8241
7124
6705
7124
7752
7124
8032
7124
7124
6705
6845
8031
6705
8242
6635
6845
8032
7682
7263
7962
7683
7543
7543
10476
11105
7124
9150
7054
6635
9220
6984
7683
7543
7543
6705
7194
7962
6286
7194
6775
7054
8032
7193
7823
7124
7683
6775
7124
7124
6774
7054
7753
7124
7194
6775
8451
7962
8031
7613
8172
6705
7193
6565
8102
6705
6984
6775
6705
7264
6635
6775
7194
6705
7054
8032
7962
7193
7193
8032
7194
7264
6705
6775
7123
6775
7962
6844
6774
7543
8172
7264
7613
7124
6566
6705
6635
7054
6844
8032
6705
7054
7752
6705
6705
7124
8102
7752
7124
7194
6775
7124
8102
8032
6635
6984
7264
7543
8032
7962
9009
6705
7054
6705
8171
6775
6774
7543
7194
6705
7333
6635
7613
7264
7194
6635
6705
7263
6775
7124
6984
8171
7962
7124
7264
8172
7683
7962
7263
8102
6774
7543
6565
7124
8102
7613
6705
6635
7054
7054
7194
7124
7123
6566
6775
6775
8101
6775
7054
8241
15225
8521
6774
7124
8171
6565
7682
7543
7054
7124
6635
6566
6705
6774
6984
7543
6635
7124
7542
14597
7124
6775
6495
6705
7054
7683
7263
7124
7752
7264
6565
6775
8101
6774
7193
6146
6705
7124
6845
6704
7054
8171
6705
6705
6774
7752
6774
7054
8102
7613
7124
7054
8031
7264
7264
6635
7124
7264
6635
7054
7054
7054
6774
7194
7613
6984
7054
8032
8032
7474
6635
6705
7194
8102
7194
8032
6705
6635
8241
7124
7542
7613
7753
7124
6774
7054
6635
8032
6984
6565
7194
6705
6704
7893
7194
7054
6635
6635
6705
7194
6705
6774
7752
7193
7054
7962
6774
6984
6984
7054
6705
7054
6565
6705
8241
6774
6705
7054
6705
7194
7124
7194
7194
6635
7962
6775
6984
7263
6635
8101
6635
7054
7054
6775
6705
6704
6775
7613
7124
6565
6705
6635
6775
6565
6775
6775
8242
6705
7543
7194
8031
6705
7543
7054
7054
7682
6565
7264
7124
8102
7264
7054
6635
7124
6705
7124
6705
7124
6775
7054
7543
6635
7054
7193
7752
7124
7124
7612
7193
8102
6774
8032
7263
6705
8032
7194
6635
7054
6705
8172
7054
7194
7962
7194
8242
7124
7543
6705
6566
6704
6634
8102
7054
7962
6496
7613
6635
7752
7054
7124
7473
6704
8032
6705
7193
8241
7962
7124
8101
6705
8102
6775
8032
6705
7124
6844
7054
7683
6565
7054
7124
7194
7124
6775
6775
7962
7194
7054
7752
8172
7055
6705
7543
7124
8172
6705
7683
6985
8032
6705
7473
6774
8172
7193
7752
7054
6774
7263
7613
6705
8242
7124
8102
6775
7124
6635
6984
6705
6775
7054
7124
6775
7124
7124
7753
7543
7613
6635
6984
7683
6635
7194
7054
6566
8172
7753
7473
7054
6774
7613
7753
6984
7962
7752
8242
6984
6984
6704
8031
6565
7194
7753
7124
8242
6705
6635
7543
6635
6705
7752
