4610
4749
4819
5658
4330
4889
5308
5308
4400
4819
4679
5238
4819
4749
4679
4819
4749
4889
4191
5238
4819
4749
5378
4819
4819
4679
5168
4331
4679
5099
5308
4749
5238
4889
4819
4750
4400
4331
4750
4679
4819
4819
4819
4679
5238
4889
6216
4819
5726
5308
4819
5169
4889
4819
5308
4749
4680
4680
4260
5238
5238
4679
4750
4190
5727
4889
4749
4750
4750
4260
4610
4749
4749
4749
4819
4749
4679
4680
4679
4330
4819
4819
5169
4749
4330
5169
4679
4819
4330
4749
4679
4680
4819
4400
3842
4819
5168
4749
4819
5308
4819
5657
4749
4819
4889
4749
4680
3841
4819
5727
4819
4749
4819
4680
4819
4819
4819
4819
5378
4750
4749
4749
4819
4749
4679
5657
4609
4749
4749
4889
5168
5168
4749
4749
4750
4749
4819
4749
3771
4749
5238
5238
5727
4819
5168
4750
4819
5238
4889
5308
4749
5238
4889
5098
5238
4888
6565
5238
4679
5238
5238
4749
5797
4889
5796
4819
4819
4680
4750
4819
4750
5168
4330
5238
4819
5308
5168
4749
4680
4749
4749
4819
5238
4749
4680
4679
5308
4680
4750
4679
4749
4330
4819
4749
5168
4750
5657
4750
5238
5308
4749
4749
3841
5238
4749
5238
4749
4679
4819
4330
5308
5727
5238
5587
4680
4749
4819
4749
4400
4400
4749
5098
4749
5238
4750
5308
4749
4749
5308
4819
4819
5308
4819
4889
4750
5657
5866
5727
6635
5308
5308
5168
5797
4819
4749
5168
4749
4609
4679
4749
4749
6774
4889
5169
5238
5098
4749
5308
5168
4749
4889
5168
5588
5588
5657
5238
5168
5308
5308
5168
5168
5657
5797
5797
6146
6146
6216
5238
5308
5238
5727
5238
5099
5796
5238
5587
5169
4749
5238
5378
5238
4819
5797
4749
5168
4679
4680
5168
5308
5168
5238
5168
5657
4819
5169
5657
4679
4819
4819
4819
4889
5238
5238
5308
5238
5797
5168
5168
5238
6146
4750
6216
4749
5307
5657
4680
5727
4819
5238
4750
5238
5238
4680
4749
5657
4819
4889
4750
5168
4749
5308
5308
5168
5238
5308
4749
5657
5168
5308
5169
5238
4749
5168
5238
5308
5308
4819
5238
5308
5587
4749
4679
4750
4750
4819
5238
4819
4819
5168
4609
4749
4819
4889
5657
4749
4749
5797
5308
5797
3841
5238
5238
5238
4750
4819
4749
4819
5168
5238
4819
5098
5238
4819
4888
4819
4819
5657
4749
5238
5797
4749
5168
5238
4679
4819
4819
4819
5238
4819
5238
4749
5238
4749
5168
5797
4749
5238
4819
4749
5238
4889
4750
5238
5238
5308
4679
5238
4749
5238
4819
5727
5168
5168
4819
5308
4819
5308
4819
5238
5238
5168
5238
5239
5169
5238
4819
5168
5168
6705
5657
4749
5238
4749
5238
5867
5657
5308
5168
4749
5657
5238
5099
4819
5238
5726
5168
5238
5168
5797
4749
5797
6705
4819
4680
5657
5797
5308
5168
5308
5727
5238
5169
4750
4819
4679
5657
4889
4819
5168
4819
5238
4749
4679
5657
5308
5657
4749
5168
4819
4750
5238
5727
6286
5169
5098
4749
4750
4819
5238
34780
5238
5658
5168
5308
4819
5797
5308
4819
5238
4819
4750
4819
4680
4819
5098
4750
5238
5727
4749
4749
4749
4749
5168
5727
5168
5308
5308
5238
4819
5238
5168
4819
4749
5308
4819
4749
5238
5657
4819
4819
5657
5657
5308
5727
5308
5238
5657
5238
4680
5727
4750
5238
4749
5238
5168
5307
5238
4749
5308
5308
5308
4819
5797
5308
5168
6146
5098
5797
5238
5169
5168
4749
5238
5378
5168
5168
5238
5308
5238
5168
5168
5099
5238
4819
5168
4819
4680
5727
5168
4819
5797
5587
5308
4819
5168
5657
5378
4679
5657
5168
4819
4679
5168
4680
4819
5308
4749
4819
4749
4679
4749
5657
4750
4819
5098
5169
5727
4819
5238
5308
5797
5168
5587
5168
5168
5168
5308
4749
5168
5797
4889
5797
5168
5657
5238
4819
5657
5657
5168
4750
5169
5169
4889
4819
5308
5238
5238
6216
5168
5866
5098
5727
5657
6076
5238
5098
5238
4750
5657
4679
5378
5168
5727
5657
5377
5238
5308
4819
5238
4260
4749
5587
4750
4888
5378
5797
4889
4819
4679
4680
5308
5796
4819
5238
5168
5238
5169
5238
5238
5308
5308
4679
5168
4819
4889
4679
4819
4889
5238
4819
4750
4679
4680
5099
5168
5238
5797
5238
5378
6215
4819
5238
5168
4819
4260
5727
5726
5657
5308
5238
5308
5169
5168
5797
5308
5238
4819
5588
5238
5588
5238
5726
5238
5308
5238
4819
4819
5169
5238
5308
5378
4680
4819
4679
5168
4819
4819
5238
5657
4679
4819
5168
5238
5099
5797
4749
5308
4889
5238
5308
5308
4749
5308
4819
5238
5797
4750
4749
5168
4819
4749
5168
5238
5238
4819
4819
6286
4819
5308
4679
5168
4749
5378
5168
4819
6146
4680
5168
4819
4819
4749
5866
5169
3842
4819
4819
5238
5308
4749
4819
5238
4819
4889
4819
5657
5308
5168
4819
5238
5657
5238
5587
4819
5378
5727
5238
5238
5168
5169
5098
5238
4749
5657
4888
4889
6775
4679
5238
4749
4819
3772
5238
5308
5238
4819
5168
4819
4819
5796
4749
5099
5797
5657
5796
4889
4749
5308
5238
5168
5727
4819
5378
5727
5307
5168
5239
5377
5168
5308
5238
5378
4819
5587
4889
3841
5169
4191
5168
5657
5239
5238
5168
5308
5726
5657
5657
5238
5238
6146
5308
5587
5657
13200
5238
5168
5378
5168
5308
4819
5168
4889
5238
4749
5169
6216
5238
5238
4749
5308
4749
4889
4679
4889
4749
5168
5168
4819
5238
5168
4749
4819
5657
5308
4749
5238
5797
4889
5238
4819
4749
5098
5658
5308
4750
5098
4679
5238
4749
4819
4749
4609
4819
4819
5099
4819
4679
5168
5168
4749
5657
5587
4749
5238
4749
4889
4750
5238
5657
5168
5238
4749
5169
6286
4749
5308
5238
5727
4749
5168
5168
5098
5168
5308
5168
5308
5308
4749
5238
4888
4749
4750
5657
5169
5727
5239
1467
1467
1467
1466
1397
1467
1397
1466
1397
1467
1467
1467
1886
1466
1886
