9918
9428
10825
9638
9149
9080
8940
10615
10406
10616
10407
9079
9149
8660
9149
10616
9150
9149
10826
9009
10895
9848
9009
9079
10616
8940
9988
9499
9009
10616
9848
11104
10127
9568
9009
13200
10197
8940
10616
9080
9080
9499
10406
9149
9359
17949
8940
9638
17809
9917
9918
10127
11454
9498
9638
8939
9080
9009
9498
9079
9988
9499
9428
9777
9918
9009
10825
9429
9638
9638
9219
9638
10686
9010
9080
8661
9149
9079
9219
10057
10197
9149
10825
10895
9988
10406
9429
10616
9219
10546
9009
8940
10546
9079
9568
9010
9079
10965
10406
9010
9010
9079
9149
9149
9988
9079
10476
9009
10406
9079
10337
9359
9219
8940
8940
9498
9080
9568
10895
10407
8520
9987
9149
10686
9009
9428
10546
10476
9079
10546
9009
9010
9568
9010
10615
9429
10337
9987
9219
9009
10965
10337
9010
9149
9009
9428
8940
9009
9428
9848
10476
8591
11315
9149
9917
9149
9149
11035
9079
10267
9150
9149
9428
9988
9009
9149
10895
9359
9638
11454
11454
9568
9149
9568
9010
9428
10895
9568
9358
10825
9638
10337
11104
9429
9149
10476
9499
9359
8870
8660
9010
9079
10546
9149
9010
9638
10477
11035
9219
9428
10546
9080
9568
9150
9010
9429
9009
10825
9498
9009
9079
17180
10057
10336
11035
10476
9987
9498
8939
8730
9080
10127
9358
9009
10546
9149
9010
9149
10685
9080
9428
8660
9079
9428
10616
9708
10406
9429
9498
9149
10476
9638
9498
9079
11385
17600
9149
9010
9080
9428
10616
9498
9010
9498
9080
10127
9288
9358
9568
9010
11454
9149
9009
9149
10127
11594
8940
10127
10546
10407
9638
9219
9010
10965
9429
9498
9568
10336
9150
10895
9638
8171
9010
9428
10546
9080
9080
9149
10616
9009
9149
9429
11104
20394
9638
9080
9498
9638
9638
8730
9010
11524
9149
8591
11314
9638
10477
9988
9428
9010
9918
9009
9498
9219
10336
9079
10825
10336
9428
10197
9988
10407
10546
10895
11244
8940
9079
11384
9010
9149
9010
10406
9150
9498
10406
10615
11035
11244
10406
9009
9149
11454
9079
9498
8940
10476
9499
9009
9219
9010
9219
9149
9707
10407
9079
9010
8939
10965
10267
11315
9429
10337
9079
9080
9429
10965
9149
8730
9079
11734
9080
10476
9498
9009
10127
8939
9429
11873
9428
8940
8731
10406
9848
8940
9009
10407
8939
11384
9568
9708
9079
10336
9638
10685
9009
9638
11384
10826
9428
9499
10546
9498
10895
9428
9428
10546
9498
9638
9149
9918
9010
9499
8172
12292
12222
10895
8939
8940
9499
10895
9918
9149
10546
10477
9010
10127
9988
9079
17530
9010
9219
9010
10896
9149
10057
9638
10546
9638
10057
8939
9009
8730
9778
11804
10057
10825
9079
9638
9149
10057
10407
10895
10895
9080
8939
9079
10407
10546
10476
8940
9429
9499
9568
9428
9359
10616
9498
9079
9358
9498
10476
9219
9080
9009
8940
9219
9847
10965
9010
8940
10197
9708
9009
9568
10476
12292
10546
8939
8940
9499
10965
10546
10616
18229
9568
9848
10546
9499
9918
8940
9080
9149
10337
8939
9150
10616
12152
9010
9569
11943
9219
10406
9149
9498
10406
9568
10407
9638
10616
9080
9429
9079
9219
9498
9009
9149
9009
9079
9009
9079
9149
13131
9219
9009
10965
9428
9009
9079
10616
9009
10057
9987
9918
11314
9429
9149
10476
12222
12920
10057
15295
12083
12711
10965
9149
11035
9499
9569
9847
9638
8869
9080
8939
10057
9010
8591
14736
11105
11384
25352
9987
13828
9638
10057
9917
10057
9079
10826
10057
10476
9499
9638
9498
9638
9498
10057
9638
9638
9987
9009
9149
9429
9638
7962
8032
10546
15225
9149
8032
9079
7612
8102
8521
8172
9079
7962
8660
10965
7613
9638
8590
7683
8520
8242
8032
8590
8032
7961
7613
9498
8381
8171
11034
9568
9917
9219
9499
10406
9149
9079
10127
9149
18158
10127
10546
8939
9079
9149
9079
9149
9009
8939
9010
9498
10895
9009
8939
9359
9359
10546
9009
10477
9009
8730
8940
9429
9568
9010
9079
9917
8940
9079
9009
9079
10895
11035
11454
9568
9010
10896
10476
9358
10336
9568
9498
9010
9149
9009
9009
9569
9498
9568
9358
9569
9080
9079
9009
8870
9010
8940
8660
9219
8590
9010
9149
9149
9010
9010
9009
8940
9009
9009
9429
10476
9009
9009
9079
9149
9149
9219
9428
9359
11035
9079
8521
9079
9219
9010
10406
10616
9010
9079
9079
9079
10546
8939
9010
9149
9079
9219
9149
9080
9149
8940
9080
9219
9010
9009
9499
9429
10266
9149
10476
8940
13968
11105
9568
10476
9150
10615
9079
9079
9079
10616
9149
9010
9149
9149
8940
9009
9079
9010
9150
10057
10616
9079
9149
9429
9009
9638
9010
9150
9149
9568
8870
9149
9708
9358
9079
9079
9219
8939
9429
9149
9149
8939
18368
9219
9499
8940
9568
9079
9498
9499
9358
11384
9010
10616
9079
10477
9219
10546
9219
8940
9079
9009
9569
12432
9219
17600
9638
9638
9079
9149
9149
9079
9638
9079
9079
9010
9009
9358
10546
10686
9918
10057
9848
9149
8939
8940
9079
9149
9219
10336
9359
9150
9080
9568
9150
9079
8939
10476
9149
9080
9358
9149
9359
9498
9009
10337
11523
9988
9988
9080
9498
9010
9219
10057
9498
10615
9149
9080
10476
9009
9009
10406
8869
10895
9080
9079
8940
9219
9149
9080
8521
9149
8660
9638
9149
9638
9498
10546
10616
10686
10615
9149
10616
8660
9079
9219
9498
10546
8940
10615
10686
10616
9638
9499
9498
9429
10616
9499
8939
8870
10616
9568
9079
9638
9010
9080
9010
9079
9010
11035
10826
9568
9079
9429
9848
9010
9149
9079
9219
9010
8939
9079
9010
9009
9149
9079
9428
9219
8730
8940
9428
9010
9009
9080
11035
9498
9638
8940
9219
10546
9638
9080
8939
9219
9149
9359
10616
9498
10126
9987
9079
10895
9150
9778
9219
8939
9009
10476
9009
9079
9568
10546
9009
9080
10895
9149
9079
9010
8730
8870
10546
10406
9010
9079
9149
9079
9149
8940
9009
9010
8939
10127
9009
9638
9638
11035
17949
17740
9010
10546
10476
10546
10546
9289
10546
9079
