5727
5308
5587
5099
5727
5238
5168
6077
5728
5587
5169
5308
5238
5308
6286
5238
5238
6216
5727
6286
5168
5308
13480
5238
5728
5169
5239
6076
5239
6077
5588
6216
6146
5378
5658
5727
5308
6286
5309
5239
5308
5168
5587
6076
5309
6147
5169
6147
5308
5588
5238
5169
5169
5378
6286
5238
5169
5238
5168
5309
5239
5308
5239
5378
5727
5308
5798
5727
5657
6146
5239
5657
5169
6287
5238
5238
5587
5797
6286
6147
5727
6146
5798
5168
5308
5728
5239
6147
5168
6077
5588
5309
6076
5658
5308
5797
5727
5797
6217
5169
6217
6147
5797
4750
5308
4261
5378
5797
5308
5239
6146
5238
5587
5308
5657
6216
11315
6147
5169
5309
5239
5657
6287
5867
5169
6146
6216
5657
6217
5309
5727
5727
5308
5169
5308
5309
5308
5308
6077
5308
6146
5309
5239
5798
5587
5657
5867
5658
5867
4680
5588
5308
6147
5728
5588
5728
5728
5168
5797
5728
5657
5239
5378
6217
5588
5378
5798
6287
5378
5588
5309
5657
5797
5169
5658
6146
5728
5727
6147
5238
6286
5798
5797
5658
5797
5727
6146
5727
5239
5239
5728
5238
5378
6216
5797
5308
5727
5728
5308
5168
7265
6216
5239
5588
6216
5728
5169
6146
5308
5728
6146
5239
5797
6147
5169
5727
5239
5658
5238
5657
5797
6565
5728
6077
5169
5587
6706
6077
6146
5239
6566
5657
6147
6566
5379
5308
5798
5658
6356
5587
6007
5658
6566
6216
5728
5308
5658
5727
6146
6077
5309
5727
5308
5239
5308
5239
5658
5238
5169
5657
5309
5308
6147
6286
5587
4820
5308
5239
5308
5657
5239
4680
5238
5238
4889
6146
6146
6007
4749
5239
5658
5308
6147
5169
5308
5798
5239
5587
5727
4819
5309
5309
4261
4680
4819
4820
5099
5379
6077
5308
5867
5239
5169
5309
5239
5727
5727
5239
5798
5169
5728
5239
5169
4750
6146
5378
4820
5169
5099
4750
5727
5588
5657
5309
5169
5238
4819
5308
5238
5797
4820
5169
6147
5169
5728
5169
6077
4680
5169
4680
5309
5727
4749
5239
5238
5309
5169
5308
5238
5169
5378
5797
5727
4750
5728
5168
5587
5867
6217
4680
5378
5239
4679
5657
4749
5169
5169
5728
3282
3283
3353
3423
3772
3772
3283
2863
3353
3772
2863
2864
3353
3353
3842
3283
3353
3282
3423
3283
3842
3283
3352
3352
3283
3352
3353
2864
3283
3353
3283
3422
3422
3422
3353
3911
3772
3283
3352
3283
3352
3353
3353
3772
3352
3353
3353
3353
3842
3352
3353
3772
3353
3282
3283
3352
3283
3352
3423
2863
2934
3283
2863
2863
3352
3772
3423
3353
3423
2934
3353
3353
2934
3353
3283
3353
3283
3283
3422
3422
3702
2934
2864
3283
3282
3352
3772
3842
2864
3282
3423
3352
3283
3352
11036
3212
3842
3352
3842
3422
3283
3283
3423
3353
6147
5099
5308
5657
6286
6007
5239
5658
5308
5169
5797
5867
5658
5727
6286
6147
5239
5238
6636
6076
5238
5308
5239
5378
5378
6146
5588
5379
5378
5239
5239
5169
6286
5588
5379
5239
6286
5658
5099
5169
5588
6286
5168
5658
5239
5238
6076
6286
6076
5238
6216
5588
5727
6635
5308
18649
5238
5797
6077
5308
5239
5657
5239
5658
5238
6287
6635
6217
5727
5587
5588
5168
5238
5168
5378
6146
5099
5867
5169
6147
6287
5308
5587
5308
6287
5658
6217
5797
5658
5309
5797
5238
5797
5658
5238
6147
5238
5658
5239
5727
5308
6077
6147
5728
5169
5378
5238
5797
5378
13760
6286
5588
5797
5169
5797
5658
5239
5798
5588
5798
5658
6147
5378
5727
5727
5309
5658
6077
5728
5239
5728
5378
5728
5169
6077
5658
5238
5588
5169
5727
5797
5168
5239
5168
5728
13969
6216
5727
6287
6146
6217
5657
5238
5239
5309
5797
5728
6216
5168
6076
6077
5797
6076
5169
5099
5727
6286
6216
6146
5239
5239
6216
5658
5657
6077
5239
5238
5238
5657
5657
5168
5797
5379
6147
5728
5238
6216
5169
5588
6147
5378
5239
6216
5308
5378
5378
6216
5309
5657
5797
5588
6077
5099
5239
5239
6217
5797
5169
5657
6146
5169
5588
5379
5658
5867
6356
5657
5308
5658
5657
5309
5378
5308
6217
5308
5657
6146
5239
6286
6216
5588
5239
6216
6217
5309
6146
5797
5727
5308
5727
6147
5797
6146
6287
5309
5658
6146
5658
5168
12363
6287
5168
5238
6147
6077
5657
5169
6286
5308
5728
6286
6635
5169
5238
6147
5797
5238
5867
6146
5588
5169
5727
5308
5239
6566
6146
5308
5308
5588
5309
5169
6217
5308
5169
5238
5658
6217
6286
5238
5727
5169
6287
5239
5658
5379
5169
5308
5308
5727
5658
5728
5168
6286
5168
5798
5867
6286
5657
5168
5239
6077
6147
6146
6216
5099
6216
6147
5727
6146
5379
5727
5308
7683
6635
5238
5658
5727
5309
6146
5378
5308
6216
5309
5727
5308
5238
5239
5588
5239
5239
5797
5238
6217
5797
5099
5798
5728
5378
5308
6146
6217
5727
5239
5727
6216
5658
5099
5658
5238
5657
5727
6146
6146
5168
5238
5797
6146
6216
5308
5309
5727
5728
6077
5728
5727
5657
5309
5658
5239
5797
5308
5169
5309
5238
5309
5379
5378
5727
5657
5797
5239
5238
5728
9429
6077
7543
7613
5727
5658
5239
5727
6287
5797
5378
5239
5238
5309
5797
5239
6286
6147
5588
5238
5797
5239
5169
5657
5169
5239
5308
6076
5797
5378
5658
6146
5308
5658
5657
6146
6147
5308
6216
5657
5238
6636
5238
6287
5169
5168
5587
5239
4260
5657
5658
5168
5798
5658
6287
5238
5378
5657
6217
5728
5797
5308
5239
5658
5169
5309
5238
5798
5658
5587
6636
5378
5867
6635
5378
5727
5727
5308
5238
5728
5728
5238
5309
5168
5728
5798
6286
5728
5797
5238
6216
5238
6147
5308
5658
5168
5797
5657
5658
4750
5658
5798
5169
5308
5309
6216
5238
6147
5798
6286
7962
5378
5169
5728
6077
6286
5378
5797
5378
5728
6216
6635
5727
5308
6566
5798
6286
7194
5728
6705
5797
5797
5727
5728
5169
