1467
1886
1397
1886
1397
1397
1886
1885
1396
1467
1397
978
1466
1467
1397
1886
1397
1397
1396
1955
1397
1397
2375
1467
1467
1467
1397
1397
1467
1466
1397
1397
1397
1397
1956
908
2305
1467
1396
1467
1397
2374
19136
1397
1397
2444
1886
1467
1397
1467
1397
1397
1466
1467
1955
1467
1396
1397
2374
977
2374
1467
1886
1467
1467
1885
1955
1466
1396
1466
908
1397
1466
1397
1816
1467
1466
977
1466
1396
977
1397
1815
1467
1397
1886
1467
1956
1467
1467
1467
1955
1886
1467
1886
978
1886
1466
1397
1327
1397
1467
1396
1397
1397
1397
1467
908
1466
1467
1396
1467
1397
1397
1397
1397
1467
1467
1397
978
1467
977
1397
1466
1467
1467
1397
1467
1396
977
1397
1467
1466
1955
1397
1467
1467
1466
1396
1397
1397
1397
1466
1466
1397
1466
1886
1885
1466
1466
1397
1397
1396
1467
1397
1467
1396
1396
1396
1397
1467
1397
1397
1467
978
1397
1467
1397
1467
977
2375
1885
1397
1397
1397
1396
1466
1466
1956
1467
1886
1956
1397
1396
1396
1397
1467
1397
1397
1467
2304
1467
1396
2375
1397
1466
908
1467
2374
1396
1467
1467
2304
1467
1956
1886
1955
2374
1816
1886
1955
1886
1466
2374
1956
1956
1467
1466
1397
1467
1397
1467
1397
1397
1467
1397
908
1396
1397
1467
1467
2375
1397
8031
1397
1467
1886
1396
1467
1397
1397
1397
1396
1886
1467
1467
1396
1466
1467
1397
1467
1956
1467
1396
1466
1467
1397
1396
1466
1466
1467
1397
1396
978
1396
1397
1466
1955
1397
1467
1397
1397
2375
1466
1466
1397
1956
1466
1815
1397
1397
977
1467
1396
1467
1397
1816
1885
1886
1466
1886
2375
1466
1956
1397
1467
1397
1397
1886
1397
1397
1397
1397
1467
1466
1466
1886
1886
2375
1886
1467
2445
1397
1397
1397
1466
1467
2444
1396
1466
1466
1467
1467
1466
1467
1885
1955
1397
1466
2444
1397
1467
1397
1467
1886
1466
1397
1467
1397
1397
1466
1397
1396
1885
1885
1956
1397
978
1956
1397
1886
1467
1397
1955
1397
1466
2374
1466
1397
1886
1396
2375
1466
1466
1956
1956
1397
2375
1885
2374
1886
2375
1467
1467
2374
1886
1886
1396
1397
1956
1397
978
1397
1396
1397
1397
1467
1397
1886
1885
1397
1467
1466
1886
1397
1886
1466
1397
1886
1467
2305
1467
1886
1467
1396
1467
2305
1397
1466
1397
1397
1397
1397
1467
978
1886
2375
2374
1956
1397
2375
1397
1467
1397
1396
978
1397
1886
1397
1397
1816
1397
1397
1886
1397
1397
1467
1467
1397
1397
1467
1885
1467
1396
1885
1886
1467
908
1886
1886
1466
1466
1467
1396
2375
1886
1397
1467
1397
1467
2375
977
1397
1886
1956
2375
1397
1885
1397
1466
1397
1886
1467
1886
1396
1886
2304
1396
1397
908
1816
1467
1396
2374
1396
2374
1397
1467
978
1397
1397
1467
1397
1956
1886
1397
1466
2375
1397
1467
1466
1467
1886
1886
1886
1467
1467
1397
1886
2445
1956
1886
1886
1956
1467
1467
1956
1466
2375
1397
2864
2375
1886
1467
1886
1397
1886
1467
1467
1885
1397
1467
1955
1885
1886
1397
1886
1886
1886
1397
2374
1397
1397
1466
1886
978
1467
1886
1956
1886
1396
1956
1467
1886
1956
1886
1885
1816
1886
1467
978
1397
1955
1467
1956
1886
1816
1956
1886
1467
1397
2375
2375
1886
1955
1397
2933
1467
1397
1467
1467
1397
1886
2794
1467
1467
1886
1886
1885
1396
1956
1956
1466
1955
1397
2375
1397
908
1397
1885
1397
1955
1885
1397
1397
1467
1397
1466
1397
1397
1955
1955
1467
1397
1397
2444
1467
1885
1396
1885
2374
1397
1467
1467
1397
1886
2445
1886
978
1467
2375
1467
1886
1466
2374
1466
1467
1466
2374
1886
1816
1397
1956
1467
1397
2375
1397
1397
1466
1955
1467
1467
2374
1397
1467
1397
1397
1466
1956
1955
1397
1886
1396
1955
2374
1955
1396
1466
1467
1397
1886
1466
1397
1885
1886
2375
1397
1885
1816
1886
1955
1467
1397
1885
1886
1467
1397
1397
1396
1886
1956
1956
1397
1397
1396
1397
1397
2305
1397
1397
1397
1886
1955
2305
1466
1467
1397
1397
1397
1466
1466
1467
1397
1397
1397
1466
1396
1885
1466
1397
1397
978
1397
1397
1397
1397
1467
1886
6286
1397
1467
1397
1396
1466
1466
1397
1397
1467
1467
978
1467
1397
1466
2375
1467
1956
1397
1396
1467
1396
1886
1886
1396
1396
1397
1955
1886
1886
1397
1397
2304
1885
978
1956
1397
1467
1397
2305
2304
978
1467
977
1397
1886
1467
1885
1467
1886
1397
1886
1466
1467
1886
2374
908
1467
1955
1466
1397
1397
1327
1886
1956
1397
1397
1467
1397
1397
1397
2305
1886
1397
1467
1816
1885
1956
1397
1956
1397
1467
1467
1885
908
1397
1466
1886
1397
1467
1955
1955
1956
1467
1397
1467
1397
1466
1885
1397
1397
978
1397
1467
1466
1467
1886
1397
1886
1397
1886
1467
1397
1467
1397
1467
1397
1956
1396
1466
1955
1886
1397
1467
1885
2374
1467
1397
1396
1396
1397
1397
1397
1397
1955
1397
1397
1397
978
1396
1886
1396
2794
1466
1397
1466
2863
977
2374
1397
1397
2375
1397
1466
1396
1397
1397
1397
1466
1397
1397
1885
1396
1466
1466
1397
1886
1816
1397
1467
1467
1397
1397
1955
1397
1467
1956
1396
1955
978
1886
1397
1397
1397
2375
2444
1467
1885
1886
1956
1466
1397
1816
1886
2375
1886
1955
1467
1467
1816
1396
1466
1886
2375
1956
1886
1466
1397
1956
1467
2445
1397
1396
1397
1886
1467
1466
1886
1466
1397
1886
1397
1816
1885
3422
1466
1397
1886
1467
1467
1886
1397
1886
1467
1466
1466
1886
1397
1956
978
1467
1397
1886
1886
1397
1396
1886
1397
1886
1397
1886
1955
1397
1886
1956
1885
1467
1955
1397
1886
1886
1816
2374
1397
1956
1956
1955
1885
1955
908
1886
1466
