6076
3282
2863
3353
2933
3352
2794
3352
2793
3352
3283
2933
3353
2933
2444
3352
2933
3283
3352
2794
2794
2864
2864
3282
3352
3283
2864
3422
6146
3282
2864
2863
3352
3352
3422
3422
2793
3282
2864
2863
3353
3283
2863
3352
3353
2933
2305
2445
2863
3771
2794
2933
1955
3282
3352
3352
3352
3282
2793
3353
3283
3352
3283
3353
3353
3422
3283
3353
2864
3352
3352
2794
3283
3352
2863
3283
2933
1956
3282
3352
3352
2864
3282
3353
3352
3352
4749
2864
3911
3353
3352
2933
2864
3353
3212
6216
2864
2863
2864
2444
2864
5378
2933
2933
2933
2864
4749
2933
2374
2863
2863
5797
2934
5168
2794
2933
2793
2863
2864
2864
2864
2864
5238
2864
2864
5796
3352
2794
2863
3352
2794
2863
2934
2933
2863
3353
2864
7124
5168
2794
2863
2863
2794
1956
2864
2794
2794
2864
2864
3352
2863
2863
3352
7054
2794
3422
3282
3352
3283
1886
2864
2863
2863
2933
2864
2794
2864
3282
2864
2933
2794
5797
3353
2864
2444
2863
3352
2863
2933
2794
2864
2934
2794
2864
2864
2445
2933
2934
2864
2864
2933
2863
2794
2444
2863
2375
2863
2794
2444
2793
3212
2864
2864
2933
2863
2793
2793
2863
2864
2304
3283
2863
3353
2864
2933
3353
2374
2864
2864
2864
2864
2864
2794
2934
2864
2794
2933
2863
2864
2864
2864
2864
2863
2864
2794
2863
2933
3282
2864
2794
2863
2863
2864
3352
2934
2864
3352
3422
2934
2864
3423
4330
3353
3283
3422
3352
4330
3422
3282
3283
3422
2863
2934
3772
4750
3352
3352
2934
3352
3772
3353
3352
2933
2933
2864
2445
2864
2864
2794
3353
3772
2794
2863
2934
2864
3352
2933
2934
2793
2864
3282
3282
3283
3213
3352
3283
3282
3352
3422
3283
3212
3282
2933
2934
2934
2794
2864
2794
2794
2933
2374
2864
2864
2864
2863
2864
2863
2863
2864
2375
2864
2933
2864
2863
2794
2933
2863
2864
2864
2374
2934
2444
2374
2864
2933
2864
2794
2933
2794
2863
2864
2374
2863
3282
2863
2794
2863
2864
3213
2864
2863
2863
2864
2445
2304
6286
3352
2793
2794
2864
5238
3422
2863
2374
2863
2864
2863
2864
2794
2375
2864
2445
2864
2793
2864
2794
2794
2864
2864
2794
3352
2933
2863
6285
2864
1956
2863
3352
3702
2933
3701
3282
3771
3282
3841
3772
2933
3352
3283
3353
3423
3283
3283
2863
3353
2375
3422
2933
3353
2794
3283
3352
2375
3352
3283
3422
2864
2794
3282
2863
2864
3841
2864
2863
3283
1886
2933
3283
2793
7124
2863
2864
2934
3282
2794
2934
3283
5238
2933
2863
2934
2863
2794
2934
2864
2863
2794
2794
3353
2863
2793
2864
2863
2863
2793
2864
2864
2933
2375
3353
3353
3352
3422
3213
3841
3422
3771
3772
3352
3353
3353
2934
2863
4260
3422
4330
4330
4330
3841
2305
5168
3771
3283
4260
3283
3283
3353
3283
3841
3353
2864
3423
3283
3841
3353
3353
3352
2864
3283
3353
3353
2933
2933
3353
3353
2864
3352
2375
2933
3282
2863
3352
2863
2934
3352
3213
3422
2863
3352
3283
2863
3841
2933
2863
3283
2933
2863
3352
2933
2864
2793
2794
3282
2934
3772
2864
6635
2863
2794
3283
2794
2863
2863
2864
2863
3352
2863
2863
2863
2863
2864
2863
2374
2864
2934
2864
2794
2794
2864
2864
2375
2375
2934
2933
2863
2863
2375
2375
2863
3352
3353
2864
2933
2933
2375
2933
2864
2863
2793
2934
2864
2863
2933
2933
2933
2444
2863
3771
3422
2793
3702
2934
2864
3283
2863
2933
2864
2794
2934
2863
2793
2934
2934
3282
2863
2794
2864
2863
2863
10895
2793
2794
2863
5308
2863
2934
1886
2374
2444
2863
2794
2374
2863
2794
3282
2864
2793
2863
2864
2864
2864
2863
2794
2444
2794
3283
3282
3283
2794
2863
2374
2863
2864
2793
2933
2933
2864
2863
2793
3353
2934
2863
2934
2864
3283
2863
2934
2863
2864
2794
2864
2864
2863
2863
2863
2794
2934
2864
2864
3353
2864
2933
2934
2864
3352
2933
3282
2933
2863
2864
2794
2375
2864
2793
2864
3353
2375
2863
2793
4749
2933
2863
2864
2864
2863
2934
2863
2375
2445
2933
2864
2863
2933
2863
2864
3283
2793
2793
2933
2374
2933
2864
2794
2864
2444
2863
2864
2863
5308
2864
2864
5308
2794
2794
2863
2934
2864
2863
2793
2794
2863
2794
2863
2864
5308
2863
2933
2864
2864
2863
2864
2794
2863
2933
2863
2864
2793
2863
2863
2933
3353
3353
3283
2933
2864
2933
2864
3283
2793
2864
2864
3352
2794
2863
2863
2863
2793
2864
2864
2864
6565
2864
2794
2863
2864
2934
2793
2793
2864
2794
2793
2864
2794
5168
2864
3283
2863
2863
5169
2863
2863
2374
2864
2864
2863
2444
2864
6285
2863
2444
2934
2863
2934
2863
3353
2864
2933
2863
2863
2374
2444
2793
2794
2794
2933
2864
2794
2864
2445
2863
2794
2933
2933
2864
2864
2794
2934
2863
2864
2444
2864
2793
3282
3213
2863
2863
2793
4749
2793
2863
3352
2794
2863
2864
2863
3352
5657
2794
2864
2934
2444
2793
2863
2863
2863
2375
2793
2793
3353
2864
2863
3352
2375
2444
2863
2864
3352
2863
2863
2793
2864
2933
3282
3352
2864
2863
2794
6705
2794
2863
2793
3352
2864
2933
2374
2863
2863
2864
2933
2863
2864
2863
2863
4190
2863
2794
3422
2374
4609
2793
4819
2934
2794
2863
2794
2863
1885
2794
2864
3352
2934
4889
2933
2863
2374
2374
1955
12362
2375
1955
1955
2304
2375
2864
2305
2375
3772
2375
1886
1886
2445
2374
2445
2444
2304
1886
1955
1886
2375
3352
3352
1816
2375
1397
1886
1885
1886
1955
2375
2374
1955
3422
1466
1886
1955
2445
1466
2374
1816
2374
2375
2375
1956
1956
1886
3842
3282
1955
2375
2375
2444
2794
1956
1886
1886
1956
1885
1885
1956
2444
2933
1885
2375
2374
2304
1397
2305
3352
1886
1885
2374
1956
2374
2375
2374
1467
1955
2374
2374
2374
