4749
4749
4260
4610
4190
4819
4330
4749
4819
5238
4679
5238
4260
4819
5099
5238
4749
5238
4680
4749
4749
4819
4749
5099
5238
4819
5308
4260
4749
4679
4819
4819
12502
4749
4819
4749
4889
4680
4749
4819
4330
5168
4610
4819
3352
4679
4260
5238
4749
4679
4819
4749
4749
5657
4889
4749
4749
4749
4819
4679
4679
4749
4819
4749
5308
4749
4819
5238
4749
5238
4819
4749
4749
4679
5308
4819
5308
4400
5168
4679
5168
4819
5238
4889
4819
5308
5238
4819
5169
4749
5238
4819
4679
4400
4819
4819
4260
4819
4330
4749
4749
4819
4750
5238
5168
4680
4819
4680
4749
4679
4749
4679
10406
4680
4819
5307
4680
4679
4819
4260
5169
4819
4819
4679
4750
4680
4749
5238
4819
5587
5308
5169
4330
4819
4749
4191
4750
4749
4400
5727
5308
4819
15644
5169
4749
5308
5168
5308
4819
5168
4749
4260
4680
4680
4749
4889
4749
5587
4819
5099
4260
4749
4749
4749
5168
4191
4819
4819
4819
4889
5238
4819
4749
5308
4330
4819
4330
5308
4610
4889
5308
4260
4749
4330
4889
4819
4400
5657
5238
4819
4819
4331
14737
4819
4749
4819
4749
4679
4749
4819
4750
4819
4400
4680
4889
4330
4819
4819
5308
4330
5168
4749
5308
4260
5378
4400
4749
4819
4679
4330
5238
4749
4330
4819
4819
4819
5587
4750
4679
5238
4260
4750
4679
4680
4260
4679
4330
4330
4819
4819
4750
4749
4679
4749
4749
4749
4819
4400
4400
5308
5867
5168
5308
5587
4191
4749
5238
4819
5308
5587
4819
4260
4819
4749
4679
4680
4749
4260
4819
4749
4749
4749
5238
5308
4749
5238
4749
4749
4330
4749
4679
5308
4749
5308
4749
4749
4749
4750
4819
4749
4819
4749
4609
5238
4889
4749
4749
4749
4749
4680
4749
4260
4750
4749
4750
4819
4400
4260
5168
4819
4819
4750
4679
4750
4749
4400
5657
4819
5238
4749
4749
4749
4330
4749
4750
4330
4749
4749
5727
4819
5308
4749
4330
4749
5238
4749
5168
5308
4819
4750
4888
4679
5378
4190
5308
5657
4819
4819
4819
4749
4749
5308
4749
4330
5168
5308
4749
4749
5098
5169
4819
4749
5168
5238
4819
5238
5168
5727
5797
4819
5169
4749
4679
4749
4679
4330
4819
5238
4749
4819
4679
4260
4749
5657
4400
4819
5238
4749
4749
4819
4749
4819
4749
4750
5238
4679
4749
4749
4750
4749
4889
5308
4190
4889
4819
5238
4749
4889
4679
4260
4330
4819
4819
4749
4819
4749
4749
4330
4749
4749
4750
4819
4680
4330
5727
4819
4680
4749
4749
4888
5168
4680
5727
4749
5168
4819
4889
4819
4749
4819
4749
4819
4330
5169
4749
4680
4750
5168
4749
4819
4819
5238
4750
4679
5307
4749
4819
4819
5238
5307
4749
5168
6146
4330
4819
4330
5169
4679
4679
4819
4260
4679
5308
4750
4749
4749
4749
3352
4820
4330
4889
4680
5727
4749
4330
4749
4330
4260
5169
4610
5238
4680
4819
4679
4749
4749
4330
4749
4679
4679
4610
4750
4330
4330
4749
4819
4749
5098
5727
5238
4750
4749
5238
4819
5169
4889
5238
4819
5378
4749
4819
4749
5308
4680
4330
4819
4400
4680
4261
4888
4750
4330
4749
4679
4750
4330
4889
4749
4400
5657
4819
15644
4819
4889
5168
4749
4819
4819
3842
4819
4889
4260
5169
4330
4680
4610
5169
4680
4749
4330
4819
5308
4680
4749
4679
4750
4330
6216
4679
4819
5308
4261
4679
4331
4330
5168
4888
4819
4749
4749
4889
4889
4889
4819
4749
4889
4749
4749
4750
4819
4749
5308
4819
5238
5238
4679
4749
4749
4330
4819
5098
4191
5307
4749
4680
4819
4819
4260
4819
4679
4819
4749
4749
4749
4190
4819
4679
4679
4749
4749
5238
4679
4819
4330
4749
5308
4819
5377
4888
3771
4750
4819
4679
4819
4819
4889
4679
5238
4819
4819
5587
5168
5308
4749
4749
4819
4749
4819
4819
4749
5378
4330
5377
4749
4819
4679
4819
4679
4749
4819
5168
4889
5168
4260
4680
4749
5169
4749
4749
4749
4330
5727
4819
5308
4261
4749
5238
4330
4749
4749
4819
4749
4819
5867
5308
4749
5238
4750
4819
5168
4819
5169
4750
4330
4749
5308
5308
5727
5308
5168
5238
4889
5238
4749
4749
4330
4750
4749
5657
5657
4749
4819
4819
4679
4750
4749
4749
4260
4679
4749
4330
5238
4750
4749
4749
4400
4889
4749
5796
5168
5168
5796
5238
4819
4819
4819
5238
5168
5238
5308
4819
4749
4750
4680
4330
4679
5168
4750
4679
4749
4260
4679
4819
4749
4750
4749
5168
4819
5238
4680
4819
4819
5169
4749
4749
4330
4679
5168
4889
4331
4330
4819
5238
5238
5238
4749
4819
4330
5238
4330
4330
4819
4680
4750
4679
4749
4680
4749
4749
4819
4819
4330
4750
4330
4749
4888
4819
10895
4819
4819
5796
5657
4260
4680
4819
4820
4889
4679
4330
4749
4330
4749
4749
4750
4749
5238
5657
4330
4819
4819
5238
4819
5587
4819
4261
4819
4679
4260
4330
4330
4330
6076
5867
4889
4819
5378
4819
4749
4749
4400
4819
4819
4889
4749
5168
4400
4330
4749
4749
5657
5169
4749
5308
4750
5238
4400
4889
4819
5378
4819
4680
8032
4260
4679
5168
4749
4680
4400
4330
4400
4330
4400
5168
5168
5238
6356
4819
4749
4609
4749
4819
4889
4749
5587
5238
4610
4749
5308
4260
4679
5168
5168
4750
4749
5168
4680
4749
4888
5727
4750
4260
4749
4819
5168
4679
4749
4749
4819
4679
4749
5308
4819
4819
4680
4749
4819
4679
4749
5168
4400
4679
4679
5169
4819
4819
4819
4819
5168
4749
4679
4819
4819
4819
4261
4330
4679
4819
4819
4819
5308
4260
5377
4819
5238
4749
4819
4749
4679
4330
4400
5168
4679
4330
4749
4749
4819
4400
4400
5238
4260
4400
4749
4749
4609
4889
5169
4679
4330
4749
5238
4889
4819
4749
4819
4750
4680
4749
4819
4750
4750
4750
4819
4749
4749
4260
4610
4749
4819
4749
4819
5168
5308
4819
5308
5168
5378
4749
4749
4679
4679
