9429
9638
9359
9569
9499
9499
11105
9569
9499
9639
14737
12502
12013
12502
13898
9429
10476
9918
11804
11104
10896
12362
10965
13340
10476
12362
11524
14737
11454
9499
9429
10477
15644
10825
9918
10826
12991
11594
13969
9429
9848
12991
13480
9638
11314
10895
12502
9918
11384
12851
11594
10965
13898
14736
13479
10826
14317
13130
12781
11943
11524
13899
10476
13410
12083
9918
9918
11594
14457
10546
10476
13759
14458
11035
9987
9988
9987
11803
11384
10336
11454
10407
9918
9638
11385
12641
10896
10965
9987
14248
11594
14038
11385
10825
10127
10476
10616
16692
12292
15156
14807
17531
13270
11873
13340
11803
10407
10407
14807
12991
12851
15156
17530
12432
14388
12991
12781
14457
19416
12502
18578
17530
15784
13829
13480
16273
12781
11385
20464
10616
10965
10127
9639
9499
9219
9568
10965
9639
9988
11454
16832
14387
12223
9988
10616
9499
9918
9709
11943
21860
12502
10965
13060
10966
10616
11384
11315
9708
11384
11874
10616
12222
10127
9638
9848
11943
10546
9569
10128
11245
9568
10616
9009
10616
9848
9498
10476
9848
9988
11105
11245
9639
9568
9569
13200
10546
10895
9498
10895
11384
11035
9429
9638
9499
9918
9987
9429
10127
9568
9568
9917
18718
9499
10127
9498
9498
9569
9150
9149
11454
9848
9498
11035
9848
9359
10546
27099
18578
10127
11105
11314
9918
9918
10826
11385
9639
11105
9569
9708
12851
10407
11314
11523
10336
10406
11594
10406
11524
10057
9988
10965
9638
9499
11384
9638
13271
14737
11314
12502
11105
10616
11385
9429
10895
9638
9568
10337
9638
19905
10127
9778
10057
9569
9918
9638
11593
11454
11384
9638
9639
10616
9639
9988
9359
9429
11105
11036
9639
9498
9638
9499
9359
9638
9080
9917
9708
10057
10406
10057
9429
10057
16134
9499
9917
9638
9499
9988
10477
9568
11035
10057
11455
9638
10057
9848
10127
16204
11385
9568
9568
10057
10895
9498
9428
10825
10616
9499
11315
9359
17601
10057
11035
9429
10127
9848
10057
10756
13270
11454
10546
9918
9428
11873
10895
9988
11873
9988
11384
9918
10127
10895
9638
9987
9568
9499
9847
9568
9498
9498
10546
9428
9917
9568
10057
9638
10197
9638
9987
9708
9638
9568
9987
9918
9498
10756
10895
12851
9429
9847
9918
10058
9917
9848
3352
3352
3283
11384
4610
3283
3283
3842
3283
3352
3423
3422
3352
3841
3353
3352
3282
3422
4261
3213
3352
3352
3353
3352
3353
3771
3353
3352
5239
5239
5657
5587
6147
5587
6147
6356
5727
6147
6216
4749
5657
5239
5867
5797
5168
5238
7054
6286
5238
5238
6216
5308
4819
5657
5727
9917
10127
9569
9917
11035
9918
9358
9568
11803
10826
9498
9499
9569
11803
17461
13410
12991
11524
10128
11733
10547
10057
10547
10476
9987
15365
9638
11454
6985
8102
7124
7055
7054
7124
7613
8521
7263
8172
8102
7962
7264
7753
7613
7124
7193
7543
8102
8521
7054
8451
7194
8521
7124
9498
8660
7543
9499
9639
9499
9568
9499
9639
9847
9987
9848
9918
11036
10896
10895
9638
9987
9988
10476
10965
11454
9569
9359
9499
11524
9498
9358
9498
9709
9988
10825
9289
10616
9987
9498
11733
9638
9219
9778
10406
10127
10127
24375
9638
10057
9638
11104
9498
10336
11314
11244
9988
9988
9638
10895
9638
9987
9848
11384
11524
9498
10127
9638
9499
9428
9987
10127
9917
10895
10336
9498
10476
9638
9568
9918
9499
9639
9498
9499
9498
11385
9149
9499
9988
9498
9639
9848
9498
9498
11384
10616
10057
11593
9428
11105
9429
9359
11524
12362
14318
12501
9917
9568
28216
10127
10127
10547
9988
10965
10476
11803
9918
10546
9917
10896
12991
10966
12363
9708
9708
11733
11524
11524
10127
10965
13200
16064
15505
16693
10616
9638
9080
10616
9848
10546
9429
11873
10477
9568
11524
9987
10406
10546
9847
9917
9568
11943
9917
10057
9638
9569
10477
9428
9498
9918
9987
9569
9429
9569
10197
17251
10127
9639
9498
10127
10127
10057
11105
10616
10896
11384
9918
9638
9498
9568
9917
9429
11105
9988
10477
10127
9917
10057
9638
10128
9708
9988
10896
9428
8591
9499
10127
14387
11105
10267
11803
8940
9988
10057
10127
9917
9498
9498
9918
9429
9149
9638
10197
9359
9638
9429
9639
17600
9569
11105
9149
10965
15225
12431
9988
5308
5168
5238
5238
5168
5797
5238
5308
5727
5378
5308
5238
6146
6216
5308
5308
7683
5657
6146
5796
4819
5727
5169
6146
5168
6216
5657
9638
9079
10616
10616
17251
14108
12432
11454
11524
10965
10127
10406
11524
10896
9988
9568
9429
10127
10616
9498
9918
10407
9918
9638
10825
10546
9499
2794
2863
2934
3352
12432
2933
2863
2934
3283
2794
3282
3353
3283
2794
3213
2863
2933
3423
3283
2864
2864
2933
2863
3283
2933
3213
2794
3283
9429
11035
9569
9499
9499
9987
11384
9639
10826
10616
10057
11105
9708
10825
9499
9498
9987
11384
11803
9709
11035
9847
9220
9499
12851
9498
9428
9498
10407
9638
9918
9638
10965
9638
11384
10057
10337
9847
9499
9499
9848
11384
9499
9638
11454
9638
10336
10895
9499
9498
10407
9568
9847
9499
9429
10826
11105
9359
10336
9569
9638
9987
9639
9638
11804
9358
9987
11036
11524
11943
9429
10895
9988
9498
10057
9080
9498
10266
9499
11455
9847
9638
9569
10128
9708
9568
9359
11524
11104
11035
9150
9918
9568
10895
9708
9499
9638
9568
9638
9918
10407
11873
9429
9708
9987
9358
11384
11384
10406
10058
10825
9498
9708
10965
9499
9429
11594
9987
10825
9988
10895
9429
10267
9638
10127
9568
9917
9848
9568
9569
9498
9848
9498
9428
9429
11035
9429
9638
9848
9498
9638
11105
9429
9219
9638
9499
18857
9847
10127
9499
9848
9359
9498
9569
9010
10616
11384
10896
9499
9429
9149
9708
10546
9568
9568
9569
9848
9429
9359
9569
9638
9638
9918
9428
9498
10965
9079
9498
9149
9638
9639
9639
9429
11105
9848
9499
9917
9848
9150
9778
10058
11035
9429
9638
9638
10546
11315
9429
9428
9499
10825
10826
11524
9847
10966
9638
10755
9359
10895
9638
9709
9149
9638
9569
9568
9638
