9079
8171
8730
8729
8520
8520
8660
8659
8590
10056
8520
8520
8241
8520
9567
8730
9917
8520
8520
9498
9847
8171
11243
14317
9568
8590
8381
7961
8171
9917
8520
8520
8171
9358
9917
9148
8170
9428
8170
8520
8869
12430
12292
10406
14317
9637
8590
8590
10964
8520
8520
10127
8590
8380
10545
8590
8101
13269
9847
8660
8590
10615
8589
11872
8031
9428
8590
9568
9568
9637
8380
10615
8520
8520
8730
8660
8590
8520
8520
10476
7892
8032
8870
9917
8520
8590
9568
9149
8520
8171
9498
8450
8590
7751
9498
9987
8031
9008
9847
91555
9986
8171
8520
10056
9358
8101
8520
9079
9497
8730
8101
8729
8520
8590
8730
8660
9497
10196
8101
10126
8590
8520
8031
8729
8520
8520
9079
9707
8589
8241
8171
8520
8590
9568
9498
8590
8659
8240
9986
8240
17528
10056
9987
8660
17110
8171
8939
9917
9637
8450
9847
9428
8589
8100
9497
9079
8939
9916
9637
8450
8660
9497
8170
8590
9637
8590
9707
9986
8171
8590
8031
10475
7962
10126
8590
9008
8171
8450
8519
9568
9916
8171
9148
8520
8520
8589
8590
8590
8450
9497
8659
8520
8729
8380
8101
8101
9149
8520
7961
8730
9567
8590
9148
8031
8450
8101
8381
8240
8170
8032
8450
8590
9916
8450
8590
8660
8660
9917
9707
8590
9987
8381
8729
8659
9987
9707
8380
8241
8590
8729
8100
8520
9567
9916
8171
8170
8659
8101
8171
8590
8101
8031
8101
8520
8520
8520
8031
8939
9148
18716
8589
8590
8520
9637
8660
8590
8520
8101
8520
9637
8241
8241
8589
8520
8451
8590
8032
8520
9707
9497
9149
9707
8520
8729
8520
8031
8170
8031
9917
9986
8451
9567
8520
8519
8241
9637
8241
8520
8101
18646
9009
9917
9149
8450
8031
8729
8659
9498
9638
8730
9707
10126
8101
8729
8589
9428
9567
8589
8660
8520
8520
9009
8589
8589
8520
8590
9847
8729
8660
8520
9986
8240
8590
9498
9078
10126
8101
8520
9078
8380
8171
10056
10057
8450
8520
9917
9777
8241
8939
8101
9916
8729
9148
8380
9638
8660
8171
8590
8101
8520
8590
8380
8520
8171
9707
8241
8659
8520
9218
8590
8590
8101
8380
8729
8520
8729
9637
8450
8520
8450
8032
8520
8520
8520
8659
8659
8590
9638
7961
8170
8241
8520
8660
9498
8101
8031
11314
8520
9498
9637
15434
10056
8520
8241
8450
8101
9847
8101
9568
8450
8520
8450
9009
8520
9986
8520
8171
8101
8520
8520
8101
8101
8520
8520
9568
9986
8589
8660
9637
8241
8660
8032
8660
8590
8450
8729
8730
8590
9149
8101
8590
9916
8451
9428
8241
9498
8520
8171
8590
8520
9917
8590
8101
9567
8729
8031
8520
8659
8101
8590
8590
8450
10126
8589
8520
8520
9987
9917
8101
8240
8590
9707
9917
9917
8519
8450
8589
9009
9497
8450
8730
9707
9916
9637
8171
8101
8171
8381
8520
8171
8590
8939
8590
9637
8590
10057
8659
9638
9497
8170
8729
9847
8590
10056
8520
8590
8240
9358
8660
7962
9497
8171
8241
8101
8450
8101
9568
9847
8031
8101
8520
9009
8520
8241
9567
8939
8451
9987
8520
8520
8520
8031
8520
9568
8590
8101
8170
8450
8520
8660
9567
7472
8590
8031
8451
8660
9917
9498
8590
9498
9428
9917
9497
8520
8450
8589
8520
8101
9567
9637
9498
10056
8380
8101
7682
8659
9079
8520
8451
9916
8660
9497
9568
8171
8450
9638
8520
8171
9917
8171
8171
8520
8660
8031
9219
8031
8939
8240
9777
8171
9638
8101
8660
8031
9847
10056
8520
8520
8031
8171
8450
8031
8241
8590
17040
8660
8032
8520
8031
9916
9498
8171
8660
10056
8590
9707
8170
8241
9987
8240
8590
8590
8171
8241
8450
8520
8101
10056
9847
9358
9638
8520
8450
8101
8101
8590
8171
8520
9847
8031
10056
8660
8590
8171
8450
9986
8589
8520
8450
8590
8520
8241
8101
9638
8101
8520
9498
8589
9498
8241
8590
8241
8590
10126
8660
8520
8240
8171
9498
9148
8660
8520
8520
8520
9218
8520
8520
8450
8520
8590
8240
8031
8031
8590
8451
8590
9917
8450
8101
8939
8660
8520
8520
8241
9079
8101
8520
9218
8240
8520
8659
9009
10336
8240
8520
8729
8450
8171
8590
8241
9916
9567
8381
9568
9498
8520
8450
8590
8939
8520
8590
8520
8590
8520
9847
8450
8590
9917
8520
9986
8660
8450
9497
8380
8590
10057
8589
8939
8520
8660
8171
8171
8450
9567
10056
8590
8451
8101
16551
7961
8520
8241
8171
8101
8520
9009
8031
8450
10057
8520
8939
10196
8170
8660
8520
7961
9847
8171
8660
8729
9358
8450
9568
8520
8450
8660
8520
9568
8590
8241
8241
9567
9567
8171
8450
8520
8660
8729
9987
8659
8660
8101
8660
8590
9707
8171
8171
8520
8241
7961
8660
8520
7961
10127
9009
8171
8520
8241
8520
8171
8241
8170
8520
9498
8590
9567
9079
8729
9638
7962
9917
8520
8241
8659
8171
8520
8240
9497
8659
8660
8031
8729
8171
8939
9986
8659
8590
9637
17948
7961
8590
8450
8659
9917
16551
8240
8171
8171
8241
9009
9987
8520
8590
8520
8939
8520
9568
8520
8590
9917
8241
9498
8031
8520
8450
8031
8590
8240
9568
9149
8590
9148
8241
11034
11872
12780
12291
8660
8660
8241
9497
8520
8032
8241
8031
8520
9079
8869
9986
8240
16551
9498
8590
8101
9916
9987
8450
10126
8590
8590
8520
8660
9079
7751
8590
8520
8101
8241
9008
8520
12291
8171
8520
9637
8380
8590
8939
8660
9009
8241
9637
9358
8170
8451
9428
8101
9568
9916
8520
8241
8729
8590
8240
10266
9498
8590
8101
8101
9009
8520
8450
9498
8590
8032
8729
8171
8170
8590
9917
8520
8450
8660
8590
8520
8520
9148
9637
8450
10056
9498
8031
8101
8520
8171
9847
9847
9568
10056
9567
9009
9638
8660
8101
8450
16342
8589
8451
8729
8520
8520
8729
9009
8240
10336
8101
9008
9917
8101
9498
8590
8240
9568
8450
8520
9567
17738
8589
8520
8659
8520
8520
8031
9847
9707
8450
8520
8241
8031
8520
15853
