3283
3772
3423
3353
3283
3284
4262
3912
2375
3842
3773
3842
3703
3423
4192
3842
3353
3353
3423
3353
3423
3423
3913
3353
3283
3842
3353
3353
3912
2794
3772
3213
2794
3284
3843
3283
3284
3424
2934
3353
3353
3283
3283
3283
2864
3423
3842
3353
3284
3353
3284
3283
3842
3772
3772
3353
3842
2865
3353
3353
3772
3842
3842
3354
3353
3284
3283
3353
3284
3284
3842
3703
3283
4262
3284
3283
3772
3423
3843
3772
3354
3353
3283
3283
3423
3283
3423
3913
3353
3772
3284
3424
12993
3842
3423
3842
4331
3773
3284
4331
3772
4331
3283
4262
3842
3913
3772
3772
3842
3353
3354
4261
3214
2864
3773
3773
3772
3353
3283
3283
4331
3702
3842
3773
3772
2375
3773
3353
3773
3284
3353
3423
3283
3284
4401
3353
3772
2864
3423
3842
3423
3423
3353
3283
4890
3353
2795
3353
3283
3353
2864
3283
2794
3283
3703
3353
3284
3423
3353
3773
3842
3353
2375
3353
3353
3284
3283
3214
3283
3842
3353
3773
3353
3772
3842
3284
2864
3423
3772
3283
3354
3283
3353
3283
2934
3773
3214
2864
3354
3353
3773
3772
3353
3283
3772
3423
2794
2795
3284
3772
4262
3353
3772
3353
3772
3353
3423
4261
3842
3423
3284
3283
3353
3283
3842
2864
4192
3353
1956
3353
3353
3772
3354
4401
2934
3354
3842
3353
3284
3842
3773
3423
3423
4261
3772
3283
3842
4332
3283
3772
3283
2934
3283
2864
3283
3283
3214
3772
3772
3353
3353
3213
3213
3772
3283
4262
2794
3353
3353
3842
4331
3283
3423
3353
3353
3423
3772
4331
3283
3772
3284
3353
3353
3772
3842
4261
2375
3214
3353
3353
4680
3423
4191
3772
3283
2864
3842
4192
3842
3284
3353
3283
4261
4192
4192
4751
3773
3772
3913
3353
2375
3842
3773
3284
3283
4401
3283
3842
3772
3283
4820
4261
3423
3353
3772
3353
3354
3842
4331
3912
3353
3772
3284
3842
3772
3772
3772
3842
3842
3772
3703
3843
4820
3353
3842
3283
4332
4751
4262
4331
4680
3353
3842
2305
4192
4751
3842
3772
3912
3353
4331
3843
2864
3772
3354
4261
4331
3353
4402
3773
3842
3423
3842
3703
3842
2864
3214
4191
3772
3354
4262
3842
3842
4331
3843
4191
5169
4401
4332
2864
3842
3423
3912
3353
3843
2865
3773
3772
4890
4750
3353
2375
4192
3843
3773
3213
3773
4262
4332
3213
4331
4262
3772
4331
3702
3842
3772
3772
3353
3773
4261
3843
2795
3353
3353
2375
3842
3423
3773
4192
3353
2864
4261
3353
3214
3354
3843
3283
3773
3283
3912
4261
3772
3284
3842
3353
3772
3283
2865
2865
3353
3772
3353
3842
3773
4262
3842
3283
3773
3843
3842
3843
3354
3773
3283
3423
3353
2864
3772
3773
3283
3283
3423
3423
3772
4262
3353
3353
3423
3702
2864
4331
3283
6567
3842
3773
3703
3353
3423
3353
3423
3283
3703
3353
4332
3842
3843
3772
3284
3283
3913
4331
4820
3772
3772
3354
3283
4331
2306
3842
4331
3773
4262
3283
3772
3424
3354
3703
3912
3773
3842
2795
3772
4681
3842
4680
2724
4331
4751
3703
3912
3843
4331
3353
3842
4261
3842
2794
3772
3772
3772
3353
3284
3703
3284
3773
4332
3772
3913
3843
3912
3353
3843
3772
3353
3283
4820
4262
4401
3773
3842
3773
4262
3283
3912
4261
3283
4262
3353
3423
3843
3843
3842
3773
4401
3283
4821
3353
3772
3423
4331
3773
3423
3843
3354
3283
4191
3702
3842
3773
3772
3353
4331
4401
4821
4820
3353
4261
3353
3284
4820
2864
3353
3772
3842
3353
3772
4192
4331
3284
4611
4332
4261
3842
3423
2864
3843
3843
3423
3283
3283
4261
3423
3772
4820
4401
3423
3912
3842
3843
3842
3773
3423
4681
5239
4681
3423
4191
3772
3842
3353
3843
3772
4332
3842
3353
3772
3354
3423
3843
3842
3702
4331
3772
3772
3283
3353
3772
3353
3283
3354
3353
3353
3773
3842
3772
3214
3284
2794
3284
3842
3423
2934
3423
3423
3283
6777
3353
3353
3354
3353
3283
4261
2375
3353
2865
2865
2934
3353
3353
3912
3772
3353
3353
3283
3842
3283
3842
3283
3353
3842
3354
3772
3423
3842
3772
3702
3283
3772
3283
3283
4750
3773
4331
3353
3842
3283
3702
3283
3283
3702
3353
8453
3284
4262
3353
2376
3283
3353
3773
2376
2445
3353
3283
3842
3284
3772
2445
3773
3773
3353
3353
3843
3354
3843
3842
3353
3842
3353
2934
2864
3772
3354
3703
3842
3353
3843
3353
2795
3772
3283
3353
4261
3772
3772
3283
3703
3423
3284
3773
3354
3353
3283
3423
3353
2864
3842
3283
2864
3772
3772
35837
3284
3423
3353
3353
3772
3353
3353
3772
3353
2375
3773
3772
3772
3284
3842
3842
4262
3353
3772
3283
3213
4261
3842
3353
3843
3213
3353
3283
3842
3423
2864
3842
3353
3283
3423
3843
2445
3283
2864
3353
3353
3284
3842
3423
3353
3353
3353
3772
2794
3353
3283
3284
3283
2934
3773
3353
3353
3283
5659
3284
2795
3284
3772
3284
3842
3353
3353
3423
2864
2865
3772
3353
3354
3284
2864
3703
3353
3283
3283
3773
3283
3283
3353
2375
3283
4332
4331
3353
3702
3423
3354
3283
3284
3423
3354
3353
3843
3353
3423
3842
3283
2794
3842
3353
3772
3772
3353
3842
3214
6217
3772
3912
3353
3842
3772
3283
3423
3353
3283
3283
3773
3912
3423
3842
3353
3353
3772
3703
3423
3702
2445
2445
3842
3354
3423
3353
3423
3283
3772
3353
3913
3773
3842
3702
3842
3283
2375
3772
4331
3354
3843
3353
3284
4820
24381
2934
3214
3284
2445
4751
3842
4331
4331
4261
4751
4402
4750
3842
4750
3842
3842
4332
3353
3773
3773
3843
4331
4261
4192
3842
3773
4331
4191
4192
3842
3284
2376
2794
3842
3773
3353
3354
3353
3283
3772
3283
3423
3353
3283
3353
3353
3842
3353
2375
3423
2934
4401
3354
2864
2934
3353
3353
3423
3423
3773
3353
2794
3842
3353
3773
3773
4262
3284
3423
3354
3912
3353
3423
