5797
5728
6635
6147
6077
5657
6076
6286
5657
6775
6635
5797
7124
7474
6705
7613
6706
6147
5727
6216
14737
5727
5588
6217
6705
5727
6147
5798
5238
5727
6286
10477
5728
5658
6356
5239
5309
5727
6217
5727
6216
6566
5588
5239
5798
4889
8661
6216
5658
6635
5727
5727
5588
7195
5658
6705
6216
7125
5588
4750
5658
6706
5727
5588
6775
5728
5797
7124
6706
5728
6566
5797
5868
7055
5728
6705
7125
5658
5308
6286
5798
8032
7683
6635
6635
6216
5867
7054
6566
7125
5727
7543
6705
6146
7753
6146
7963
6216
5658
5728
5657
7055
7543
7683
6287
5797
6636
14668
5169
6147
6216
5588
5867
5308
6146
4679
5867
5798
5588
5378
5658
6077
6146
5169
6216
5657
6286
5308
5239
6287
5728
5238
6357
5587
5239
6147
5238
5867
5169
6147
5169
6147
6286
6775
5658
5727
6076
6216
7544
8102
6216
7125
6636
8173
9011
5798
5657
6565
5657
5727
8033
6147
6636
5658
5867
5728
6287
6217
6356
6356
6985
8032
6077
5169
5658
4750
5728
5728
5797
5797
5797
6636
5657
5727
5727
6357
6636
13271
5657
5658
5728
6147
6636
6216
5797
5797
7055
10966
5727
6077
6147
5797
5378
5727
5727
5657
6636
7963
6636
6286
6705
5728
5588
6635
5728
5658
6705
5657
6566
6635
6216
7125
6286
5797
7613
6077
6077
5728
6705
6985
6286
5728
5727
5308
5308
5308
6146
5308
6146
6077
5169
5378
6146
5238
5728
5309
5657
5168
5308
5238
4261
5728
5169
5378
5658
5308
5797
5239
5238
5238
5308
5798
13760
5169
6286
5168
7474
6007
5657
8032
5727
5239
6216
6496
6146
5728
6217
5588
5588
5169
5308
5727
6146
5309
5727
5587
4261
5308
5308
6217
5658
5588
6147
5657
23748
6147
5239
5658
5728
5658
5378
5728
5308
6216
5798
6076
8172
6216
6635
7124
7264
5657
7264
5798
5657
6147
5658
5238
5238
4819
5099
6216
5798
6217
5728
6146
6147
5308
5308
6146
6216
5657
6216
5727
6147
5658
5308
5378
6146
5308
6007
5728
5797
5238
5658
6077
5168
5239
6147
5658
6007
5658
5797
5308
5378
5309
4749
5309
5798
7683
7124
8522
8591
7194
5657
7125
8103
7194
7264
6775
6216
6076
6077
6705
6147
4750
6146
5797
6216
5728
5867
6566
5658
5727
6636
5658
6076
7543
5798
5658
5797
6636
5169
6565
7614
5867
5797
5169
5658
5658
5588
6287
6216
5797
5238
5797
5378
6217
5658
6076
5727
5658
5308
5658
4749
6287
6147
5658
6775
7613
8382
6147
7753
5797
5728
5728
6077
5727
6636
5728
6636
6007
5657
6636
5587
5728
6286
7195
7124
5727
6775
7125
6635
6147
5797
5728
5657
6775
5658
5657
5728
6147
6705
6705
5588
3772
3772
3353
3842
4261
4749
3422
3772
3841
4330
4331
3702
4260
4820
4261
4750
3772
4330
3771
4261
4331
3912
4331
3911
3912
4750
3911
4331
5308
3841
3772
3772
3841
3772
4330
4261
4331
3842
3352
3772
3841
3841
3842
3353
3352
3702
3772
4330
4190
3702
3841
4331
4330
3772
4260
4331
3911
3353
3702
4261
5727
4331
4610
4261
4261
3842
4330
3841
4400
4261
5658
3912
4261
4750
3842
4191
4750
3771
4261
3702
3842
4331
3841
2934
3841
3772
3842
3841
3841
3283
4330
4331
3841
3842
3702
4331
2863
3702
3283
3842
3842
3772
3842
5798
5238
6216
5309
5658
5309
5658
5658
5309
5658
5657
5728
7543
5867
5378
5657
5797
8172
5727
5728
5728
5867
6147
6216
6077
5728
6077
6147
5797
6705
6286
6286
6146
6635
6007
5727
5658
6216
6147
6845
5728
6635
6146
5657
5798
6705
5658
5658
14458
5238
5657
5588
5728
7613
5588
6287
5867
6705
6216
5797
5239
5728
6636
6566
6077
6146
5587
6636
5797
5168
6077
5727
5728
6565
6146
6566
5658
6635
5728
6216
5728
6217
5797
5658
6146
5308
5658
5728
6147
5657
5728
5867
6286
5797
5239
5239
5727
6217
5309
5238
5239
5239
5798
5727
5867
5169
5309
5727
5169
5308
5238
5238
5658
5168
5658
5727
6635
6985
8731
7963
6705
8033
13900
6147
7264
8242
6286
8032
7194
7125
6146
6076
6147
5658
6636
6636
5308
6216
5309
5727
5239
5727
5309
6287
5658
5658
5797
5169
5657
5727
6566
5658
5728
5239
5588
5239
5728
5658
5238
6146
5238
5727
5239
6146
5588
6146
5309
5169
6216
7194
6565
6775
6216
7334
8452
6775
7054
7054
6147
6077
6705
7055
6147
6775
6147
6146
7125
6217
7054
5657
6077
6217
7125
6636
6356
7264
6217
5657
6636
6636
6287
7963
5867
5657
5658
7055
5588
7054
6636
7613
5658
7194
5797
7125
5727
6216
6635
7613
5727
7544
5658
6286
6286
5658
6706
6705
6216
8242
5588
4820
5657
8521
4819
7264
6566
5658
7055
6775
5588
5798
6286
6985
6705
6076
6146
7055
6147
6146
7753
5797
7543
5727
6566
6147
5588
5378
5798
5658
5238
5239
5308
5239
5657
5658
5238
5798
4889
5168
5238
6286
5657
5657
5238
6217
5308
5658
5168
6705
5657
5378
5379
5798
6216
5727
5168
5169
6635
6286
6147
6705
5728
5727
5309
5727
6147
5308
5728
5658
5728
6286
5728
5308
5728
5728
5379
5309
6636
6775
6147
5239
5169
5239
6146
5309
5168
6216
5727
5169
5658
5727
6636
5239
6565
5867
5239
5588
5169
5797
5658
7613
8591
6636
8172
6216
5797
5797
6635
5657
6705
6146
5797
5308
5239
5727
5309
5588
6217
6146
5239
5658
5308
5797
5168
5309
6286
6147
5168
6147
5588
6216
5727
6146
5238
6146
5798
6146
5239
5727
5308
5239
5728
6146
5727
5308
6077
6146
5657
5657
5308
6147
5658
6217
8173
7264
7194
7125
7054
6146
21513
8591
6146
9080
7195
6635
6217
7264
7125
8661
6216
6147
5728
6217
5727
4819
5658
5797
5657
5798
6356
4680
6286
5169
5308
6635
5308
6077
5798
6286
8102
4749
5727
5728
5169
6636
6636
5169
5658
5798
5798
6216
7614
5727
5308
6216
5308
6216
6286
6286
6147
6635
5797
6566
