1886
1886
1886
1397
1397
1467
1816
1885
1397
1886
1397
1955
1396
1467
1467
1467
1467
1886
1956
1886
1396
1886
1886
1886
1886
1886
1886
2794
1886
1885
1397
1956
1466
1955
1397
1397
1886
1955
1886
1885
1466
1816
1955
1885
1886
1886
1886
1956
1886
1885
1815
1886
1955
1955
1955
1467
1467
2444
1397
1886
1396
1466
1467
2863
1955
1955
1466
1466
2374
1396
1397
1397
2375
1467
1885
1467
1397
1886
2374
1886
1886
1955
1886
1886
1886
1467
1885
1467
1816
1885
1885
1955
2375
2864
2934
2304
1956
1886
1396
1467
1886
1886
1467
1816
1886
1397
1397
1397
1885
1886
1955
1396
1886
1397
1886
1467
1956
1886
1885
1886
1467
1397
1397
1397
1397
1886
1886
1886
1816
1467
1886
2794
1816
1397
1467
1467
1885
1467
1467
1467
1955
1397
1467
1467
2305
1467
1886
1467
1885
1397
2374
1885
1466
1886
1397
1886
1467
1397
1886
1397
1397
1466
1886
1467
2305
1886
1956
1886
1815
1886
2305
1956
1466
1466
1467
1886
1466
1397
1396
1397
1396
1397
1466
2374
2375
2374
2374
2305
1466
1886
1397
1886
1467
1467
1885
2305
1467
1397
1886
1955
1886
1466
1466
1396
1397
2444
1886
1466
1397
1467
1467
1467
1467
1956
2305
1886
1397
1955
1397
1467
1467
1397
1466
1886
1397
1397
1467
1886
1886
1466
1467
1467
1397
1397
1956
1885
1397
1397
1466
1816
1396
2374
978
1466
1886
1467
1397
1396
2444
1397
1467
1955
2375
1466
1955
1886
1467
1467
1885
1886
1396
1467
1886
1466
1886
1955
1467
1955
1886
2375
1885
1467
1467
1467
10127
1816
1886
2375
1397
1956
1886
1397
1397
1397
1466
1955
1886
1397
1466
1467
1467
1397
1956
1467
1466
1466
2304
1956
1467
2445
1886
2375
1886
1397
1397
1886
1816
1397
2305
1885
2444
1327
1397
1397
1397
1397
1397
1397
2375
1467
1466
1467
1397
1397
1955
1466
2375
1886
2305
1397
1467
2305
1397
1467
1396
1396
1397
1955
1885
1955
1397
1816
1467
1396
1466
1467
1397
2375
1397
1885
10406
1466
1397
1467
1886
1467
1816
1886
1397
1397
1467
1397
1467
11314
1467
1467
1396
1466
1397
1397
1467
1397
908
1397
1467
1467
1467
1397
1397
2305
2444
1467
1397
1467
2444
1397
1397
1397
1956
1397
1466
1466
1396
1397
2375
1397
1816
1396
1466
1396
2444
2305
1467
1467
2445
1956
1467
1885
1467
1467
2235
2374
1397
1886
1397
1397
1467
1466
1397
2374
1467
1397
1397
1467
1886
1466
1466
1467
1467
1467
1397
1956
1397
1467
1467
908
2444
1467
1467
1397
978
1467
1467
1467
1467
1467
1467
1956
2375
2444
2444
1886
2305
1466
1886
2305
1467
1397
1885
1396
1466
2374
1886
1467
1397
2445
2305
908
1886
1397
2374
1467
1397
1885
1397
1327
1466
1467
1397
1886
1397
1885
1397
1467
1396
1955
2375
1397
1396
1397
1466
1466
978
1397
1886
1467
1397
2374
1397
1956
1397
1466
1886
1956
2305
1467
1815
1956
1397
1467
2374
1397
2375
1886
1467
1397
1467
1955
1467
1956
1397
1467
2304
1396
1397
1397
1397
2304
1397
1467
1467
1397
1396
1885
1397
1955
1397
1886
1397
1467
1467
1467
1467
1327
2375
1466
1467
1886
1955
1466
1397
1397
1885
1397
1397
1397
1397
1956
977
1886
1467
978
1397
1397
1466
1397
2304
1397
1467
1886
1467
1467
1397
1397
1466
1397
2375
1466
2375
1397
1467
1396
2374
1396
1467
1397
1886
1397
1397
1397
1467
1397
1886
1467
1885
1886
1397
1467
1466
1397
1397
978
1886
1885
1956
1467
1466
1467
1885
2374
1466
1397
1466
1397
1397
1885
1397
1397
1397
1886
1885
1467
1396
1885
1397
1467
1397
1467
1816
1886
1397
1886
1467
1467
1466
1467
1467
1397
1397
1396
1467
1397
1397
1397
1397
1885
2305
1467
978
2375
1396
1467
1397
1396
1397
489
1955
1396
2305
2444
1886
1397
1467
1397
1467
2375
1396
1886
1397
1397
1466
1396
1396
1397
1397
1396
1397
1397
12361
1467
1886
1467
1397
2375
2374
1466
1397
1397
1467
1396
1396
1397
1467
1397
1816
1397
1886
1397
1467
1886
1397
1466
1397
2374
1397
1466
2374
1396
1467
1397
1816
1397
1397
1397
1467
1886
2375
2305
2374
2375
2375
978
1397
1886
2374
1396
1397
2375
2374
1396
1956
1467
1886
1885
1467
1467
1397
1467
1467
1397
1467
1397
978
1467
1467
1467
1466
1467
1397
1467
1396
1396
1396
1886
1467
1466
10895
1885
1467
1397
978
1397
1396
1397
1396
1397
1397
1466
1467
1466
1955
1396
1466
1467
1397
1467
1397
1467
1886
1885
1885
1397
1397
1467
1397
1397
1467
1397
1886
1466
1467
2375
1397
1397
1467
1467
1467
1396
1467
1956
1397
1397
2375
1467
1885
1467
1397
1397
1467
1467
2444
1886
1466
1466
1397
1397
1816
1397
2375
1396
2444
1397
1467
1466
1397
1886
2445
1886
977
1886
1397
1955
1886
1886
1886
1397
1397
1397
2374
1467
1886
1397
1467
1397
1397
2445
1397
1467
1467
1886
1885
2375
1886
1886
1397
1397
2305
2304
1466
1397
1396
1467
1396
2374
1955
1466
1397
1467
2375
1886
2374
1467
1886
1886
2374
1397
1816
1397
1397
2374
1466
1466
1467
1467
1396
1396
1397
1397
1466
2374
1467
1467
2375
2444
2305
1467
1886
2375
1886
2375
1396
1467
1467
1885
1956
1397
1466
1396
1467
1466
1467
1466
11873
1397
1467
1396
1466
1397
1955
1886
1397
2375
2444
1467
1397
2375
1466
1467
1956
1466
2374
1397
1467
2374
978
2375
2375
1886
1397
1397
1467
1466
1467
1886
1397
1397
1466
1886
1467
1467
1467
1467
1397
2444
1886
1466
1466
1466
1467
1466
1396
1467
1467
1397
1397
1467
1467
1466
1397
1467
1467
1397
1467
1397
1396
1397
1885
1467
1397
1467
1397
1466
1467
1467
1397
1467
1396
1816
1397
1886
1886
1886
1467
1467
1886
1396
1886
1467
1885
1466
