2864
3284
3353
3354
3353
3354
2794
3842
2934
2795
2864
3354
3354
3283
2864
4821
2864
2864
2864
2794
2795
2865
2795
3423
3424
3284
2864
2795
2795
2934
2864
2795
5170
1956
2794
5169
2794
4750
2795
2794
1467
4820
2794
4680
2795
2864
3353
2934
2934
2794
2375
7126
2375
3353
2934
3213
2865
2794
2375
2795
5240
2725
2794
2934
5170
2864
2934
2794
2445
2864
2864
2864
2934
2794
2934
4332
2305
2445
2865
5239
2864
3353
2934
2375
2865
5239
1886
2864
2445
2934
2934
2864
2306
2934
2376
2375
2445
1886
2864
2864
2376
2795
2864
4820
2794
4751
2934
2864
2864
2376
5728
4821
2864
1956
2795
4750
2864
2864
2375
2375
2445
2935
2445
2794
2864
2864
2795
2934
3354
2794
2375
2865
2934
2864
2445
2934
2795
2794
1956
2375
2864
2864
5169
2864
4751
2445
2375
2934
2375
5309
2865
2865
4332
2794
2864
2934
2795
2865
2864
2865
2864
1886
2375
4821
5100
2794
2794
2864
2795
2795
3353
3423
2375
2795
5170
2934
2864
13832
5309
2375
2865
4610
4890
3353
2864
3424
2376
2795
2376
2864
2794
2934
2864
2934
2376
2865
2864
4751
2375
3213
3284
2305
2445
1956
2864
3284
2375
2794
2934
2865
2864
2864
2375
3423
2375
2864
2864
2934
2864
2794
2794
3353
2794
2375
2865
3353
2864
2795
2794
3213
2865
2934
2935
2864
2306
2865
2864
2864
2865
3353
3284
3353
2794
3284
2864
2864
3353
5309
3283
2934
2864
2865
2305
3913
3843
3842
2934
5729
6218
3283
3354
2865
1886
3354
2864
6707
3283
3283
3843
3353
2864
2794
6497
3284
2865
2865
3283
3772
2795
2795
2864
2795
2376
2865
5659
5658
2864
2445
2864
4820
2794
3354
2865
2794
2795
2864
2934
2864
3213
2794
2445
2445
2795
2864
3423
2865
2864
5380
2794
2864
5240
2794
2935
2794
3284
2794
2864
2934
2375
2376
13204
3284
2375
2794
2375
5309
2375
1887
2445
2864
2794
2795
2934
2794
3423
2445
2305
4821
2864
3353
3353
3283
2794
3283
2794
1886
2795
5170
2865
2794
2865
4751
3424
2864
2445
3353
2794
2306
2794
2865
2865
2864
2864
2794
2934
2934
2934
2864
2795
2794
2864
5170
2864
5659
2794
2934
1467
2864
3423
2864
2864
5170
2794
2795
2376
2305
2306
2864
2795
2865
2794
2794
2864
1886
3353
1886
2934
1956
2934
2795
2794
2864
2376
2864
2934
3284
2375
2794
2934
2864
3283
2864
2795
2795
2376
2935
2934
3702
2794
2934
2864
2864
3842
3842
2864
2865
2864
2864
2795
2865
2934
1886
2864
2795
3354
2864
2865
2795
2865
1886
2375
2375
2864
2375
2865
2864
1886
2864
2934
3353
2865
2865
2794
2865
3284
2865
5099
2934
2864
2794
2794
2864
2794
3284
2794
2445
2934
4680
2864
4890
3283
3353
2864
2864
2934
2864
2795
2375
3353
3772
2306
2864
3284
2865
2864
1886
2934
2864
1956
2794
3284
2864
2865
2864
6148
2795
1887
2375
4261
2864
3353
2794
2864
3283
2864
2795
2865
1957
2864
2794
2794
2795
3423
2864
2865
5658
2794
2865
2865
3284
2795
2864
2445
3283
2794
3423
2864
2794
2865
3772
2865
2794
3283
2865
3423
3842
3353
3283
2795
3283
2864
2795
13413
3353
2865
2864
2864
2795
2795
3773
3354
5379
2864
2864
2864
2795
2795
2864
2935
3354
5379
2795
3773
2375
3353
3353
3283
2864
2865
2794
2864
2934
4192
3354
3703
2864
2795
2794
3284
2864
3353
4262
2864
3423
3703
2865
3283
2864
2934
2864
2865
3354
2934
3353
2934
2934
2865
2864
2864
5309
2795
1886
2864
2376
3353
3354
2934
2934
2934
2934
3773
3284
2934
3423
2864
3424
1467
2795
2864
2864
3284
2794
2864
2934
2865
2864
2864
2795
2864
3284
2865
5169
2865
2864
2934
2865
2934
5240
2865
1956
2864
2864
2864
2864
2795
2375
3354
2794
2375
2864
3353
2865
2864
2934
2934
1956
2795
2865
2794
2865
2864
2794
3284
2375
2934
2864
2934
2795
2934
1398
2864
2375
1398
2794
2794
2445
2864
2375
5240
2864
2865
2864
2864
2864
2375
2864
2446
2795
2864
2864
2864
2375
2864
2934
3353
2376
2445
1956
2795
2864
2375
2865
4820
2864
2375
2375
1886
2375
2865
1956
3353
2795
2864
2794
2864
10059
2445
4751
2445
2864
2864
2865
2864
2445
2864
2934
2864
2864
2445
5169
2795
2864
4821
2934
3353
2445
4751
2794
2934
1817
2864
2375
5379
2445
2934
2445
4751
2794
2864
2864
2864
2864
2934
2375
2934
2375
2445
2864
2864
2865
2794
2934
2794
2445
2865
2864
2934
2934
2935
2864
2864
2375
2795
4681
2864
2864
5239
3773
3283
2864
3354
4750
2865
2795
5240
2376
2305
3214
3423
2375
4821
3353
4750
3703
2864
4681
2305
5310
2864
2934
2795
4820
2376
2864
2445
2794
4750
4750
2864
2375
2375
2864
2306
4750
2934
2934
2864
2445
2445
2865
5239
2795
2375
2445
2306
2795
2864
2795
2794
2375
5239
2865
2864
5239
2864
1957
2934
2935
2865
5240
2794
2864
2794
2794
2375
2864
4820
1887
1956
5728
2794
2864
2864
2864
1956
2864
2795
4820
4331
4751
2445
5728
2934
6077
2794
2794
2864
2445
2375
2865
3353
2445
2935
2864
2375
2795
4262
3353
2864
2864
2865
2375
2934
2935
2864
2795
2375
2865
5239
2864
5169
2375
5240
4261
4331
1398
2375
2306
2865
2864
2794
2864
2864
4331
2934
3424
3843
3842
2795
2865
2794
2865
2864
2864
2934
2376
5170
2864
2864
2795
2864
2794
2865
2864
2864
2864
2934
2934
3353
2934
2865
2795
2795
2376
2864
2934
3283
2375
2934
2375
2864
2794
2864
2795
1886
2446
3353
2864
2794
2375
5100
2445
2794
2795
2794
2794
2864
2864
2375
5170
2864
2934
2934
2865
3283
2865
2865
2934
1956
2795
2864
2795
3842
3283
1886
3353
2864
3353
5239
2864
3353
3703
2934
3284
3354
3353
2935
3353
2934
2864
2934
2864
4680
2865
3284
1816
2445
2795
2795
2864
