5309
5657
5727
5658
6635
6146
5727
6705
6076
5658
6636
6566
6216
5797
6286
5727
5727
6635
6775
5727
5378
5727
6565
5728
6635
6776
6636
5727
6636
5797
5657
5797
5797
5588
6635
5657
6705
5309
5728
5727
5797
5658
6147
6636
5867
5658
6286
5658
5728
6565
5727
6565
6775
5797
6286
5727
6216
6146
5728
6216
5588
5797
5378
5727
6146
5797
5657
5727
5309
5727
5798
5727
6076
6635
5728
5727
14318
6147
5657
6147
5797
5588
5727
6147
5797
5658
5797
5658
6217
6147
5657
5657
6147
5658
6565
6216
6635
7195
5797
6147
4749
5797
6287
6705
5169
6286
5797
5727
6635
5728
6635
5727
6635
5867
6636
6147
5657
5727
5867
5727
6216
5797
5308
5797
5867
5797
5588
5728
5727
6635
6706
6147
6635
6077
6007
5657
5728
5797
6635
5798
5797
5378
6216
5797
6705
5797
6565
5658
5657
5378
5867
6146
5658
5798
6775
5797
6216
4750
5867
5728
5308
6216
5798
6635
5798
6286
6146
6565
5657
6565
7124
5727
6705
6286
6147
5727
5657
5797
5798
5308
5657
5657
6775
5727
6356
6635
5658
5658
5238
7683
5727
5657
5728
5727
5657
6635
5658
6635
5657
6705
6705
5797
5727
6705
5587
6147
6147
5728
5727
5587
6076
5727
5658
5657
5657
5588
6705
5798
5587
6566
5657
6217
5797
5657
5727
5798
6706
5797
6705
5727
5657
6566
5797
5727
5658
6565
6775
5728
5728
6635
5658
6636
5657
6636
5169
5658
5588
5797
5658
6216
5727
6985
6635
6635
6705
6146
6147
5797
14318
6147
5728
6286
5727
5588
5657
5797
6566
6077
5798
6636
5798
6705
5797
5309
5657
6705
6775
6286
6565
5657
5658
6636
6286
5727
6635
5588
5658
5727
5727
5309
5658
5727
5658
5728
5797
6635
5797
5658
5657
5727
5867
5727
5657
6356
6146
6147
5797
5378
6217
6566
5658
5727
5728
5657
5657
6147
6286
5379
5797
5797
6636
6286
5727
5798
5727
5798
5797
6775
5797
6635
5588
6217
5727
5727
5728
5658
5728
6566
5798
5727
5658
5658
5727
6775
5727
6146
5727
5867
6216
6705
5797
6775
5797
6984
5797
6566
6566
5728
6775
5657
6705
5657
5867
5657
5658
6286
5588
6216
6705
6565
6705
5727
6775
5867
6146
5728
5657
5657
6146
5797
6565
5308
5728
5657
5658
5797
5658
5657
6147
6287
6146
5728
5797
5657
5588
6705
5798
5239
6635
5727
5658
5727
5797
5238
6077
5727
6636
6635
5797
6705
6216
6496
5728
5727
5657
5727
6635
5727
6565
5727
6635
5308
5658
6566
5727
6565
5727
6286
5867
5727
5657
6636
6636
6286
5657
5169
5658
5657
5657
6216
5797
6147
6217
6216
6705
5798
5378
5727
6217
5797
5657
18509
5657
6216
5657
6077
5658
5798
5797
6635
5728
6565
6635
5658
6147
5797
6705
5588
5797
6636
5727
5867
6147
5378
5657
5727
5238
5727
5797
5658
6356
6566
6635
6775
6146
5238
5727
5797
5797
6705
6635
6706
6635
5727
6705
5797
5728
5657
5658
5867
5797
5727
5728
5797
5308
6565
5728
5727
5308
6146
6635
6286
5239
6775
5308
5797
6635
5657
5797
6146
6217
6705
6635
6635
6565
5727
6146
5727
6635
6635
6216
5727
5727
6705
5658
5798
6286
5797
5657
6565
5727
5727
6146
6147
6635
6775
5727
5727
5168
5728
5797
5727
6775
5658
6705
5727
5657
5658
6147
6635
5727
5797
6775
6705
5238
6076
5728
5658
5658
5308
6566
5728
6635
5727
5727
6146
5728
6635
5727
6216
5727
5867
6636
5798
5308
5727
5727
6635
5797
6775
5657
6286
5797
6705
6286
5797
5797
5727
6146
5657
6775
6286
6216
5658
5728
5727
5727
5728
5797
5797
6146
5658
6216
5588
6636
5867
6566
5727
5238
5309
5657
5727
5657
5308
6705
6216
6635
6705
6636
6565
6566
5798
6775
6146
5797
5238
5727
5797
5657
5727
6286
5168
6146
5657
6287
5797
6775
5867
5587
5728
6635
5727
6077
5657
5727
5727
6635
6286
6286
6286
6076
6705
6216
6356
12851
6565
6147
6147
6076
5727
6286
6565
5727
6705
5727
5727
5658
5727
5727
6565
5728
5727
5378
5797
5658
5727
6635
5238
5239
6775
5727
5797
5728
6705
6147
6775
5728
5727
6705
5658
5867
5727
6217
5797
6636
5728
5728
5727
6636
5727
5797
7124
5727
6077
6705
6635
5728
6565
5797
5797
5727
5727
6216
5797
6286
6146
6775
5797
5658
5797
6775
5797
5657
5658
6077
5797
6565
5658
5657
5308
5588
5657
5798
5867
6146
6496
6705
5797
5658
6636
6496
5378
6286
6286
5657
5308
5797
5797
5797
5657
5728
5658
5657
5867
8172
5727
5727
5308
5657
5658
5658
5727
6705
5658
5657
5798
5727
5657
5797
6565
5728
5728
6705
5727
6705
5378
6146
5728
6077
6216
5797
5588
5797
6146
5657
6217
5587
5238
5797
5168
6077
5727
5797
6286
5727
6495
6076
5727
5797
6705
5797
6565
5797
6635
5587
5728
13690
6286
5727
5239
5658
5797
5728
5797
5588
6775
5658
6496
6565
6146
6146
6216
6565
5727
5308
5658
5797
5587
5727
5657
6565
5728
6147
5867
5797
6775
6565
5309
6705
5657
5728
6635
6635
5727
5658
5239
5657
5798
5658
5798
5798
6565
6146
5239
5727
7054
5727
5797
5657
5658
5728
6705
6775
5798
6286
5657
6216
6147
5797
5798
5727
6216
6775
6216
5728
5727
5657
5727
5378
8033
6775
5657
6636
6216
5657
5797
5728
5658
6076
5797
6286
5727
6705
15226
5797
5587
6705
5727
5798
6147
5728
5728
5657
5727
5588
5728
5727
5797
6635
6705
5797
5797
6565
6566
6217
6635
5658
6566
5727
5797
5727
5797
6636
5727
5728
6705
5727
5727
5797
5378
5658
5727
5728
6635
5239
6565
5797
6006
5657
5797
6636
5658
5797
6077
5728
5727
5727
5658
5657
5239
5867
5658
5658
6636
5727
5727
5657
5797
5728
5658
6775
5728
5797
5658
5658
5658
5727
6216
6775
5727
5797
6217
6635
14178
13969
5727
5728
5727
6635
5727
5308
6216
6635
6565
5658
5588
5727
5657
6077
6146
