10127
9568
9499
10546
9987
9778
10406
9498
9499
9638
9499
8172
9080
8171
8451
9009
8590
8171
8102
8450
8661
8521
8451
9499
9639
8172
8172
9429
9010
8731
8730
8730
8171
8520
9708
7753
8032
8730
8591
10616
10127
9917
9429
10476
11454
9918
9918
9429
9499
9568
9638
11524
9988
9359
9499
11384
9987
11035
9638
9639
10127
11594
10127
9429
9499
9639
9498
10546
9568
9429
9638
9638
9498
9638
9569
9499
9639
9988
11385
10127
9987
9638
9498
9918
10127
9499
10476
9987
9638
9917
11454
11594
9918
12572
9708
10895
9988
9498
9708
11105
9638
9428
9149
10407
10127
11035
9638
9568
9499
9498
10267
9918
12363
10547
10127
10686
12013
11524
10896
10895
10896
11943
11105
11245
12501
10127
10058
10476
10406
10057
9848
10476
19067
9988
10057
9638
11524
12501
11105
10127
9987
9918
12991
11385
11105
11105
11035
10965
10546
10965
10406
10127
10826
9848
10057
9708
9918
11804
10058
9918
9987
11035
11035
9359
9708
10057
9848
9987
10058
11244
11664
12012
11384
10057
10058
11314
9918
9569
9988
9987
10057
13759
10407
11314
11943
10825
10477
11315
11245
9568
10057
9568
9778
9918
9638
8940
12571
9918
11454
11384
9918
9499
9848
9498
10896
10406
9499
9569
11384
9917
9988
11315
9638
9638
9499
10616
9918
10128
10127
11594
10058
11943
9568
10895
9708
9987
9918
9987
9429
9569
10336
9987
11035
9638
11315
11105
9359
10057
10477
9568
9499
11454
9498
9638
11314
11245
9638
10895
9499
10895
12013
10826
10896
9778
9987
10127
10058
9987
9569
10197
11384
10127
11384
9918
9988
10896
9918
9708
10965
9429
9918
9918
9498
9569
10057
11384
9917
11035
9569
9429
9569
9499
11943
9638
10337
9568
11524
11524
18578
9429
10058
9988
9498
10895
9918
18089
9499
20464
11244
9708
9708
9638
9638
11384
9429
10896
9568
9988
10058
9359
10058
9569
9498
9428
9429
9498
9429
9918
10616
9499
9708
18717
9568
9498
9918
9848
9498
9498
10546
11035
9708
10057
9848
10616
9848
9918
11384
9638
10476
9848
11245
10337
9498
9359
9499
9639
11314
9499
9568
10406
9428
9429
10476
9568
9638
9429
10336
11035
11105
9498
9848
9498
9428
10127
9568
10547
9988
9638
9569
10058
9848
9918
9918
9569
11105
9568
9428
9987
10895
12432
9918
10965
10476
10057
19067
11384
9917
19276
9778
9359
10966
9987
10895
9918
9917
11035
9498
10476
11524
11524
9499
9568
11245
9638
9639
10895
9499
9638
9498
9429
9498
10826
9918
10057
9847
9568
9429
10057
9917
12432
9499
9499
10756
9569
9638
9498
11384
10476
9498
11035
9638
11594
11314
10895
10895
10127
9429
9429
9988
10895
9987
9498
10896
9988
11105
11314
10127
10965
11524
9987
10406
10336
9638
3771
3841
3842
3841
3772
4261
3772
3842
4330
3772
3701
3911
3842
3911
4260
3842
3772
3772
3841
2864
3841
4680
3282
3423
3911
3911
3911
3841
6216
8172
7543
6705
6635
7962
6705
6705
6705
6705
7193
7543
6705
7543
6635
6566
6216
6635
6635
6984
7193
6845
6635
7054
6635
7194
7123
7263
11035
9359
9638
9359
9917
11105
11245
11315
10407
9149
10476
9568
9848
10755
9987
11454
9918
9429
9429
9638
9638
13200
9917
10057
9708
10127
9569
11035
9848
9498
9917
10476
9499
10057
9848
9638
9568
11245
18019
9848
11803
9569
9499
9499
9499
9498
9568
9080
11105
10127
9638
9359
9638
9499
9918
10546
9499
10057
9358
11454
10127
11035
9987
9987
9638
11803
10965
11385
10895
10965
11454
9498
10476
9988
9917
9848
11315
9918
9918
9638
9639
10547
10616
10337
9848
9987
9498
9499
9498
9638
9429
10965
9569
11105
9848
11035
9219
11244
11314
11384
9429
11454
13689
9987
10895
9429
9638
9568
9918
9639
10127
10127
9638
17251
10476
10476
9638
9918
11384
11384
9638
9917
10965
9638
19067
9499
10966
9987
11384
9917
10058
9778
9708
9428
10057
11384
10476
11245
10546
11175
9569
11385
10197
9429
9149
10127
10057
9848
9988
9498
11734
10127
9638
9987
11035
9498
9568
11245
10476
11035
10477
9848
9568
9848
10127
10057
11594
10406
9428
10057
9499
9987
9499
9569
11035
11315
10407
9918
9569
11384
9988
9987
11315
9987
10476
9499
9499
10477
9568
10755
9847
10825
9987
10616
9638
10336
10895
9499
9429
9987
9778
9638
9918
9149
10058
10406
10128
9917
11035
11035
9638
9568
10057
9987
9848
9568
9638
9429
10267
11803
9917
9988
10406
10546
9359
9080
9009
9708
9359
8940
9010
8940
8591
9079
9499
11594
9499
9149
8730
9010
10547
9149
8870
9010
9428
9010
8730
9010
8660
9568
9009
9918
10826
9359
10407
10546
9568
17600
9708
9569
10197
11943
9639
10546
9848
9359
9569
10336
11175
10407
9638
11454
9848
9498
9569
10546
9848
9848
9498
13270
9918
11105
9498
9219
9918
10058
9917
9569
9428
9918
10756
10337
9917
11384
11035
10896
9988
9498
9918
10197
9988
9917
9569
9639
11734
9918
9639
11384
17531
9429
10406
10616
9848
9499
11594
9429
9638
9359
10127
9080
9150
9848
11385
9988
13270
11314
10127
9429
9847
9499
9638
9638
10128
11803
10546
9987
9569
9498
10825
10476
9359
10476
9498
10965
9638
10477
9569
10058
9708
11314
9499
10058
10895
10895
10057
9988
9638
9988
9918
9638
9777
9429
9988
9638
9638
9568
9498
9847
11454
9499
9988
12851
10965
11105
9987
9428
9429
10127
10407
9708
9498
12362
9988
10057
9568
12781
9569
9918
9848
17670
9568
9638
11873
11105
9498
10128
9638
9568
10057
10407
9498
9498
10337
10127
9638
10406
10547
9848
9499
11524
9918
9499
9988
14108
10127
9499
9359
9359
9918
9917
10337
9638
9638
11524
9848
9499
10896
10407
9848
10406
9499
10127
9638
9569
11036
9918
9498
9639
9499
9569
9848
11314
10337
9568
9569
11174
10057
9638
9778
10058
10965
11524
10476
11873
9429
11244
11035
9918
9918
10127
9917
9359
9498
10966
9429
9499
11105
10896
9987
9638
9428
9638
9638
11454
10965
10058
11384
9638
9219
9499
11524
9428
9359
11454
9638
9498
11524
11454
9568
9498
9917
