1885
1467
1397
1956
1397
1397
1397
1397
1467
1885
1886
1886
1467
978
1885
1885
1886
1886
1885
1956
1955
1397
1885
1467
1886
1467
2444
1955
1816
1885
1886
1955
978
1467
1467
1956
1467
2794
1886
1885
2444
1886
2375
1396
1886
18228
1955
1885
1467
1397
1886
1467
1397
1397
1467
1886
1956
1467
1467
1466
1396
1956
1956
1886
1955
1955
1396
1886
1396
1466
1886
1886
1397
1816
1955
1467
1397
1467
1466
1956
1886
1955
1397
1885
1955
1397
1886
1467
1397
1467
1397
1956
1467
1467
1885
1886
1955
1886
1466
2445
2374
1397
1397
1467
1467
1467
1466
1955
2375
2374
1955
1816
1397
1397
1397
1466
1397
1396
1467
1886
2374
1955
1397
1956
1467
1396
1397
1466
1956
1886
1397
1955
1467
1885
1397
1397
2444
1467
1467
1885
1467
1467
1467
1397
1396
1467
1467
1466
1467
1886
1956
1886
1886
1397
1467
1955
1816
1956
1886
1466
1466
1397
1886
2375
1397
1397
1396
1467
1466
2444
2934
1886
1466
1956
1955
1397
1885
1467
1466
1467
1885
1397
1397
1956
1396
1397
1467
1886
1886
1886
1885
1397
1886
1466
1886
12711
1956
1885
2933
2375
1467
1397
1397
1397
1886
1956
1467
1956
2375
1886
1885
1956
1886
1955
1955
1955
2794
1467
1466
1466
1467
1466
1886
1397
2375
1467
1396
1956
1955
1956
1467
2794
1885
1467
1467
1467
1467
1886
1955
1467
1885
3353
1886
1467
1886
1886
1467
1467
1397
1466
1397
1466
1886
1467
1467
1397
2794
1397
1467
1885
3212
1886
1956
1955
1397
1816
1467
1886
1467
1956
1397
1886
1956
1466
1466
1956
1956
1397
1397
1886
1886
1886
1886
1885
1886
1885
1467
1466
1956
1955
1466
12781
1886
1956
978
1397
1397
1886
1397
1397
1885
1467
1956
1886
1885
1886
1885
1885
2375
1956
1885
1397
1397
1467
1955
1886
2304
1885
1466
1816
1885
1886
1956
1956
1397
1885
1886
1955
1886
1816
1955
1886
1467
2374
1396
1816
1885
1466
1955
1397
2375
1886
1955
1886
1397
1956
1886
5308
1467
2794
13479
1466
2374
1885
1885
1467
1467
2305
2794
1885
1886
1886
1955
1886
1885
1466
1886
1396
1885
1467
1467
20603
1885
1886
1955
1466
1885
1956
2374
2375
1397
1467
1466
977
1886
1467
1396
1816
1885
1886
1396
1396
1816
1397
1397
1397
1466
2444
1886
1397
2375
2375
1467
1397
1885
1466
1886
2375
2374
1467
1886
1956
1886
1397
1396
1466
1956
1397
1467
1466
1396
1397
1467
1397
1955
1466
1885
1467
1956
1885
1886
1886
1397
1885
2445
1466
1885
1886
1886
1816
1397
2445
1467
1467
1956
1886
2374
1397
1816
1955
1467
1956
1956
1956
1886
1886
1467
1467
1816
1956
1467
1466
1956
1956
1467
1397
1885
1956
1467
1467
1955
1397
1466
1816
1886
1397
908
1955
1886
1886
2374
1886
1956
1397
1467
1396
1956
1397
1956
1396
1886
2445
1467
1467
1397
1886
1956
2864
1886
1886
1886
1885
1955
1885
1466
2375
1816
1885
1955
1397
1886
3353
1397
1397
1467
2793
1466
1956
2444
2375
1467
1885
1886
1886
1886
1955
1956
1955
1816
1397
1467
1885
1397
1885
908
1886
1466
1397
1397
1467
1466
1886
1397
1956
1886
1886
1886
1467
1467
1397
1397
1397
1467
2375
1956
1816
1956
1467
1886
1885
1886
1885
1466
1956
1467
1396
1885
1467
1467
1466
1886
1467
1467
1397
1397
1886
1956
1886
1816
1466
1956
1397
1467
1397
1467
1397
1467
1397
1467
1955
1397
1956
1397
1955
1886
1886
1956
1397
1397
1955
1396
1397
1396
2375
1466
1816
1397
1886
1397
1816
1885
1886
1467
1397
1466
1886
1397
1466
1466
1816
1956
1886
1466
1816
1886
1955
1397
1886
1466
1467
1467
1955
1955
2374
1886
1886
1467
1885
1955
1886
1885
1886
1956
1956
1955
1885
1816
1396
1886
1886
1956
1886
1886
1396
1467
1816
1467
1885
1467
1467
2375
1956
2375
1467
1397
1886
2444
1396
1397
1397
1397
1886
1955
1956
3353
1885
1467
1396
1955
1886
1467
1886
1956
1397
1467
1397
1397
1397
1397
1886
1816
2375
1885
1886
1467
1886
1466
1467
1956
1467
1396
1886
1956
1467
1396
1397
1467
1467
2375
1467
1397
1956
1886
1885
1397
1886
1466
1397
978
1886
1397
1886
1467
1885
1886
1886
1886
1956
908
1466
1467
1396
1886
1886
1885
1397
1956
1397
1397
1466
2374
2374
1885
1467
1467
1816
2375
1886
1467
1886
2305
1885
1396
1467
1466
1956
1886
1956
1885
1467
1955
1956
1886
1466
1467
1885
1397
1815
1467
1886
1466
1467
1886
1466
1886
1467
1396
1955
1886
1886
2374
1955
1397
1466
1956
1886
1396
1956
1886
1467
1885
1467
1467
1397
1397
1397
1396
2864
1886
1886
1396
1397
1886
1466
1397
2374
1396
1397
1886
1467
1885
1467
1397
1886
1467
1466
1466
1467
1466
1397
1886
1397
1956
1467
1466
1397
1885
2374
1397
1467
1467
1467
1466
1467
1467
1886
2375
2375
1886
1467
1397
1886
1467
1397
1467
1467
1466
1397
1886
1955
1467
1467
1397
1886
1397
1466
1397
1397
1466
1955
2374
1886
1396
1886
1397
1396
1466
1467
1466
1466
1467
2375
1397
1467
1467
1467
1397
1956
1467
1397
1397
1467
1397
1466
1466
1397
1397
1886
1397
2375
1397
1886
1397
1467
1467
1467
1467
1886
1467
1466
1885
1466
978
1467
1885
977
1397
1397
1466
1397
1467
2305
1885
1397
1466
1397
2375
1397
1886
1466
2444
977
1396
1397
1886
1886
1397
1467
1466
1467
907
1467
1467
1466
1467
978
1397
1467
1397
1955
1397
978
1466
1466
1466
2305
2374
1397
1397
978
1955
1396
1466
1397
1397
1396
1397
1397
1397
1886
1886
2375
1467
1397
1397
1816
1396
1467
1885
1397
1397
1397
1397
1467
1397
1466
1956
1397
1397
1396
1397
1467
1956
1467
1397
1467
1397
1466
1397
1397
1466
1397
1397
1397
1467
1467
1886
1886
1397
1397
