5238
4750
3841
4819
4750
4749
4330
4261
4260
4260
4749
4330
4330
4679
4819
4400
4330
4680
3911
4680
4261
4331
4260
4261
4190
4260
4331
4819
4330
4261
4261
4330
4331
4260
4330
4260
4260
4260
4750
4190
4260
5727
4749
4260
4749
4190
4261
4330
4260
4819
4190
4609
5238
4400
3422
4679
4400
4330
4261
4679
4400
4331
4260
4190
4819
4750
4331
4260
3842
3771
5239
4330
4330
4260
4190
4330
4260
4260
4330
4819
4400
4260
3842
5168
4261
4680
4330
5238
4260
4679
4749
4889
4749
4749
4190
4330
5657
4749
4749
4679
4679
4330
4749
5727
4749
6356
6565
5308
7054
6146
6495
5727
5308
5727
5377
5727
5238
5168
7194
5657
4750
5098
5238
4749
5727
4679
4680
4261
4260
4400
4749
4819
3771
4330
4260
4260
4260
4819
4261
4679
5168
4749
4749
4749
4330
5727
4191
5308
3771
4330
4260
6146
6216
4819
5168
5238
4749
7193
6216
4680
4750
5168
4400
6635
4819
5168
5238
4190
4819
4609
4191
4330
4819
4679
4749
4330
4819
3771
4679
4330
4819
4330
4260
4819
4331
4819
5308
4749
5238
6146
5238
5238
5727
6565
5308
4819
5657
6146
5727
5797
5238
5657
6216
5797
6285
5238
5168
5796
4749
4749
4819
5238
4749
5238
4261
4680
5308
4400
5168
5657
5308
4330
5169
5308
6285
4679
4331
5308
4819
5308
7124
4819
4889
4400
4330
4260
4261
4330
4749
4330
4331
4330
4749
4819
5657
4889
4330
5238
4819
4260
4261
4888
4190
4260
4749
3771
4330
4261
4260
4679
4331
4331
4260
4330
5238
4190
3841
4191
4260
4330
4819
4331
4261
4749
4260
4260
4330
4261
4261
4819
4191
4749
4260
4819
4330
4749
4400
4260
5238
4330
4749
4330
4749
4190
4330
4749
3841
4260
4190
3771
3841
4609
4330
3842
4260
3911
4750
4260
3772
4190
4749
4330
3911
4331
14946
4819
4330
5238
4260
3772
4260
4749
4400
4749
4331
4819
4260
4330
4260
4330
4330
4819
4400
4819
5308
4191
4260
4749
5727
4819
4819
5238
4680
4330
4400
4260
4679
4260
3841
4609
4261
4330
3841
4679
3282
4330
4261
5238
4261
4749
4330
16623
4819
4750
4749
5727
4749
4749
5238
6146
6705
5239
6704
5238
4749
5238
5727
5238
4889
5866
5169
5239
5308
5307
5168
6635
5797
5308
4679
4750
4749
4679
4400
4331
4749
4190
4260
4260
4260
4749
3422
4260
3842
4680
4330
3911
4260
4330
3841
4749
3771
4260
3352
4261
4330
4260
4819
4330
4749
4819
4260
4750
4330
4819
5657
5308
4749
4819
4261
4330
4889
4261
4260
4679
4260
4749
4400
4260
4330
4330
4260
4330
4819
3842
4749
5308
6705
5658
5727
4889
4889
5308
4750
5238
4261
4330
4330
5238
4819
4260
4400
4750
4749
4610
4260
4330
4819
4260
4749
4330
4819
4330
4330
4190
4679
4400
4260
4260
4330
3842
4400
4330
4749
4260
3911
4330
4190
4331
4679
4819
3842
4260
4330
4330
5168
4679
4819
4191
4749
4749
4680
4331
4400
5239
4330
6146
4819
4400
4260
4819
3841
4260
4680
5238
4679
4330
4680
4260
4330
4261
3771
4260
4190
4330
4819
4750
4191
4331
4331
5168
4749
4331
4819
4679
5377
4819
5169
4889
4260
4260
4819
4261
4749
6844
4680
4260
3841
4819
4749
3352
4749
4330
4330
4330
4330
3352
4260
4191
4330
4190
4400
4190
4261
4330
4261
4260
4260
4330
3842
4260
4260
4330
3842
4330
4331
4330
4400
4261
4260
3283
4400
4400
5238
4330
4260
4330
4330
4330
4331
4330
4749
4680
4260
4260
4331
4679
4261
4400
4749
4330
4819
4330
4680
4819
4680
5238
4749
4260
4750
4330
5238
4609
4750
11803
4889
4260
3282
4330
4330
4260
4331
5238
5727
4260
4679
4330
4260
4400
4749
3771
3911
4749
3702
3771
4330
4261
4260
4260
4260
4261
3842
4330
4190
4330
4261
4399
3841
4261
4190
3841
4260
4749
12921
4749
4680
4261
4889
4260
4261
3911
4819
5168
4261
4330
5099
4749
4330
4819
4679
4260
4400
4330
4819
3422
4680
4819
4819
4400
4400
4260
4190
4889
4330
4819
4191
4260
4819
4330
3842
4679
3841
4749
4260
4749
4260
4400
4260
4260
3911
4260
4331
4330
4190
4331
4260
4260
4190
4330
4819
4679
4400
4330
4260
4400
4820
3841
4260
5308
4679
5308
4400
4609
5797
4749
5238
5657
6076
6286
4749
4889
5238
5169
4819
4330
4819
4330
4330
4679
4190
4819
4400
3283
5657
4400
3911
4679
4261
4260
4260
5238
4260
4400
4889
4330
4400
5238
4819
4190
3911
4889
4330
4260
4819
4330
4260
4330
4261
4260
4261
4330
4330
4400
4330
4330
4330
4261
4260
4749
5308
4330
5308
4330
4749
4261
4819
4749
29054
3771
4400
4749
4330
4260
4679
3772
2794
4261
4260
3841
3841
4260
4260
4749
4260
4330
4330
4261
4260
4260
5308
4400
4680
4680
3353
4819
4330
4819
4819
4260
5308
4819
4749
4260
5168
4330
5307
4819
4260
4330
4819
4400
4260
4330
4260
4330
4330
4261
4330
4260
4330
4330
4261
4190
4261
4750
4260
3422
4260
4190
4260
3841
4260
4190
4261
5239
4680
4191
4260
4680
4261
3911
4190
4260
3771
4749
4330
4330
4331
4260
4330
4330
4330
4749
4819
4749
3911
4749
4330
4819
4749
4260
4331
4330
3911
4260
4191
4330
4330
4330
4400
4819
4819
4330
4749
4260
4261
4330
4261
4191
4889
5308
4330
4331
4400
4680
5169
4190
4191
4819
3911
4260
4330
4400
4819
3841
4400
4260
4400
4330
4261
5657
3422
4330
4330
4400
4260
3771
5727
4400
5238
4819
4260
4820
4260
4260
4400
3841
4750
4260
5168
4260
4260
4889
5168
4749
4330
4260
4330
5308
4330
4260
4261
4191
5238
4330
4330
4330
4191
4330
5169
4261
4190
4330
4749
4819
4749
4260
4330
4330
4260
4400
4330
4331
4260
4400
4330
4330
4819
4330
4330
4819
4750
4330
5238
4190
4679
4330
4260
4819
4260
4191
5169
4260
4679
4191
4330
4679
4330
4400
4330
4330
