1886
1956
1398
1886
1956
1468
1957
1956
1886
1468
1467
978
1886
1467
2865
1886
1398
1886
2375
2376
1887
1956
1956
1887
1956
2376
1817
1886
1816
1816
1886
1397
1467
1887
1886
1887
1956
2375
1887
1956
1957
1887
1956
1887
1467
1956
1956
1957
1956
1886
1886
1887
1397
1956
1886
1467
1886
1397
2375
2864
1956
1886
1887
1886
1467
1886
1468
1887
2306
1467
2375
1887
1886
2864
1467
1886
1956
1957
1397
1887
1887
1397
1467
2375
1397
908
1886
1397
1887
1467
1397
1467
1956
1886
1956
2305
1398
1816
1956
1956
1886
1397
1886
1467
1887
1397
1956
1467
1397
1886
1467
9431
1886
2375
1886
1467
1467
2864
1886
1886
1886
1817
1467
1886
1956
1397
1817
1886
1467
1816
1957
1886
1886
2376
1886
2306
1398
1886
1467
1887
1817
1956
1956
1956
2375
1397
1886
3283
1956
1887
1886
1956
2376
1886
1887
978
1886
1397
1467
1887
1956
1886
1887
1887
1397
2375
1467
1887
1886
1467
1887
1468
1886
1886
1886
978
2795
1398
1956
1957
1956
1886
1957
1886
1886
1886
1956
2445
1398
1467
2375
1886
8593
1886
1467
1467
1886
1886
1886
1816
1816
1467
1887
1467
1886
978
1397
1887
1886
1956
1886
1397
1886
1468
1886
1467
3213
2375
1397
1397
1956
1887
1467
1886
1886
1887
1397
1886
2445
1886
1887
978
1887
1467
1887
2375
2305
1886
1886
1956
1816
1956
1957
1467
1886
1956
1887
1886
3214
1956
1886
1886
1886
1956
1956
1886
1886
1956
2375
1886
1956
1956
1886
1398
1397
2375
1956
1397
1467
1886
1956
1956
1956
2446
2375
1816
1397
1397
1957
1467
1886
1956
1886
1886
2375
1956
1887
1956
1886
1886
1397
1956
1467
1467
1957
1886
1956
1956
2305
1816
1886
1816
2305
2446
1887
1956
2934
1886
2376
1886
1957
2864
1886
1956
1816
2376
1886
1887
1816
1886
2375
1956
1886
1887
1886
1886
2375
2375
1886
1956
1956
1956
2375
1887
1816
1397
1886
1397
2376
1956
1886
1956
2306
1817
1886
2375
1886
1956
1956
2375
2375
2375
1956
1956
1956
1886
1886
1956
2376
1886
1468
1886
2305
2305
2375
1397
1886
1887
1956
2446
1887
1956
1886
1886
1956
1886
2864
1887
1886
1886
1886
1886
1956
1956
1886
1956
1956
1957
2445
2376
1816
1886
1956
1467
1957
1956
1886
1398
1956
2376
1956
2306
1957
2375
1957
1886
1467
1956
1887
1886
1397
2375
1886
1886
1887
2376
2445
2375
2445
1956
2375
1398
1467
2445
1886
1957
1886
2375
1886
1886
1956
1887
2445
2446
1886
1817
1957
1886
2795
1956
1956
2375
2445
1956
1886
1956
1887
1886
1397
1956
1887
1887
1887
2376
2864
1956
1956
1887
2864
1957
1886
1467
1397
1956
1467
908
1886
2865
1887
2446
1957
1397
1956
1886
2445
1886
1886
1467
1817
1886
978
1956
1397
1397
1956
1886
1886
1887
1956
1886
2375
1468
1956
1887
1956
1397
2376
1886
908
1886
1886
1886
1886
1467
1956
1886
1886
1467
1886
1886
1886
1886
1887
1816
2445
1467
1816
1887
1816
1956
1886
1816
1397
1397
1957
1886
1887
1467
1886
1956
1397
1957
908
1886
1956
1956
1397
1887
2376
1467
2864
2795
1957
2376
1956
1397
1887
1886
1467
1886
2375
1956
1816
1816
1886
1956
1887
1467
1886
1886
2305
1886
2376
1886
1467
1886
2794
1886
1887
1886
1467
1886
1467
1886
1886
1397
1956
2375
1397
2305
1956
2375
2305
1886
1467
1886
1467
1956
1397
1467
978
978
1887
1467
1887
1956
1886
2795
1467
1886
1886
1886
1887
1886
1886
1957
1886
1886
1467
1397
1467
1886
1467
1886
1468
1397
1887
1467
909
1956
2305
1886
1886
1886
1398
1817
1956
1886
978
1467
1467
1886
1887
2375
1886
1956
1956
1956
1397
1886
1956
1886
1886
1956
1467
1886
1887
1887
1886
1956
1956
978
2375
1397
1467
1886
1817
1887
978
1956
1886
1887
1887
1956
1956
1817
1816
1467
1886
1956
1956
1886
1956
1467
1956
2445
2306
2375
2376
2376
1957
1887
1886
1467
1886
3773
1956
1886
1886
1467
1956
1956
1887
2375
1886
1397
1467
1886
1886
1816
1956
1397
1467
2376
1886
1957
1467
1956
1887
1397
2376
1886
2305
1956
2305
1887
1397
908
1816
1816
1887
1467
1886
1887
1886
1956
1886
1886
1887
1956
2375
1886
1886
1887
1397
1467
1467
1886
1956
1887
1886
1886
908
978
1956
1886
1887
1887
1886
1887
3353
1956
1886
1956
1886
1886
1887
2376
1887
1886
1887
1956
1816
2376
1956
1956
1816
1397
1886
1397
1886
1398
1887
1468
1956
1886
1467
1957
1956
1956
1887
1956
1956
1886
1816
1886
1467
1467
1397
1956
2445
2376
2375
1887
1956
1886
1816
1886
1886
1956
1887
1397
1886
1886
1956
1886
1887
1467
1467
1886
1467
1816
1886
1887
1957
1467
1886
2375
1886
1886
1886
1816
1886
1887
1887
1887
1467
1886
1886
1886
2376
1397
1886
1956
1956
1956
3284
1886
1886
2934
1816
1398
1956
1886
1886
1467
1886
1956
1886
2375
1397
1887
1956
1397
2445
1956
1886
1887
1956
1887
1887
1957
1886
1886
1887
1886
1956
1886
1956
978
1887
1467
1467
1886
3284
3284
1467
1886
1468
1887
1956
1957
1467
1956
978
978
1887
1886
1886
1886
10759
2376
1886
1956
1956
1467
1956
1886
1397
3283
1467
1956
1398
2375
1398
1886
1397
1398
1397
1886
1956
1467
1886
1956
1956
1467
1886
1886
1886
1956
1886
1887
1886
1886
978
1816
1886
2375
1956
2375
1956
1956
1886
1886
1886
1886
1956
1886
1886
1397
1956
1467
1817
1956
1957
1886
1956
1886
1956
1887
1397
1886
1398
978
1397
978
1886
1886
1816
1816
1886
1886
1886
1956
1887
1397
1817
1956
1397
1816
1956
1956
1956
1956
1887
1956
2864
2934
1887
1886
1956
979
1957
1467
1887
1886
1956
1887
1398
1397
1956
1467
1886
1887
1886
1886
1886
1956
1887
1397
