3282
3352
3282
3772
3352
3423
3283
3282
3701
3771
3423
3702
3771
3842
3282
3352
3282
3352
3772
3771
3352
3772
3772
3283
3422
3701
3772
3352
3841
3772
3772
3422
3352
3911
3772
3841
3353
3772
3771
3352
3352
3283
3352
3771
3912
3772
3841
3772
3841
3771
3352
3352
4260
4261
3771
3772
3912
2864
3352
3283
3353
4819
3771
3771
3841
3841
3771
3422
3352
3423
3842
3841
3283
3911
3842
3283
3772
3772
3772
3283
3213
3841
3771
3841
3911
4819
3772
3771
3352
2863
4260
3353
3352
3771
4331
3771
4260
3282
11384
4260
4400
4261
3842
4260
4400
3213
3841
3771
4400
3283
3352
4330
3911
3352
3842
3283
3283
3353
3841
3911
4330
3353
3841
3841
3701
3842
3352
3352
3423
3771
3353
3212
3771
3353
3422
4400
3283
3771
2933
3283
3213
3353
3282
3771
3353
3423
3841
3352
3423
3352
3352
3772
3422
3422
4330
3771
3353
3213
4330
3282
3701
3353
3841
3422
3772
3772
3911
3841
3352
3772
3353
3352
3841
3352
3352
3423
3422
3422
3353
3352
3702
3352
3282
3771
3283
3283
3701
3282
3422
3283
3352
3352
3352
3353
3352
3702
3353
3283
3422
3283
3352
3422
3841
3353
3701
3842
3283
3353
3352
3282
3422
3353
3353
3283
3353
3283
3771
4261
3283
3352
3283
3771
3352
3841
3842
3911
3772
3841
3283
3772
3841
3352
3772
3283
3352
3771
3283
3423
3353
3841
3282
3772
3353
3352
3422
3283
3422
3283
3352
3772
3352
3422
3353
3282
3353
2864
3423
3283
3282
3283
3352
2864
3842
3841
3352
4260
3353
3283
3772
3911
3842
3771
3282
3283
2933
3353
3283
3771
3283
3772
3282
3352
2934
3842
3771
3702
3422
3352
3352
3422
3353
3353
3842
4330
3352
3283
3212
3841
3283
3282
3282
3772
3352
3353
3842
4261
2864
3771
3352
3352
3352
3352
3353
3282
3282
3353
3771
3423
3423
3352
3841
2934
3353
3352
3353
3282
3352
3771
2934
3353
3282
3283
3911
3841
3353
3772
3352
3352
3423
3282
3422
3841
3282
3423
3352
3771
3282
3352
3423
3283
3353
3353
3423
3283
3353
3353
3353
3772
3352
2864
3352
3352
3283
3422
3283
4819
4331
3422
3352
10476
2933
11524
3282
3422
3353
3282
3283
3911
3352
3422
3772
3422
3771
3771
3771
3353
3282
3353
3352
3352
3423
3841
6146
2933
2863
3283
2863
3282
3283
3353
3771
3422
3282
3772
2863
3282
3282
2864
3352
3282
3841
3283
3353
3352
3422
3352
2863
4330
3771
3352
3353
3353
3353
3353
3353
3353
3282
3771
3841
3842
3352
3422
3702
3422
3352
2933
3423
3353
3283
3423
3353
3771
3841
3353
3283
3422
3352
3841
3283
2863
3352
3353
2933
3352
2934
3422
3353
3352
3213
3353
3422
3841
3352
3422
4330
4749
4819
3841
3841
4330
3352
3771
3772
3283
3771
2863
3772
3352
3352
3771
3353
3423
3352
3353
3422
3771
3353
3422
3911
3352
3352
3423
2375
2863
3283
3283
3422
3353
3282
3771
3282
3842
3911
3352
3283
3702
3352
3282
3353
3352
3353
3353
2375
3353
3352
3282
3283
3352
3702
3282
3282
3422
3423
3283
3352
3352
3352
3353
3841
3702
3282
3352
3353
2863
3212
3353
3422
3352
3422
3702
3352
3352
3422
3771
3283
3353
3283
3352
3353
3283
3352
3212
3352
3353
3282
3282
3422
3282
3841
3841
3283
3282
3771
3353
3283
3352
3213
3841
3282
3841
3841
4331
3352
3841
3841
3771
3422
3423
3282
3422
3283
3353
3352
3352
3352
3282
3353
3282
3771
3283
3282
3352
3282
3353
3422
3352
3772
3352
3352
3841
3701
3212
2933
3353
3283
3353
3422
3842
3842
3772
3771
3282
3282
3771
3422
3352
3352
3352
3422
3352
3282
3282
3422
3352
3353
3422
3283
3352
3911
2933
3353
3352
3283
3841
3283
3213
2933
3352
3422
3771
3911
3282
3282
3352
3282
3352
2933
50495
3771
3353
3352
3352
3422
4260
3422
3352
3352
3283
3283
2444
3423
2933
3283
3352
3772
2933
2863
3353
3353
3422
3283
3352
3422
3353
3702
3283
3841
3353
3771
3771
3422
3842
3353
3422
3771
3352
3353
3352
3353
3353
3282
3772
3353
3283
3353
3353
2863
3353
3283
3841
3353
3282
3352
3352
2863
3283
3352
3772
3352
3353
3841
3352
3352
3353
3282
3422
3353
3352
3282
3213
3282
3352
3352
3353
2864
3353
3352
2863
2864
3841
3353
3352
3352
3353
3282
3423
3282
2863
3702
3353
3353
3353
3352
3352
3352
3352
3282
3353
3282
3282
3772
3352
3841
3282
3352
2933
3282
3283
3911
3352
3213
3352
3353
3352
3352
3352
3282
2933
3283
3353
2864
3352
3283
3353
3282
3353
3352
3352
3282
3353
3353
3353
3352
3283
3353
3422
3422
3771
3352
3422
3841
3353
3841
3352
3283
3283
3352
2933
3353
3352
2933
3283
3352
3423
3352
3771
3353
3352
3352
3352
3282
3352
3352
3283
3423
3283
3353
2794
3352
3353
3353
3422
3283
3352
3283
25771
3352
3352
3353
3423
3701
3283
3352
3841
3283
3771
3841
3213
3282
3283
3352
3701
3422
3352
2864
2863
3353
3422
3352
3283
3911
3771
3282
3282
3353
3422
3352
3911
3282
3423
3352
3841
3352
3841
2933
3352
3353
3283
3283
3282
3283
3353
3422
3283
3352
3353
2864
3282
3352
4191
3213
3283
3423
3422
3353
3352
3353
3282
3352
3422
3352
3213
3283
3282
2863
2933
3842
3213
3352
3841
3353
3283
3422
3353
3702
3352
3352
3352
3353
3422
3352
3282
3353
3353
3352
3283
3213
3771
3352
3283
3283
3353
3422
3422
3352
3283
3772
3842
3283
3352
3283
3771
3283
3422
3772
3353
3212
3352
3352
3283
3283
3771
3352
3772
3213
3771
3422
3213
3352
3282
3422
3352
3701
3283
3283
3283
3701
3352
3352
3283
3841
3842
3353
3213
3841
3282
3422
3352
3841
3282
3352
3772
3353
3422
3283
3352
3352
3353
3353
3841
3352
3282
3282
3282
3352
3353
3353
3352
3422
3422
3422
3352
3353
3282
3841
3213
2933
3352
3771
3283
