7123
6146
6565
6216
6285
6635
6286
6635
6705
7543
6704
6774
6705
6565
6705
6286
6775
6704
7543
7263
6704
6705
6635
6565
6146
6216
7054
6565
6635
6285
8590
7194
7543
7612
7124
7193
8101
6705
7194
6565
7543
6285
6704
6775
7123
6635
6635
7124
6705
6635
6705
7543
6705
6146
6705
6635
6634
6704
7473
6635
6565
7543
6775
6356
6705
7683
7473
6635
6565
6704
7124
7333
7613
7054
6495
7543
7753
7123
6565
6705
8660
10406
6565
8172
6774
6635
6216
6635
6705
6705
6705
6216
7682
6634
6565
7613
7962
6705
6635
6565
6635
6635
7123
6774
7124
7054
6845
6635
9009
6285
6565
6565
6705
6705
6635
6635
6704
6774
7612
6286
7683
6705
6775
6635
6635
6705
6704
6635
6774
6634
6635
7124
6705
6635
6356
8102
6565
6076
6146
6635
6216
6565
6635
6635
6705
7682
6565
15295
7193
7194
8241
7473
6565
6774
8730
6705
6635
6775
6635
6286
14596
6635
7334
6286
6635
6565
6216
6216
7682
6634
7193
6215
7613
6565
6565
7542
6774
6705
6705
6635
6146
7194
6565
6634
6146
7682
6774
6565
6705
6774
6635
7124
7683
6775
6705
6704
7683
7683
6705
6635
7543
6634
7473
7543
6635
6775
6774
6845
6565
6286
6705
8241
6285
6774
8171
7263
8032
6844
7613
6635
6565
6565
6774
6635
7054
6705
6216
7193
7124
7543
6565
6634
6635
6565
6565
6635
6635
6565
6635
6704
6774
6635
6705
6635
6635
7683
6705
6635
7543
6635
6704
6704
6775
6634
6705
6635
6774
6984
6635
6635
6216
6705
6565
6565
7264
6565
7752
7543
6705
6565
6565
7683
7613
7543
6565
6634
6774
6634
6705
6774
6565
7543
6705
6565
6635
33873
6705
7054
6704
6565
6565
6775
6565
6356
7054
6495
6704
6704
6635
6704
6635
6705
6565
6146
7613
6705
6216
7194
6565
7543
7473
7264
7612
6635
6704
6635
6634
6565
6146
6285
7054
6634
6355
6565
6216
6635
6704
6705
6635
6146
7613
7263
6496
7194
7124
7542
6565
6565
6216
6635
6775
6565
6565
7543
7752
6146
6635
7683
7543
6704
6634
6146
6775
6565
6565
6565
6705
7752
6565
6705
6705
6565
6705
6635
6635
6216
7194
6705
6844
8102
7752
6705
6286
6635
7333
6565
7543
6705
6635
6635
7682
6635
7612
6705
7054
7124
6705
6565
7613
6565
6635
6635
6216
7683
7613
6216
6565
7124
6286
7264
7124
6705
7683
6565
6216
7264
6635
6565
6705
6634
7334
6635
6704
6635
6774
7543
6705
6705
6775
6635
6216
7752
5587
6565
6635
6635
6635
7612
6704
6705
6704
7263
6635
7682
6844
6775
7683
6704
6565
6704
6076
13270
6635
6146
6077
6634
6635
6565
6635
7683
7124
7752
7683
7543
6565
6635
6635
6775
7612
6286
6565
6146
6704
7543
6565
6775
6635
7543
6774
6635
6774
6705
8031
6704
7473
6285
7123
7543
7124
6635
6705
6635
6635
6635
6216
6705
6635
7542
6705
6635
6565
7054
7264
7264
7542
6635
6356
6775
7542
6285
7193
5657
7752
6286
6635
6286
6076
8660
6635
6774
6356
6635
6565
6635
6565
7613
6355
6565
6215
6705
6565
6705
6635
6565
7683
6705
6705
6635
7054
7683
6705
6984
6635
7194
7123
7054
7123
6775
7194
7124
7753
6635
6704
7473
7124
6215
6565
7054
7612
6705
7194
6705
8172
7473
7543
6215
7543
7752
6774
6705
6286
6635
6705
7123
6635
6635
6565
6704
7752
6775
6635
6635
7542
7124
6634
7613
6565
6774
6635
7124
6635
7264
6635
6634
6215
6774
6774
6705
7124
6216
6565
7683
7123
6635
6705
5727
6775
6565
6635
6635
7682
6705
9080
6705
6635
6286
8032
6146
6775
6635
7193
7123
6635
8102
6775
6635
7683
6356
6705
6565
6565
7123
7193
6705
7263
6565
7613
6775
6285
6635
7613
6565
6774
6635
6216
7193
7123
6565
7613
7264
6635
7054
6775
6216
6775
7613
7542
6705
7054
6635
7543
7543
7263
6216
6704
6634
6705
7054
6705
7054
7682
6775
6705
7124
6774
6705
6705
6286
6775
7193
7543
6146
6635
6216
6705
6216
6775
6566
6565
6215
6216
6634
6635
7683
6216
6635
6705
6216
6635
7054
6705
6635
6775
8171
6704
7194
6635
6775
6705
6705
6216
6635
6565
6566
6635
6635
6286
7752
7473
6286
6565
6565
6845
6216
6286
7193
6565
6704
7612
8451
6635
7543
15574
6775
6635
6635
6286
6634
6635
7613
7473
6704
7543
7054
6705
7193
6704
7613
6774
6635
6215
6565
6635
6216
6495
7124
6565
6635
6845
6286
6285
6565
7752
6565
6635
6285
7053
6565
6216
6146
6844
7683
7682
6774
6705
6705
7264
7542
7543
6634
6565
6286
6565
8171
8101
5796
6635
6635
7682
7473
6635
7473
6705
5658
6565
6775
6774
6635
6705
6774
6634
6705
6565
6705
6495
6705
6285
6146
6634
6286
6146
6705
6775
6705
6635
7612
6076
6635
6634
6705
6216
6635
6704
6635
6774
7543
6704
6705
7124
6286
7753
5308
6774
6355
6286
6704
6705
7613
6216
6216
6635
6705
6565
6984
7682
6216
6635
7543
6216
6565
5169
6705
6705
6495
6635
6775
6565
6635
6635
7683
6704
14388
6285
6565
6076
6635
6286
7682
7612
6146
6634
6565
7124
6635
6496
6565
6635
6634
6775
6565
6216
7193
7752
7613
6146
6705
6705
6146
6146
7682
6705
6775
6146
6635
6775
6565
7683
7543
7124
7962
6775
6705
7054
6705
6635
6705
7194
6635
7682
6705
6635
7613
7542
6286
8032
6565
6565
6704
6286
6565
7054
6704
6635
6216
6704
6705
6775
8172
6775
6635
6146
6704
6774
8032
6704
6565
6635
6286
6565
7613
6635
6775
6844
6775
6705
6635
6775
6565
6635
6774
6216
6635
6286
6286
6704
6146
6285
6635
6635
6356
6565
7613
6705
6146
7124
6774
6634
7542
6635
22349
7543
6705
7124
6635
6705
7543
6565
6216
6635
6635
6635
6635
6705
6565
6845
7683
6705
6705
6635
6635
6565
6705
6705
7613
6635
6216
7752
6216
6495
6286
6635
6705
7752
6635
6635
7193
7473
8591
8102
7194
