5309
4820
5728
5239
5309
4750
4750
6217
5728
4820
5309
5728
5309
5239
5169
5728
4750
4820
4750
5099
4820
5588
5169
6286
4820
4820
4750
4750
4890
4680
5169
5239
4750
4820
4890
4750
4820
4680
4680
4680
4820
4750
4820
4331
4331
5239
4820
4261
5239
5170
4680
4820
5239
5099
4820
4611
5169
4261
3772
4261
4680
4330
4750
5239
5658
4819
5308
4820
6566
7684
5309
6217
5309
5727
5099
6147
5239
5309
4820
5169
5239
4750
5379
5169
4819
6706
5309
5239
5239
6636
5239
5169
5728
5239
6077
5170
6357
5309
5728
6078
7055
5239
5378
5658
6357
4680
4890
5309
5309
4820
4261
5658
4820
4680
4750
4261
5239
4820
5239
4750
4331
4750
5169
5308
4750
5379
5239
4750
4400
4750
5169
4820
4750
4750
4750
4819
4680
5309
5658
4750
4750
4750
4820
4680
5658
4750
5239
4681
5589
5170
4889
5309
5308
5239
5309
6636
5100
5239
5728
5728
4680
5099
4680
4401
5238
5169
4750
5239
4819
3772
5170
4331
5239
4680
4890
3842
4819
5239
4889
4750
4331
4820
4820
4750
4820
5239
4261
4750
4750
5309
4192
4750
4331
4820
4262
4191
4261
4401
5169
5309
4261
4401
4750
4331
4820
4401
4331
4820
4820
4261
4820
4750
4261
4750
6217
5239
5169
5169
5239
5309
4750
4750
4261
4331
4331
4750
14390
4261
4750
5309
4680
4610
4750
5099
4820
4680
6217
6775
4750
7195
5170
6148
6147
6147
5378
6776
7195
6985
5658
6077
5309
5728
6217
4401
4261
4820
6287
5169
5728
6566
5169
7125
5169
6706
4820
5169
6636
6217
5239
6776
5728
5309
5239
5239
6636
5309
5169
4820
4680
5658
5309
4820
6636
5658
4820
4681
5309
4820
4820
5169
4889
4261
5728
5658
5728
5239
5658
4819
6077
5169
4820
4750
5309
5658
5309
5728
5588
5169
5728
5379
6706
6077
5169
5169
5169
5798
5239
6706
5588
5169
4750
5798
5379
6217
5728
5798
5728
6636
5239
5798
5239
6636
4750
5797
4750
5309
4401
5658
5169
5169
5169
4191
5658
6636
5798
4750
4750
5239
4750
5728
4750
5238
6566
5169
4820
5379
5169
5658
5658
5309
6216
5309
5239
7125
5728
4820
5309
5239
4750
5868
4750
5728
5309
5309
4401
5309
4819
4750
4820
5309
4331
5798
4261
4750
4820
4750
4331
4819
5239
4750
4401
3842
4261
4820
5239
4889
4820
4750
5169
5378
4750
6706
5239
5239
6287
7055
5239
5169
6217
5239
5239
5658
4889
5239
5588
5658
5239
5169
5239
5239
5589
5169
5798
4820
6775
5658
4191
6147
5309
6286
5170
4819
5868
5588
5658
4820
6216
5309
5239
4750
5239
4820
4750
4750
5658
4750
4261
5169
4889
4750
4261
4819
4750
4331
4819
5728
4890
5728
4820
4331
4750
4819
4820
5239
5728
5169
4400
4750
4820
5309
4750
4820
4750
4261
5309
4750
4820
4750
5728
4820
5170
5169
4750
5239
11386
5169
5239
5728
6636
4820
7195
6636
6566
6287
6148
6636
5309
6776
5588
5170
7056
6078
5169
6287
5239
5798
5239
6706
7754
6077
5239
6147
5728
4820
4890
4750
5797
6776
4750
5658
5169
4680
4750
5658
4890
5658
5309
5239
5170
4750
5658
6147
5169
6776
5798
4750
5309
4820
5658
5169
4820
6287
4750
4680
5727
6636
5238
5239
5239
5238
4750
5728
5169
5379
5239
4750
5169
4820
4680
4400
5169
4750
4750
5728
4890
6706
5728
5309
5309
5099
6078
5658
5798
5239
5239
5728
5239
5239
5239
4820
6147
4819
4890
5309
4750
5379
5309
5728
4890
5798
4750
4750
4750
3842
5659
6706
5798
4680
4750
6985
6217
5309
5239
5239
5589
4261
5658
5169
5868
6636
5239
4820
6147
5239
4680
5239
4680
6287
4680
5308
4890
5170
5728
4401
4750
5379
5239
4331
4401
4820
5239
4889
4191
5239
4820
4820
4820
4750
6217
5659
6217
4889
4331
4889
7125
7125
4820
6287
7474
6357
5239
5728
6287
5169
5169
4890
6217
3772
4820
5169
4750
6147
4820
5239
6287
5239
5169
5239
5797
6287
5798
5797
5308
4750
5239
4750
4889
4680
4820
4750
4820
4820
4331
4680
4750
4680
4750
4331
5309
3842
5239
5239
5309
5169
4820
4261
4820
4330
4820
4191
4889
4820
4890
5239
4750
5798
6147
5658
5588
4820
5309
4400
4750
4680
5379
5589
4750
4820
4750
4750
5379
5239
4750
5169
3772
5169
4820
4191
4331
5868
5169
5798
5309
6776
6566
6287
5379
7125
7195
5239
5239
5239
5169
4750
6077
5658
5239
5378
5798
6217
4820
5239
5658
6147
5169
5728
5728
3842
5798
5728
5728
5659
4680
4750
5239
6776
5658
4750
5239
5798
5658
5589
5169
5728
5170
4611
5239
5239
5239
5169
4750
5100
4890
6287
5658
5308
6147
7265
5309
5169
5170
4750
4890
5728
5658
6636
4890
5239
4750
4681
6287
4750
4750
5100
5588
5658
5309
4750
4750
4261
6147
5658
6636
2864
2864
3283
2934
2864
2934
3283
3352
2864
3353
2864
3283
2934
3283
3353
3283
3353
3353
2864
2864
3353
2864
2864
3423
2864
3422
2934
2864
3283
2934
3353
2864
3772
2864
3283
3283
2864
3352
2864
2444
3283
3353
3353
2934
3283
2934
2934
3353
2864
3353
2864
2864
3283
2794
2794
2933
2934
3283
2864
2864
2934
2794
2864
2794
2375
2794
2794
2934
3283
2375
2375
3353
3283
2794
2934
2864
3283
2794
3353
3353
2794
3353
2794
2864
2934
2445
2795
2864
2795
2863
2864
3353
3772
2794
3283
3283
3423
2864
2863
3353
2864
3353
4261
2794
2794
3353
2934
3283
14459
2864
2934
2934
2794
2864
2864
2933
2375
2795
2794
2864
2864
2794
2445
2794
2864
2445
2934
3283
2864
2934
2934
2864
2794
2375
2375
2795
2795
2934
2934
2934
3353
2794
2375
2864
2934
2375
2794
2864
2375
2794
2794
2864
2864
2864
2934
2305
2864
2795
2375
2864
3353
2864
2794
3284
2934
4331
2864
1467
3353
3842
5239
5309
6217
5658
5728
5238
5309
6566
5309
5239
5169
6357
7055
5728
7195
5798
5728
