15575
10476
12781
10825
10406
10616
11035
10825
12501
10825
11524
13968
10616
12921
14737
15644
14597
12711
10965
10546
11454
10895
10965
10616
10546
11384
11174
12013
10896
11523
12292
10686
11314
11104
12362
10825
10615
12292
10546
10337
10896
10896
11105
11105
10825
11454
14317
10476
12292
10406
10407
10546
10546
10965
12432
10825
10616
10755
10965
10966
10826
10476
10616
10616
10406
11943
10755
10755
11873
12432
10476
11594
11594
12222
10825
10267
10896
10407
10337
10895
12082
10616
11942
12501
12432
12362
10896
10406
10546
11454
10476
10476
10477
10406
10895
10616
10895
11524
10755
10616
11104
10686
10826
10476
10546
10546
10896
10546
12502
10546
12502
6216
6635
8101
7124
6286
7543
6635
7612
6635
7612
7194
7193
8032
7193
6775
6635
7752
8241
6705
6635
6705
6775
10965
12292
10825
10476
10825
10895
12362
12571
10406
12502
10616
11105
11035
12293
11105
10965
10477
10406
10616
12082
10337
11594
10965
11873
10965
10477
11943
10616
11384
10825
10965
11035
12153
12711
10616
10616
10266
10476
10895
10406
10546
10476
11035
10755
10546
12851
10826
10895
12502
10546
9429
12641
10896
10616
10336
10546
10546
10477
11105
10337
10616
10407
12292
11035
10616
10477
10686
10336
10825
10406
10965
12362
10966
10825
10616
12362
10477
12222
10476
10896
10477
10476
11803
10826
10965
11384
12013
11873
10546
10616
10476
10337
10616
10896
10546
10197
10477
10826
10896
10616
10615
10407
17251
12502
12013
12572
12362
11315
12222
10546
10756
12362
12362
11524
11873
12432
10477
12432
10477
11035
11733
10616
12012
11384
10616
10895
12292
10616
10267
10755
10477
10616
10895
10755
11035
12432
10896
12362
10965
12293
10896
10896
10476
10616
11314
11035
10895
10825
12432
11105
10546
11384
11105
11384
10616
10476
10896
11244
10406
10826
10406
10616
11105
10336
12012
10825
10616
11105
10895
10896
10406
12292
12572
10476
10616
10337
10755
11105
10476
10546
11943
10546
10965
10616
11384
10825
10546
12083
10476
10476
10895
10406
10407
10476
10826
10546
10895
10546
10546
10477
10476
11035
10546
10337
10616
10477
12292
10406
10895
12222
10127
11314
10337
12432
12362
10337
10616
11803
10616
10546
10895
10616
10407
12571
12292
10476
10546
10965
10476
10406
12362
10407
11105
11874
12292
12362
11035
12501
10895
10616
12990
19066
10826
10826
10826
11314
10896
10965
10546
10895
10616
10406
11035
12292
11524
10476
11943
10755
11035
10406
10755
11105
10476
12362
10825
10826
20533
10337
10895
10616
10546
12362
10756
10686
12362
10476
11105
11035
10895
10406
10965
10476
10476
10895
10895
10616
10685
12362
10546
10616
10616
12571
18648
12292
10546
10895
10406
10965
10825
10825
12362
10337
10895
11873
12432
12222
12362
11035
10337
10825
12432
10337
10616
10895
12362
10477
11943
10476
10616
10615
10825
10476
12292
10546
10616
10615
10407
10546
10825
12851
10476
10616
11524
10546
10546
10896
10336
10337
10336
12012
10616
11105
10895
12502
10477
10825
10337
10546
10895
10546
10476
12362
10896
11035
10895
10407
10826
10476
10546
10476
10546
12712
10965
10476
10616
12013
12012
11384
12292
10546
12012
12362
10756
10476
10546
12432
12502
10616
10616
10965
11384
10895
18997
10616
11104
12361
11594
10965
12851
10756
11105
10406
10895
10546
12431
10406
10616
10476
12292
10965
11035
10895
10546
10896
10965
10546
10546
10476
10406
11314
11873
10476
10476
10406
11524
10825
12572
10615
10686
10476
11035
12432
10546
10336
10895
12711
12571
12362
10477
19416
12362
10965
12432
10895
10546
10965
11803
10546
12362
10546
10197
10476
10406
12362
10406
10965
10406
10616
10406
10895
11873
12362
10615
11454
10965
10616
10546
10336
10546
10477
10406
10476
10476
10895
11943
12292
11594
12711
10476
12222
12292
10406
12571
10826
12851
11315
12432
11384
10965
12432
10476
10407
12711
10406
12292
12641
18927
10547
10477
10895
10477
10615
10965
10546
10197
10895
10965
11384
10476
10965
10407
9638
10476
10546
10616
10616
12361
10616
10476
12501
10825
10546
11105
10406
12711
10546
10615
11943
11035
10477
11803
11524
12851
11035
12502
10616
12012
11105
10756
12432
10546
11943
10477
10476
10337
10895
10895
10895
10616
10407
10406
10895
11104
11943
10825
10826
10477
10615
10895
10476
10476
12502
10755
10476
10546
10546
10476
10616
11873
10477
11454
10825
12082
10406
12082
10685
10477
10546
10476
10477
11035
10616
11874
10616
11035
12502
10826
14247
10546
10547
11454
12013
10616
10337
10965
10546
10965
10337
10477
12362
21441
10336
10407
12223
12292
10546
10825
11105
12292
10546
10407
10686
12502
10546
12222
12571
10546
10546
11104
11943
12431
10476
10616
11943
10546
10895
12431
12222
10616
10407
10756
12362
10755
10616
12223
10546
10337
10407
10476
10406
12711
12502
10406
12502
10476
10477
12222
10197
10825
10337
12432
10476
12292
10336
10826
10616
10407
10476
10616
10825
11524
12432
12013
10615
10336
12362
10337
10895
10825
10406
10407
10337
10965
10476
10616
10616
10895
10476
10965
11385
11035
11314
10756
10407
12432
12222
10755
10546
12083
11384
10615
10825
10895
12431
10476
10895
10406
10476
10896
10965
12223
12013
12502
10337
10547
12083
10476
10546
10895
11804
10825
10476
9988
10825
10965
11524
11385
10616
10406
10616
10406
10477
11035
10965
18997
10407
12851
10476
10477
10476
10336
10407
10407
10058
11035
10336
11035
12292
10476
10476
10407
2933
2863
2794
2864
2863
2794
2863
2863
2933
2864
3353
2934
2374
2793
2794
2864
3283
2794
2794
2863
2864
2864
10895
12501
10826
10477
11104
12572
12501
12292
10825
12432
12362
10895
10476
10337
10337
11384
10825
10616
11803
10616
12432
11315
10546
12362
10546
12083
10406
10825
10895
10476
12012
11035
12501
11593
10476
10755
10546
11384
10895
10406
11454
10965
10337
11524
10127
11384
11454
9918
10826
10476
12572
11943
10336
10895
10616
10616
10477
11105
10965
10756
10895
10476
10546
10476
10546
10965
12293
12362
10616
10826
10476
12362
12152
10965
11384
10406
10896
10477
12082
10616
11105
10546
12431
10546
11035
10965
11035
10546
10895
11105
10966
11035
11104
10337
12362
9988
11803
12432
10476
11245
10546
12431
11385
10895
10546
10477
10965
10267
11942
12502
10895
10336
11384
11105
