7124
6286
7543
8241
7613
7613
7124
7263
7613
8591
7752
6705
7054
7124
9009
7613
7543
8520
8730
7124
7124
7263
8590
7124
7473
7543
7263
7613
7613
7124
8869
7542
7962
7193
7543
8450
7682
7682
7612
7613
7543
8521
8590
7054
7264
8450
7054
7194
8450
7473
7054
7263
7124
7473
7473
8940
6565
7054
6635
7194
8520
7263
7613
8102
8591
7683
8521
7612
8520
8590
7054
7613
7612
8591
7613
7054
8521
7612
7612
7613
8032
7264
8520
7542
7543
7613
7473
7124
7543
7613
7264
8171
7682
7752
7123
7193
8032
7613
7613
7613
7473
8032
8870
7264
8031
8590
8591
8451
8660
7124
7124
7543
7543
7124
8521
7542
8171
9010
7264
7613
7613
7613
8521
7752
8381
8242
7543
8521
8591
7264
7613
7682
7613
7752
7682
7613
7613
7613
8451
7543
7613
8521
8241
7473
7753
7613
9010
8730
7612
7473
7543
8660
7194
7124
8521
7682
7194
8590
7124
8660
8940
7264
7194
7264
8731
8241
7543
7543
8661
7613
7263
7682
8660
7054
7613
7264
7054
7124
8451
7264
7263
8521
7054
8172
9987
8451
7613
8032
8590
7054
7543
8660
7054
7124
7194
7054
7194
7543
7193
7263
7194
7612
7543
7124
7473
7613
7683
8590
7193
7683
7124
7263
7543
9429
6984
7193
7541
8728
8449
8729
7542
8101
7681
7123
7122
7541
7612
7262
7611
7193
7681
7472
8100
7612
7961
7262
7751
7192
7192
7612
7263
8659
7122
8101
7192
7192
7263
7681
7472
8589
7262
7542
8729
7193
7542
7751
7471
7541
8239
7262
7123
7122
8659
7472
7611
8659
8589
7542
8239
7612
7192
7681
7611
7751
8589
7053
7472
8520
7262
8590
7193
7682
7263
7262
7262
7193
7332
8519
7123
8101
8589
7123
7612
7682
8589
7681
7611
7123
7542
7682
7193
7262
8519
7402
15712
8589
7542
7612
7541
7542
7262
7612
7681
8728
7123
8659
7123
8939
8031
7262
7123
8030
8519
7542
7612
8170
7472
7262
7611
8589
7541
7263
7122
7193
7123
8589
7541
8449
8729
7961
7123
7681
8171
7542
8309
7681
8589
7122
8589
7541
7262
8589
8450
7123
7611
7192
6634
7542
7193
14385
8031
7122
7263
7262
7612
8100
7052
7541
8240
7681
7682
7193
8520
7472
7541
7123
7053
7123
7053
7611
7053
7682
8449
9008
7541
7542
7541
7262
7193
7123
7192
8589
7542
9008
7263
7542
8729
7192
7262
7122
7262
8519
8519
7471
7611
7541
7122
7192
7682
7542
7751
7123
7122
7193
7053
7751
7611
9218
7682
7262
8589
7542
7263
7542
7611
7542
7332
7263
7542
7263
7193
7612
7123
7681
7612
7471
7123
15293
7471
7612
7472
7471
8659
8520
7542
8589
7542
7681
7542
8519
7542
8938
7123
7192
7472
7123
8240
8659
8519
7542
7752
7611
8729
8589
7053
7122
7472
7541
7472
9148
8100
7682
7123
8171
7332
7052
7053
7612
7541
7262
7053
7611
7123
7053
7123
7123
8101
7612
7262
7193
7541
7611
7263
8659
7192
7123
8170
7541
7541
7471
7122
7611
7192
8520
7612
7123
8589
7123
8520
8449
8240
8519
8449
7751
7123
8590
9078
8030
7122
7263
7612
7123
7332
7751
7122
6983
8589
8659
7542
7472
8449
8101
8449
8519
7681
7193
7611
8379
8030
7612
6984
8589
7541
7752
7542
7542
8519
7053
7123
8240
8379
7611
8519
8520
35124
17109
7192
7123
7682
8519
7682
7612
7122
8520
7472
7542
7192
7542
7681
8589
7262
7542
7541
8590
7542
16899
7542
7612
8589
7193
7122
8659
7612
7542
7123
7681
7682
8520
7262
7471
8659
7541
7542
7472
9078
8170
8520
7123
7472
7193
7681
7612
7263
8589
7263
7612
7612
7611
7752
7751
7193
7193
7123
7542
8729
7193
1955
1885
1886
1886
1886
1885
1885
1886
1886
1466
1466
1955
1885
1886
1886
1885
1886
1955
1955
1956
1955
1816
1885
1955
1466
1885
1397
1955
1886
1955
1955
1955
1885
1886
1815
1885
1956
1955
1886
1885
1886
1886
1956
1955
1467
1886
1956
1955
1955
1955
7612
8589
8589
8240
8240
7123
8590
7542
7682
8240
7263
7123
9008
8589
7541
8869
6983
8031
7262
8519
8450
7681
8659
7262
7682
7122
8380
8030
8520
7123
7192
8589
7541
7542
7123
8589
7123
7611
8519
7123
7542
7752
7262
7053
8520
7542
7262
7682
7541
7123
7053
7262
7681
8659
8030
8589
7611
8589
7611
7542
7542
7542
7123
7193
8519
7123
8589
7262
7541
7542
8519
7542
7192
7542
7263
8589
8939
8240
7542
7542
7192
7751
7611
7751
7052
8589
7612
7472
7192
8939
7193
7542
7471
7262
7612
7612
8101
7262
8519
7611
7542
7612
7612
8520
7751
7333
7053
7193
8170
8100
7611
7681
7541
7682
7612
7193
7052
6285
7193
7472
7611
7542
8030
7053
8449
8519
8729
8100
8728
7122
8938
7612
7193
8519
7682
15782
7193
7681
7402
7193
7262
8659
7612
8450
8240
7542
8101
8520
7123
8240
7123
7472
7053
7192
8589
7192
7681
7193
7681
7123
7611
7681
7263
7611
8729
8589
8170
7262
7542
8590
7611
7472
7541
7122
7123
7402
7123
7542
14944
7263
7611
7262
8590
7682
7751
7681
7542
7262
7192
7681
7123
8589
7542
7123
7193
7262
8240
7192
6145
7751
7262
7612
7123
7192
7542
7123
7123
7052
7682
7262
7541
7681
8589
8938
8100
8729
7682
8379
8589
7682
7542
7752
8520
7541
7123
7612
8729
8589
7751
7611
7193
7192
7681
7612
7123
8939
7751
7472
7262
7682
9078
8450
7192
7263
7472
8520
7542
7192
7123
7682
7193
7542
8030
7053
8031
8449
7193
7471
8659
7612
8659
8589
7263
8100
7611
7053
8589
8659
7263
7751
7192
7122
7542
7752
8519
7192
7612
8519
8100
6983
7193
7751
7262
7612
8380
7682
8030
7123
7192
8589
7612
7611
8589
8659
7472
7542
7542
8100
7542
8659
7053
7612
7612
8589
8380
7472
8101
8659
7612
7681
16201
7542
7751
7053
8030
7192
8520
6285
7192
7542
7192
7542
7472
7681
7611
8728
8659
7542
8519
7193
7612
7541
7611
7193
