3842
3772
3841
2864
3282
3283
3282
3422
3352
3772
3282
3353
3772
2933
2864
3352
2933
2793
3283
3422
3353
3771
3422
3283
3841
5238
3841
3352
3283
3352
3841
3353
3353
3283
3353
2934
3352
3283
3282
3352
2933
3283
3353
2864
3352
3352
3282
3423
3283
3353
3422
3353
3283
3771
3353
3283
3353
3352
3842
3352
3771
3282
3352
3282
3352
3213
3352
3282
3422
3282
3352
3352
3422
3352
2793
3422
3423
3283
3352
2305
3352
3352
3422
3911
3282
3352
3352
3283
3283
3352
3352
3352
2863
3352
2933
2793
3213
2933
3352
3771
3283
3352
2864
3352
2793
3353
3282
3282
3353
3842
3841
3841
3283
3353
3423
2933
3283
3352
3772
3282
3423
3282
2864
3283
2934
3352
3422
3282
3771
3352
3352
2864
3353
3352
3282
3353
3283
3282
3283
3352
3283
3352
3283
3283
3352
3352
3771
3772
3353
3353
3282
3282
3422
3283
2863
3282
3352
3353
3282
3353
2794
2793
4330
3911
3353
3283
3352
3353
3841
3841
3282
3282
3352
3283
3353
3353
2864
3283
3353
12432
3213
3352
2794
3352
3422
3283
3283
3422
2863
3353
3352
3283
3282
3352
3352
3353
3282
3352
3282
3282
3282
3353
3352
2933
3422
3353
10755
3911
3353
3352
3283
3772
3213
3771
4260
4260
4260
4749
3283
2864
3352
3771
3772
3771
3771
3772
4260
4330
3841
4260
3422
5307
3841
3841
3422
4679
3702
4749
3841
5168
5657
4749
4260
4749
4260
4679
4750
3911
4190
6775
4330
4261
4261
4330
3422
5587
4819
3911
4330
3422
3352
3282
3353
3352
3771
3771
3771
3282
3213
3283
3352
2863
2794
3282
3422
3352
3353
2863
3283
3282
2305
3353
3352
3352
3282
3352
3353
3283
11873
2933
3352
3422
3841
3352
6146
3283
3353
3352
3353
3912
3422
3771
3282
3423
3353
2793
3352
2863
3352
2794
3282
3422
2863
3282
3352
2863
2933
3352
11873
3352
3352
3352
3283
3352
3772
3841
3283
3283
3353
3352
3283
3352
3213
3353
2864
2934
3283
3283
2793
3353
3352
3422
3352
3353
2794
3352
3352
3352
3213
3212
3283
2864
2863
3772
3352
2794
3352
3702
3282
2933
3352
3352
3283
3282
3422
3841
3283
3352
3283
3352
3352
3282
3422
2794
3352
2864
3352
2375
3771
2934
2864
3353
3353
2863
3352
3283
3282
3282
3282
3353
3422
3283
3283
3422
2794
3283
3422
2933
2934
3352
3282
3283
3352
3353
3282
3283
3282
3282
3841
2864
3282
2863
3352
3352
3352
3423
3353
3423
2375
3353
3352
2863
2863
3422
2794
3422
2864
2863
3353
3352
3283
3353
3352
3911
3422
3353
3771
3353
3911
3352
3422
3353
3282
2864
3423
3841
3353
3282
2863
3422
3353
3422
2375
2794
3352
3282
3352
3282
2794
3352
2863
3353
3282
2794
3282
2864
3283
3772
3283
2863
3422
2864
3352
3352
3422
3352
3353
2933
3282
2863
3352
3422
3422
3282
3422
3352
3352
3352
3422
3282
3283
3422
3283
3283
3422
3911
2863
3353
3772
3352
3282
3283
3842
3353
3771
3352
3282
3911
3772
3841
3771
3282
3353
2933
3352
2933
3283
3422
3422
3283
3283
2934
3423
3353
3422
3353
3352
3771
3353
3352
3282
3422
3353
2793
2863
3841
3841
3911
3352
3352
3283
3282
3352
2863
3772
3282
3282
2863
3352
3283
3283
2933
3282
2864
3352
3422
3353
3282
3352
3352
3352
3283
2933
3353
3422
3353
3282
3352
3283
2934
3283
3352
3282
3352
3422
3283
3283
2863
3352
2934
3702
2864
3283
3422
3353
3353
2934
2863
3423
3283
3283
3283
2794
3282
2375
3283
3352
3352
3423
3422
3282
3352
2864
3772
3423
3282
2863
2934
3283
3352
3283
3423
3352
3353
3282
3423
2863
3283
3283
3352
3352
3702
3353
2864
3352
3352
3771
3282
3422
3911
3282
3283
3422
3352
3282
3283
3352
3352
3352
3283
3283
3352
2933
3283
2863
3352
2864
2864
3352
3283
3282
3352
3282
3282
3352
3283
2864
3282
3352
2933
2864
3353
3702
3353
3283
2934
3213
3422
3352
2793
3283
3353
3422
3213
3772
3282
3282
3212
2863
3353
3353
3422
2933
3353
3282
3283
2793
3352
2864
3352
3353
3771
3352
3353
3422
3282
4679
2933
2794
3702
3353
2864
3771
3352
2864
3771
3422
3352
3422
3352
2863
3353
3771
3283
3352
3422
3911
3282
3282
2445
3352
3352
3841
3772
3771
3282
3841
3353
3911
3353
3283
3771
3771
3772
3283
3353
5378
3422
3841
3771
3841
4260
3702
3213
3282
3282
3702
3282
3842
3422
3353
3352
3282
3841
3352
3772
3213
3283
3352
2934
3212
3352
3352
2864
2933
2794
3353
3352
3841
3283
2863
3352
3283
2863
3352
3353
2374
2933
3352
3422
3352
3352
3353
3352
3282
3422
3283
3352
3353
3212
3772
3283
3352
3352
2864
3352
3353
3841
3352
3352
3353
2794
3422
3352
3353
3283
3771
3353
3422
3352
3283
3283
2863
3353
3422
4330
3352
3283
2864
3352
3422
3282
3283
2933
3352
3352
4260
2305
3422
3282
3213
3352
2933
3283
3771
3283
2863
3911
3352
3422
3353
2934
3353
3842
3352
3282
3422
3283
3352
3352
2864
3352
3841
2375
3353
3771
3422
3841
3213
3422
3282
3352
3282
3771
3771
2864
3283
3771
3352
3352
2794
2793
3353
3771
3283
3353
2934
3771
3283
3282
3283
3353
2864
3353
2863
3352
2375
3352
2793
3352
3352
2864
3352
3352
3352
2864
3282
3771
3911
2864
2794
3282
3911
3352
4331
3283
2864
3352
3352
3353
2933
2864
3283
3353
3283
2864
2934
3283
2933
3283
3353
2863
3283
3842
3352
3282
3841
2934
2793
2863
3353
2864
3283
3282
3283
3702
2864
2863
3352
3212
3841
3352
3283
3283
3283
3283
3282
4191
3422
3352
3352
3283
2864
3283
3282
3352
3422
3352
2933
3422
3283
3352
3772
4260
3353
2305
3283
3353
4749
3282
3352
3352
3771
3842
3353
3352
2863
2933
3353
2863
3283
4260
3352
3283
3283
3352
3352
3841
2934
2793
3353
3841
3353
3283
3422
3771
3911
3352
3282
3422
