5238
6146
5169
5307
5168
5797
5727
5307
5238
4819
5657
5727
5797
5238
5727
5308
5308
5796
5657
5378
5657
5238
6285
5657
4819
5168
4889
5727
5657
6076
5238
5238
5308
5238
5796
5238
5238
4749
5308
5238
5588
5168
4749
5238
4819
5238
5866
6216
6286
6146
5168
5238
5658
5727
5168
5797
5727
5238
5797
6146
5238
5588
5238
5238
5169
5238
4819
5168
5308
5169
5657
5797
4819
5238
5238
5377
6076
6704
5796
6146
4819
5168
6146
5307
5169
5657
5726
5657
6146
5727
4819
6077
5378
5727
6146
5238
7194
5238
5238
5238
5797
5169
5168
5168
5168
6216
6146
5377
5308
5308
5308
5658
5098
5099
5099
5238
7264
4330
5308
6215
5377
4261
7193
6146
5308
5727
5727
5587
5168
5238
5867
5238
5797
5727
6565
5308
6216
5169
5169
5308
5308
4819
5168
5308
5727
5308
5308
4819
5168
5238
5239
5168
12432
5587
6146
5657
5796
5168
5168
5238
5378
4819
5168
5238
5098
5308
5657
5308
5168
5168
5238
5657
5168
5378
5308
5238
5727
5657
5867
5727
5169
5727
5308
5168
5168
5796
4889
5727
5587
5727
5658
5657
6355
4819
5866
5308
5727
6076
5308
5308
4819
5587
6146
5308
5796
5168
5727
5657
5168
5239
5308
5308
6216
5169
5238
5169
5238
6216
5168
5169
5308
5238
5169
5168
6076
5238
5587
5378
6286
4749
5238
5727
5657
5308
5168
5168
5308
5308
5238
10965
5797
5308
5307
5238
5238
5796
5238
5308
5727
5727
6216
5727
5238
5727
5168
5308
5238
19765
5308
5099
4889
5168
5238
5169
5238
6146
5238
5168
6077
4749
5168
5797
5657
5308
5657
5727
5727
5168
5238
5168
5168
5727
5797
5657
5727
5308
5308
5587
5169
5238
4889
5099
4819
4750
5378
5308
5308
5308
5238
5168
5238
5239
4819
5238
4680
4679
5797
5238
5238
5866
6146
5308
4819
5797
6146
5657
5238
5238
5238
5377
5238
5238
5657
5308
6146
6146
5796
5308
5168
5238
5308
6216
5238
5098
5238
5797
5587
6146
5308
5238
5238
5238
6216
5168
6076
5308
5308
5867
5308
5727
5168
5238
6076
5238
5238
5238
5099
5168
5169
4749
6146
5168
5307
5307
5168
6146
5727
5238
5308
5238
5727
6146
5308
5238
5238
5168
13269
5238
5727
5238
5238
5727
5657
5308
5658
5168
5238
5168
5308
5238
6076
5377
4330
5657
5169
5587
5168
5308
5238
5238
5657
5169
5168
5168
5168
5658
6216
5238
5168
5239
5727
6635
5866
5168
5238
6216
5098
6355
5168
7683
5308
5238
5657
5308
5308
5238
5308
6076
5797
5238
5727
5657
4889
5168
5727
5308
5169
5308
5727
5168
5308
5169
5727
5658
5378
5168
5308
5308
5169
6146
5238
5308
5658
6216
5168
6216
6146
5657
5866
5657
5238
5797
5168
5168
5727
5587
5657
5308
5308
5168
5238
5657
5308
5727
5308
5308
5238
6076
5727
5727
5238
5308
5238
5308
5308
5238
5238
5308
5099
6146
6286
5098
5308
5238
5797
5308
5308
5727
4889
5727
5377
5238
5238
4819
5657
5308
5238
5308
5657
5378
5238
4819
5308
5726
5239
4888
5238
5308
5797
6146
5727
6216
5238
5727
5308
5238
4679
5308
5238
5307
5098
5308
5796
5238
5727
5308
5657
6146
4889
5657
5727
5169
5308
5657
5727
6146
6146
4819
5727
5098
5169
5238
5238
5238
5168
5308
5657
5308
5308
5168
5308
5378
5238
5587
5308
6146
5657
5238
5169
5587
5168
5238
6076
5239
4261
5657
5307
5238
5169
5727
5238
5308
5238
5168
5168
5307
5168
5378
4819
5168
5168
6216
5168
5727
5168
5238
6146
5377
5238
5308
5796
5169
5308
5238
5308
5308
5169
5727
6774
5308
5238
6146
5727
4819
5657
5238
5308
5377
5308
6076
5238
5308
5238
5238
5308
4680
5238
5587
6076
5727
5308
5308
5169
5238
5168
5168
5238
5658
5308
5168
5168
5796
5308
5168
5168
5797
5238
5657
5169
5238
5238
5238
4330
5378
6285
5377
6286
5168
5168
5308
5727
5238
5169
5867
5727
5308
6565
5727
5866
5657
5657
5168
5727
5238
5238
5238
5657
5308
5307
5168
5238
5657
5238
5169
6076
4888
5308
5307
5168
5727
5168
5238
5657
5727
5657
5797
5377
5307
5308
5308
5168
5168
5308
5308
5168
5658
5657
5308
5238
5168
4819
5238
5239
5727
5308
5238
5168
5657
5238
5098
5308
5308
5308
5587
6076
4819
5308
4889
5797
5308
5308
5238
5657
5099
5308
5657
5098
5238
5169
5308
5238
5378
6076
5308
5168
5796
5308
5238
5657
5169
6216
5727
5238
5308
5657
5797
5307
5378
5168
4819
5238
4819
5797
5238
5238
5238
5726
5238
6775
5657
5308
5168
5238
5238
5168
6146
5657
6146
5238
5308
5098
5657
5657
5378
5658
5238
5238
5168
5378
5796
5238
5238
5727
5168
5657
4819
5377
3841
5238
4819
5797
5238
5307
7054
5168
5238
5727
6215
5657
5308
6216
5308
5727
5238
5238
5168
5168
6146
6146
4261
6146
6077
5238
5657
5238
5168
5657
5657
5168
5168
5238
5169
5238
5238
4819
4819
5866
5308
5168
5238
5658
5168
5517
5797
4819
5587
5238
5238
5307
5238
5308
5238
14736
5168
4749
5308
6076
5169
5308
5168
5657
5797
6146
5308
5308
5168
5238
5657
5238
5238
5797
4819
5238
5727
5378
5307
5238
5867
6076
6216
6285
5308
6216
5377
5238
5727
5308
5308
5308
5797
5238
5238
5588
5168
6146
5657
6286
5168
5308
5308
5308
5797
5238
4749
5239
5587
6215
5168
5168
4749
5308
4889
5727
5169
4749
5308
5308
5797
5308
4819
5657
6216
5657
4749
5168
4819
5238
4889
6146
5238
5797
5169
5238
6216
5238
5239
5308
5098
6146
5238
5308
5308
17669
4888
5168
5587
5168
6146
6146
5238
5378
5308
5657
5238
5308
5238
5168
5098
5308
6077
5307
5308
5168
5238
5169
5099
5168
5238
4889
5727
6285
5657
5238
5308
5378
4749
5727
5168
5727
5168
5169
5308
5308
5866
5239
5238
5377
5168
5308
6146
5308
5238
5657
14178
5239
5168
5238
4820
5168
5308
