7682
7683
9149
8730
7543
7962
8171
8101
9638
8032
8032
8102
9568
8101
9079
8172
8101
8172
8172
7613
9358
10477
9569
8171
7683
7962
8031
8102
9359
8102
9708
9219
9010
8032
7752
7753
8241
7962
8660
7683
9707
7962
9010
8032
10476
8451
8032
10406
9010
9707
7962
8101
8101
9638
7961
8102
8241
8660
7962
8101
8241
7752
17251
7752
8172
8032
9568
9150
9149
9359
8730
14946
9499
8241
8381
9010
8101
9009
8032
8311
9219
8521
8032
8032
7682
8031
9428
8171
9499
9638
9358
8241
8590
9009
9010
7962
8032
9149
8102
9219
9009
9498
9080
8032
7613
7613
7962
7613
17740
9707
9009
15784
8101
8102
7752
8101
8730
8241
8102
9428
8102
8171
8241
8381
8591
8101
17460
8591
9848
8590
8032
9149
8101
8102
8521
8171
8171
8101
8032
8102
7962
9079
9498
8102
8171
7543
9359
8102
9149
9499
7752
8032
9429
9010
8940
8102
8171
8101
8102
9080
8101
8241
9150
8241
7961
9428
8172
8032
8101
8031
7962
9219
8171
9569
8102
8101
7892
8031
8102
9010
8032
9010
9569
8171
8031
8101
8031
8032
8242
8032
8101
9149
8102
7962
8171
8451
8660
8521
9568
8101
8520
8172
8032
9080
8102
8032
8032
8171
8172
11035
8032
8171
9499
8171
9079
8381
8171
8101
8171
9568
8242
8032
8450
7683
8520
8032
9708
8940
7962
8241
8102
8102
7612
7613
7683
8102
8171
8172
7962
9498
8032
8241
8241
8521
8101
9638
9010
9149
8032
7683
8939
8870
9080
7612
7682
9010
8101
8521
7752
8172
8730
8241
7962
7962
9219
8032
7962
8101
8032
8102
8102
8451
7962
7962
8939
8102
8101
8032
8172
7962
8241
18089
9149
8032
8590
8451
9149
8032
8241
7962
8032
7682
8520
9079
9498
8520
8241
8730
8102
8102
8102
9010
8032
9499
8032
9079
8730
7961
8102
8521
9429
8241
9638
7962
8450
8102
8660
9638
8590
9009
8171
8171
8101
8101
8660
7613
8101
8102
9359
8032
8241
9499
9009
9009
8591
9149
9498
8101
10406
8101
8031
8102
7962
8172
7543
8031
8590
8171
8031
8241
8241
8032
8101
8241
7962
8101
8032
9150
8171
8730
9499
8590
7961
8241
8241
9638
8032
9079
9358
8032
8730
8172
8102
9009
9080
8520
7613
8241
8171
9149
8171
9149
8241
7752
9498
9079
8171
8032
8101
9149
8171
8102
8171
9149
8032
8939
8241
9359
8451
8521
9429
8451
8451
9568
8660
9429
15086
11104
11733
10337
9568
10057
9568
13898
10476
10267
10825
8241
8241
9079
7752
9149
10965
9149
10057
8939
7612
8450
8661
8171
8661
8102
7263
8031
11943
9987
12013
8730
8590
9639
9568
8032
8032
8031
9080
8730
10057
8241
8032
8031
7752
8520
9987
10546
8451
9638
8102
8590
8590
10057
9498
10336
10057
8451
8451
8101
8101
9149
9498
11035
10057
10616
8870
8241
8242
8032
8381
8450
10895
9149
8171
10685
9498
8730
8520
10057
9987
8102
7682
9638
8102
8521
8171
8591
8241
8032
9917
21371
10337
9079
8521
9638
8730
10336
8451
10476
8172
8451
9568
8660
13340
10127
8660
8241
7682
8521
7961
7892
9498
8102
7962
9499
8661
8171
8241
8171
8451
8591
12990
11873
9848
8101
11104
9498
8102
6775
9149
9499
8521
8521
8450
9498
8102
8241
11175
9428
9988
9149
9918
8172
8451
8032
10127
8660
8102
8241
8102
9569
7613
7962
9079
8102
8521
9359
8171
10058
9010
10407
8172
9917
8590
8591
8171
8031
8660
8171
8591
8730
8590
11524
12083
12083
9918
9150
10895
9149
8521
10616
8940
8520
8032
9638
11942
8590
8520
23327
12222
10476
9499
11105
11314
12013
10127
8241
9917
8800
10755
8032
8521
8660
8590
9149
8101
8450
8660
8032
9568
8101
7962
9568
10127
8521
8171
7613
9568
8730
8172
8241
8171
9987
9009
10057
10477
12502
12222
9568
9987
9987
8102
11524
10895
9568
9498
10337
9010
11803
8660
12362
10616
8590
11174
8660
9149
8172
9219
10825
9150
12432
12012
9638
10825
10896
9149
9150
9359
9219
11384
10057
11524
12362
11035
13829
13689
11035
10546
12571
9429
8940
9498
10546
10756
10616
9917
10336
11035
8660
8591
8590
8660
9568
8521
8730
8171
9639
9568
8520
12781
13340
10476
14247
15225
14806
11384
12851
12152
9149
8590
9987
9429
9918
7752
8591
12851
12711
14108
12711
9429
9219
9987
8521
9987
12361
9987
8660
9638
8800
10406
10267
11035
11314
12990
10615
13759
9429
8590
8661
8032
8451
8870
9918
10895
11804
9569
9009
9917
9359
10057
8520
9918
8241
8102
9080
8940
9149
12711
10616
12432
32476
13479
11594
9009
8102
10546
8171
12781
7962
9010
7962
8032
8590
8520
9359
9988
11524
12851
10895
11384
10127
8521
7194
7542
8940
8171
9009
9917
9638
11035
8102
8520
8660
8172
9079
9499
8032
8660
9010
9080
8102
7612
8172
8101
9149
8102
8171
8101
8032
7682
8660
8171
7123
11873
10896
12990
9987
9498
8520
8940
8102
10965
9708
9010
8032
7752
8032
10057
9149
8660
9987
8660
16622
8590
7752
8521
8031
8172
9499
8102
8101
8032
9149
7683
8171
9428
8102
8521
8032
9498
9359
9638
8940
8730
8241
7612
8032
8032
8521
9080
8101
8101
7962
8172
7961
7543
8940
12502
15016
11104
8520
9219
9149
10337
8172
9079
8171
9429
10406
9429
9079
9009
10895
8241
9568
8590
7612
10406
9009
9568
11734
9638
8940
11454
9638
9638
11105
9917
8451
9918
8101
10057
10406
9009
11803
10616
9428
9149
9080
9568
13968
9080
8661
8101
8101
10406
7962
8031
9289
7962
8381
9149
8102
9498
7542
8521
8521
8660
10545
9359
10825
8661
9079
8451
8520
9079
10057
8032
8521
9009
9429
8172
8590
8521
15505
8380
8730
9009
8450
9568
9499
9079
8660
12431
8241
9428
8521
9428
8451
8101
10057
8660
8102
7962
9079
8101
8171
7962
8661
8171
8171
8241
8031
9149
8661
8521
9568
7962
8521
9080
12222
9149
8591
8590
10406
7961
9219
8730
8660
8032
8660
8590
9149
9429
9149
9079
9499
10127
10407
10616
11035
8520
8171
