11035
11454
9359
10058
9638
11524
9499
10966
9987
9917
12293
10336
10755
9429
9638
9429
9499
9498
9639
9778
9918
9569
9918
9568
11175
9499
10337
12571
9847
9498
9848
10965
9498
9498
9638
9708
9917
10477
11524
11733
9429
10965
11455
9569
10476
9638
9429
10546
10965
11035
9918
9499
9918
9708
11454
11873
10057
9569
9638
9918
10127
10057
9638
9988
10127
10896
11454
9428
9638
9988
9987
10057
10127
10895
9848
9917
10686
10755
9638
9498
9988
10407
10616
9848
10476
10057
11454
9918
9988
11594
10127
9918
11385
10895
9080
10128
9499
10057
9847
11943
10407
10965
12292
10616
10966
9639
9917
17670
10127
9708
18717
10616
9778
10965
10197
9988
11873
9708
10058
10058
10407
10197
11105
9359
11454
9638
11035
11105
9988
9918
11594
10476
9917
13759
9359
9638
11035
10966
9638
11804
9638
10965
12990
9568
9918
9987
10127
9429
9917
9569
9918
9988
11454
12781
9569
10406
10127
11873
13759
9918
10476
11035
10058
9917
9778
11385
22908
10127
9988
8660
8940
8521
9359
9359
9917
8940
9080
11385
9568
9010
9079
9149
9010
10406
9848
8940
9010
8730
9498
8660
10476
9009
9149
9429
8521
8661
18229
9638
9428
10197
10127
10058
11104
11105
10127
9638
11245
9848
12362
9079
9987
9499
9917
9359
10337
11454
11593
9987
9917
11454
11245
9569
10896
9639
9987
10407
10477
9918
9708
9638
10406
10127
10058
9987
10057
11454
9709
9987
10057
10476
9568
9917
9429
9988
10477
9917
9569
9499
9917
11524
9499
9638
9848
9987
9917
11873
11035
11524
9848
9988
10407
9848
9429
9499
10476
11524
11943
10057
9918
9708
11524
9569
10127
11035
9918
10127
11384
9499
11873
9359
10336
9987
11244
9428
9987
11315
10966
10825
9847
9987
9848
11035
9569
10616
9987
11594
18229
9638
9848
9848
10057
11315
9987
11035
10057
10476
11384
9429
9359
9499
9917
10616
11454
10057
9988
9568
9429
10477
9498
13270
9848
11105
9708
10477
11035
11035
11523
9917
9848
11314
9429
9569
9568
9568
9987
9918
10127
9987
9848
10546
11314
12781
9917
11454
9917
9638
11384
9918
9988
9918
10965
9638
10406
9917
9638
9499
9429
10127
10406
10895
9359
9428
9848
9569
10407
11384
9638
9639
9988
9638
10127
9988
9709
9987
11454
9639
9987
9499
10895
10406
10127
10546
9499
12502
9987
10197
11454
9428
9569
9638
10127
11874
10197
9988
18508
11105
11314
9638
9918
9918
10057
10965
9708
10895
9498
9917
9988
10477
10895
11035
9918
10337
11384
9568
9847
10127
9848
10546
10616
9638
9918
10966
10407
11314
9639
9569
9709
9639
9428
11384
10825
9568
10058
10895
9708
11524
12432
9638
10407
9988
9568
9498
11524
11314
9359
9917
9498
9498
10965
9358
9988
10965
9848
9988
9499
10197
11314
10965
9988
9568
10546
10616
11804
10127
11524
9499
11244
11384
9988
9568
10336
9498
10616
11524
9428
9359
10057
9988
12292
18019
9987
10058
11454
10127
9638
9569
9639
9708
9987
10127
9568
12362
10057
10966
10965
11384
9569
10337
11315
9987
11594
9987
10547
9918
18578
11385
10477
10128
9777
9429
10407
9569
10057
10057
9498
10407
10895
10477
9848
10895
9638
9778
11105
9848
9569
11105
10966
9987
11384
9708
9638
11314
10546
9499
9568
11454
9918
11873
10337
9498
9638
9847
13130
12012
11455
10058
9988
11175
9639
9638
10058
10477
10058
9428
11035
10197
9848
9079
11524
9708
10127
10127
10965
10127
9638
12292
9639
11524
10057
9847
9918
11244
9568
9988
9918
9429
9568
9499
9569
10057
10895
10197
10546
10057
9848
11315
9429
9918
10057
10127
9638
9778
9359
9848
10127
9428
10616
9987
9498
10407
11385
9848
11035
9918
10127
3841
2864
3283
3282
3352
3282
3352
3283
2864
3283
3352
3353
3422
3352
3771
3772
3771
3841
3841
3282
3352
11524
3283
3352
3841
3772
3842
9987
9917
10966
10407
9498
9638
11314
10477
9569
11524
9429
12432
10826
9708
9917
10057
10965
9569
24445
10477
9638
10057
11035
11384
11105
9987
10057
11594
11803
9917
10476
9498
10407
9987
11384
9568
17531
10057
12851
9569
9987
9708
27587
10406
10337
11105
9568
9499
9638
10476
9917
9987
9917
10267
10058
9847
9917
9638
10476
9568
9848
10057
9848
9359
10058
9569
11035
10128
10127
9568
10476
9498
10057
10895
11035
9568
10127
10336
11384
11873
11803
10197
9918
9918
9638
9638
10407
9429
10895
9708
9918
11105
13969
9848
10965
12013
10127
10896
9569
9499
9918
9778
11385
9079
9918
9988
9638
9499
12152
9638
11384
9848
11524
10546
11384
10127
9498
9917
10546
9638
11594
9358
11384
9918
10477
9988
11524
9918
9638
9847
10127
9917
9499
10127
11245
9918
9918
9988
11454
9917
11035
9988
9987
10057
10128
9499
10896
10896
10826
9987
9498
10127
19626
10267
9917
9499
10895
10476
9638
10616
11035
10058
10477
9569
11733
10057
10127
9988
9917
10407
10546
9428
11455
11523
9988
10337
9568
9638
10476
9569
10895
9917
11035
9918
11454
12851
9987
9847
9638
9918
10337
9848
9708
9918
10616
11454
9918
9987
9638
11455
9568
10407
9569
10057
11035
9917
9988
9499
9638
11035
10896
9917
10128
9918
10825
11524
11315
10127
11315
10127
9569
9988
9569
10127
9987
10127
11035
9848
11245
10616
9917
10406
11035
11105
9638
10406
9498
11454
11105
10406
9708
17950
10127
11873
9987
9988
9848
9918
9639
9499
10895
10895
10966
10616
9988
10825
9917
10127
11803
10966
10896
10058
9639
10546
9638
9917
9638
11245
9917
9638
9359
11035
10127
10336
9638
9638
10546
11035
9987
12013
10476
10896
9917
11384
9499
10476
11384
10476
9638
10058
12432
10896
10407
9638
10546
11454
9638
9568
11315
10546
11035
9149
10477
11385
10337
9568
9638
9847
9638
10127
12432
11314
9428
13619
11105
10826
9638
10895
9987
9638
9638
11035
9638
9429
9429
10825
9918
9918
9498
9917
9918
9988
9569
9638
10406
9639
31498
9987
9429
9988
9917
9359
12012
9848
10546
10127
10895
11314
9638
10965
10407
10057
10965
10058
10616
9987
10406
10477
9918
10965
9498
10057
11594
9499
11035
9848
12083
11384
