8172
7752
7403
8591
7543
8591
7264
8730
7613
7962
8171
7752
8032
8171
8521
7752
7613
7683
7613
7752
9009
7543
9079
9009
8032
7752
7543
7962
9149
7613
7473
8590
8172
8590
8450
9010
7612
9150
7613
7682
7682
7543
7683
9010
7613
9359
9358
7613
9987
9359
8101
8451
8380
7613
8451
7612
7682
7543
8101
7613
7473
7543
7543
7543
9009
8660
8521
8171
7543
7612
9010
7752
7612
8032
8660
8031
7682
8102
7613
7612
8869
9010
7962
7892
8730
7962
8032
7683
7962
8102
7683
7683
7472
7613
9638
7542
7683
7822
7124
7683
9009
7822
7752
7612
8032
9429
7613
7543
8032
7473
8032
7683
8032
7612
7613
8940
18158
8590
8032
9009
7753
7612
8940
7962
7543
7752
7682
7962
8661
7752
7613
7612
7543
7752
7892
7962
8102
9009
7683
7752
7613
8102
8660
9009
9009
7682
8590
8591
9009
8101
8032
8660
7613
7683
7543
8172
7682
7682
8032
7612
7892
9009
7682
8590
7892
8661
7752
8101
7753
8032
7962
8171
9568
8032
7752
7613
9917
8031
7612
9010
7543
7682
9079
7682
8940
7752
8660
7543
7612
7752
8660
7962
7753
9080
7682
7612
8521
8590
7683
7612
9010
8031
8521
8171
7753
7542
7194
8521
7682
7683
7612
8521
7473
9080
7753
8031
8031
9079
7682
9009
8102
7543
7683
7613
9080
9009
10057
7612
7753
8940
7682
7613
8032
7683
7962
7752
7683
7683
7613
7683
8102
7752
7682
8590
7962
7682
8102
7613
7473
7682
7613
7542
7682
7613
7473
7613
7613
7613
7613
7752
7194
7613
7612
7613
10057
8661
7613
7683
7543
9150
8031
7753
8241
6704
8102
8171
8172
7194
7543
7473
7613
7543
8870
9009
8590
6705
9219
7682
9009
8031
7473
7124
9009
8451
9009
7961
7752
7682
8032
7613
7543
8521
8660
7403
7543
7683
7543
7612
8102
7682
7612
9219
7962
7753
9009
7613
9080
10965
7683
7612
8102
7683
8730
8101
8730
7613
7612
7543
8590
8102
8172
7752
7682
8940
9010
8661
7613
7612
8591
8940
7612
9079
8521
7752
8661
7962
7682
8940
9918
7612
8171
7753
7613
7682
8660
7543
7753
7473
8660
7753
7612
7752
8102
7543
8939
17739
7752
7892
8032
7683
9149
8939
9149
9079
8939
7682
7682
8032
7682
9009
7613
8660
7752
8660
8451
7683
7682
7683
7473
9009
8590
7612
8660
8870
7612
8520
7543
8590
7543
8590
8032
8660
8172
7612
7682
7543
7543
9079
7613
7543
7612
7542
7612
8032
8660
7543
7683
8101
9219
7613
8590
8102
8381
8102
7683
7612
9149
7752
8101
9009
8102
8102
9009
7613
7473
7613
7403
6984
7193
8101
8940
8660
7682
7752
8730
7613
9149
8451
8032
8591
8939
7682
7683
7683
7613
7612
7543
7962
8171
9009
8102
8102
8241
8101
7473
9010
8451
8031
8032
7194
9149
9010
7683
8032
7682
7543
8660
7683
7752
9009
7682
7543
7263
7682
8172
7962
8172
7753
8102
7753
9428
8171
7752
8102
7682
7612
8031
7543
8590
7682
7822
8101
7543
8172
7752
9079
7683
7962
7543
7753
8591
8730
8660
8101
7962
8171
8102
8101
8730
7613
8101
9149
8101
7752
7682
9079
7962
7682
7543
7682
9987
9079
8590
7682
7682
8450
7543
7753
8171
7542
6635
8940
8032
8101
7753
7822
7753
8940
9080
8660
7612
7543
7613
8101
9010
7543
7542
8101
7613
7752
7542
9149
7612
8521
7752
7683
7613
7962
8031
7543
7752
7962
7752
9149
7682
7473
7613
8591
8520
7612
8031
8032
7613
8940
7682
8590
7753
9010
7753
7543
7612
7333
7612
7683
8660
7054
8102
9009
7683
7543
7683
7613
7752
7752
8870
7682
8101
7543
8102
7683
7613
8590
7543
7683
7682
8660
7194
8032
8101
9149
7613
7543
7543
7682
7683
7612
7542
9080
8730
7613
9149
7682
7613
8661
7543
9010
7613
8032
7612
9010
7612
8520
7612
7613
7263
9149
7752
7543
9568
7543
8032
7683
8451
9010
9009
7613
7613
9149
7473
7542
7753
8939
7683
7473
9149
9009
7752
7543
7683
9079
7752
7613
7752
8172
7682
7613
8241
7752
8102
9149
9009
7613
7683
9150
17531
7542
7682
9149
7613
7613
7613
9568
7543
7682
8032
6565
7612
7682
8241
7683
7613
9638
6704
9009
7683
7752
9080
7752
7612
8101
7962
8730
8940
8660
8031
7613
7753
8940
7752
7683
7543
7683
7682
9009
7752
9079
7753
7613
9010
7613
7683
8660
8102
9708
8101
8171
8520
8171
7962
7683
7613
8451
8521
7683
7543
8450
7752
9149
7683
8032
8730
7543
8940
7752
8171
7962
7962
7822
8730
8730
7683
7473
8172
7543
7613
7613
9079
6984
6705
7962
7124
6775
13758
6635
7124
7683
7124
7054
6774
6705
7193
7054
6705
7054
7053
7193
6635
6775
6774
8102
7194
6705
6775
7123
7124
6844
6635
6635
6635
7124
6705
6565
7123
7123
7124
6984
7683
7263
7054
7543
7264
7263
6775
6775
7264
7753
6775
7193
7124
7613
7543
9010
7613
7613
7613
8101
7683
7612
8451
9149
7753
8032
8032
7961
7543
8101
7612
7612
7682
8032
8032
9149
8172
7683
7682
9080
8730
7613
7613
7682
8660
7612
7613
7683
7613
8031
7962
7683
7194
7612
7613
8031
8381
7683
7613
7543
7962
7612
7543
9010
9009
7962
7682
8660
7543
7962
9219
8521
7752
7683
9149
7543
9150
8451
7683
7962
7613
7682
7753
7473
7543
8590
8520
7612
9080
9219
7822
9568
8661
8031
8032
7543
8102
9149
7613
7683
8032
9009
7612
8101
7613
8939
8939
8172
8101
7683
7543
7752
7683
8591
7613
8450
7752
8031
8032
8171
8031
7752
7543
7752
7683
9150
8590
7542
7613
7613
8101
7543
7962
8031
8172
7613
7962
8590
7543
7683
7542
7682
7892
7682
8730
7613
8870
8032
7753
8032
7683
9080
7682
7683
7682
8171
8102
8171
8171
8660
7612
8591
7613
7752
7543
8101
7962
7962
7683
7752
8660
8101
9149
7753
7682
7683
7543
7683
7683
7543
7613
8031
8940
7962
7753
8520
8730
7682
7613
9010
7543
7962
7263
7264
