11454
9637
9638
9987
10057
11454
9638
10127
10476
9568
11244
9917
9568
10126
9987
9847
11453
9498
9987
9429
9568
11733
9498
10406
10616
11384
9708
9847
11104
10406
9498
10964
9428
11524
9917
9428
10894
9917
10126
13758
10895
9917
10336
10825
10825
9638
9917
9917
9079
9847
9568
11523
12711
10476
9568
9917
9428
9918
10127
9917
9847
11453
11035
11803
9638
11872
10476
9987
10057
9917
9428
9638
10476
9638
9847
9847
9987
10127
9498
12781
9498
12432
9568
13759
10057
9987
10965
10196
10057
11384
11384
9568
10895
9568
11105
9917
9498
9428
10127
12222
9428
9708
10895
9638
10545
11384
10057
10197
11384
9428
9987
9918
9428
9638
9498
10965
9498
10127
9848
11594
9917
9498
9917
9498
9917
9638
11314
9638
9568
10825
14667
10545
10057
9707
10126
11383
11523
9987
9987
9917
9707
9987
9707
10825
9917
9987
9917
9568
9568
9708
9987
9917
11035
9987
10545
9638
10406
9568
9708
9917
9987
9638
9498
11383
9499
11314
11454
10406
9568
9638
10406
11034
10057
11383
9987
10057
9918
9498
11383
9918
9847
9637
9638
10965
9917
10126
11314
10964
10057
9986
9218
9987
11524
10965
11454
11383
9987
10476
9918
10616
9568
11384
9428
9638
11314
9498
10476
11104
10126
9708
9917
9498
9847
10057
11384
10337
10126
9917
11384
9987
9987
10126
10057
9987
9568
11383
9707
9987
10057
11244
10964
9987
10406
9987
10057
9917
9498
10964
10196
9638
11174
10057
9568
11104
9568
11523
9638
9428
11034
9568
11383
11524
9987
10965
11384
9637
9917
9987
9987
9638
10057
10406
11314
10825
10825
10126
11035
9498
9848
9568
9498
11733
11104
10476
9847
9637
9637
9637
10126
10057
11733
9708
9918
9638
9987
11454
11104
9568
9568
9498
11104
10197
9848
11104
8450
9568
9428
9428
9987
10197
9498
9568
8591
9917
9568
9987
10126
11384
10545
9777
9638
10057
11383
9568
11314
11384
9917
9848
10546
9428
10057
10616
9638
11523
9847
11384
10406
9917
9568
10057
9707
10127
9568
9568
9498
10056
10895
9568
10895
10057
9428
9987
9568
12850
9987
9498
9568
9568
10057
9987
9847
11594
9638
9498
9847
11384
11314
9428
10127
11453
9918
11454
9288
10476
9638
11523
10546
10056
9917
10406
9498
11314
10127
9917
11383
10336
11524
11523
9778
9917
11942
9498
9638
9568
9917
9707
9568
9637
9638
10127
9638
9987
10057
10894
9428
9429
9638
11383
9568
11943
11524
10057
12013
17251
9568
9987
9708
10615
10964
9637
10057
10825
9568
9847
10057
9917
11524
9498
9987
11593
9498
9568
9917
11733
9707
11453
9568
9777
11384
9847
9848
9568
9987
10475
11244
9987
9079
11524
11383
9429
9567
10825
11105
9917
9568
11523
9987
11383
9637
9848
9637
9917
9428
11524
9568
9637
9638
9917
9987
10057
9359
9708
9987
9638
9428
11384
11174
9987
9707
10197
10127
11453
10057
9358
9568
9428
11523
11104
9428
9638
11105
9009
9707
10615
9917
10965
9498
9777
9917
10965
9637
9568
11384
10336
10546
11523
10126
9987
11733
11453
9568
9568
9708
10965
10755
9498
9498
11872
10336
9917
10755
10127
9358
11453
10056
11244
11384
9987
9917
11314
9638
9917
9707
9428
9638
9428
9568
11035
9917
10126
9498
9428
9847
10965
9428
10057
10894
9568
10126
11593
9777
9987
9987
9638
9568
9499
9638
10476
11244
10895
9568
11104
9568
9568
11593
9428
9568
9498
11104
9987
9987
10476
9987
9429
9498
10337
10965
11802
9847
10057
10476
9498
9637
9567
2863
2933
3283
3352
2794
3282
2794
2933
3423
2863
2444
2933
2863
2864
2864
2864
3283
3353
2863
3353
3283
2794
2933
2794
2933
2863
2933
5657
6774
5866
5657
6565
5727
5797
6146
5168
5657
5796
6216
5308
5308
5657
5797
6565
4749
5867
5726
6146
5657
6146
5727
5308
5657
5238
6285
10895
9638
10196
10545
9638
9708
9638
9568
9428
9568
11384
11105
9498
9498
9498
9638
9498
9638
9637
11454
10964
9428
9568
9568
9987
10127
9917
9638
9568
9847
9637
10127
11454
10825
9917
9847
9568
11314
9987
9429
9568
9568
11035
10057
9917
9917
9429
11034
10126
9568
9707
10406
11314
9917
10126
9429
10895
10685
9987
10057
11453
11524
10894
9638
10965
9707
9498
9568
10127
9498
9638
10057
9568
9917
11104
9917
9918
9847
10964
9638
9428
9638
9498
11943
9638
9637
9428
9498
11384
9428
9498
11384
9987
11733
11384
9708
9707
9568
10615
10056
9708
9428
9987
10825
9428
9917
9428
11384
10406
9638
9708
11313
10126
9847
9918
11453
9498
11314
9917
9638
11104
11105
9498
11035
9568
12362
10126
9568
9568
9917
11384
10336
9498
9987
9638
9498
8660
8940
9498
10057
9917
9079
9079
10057
8939
9149
8520
9010
10057
8939
10127
9010
10336
9010
9917
9079
10336
9359
9429
8590
8940
10197
9148
11244
9917
10965
9917
9568
10965
9568
11454
9638
11453
10825
9638
11524
9428
10126
9987
11453
9987
9499
9637
9987
11523
11453
11314
11314
9848
9847
11244
9917
10616
9429
9568
16831
14666
9568
18926
9428
9987
9568
9499
9987
9987
9638
11314
10127
8939
9638
11524
9917
11034
11244
10476
11105
9918
9567
11035
9638
11523
10057
9428
11314
9567
11872
9778
9568
10546
9638
11314
10476
9498
11105
10056
9847
9987
10126
9987
9708
10964
10197
9428
9917
9638
9917
9777
11454
10336
9987
9638
10056
9218
11453
11035
9847
10616
9917
9987
11244
9567
9987
11104
9498
9917
11314
9917
9987
9917
9848
13339
7683
10126
7193
8870
10126
7682
6216
7053
7124
8102
6984
7124
7193
8032
7124
7612
7194
8520
6984
7193
7683
7193
7054
7124
8241
7264
10057
9568
9917
10126
9637
9847
9568
9498
9987
10406
9637
9708
9707
10196
10476
9638
10127
11035
9987
9917
9498
10057
9498
10127
11384
10057
16622
9568
9568
9498
9568
11104
9638
11104
11244
10127
9498
9987
9708
9498
10196
11454
9987
9778
11383
10964
9568
9567
10057
9708
10476
11105
9638
11384
9917
10476
11384
12431
11453
10056
9498
9917
9568
9498
9149
9568
9009
9638
10057
9638
9568
9917
9987
10616
