8520
8590
9079
8450
8939
8660
9079
9917
10545
8660
8520
10057
9009
8590
9917
9009
9009
9638
10405
10126
8660
8729
10825
8590
8450
9078
9009
9498
8940
8729
9498
8939
8940
8590
15713
10545
12082
9009
12640
10266
8590
8520
8590
9078
9078
9079
10335
8939
8940
9079
8660
11104
8939
9009
9498
8659
8660
9079
9149
9358
9079
9498
9009
8590
8450
9079
10196
10127
8660
9009
10476
8800
9009
7961
9009
9078
9218
9009
8520
9148
10266
9079
9009
8521
10267
19555
9917
10127
10057
10127
9359
9009
9009
8590
8590
8589
9079
9218
9009
9567
9567
8520
8450
9149
9079
9637
10405
9148
9009
9148
9917
9567
9009
10056
8590
8939
8590
10126
10057
9149
10057
9009
9707
9079
8869
9149
8660
9497
8450
9149
8659
9078
8869
9078
9359
8939
9009
10545
9009
8939
9009
9009
8939
8590
9916
8729
8660
9148
10475
10406
10057
8869
10056
8590
8521
10057
10475
10405
9638
9986
9079
10196
10057
10057
8939
8940
8660
10476
8939
10476
9009
9707
9079
18647
9568
9498
9009
8870
8590
9009
8659
8940
9009
8520
9428
10476
8660
9917
9917
8729
8660
8940
10056
10126
8590
9219
9009
8869
10545
9079
8590
9009
8520
8939
8939
8939
9917
9009
8520
8520
9009
9149
9009
9079
8939
9079
8450
8590
9149
8940
8940
8590
8590
10056
9149
8730
8520
8381
8939
9079
9009
9079
9498
9567
9009
10475
9916
8590
10475
9079
8660
9078
9637
8520
9079
8590
9987
8450
9009
9009
8729
9079
8520
9009
9009
8521
8939
10126
8520
8451
10475
9567
9987
8590
8940
9986
8939
11524
10056
10057
8939
8660
10196
8869
9917
9079
9987
9498
8730
4819
3352
4819
5308
4749
4679
5099
3423
4818
4818
4260
4749
4260
4889
5168
4190
4749
4819
4400
4260
5237
4679
4399
4888
4818
4749
4330
4679
5238
4749
4260
4330
4819
4260
9987
10406
10126
10546
9009
9986
9009
8520
8940
10476
9009
10545
8939
10196
8730
9009
9149
8939
9847
8240
8869
8590
9777
9009
9078
8450
9009
9149
9218
8939
9009
8870
9009
8659
8520
8660
8730
9009
9917
8451
9149
8939
9009
10406
8729
9568
8660
9079
10057
10615
8590
9009
8520
9986
10127
9009
9707
10476
10406
10545
10336
8660
10545
9218
10405
8590
8520
8590
8939
10127
10126
9009
9009
9079
9079
9916
8660
9707
9079
9079
8660
8660
9638
8590
8940
9637
8660
9009
9498
9079
9218
8940
9009
8660
9917
8939
8520
9009
8939
9149
10127
8730
9079
10406
8730
9567
9079
9009
9987
10406
8939
9149
9009
9079
8101
8939
9987
8939
8521
9079
8660
8590
8729
9009
9009
9009
10545
9219
8729
8660
8451
9986
8520
8520
8939
9916
8590
9987
9917
9149
10057
8939
16622
9009
9079
9079
8450
8660
11523
8450
9148
17459
8870
8730
10336
9987
9149
9568
8730
8730
10057
10545
8590
10545
8380
9079
8940
10057
9987
8729
8660
10405
9498
8660
10126
9847
10406
8659
8939
9148
8520
9079
9009
10057
8590
10476
8450
8660
8520
9148
8730
10405
8939
8590
8870
10126
8730
9638
21161
10405
9987
9987
8590
10336
9219
10126
9148
9986
9009
8939
8590
8520
10406
8660
9637
8660
8939
9079
9708
8590
8590
10406
8660
9009
10406
8590
8870
8660
9009
11034
9149
9498
9009
9148
9638
9009
9079
9079
10336
9847
8940
8590
8869
9987
10127
9986
9079
10475
9079
10336
8590
9707
10336
10336
9009
9987
9987
10545
9218
9149
9498
8870
9707
9079
8939
9498
8660
8660
9917
8940
10336
8939
8729
10196
8799
8660
8590
8451
9009
9987
9009
10196
9009
8520
9009
9009
8730
9149
10127
9428
9009
8730
10476
12012
8520
10126
9149
9009
8520
8590
8660
9009
8729
10126
8590
8939
16761
10057
10476
9009
8590
9567
9009
9079
10335
9079
9149
8590
10126
9638
9149
15713
9638
8450
10197
10546
8590
8939
9078
9009
8939
9568
8730
9917
9987
8590
10406
9079
9149
9987
8520
10057
9009
9987
9498
10546
10476
8660
8590
9847
10405
9218
9987
9848
17040
8660
8590
8590
9987
8521
8590
8590
9079
9009
9009
10476
9009
9917
8450
10476
10057
8660
9009
9848
9009
10126
8660
9428
8729
9218
8940
11104
8660
9987
8660
9079
8520
8939
9079
8660
9498
9358
9218
9079
9149
10267
8730
10406
9148
9009
8660
9009
9079
9219
8729
8869
10126
10406
9148
10127
8520
9009
9009
9009
10127
8590
9009
8520
8590
8730
8659
8939
8730
8870
8590
9987
8730
11104
9987
8520
10127
8520
9079
9149
9917
8730
10126
8939
9149
8939
18996
9916
9009
8660
8031
9078
8730
8590
8520
8939
9079
9010
8730
8520
10057
8590
8939
9148
8939
8450
10057
9079
8940
10546
9568
9009
9009
8520
8939
9568
9987
10406
9009
9009
10895
8939
8939
10476
9637
9917
9079
9079
8520
9078
8939
8870
10057
8729
10336
8939
9009
8939
9009
8660
9847
10127
9148
10475
9567
9079
9358
8939
8870
8939
9009
8590
8939
8939
8870
9009
9987
16761
9009
9079
9987
8940
9079
9986
8520
8660
8450
9219
8730
9009
8939
8659
9428
9009
8800
8590
17180
9009
8520
9079
9568
9009
10406
9009
10405
9847
8520
9009
10545
10057
9638
8939
9917
9498
9987
8660
8660
9917
9568
10546
8590
9219
10406
9009
10056
10546
10406
10475
8939
10126
8590
10406
9148
9009
9987
8660
10197
9149
8520
8729
8520
8939
10406
9219
9987
10126
9219
8520
9917
9987
10126
10336
10266
8939
10056
8450
8939
9079
10057
8660
10127
9148
9917
9708
9079
8730
10126
34290
9149
10406
10336
8729
7613
9638
9079
98471
12850
9010
9148
9218
8660
9149
9498
8660
9567
9079
10475
10406
11523
9009
8520
11803
13479
8869
8520
8940
8660
14875
9429
11453
9498
9009
10755
9497
40366
9637
8590
12920
10266
10056
14387
8590
9987
9498
10406
9079
8660
9638
10964
9009
24583
14177
14247
9987
10545
8730
9917
8939
9219
8869
8939
9917
9987
9149
9009
9567
9917
9079
8939
9009
8590
8101
10406
9638
10335
8660
8521
8521
8451
9708
8590
9778
19414
