14387
10406
10965
11314
10965
12781
12781
11524
12432
18788
12991
10685
11524
10476
12362
11454
10686
10895
12781
12851
11873
12991
10965
11035
11035
11105
10407
11035
10825
12362
10895
11035
11105
11105
10965
10616
10825
10546
10896
10546
10546
12501
10686
10895
10895
10896
12432
12362
10895
10546
11105
11314
10965
10965
10895
10895
12362
12850
12502
10895
11105
10756
12572
10966
11105
10895
10755
12362
12641
12362
10895
12431
10616
10966
10965
10825
11035
10546
11105
10407
11873
11035
10476
10476
10756
12920
12851
12991
10615
10825
10756
11873
10756
18578
11105
10895
11105
12851
11035
10546
10895
12362
12222
12362
12013
10965
12432
11105
11035
12502
10825
10965
11035
10686
11104
10896
11034
10896
11454
10546
10825
10615
12781
10965
10616
12222
10895
10616
10895
10895
11035
10965
10546
10896
11035
11942
10895
10616
11105
11524
10895
10965
12921
11524
10477
11384
11315
10895
11804
10825
10546
12083
11594
12362
10965
11035
10546
10965
11524
12781
12851
10616
10616
11384
10965
12362
12362
10965
10895
10755
11734
10826
20254
10895
10965
12222
11105
11035
10407
11873
12991
10966
10826
11523
10406
12572
10756
11104
12851
10476
10616
11105
11733
10686
10546
10895
10825
12572
11035
10965
12991
12502
10896
11035
11244
10476
10896
10965
10965
11035
11105
10895
11105
10895
11035
10477
11315
12851
10616
10755
10825
10406
12362
10755
11524
10895
10826
10895
11035
11104
10616
10616
11035
10895
11803
11873
12502
10826
11803
11105
12781
10965
11035
11035
10546
12921
10895
10476
12292
10826
12362
10896
12362
12362
10476
18647
12502
10547
10476
11384
10966
12781
10825
10826
11035
10616
12921
11384
12222
12013
10336
10895
10406
11245
11034
11454
10546
11873
10686
11105
11105
10965
12571
11035
10895
11314
10965
12851
10965
10966
10476
10616
10616
10965
10546
11035
10895
12152
11104
10825
12223
12851
11593
10965
10895
12222
12851
11035
10896
12292
10825
11035
12361
11593
10895
11314
10965
10825
12851
10546
12781
10616
13061
12711
10965
11105
12642
10895
12292
11873
12502
12991
12501
12571
11454
10755
10895
10965
11035
12362
10895
12362
10895
10895
11803
10546
10546
12362
10826
10965
10895
10825
10826
13339
11314
19206
11035
11035
10756
10965
10476
12921
11803
11035
10965
10895
19975
10546
12502
11524
10965
11035
12990
12292
10896
10546
10756
10616
10407
11035
12781
10755
10966
10965
10546
12781
10616
10965
10895
10895
11384
10616
12502
10965
12502
11803
10965
12781
10965
11454
10965
11105
10965
11524
12851
10965
11594
11105
10895
11104
10965
11803
12641
12991
10406
11104
10825
10546
11035
10476
10406
10615
10616
10895
10965
10616
10825
12013
11524
10965
10546
11244
12431
10546
11943
12921
10756
12222
10965
11873
10616
12850
10546
11105
11035
11524
11035
12712
12991
12851
10895
12781
18717
10825
12851
10965
10546
12781
10965
12571
10616
11105
11035
10895
10616
18577
11105
12711
12921
10616
11314
12501
10895
11035
10965
10825
11035
12362
11105
10895
12781
10826
11593
11035
10616
10406
12292
10756
10755
10826
12292
11105
10825
12851
10895
11105
10966
10896
10896
10546
10895
10965
11454
11105
14247
12571
12362
10895
10896
11035
10965
10895
11594
10895
11105
10826
12292
10895
11105
10825
18857
21231
11244
12571
11035
10965
10616
10965
11384
10895
11035
11105
10616
10336
10965
10895
10476
10895
11035
11454
12432
12432
10546
10895
12362
11035
10965
12292
18578
10895
12432
11035
10616
10826
10895
12432
10546
10895
10476
10965
11035
11873
10616
10825
11105
11105
10965
10895
10825
10616
19625
10476
10896
10965
10406
12013
10476
10616
11105
10965
12711
10546
10896
11314
10825
10965
10546
12292
10546
10965
11035
10615
10476
12362
10965
11105
10686
11035
12990
10477
11035
10406
12432
12921
12711
12361
10896
10825
12222
12222
10616
11454
11035
10896
10546
12571
10896
7752
7193
7054
7194
6984
8032
6635
8591
7054
7612
8171
7054
6844
7194
8032
7543
7054
8032
8101
7124
6705
10407
12991
10895
11035
10895
10895
12083
11035
10895
12432
10895
12572
11035
10896
12432
11454
10895
10476
12642
11454
12711
6077
6146
6704
6146
6705
6146
6286
7263
7124
6775
6216
6774
7054
8660
6146
6216
5797
6215
6285
6635
6146
11105
10896
10896
10895
11454
12362
12781
10965
11385
12781
10965
10895
10895
10616
10616
11105
10965
10895
11035
12362
11734
10616
11035
10825
10616
12711
10476
11454
12711
12013
10896
10965
12432
10965
12012
13200
10825
11803
10965
11034
11105
10965
12082
10895
11384
12292
11523
10895
10895
12571
12083
12712
10965
11035
10685
10825
11314
12641
9988
11105
12851
10825
10616
10616
10896
11105
10825
10826
10896
11873
10895
21860
12152
11035
11454
11105
11803
10965
12781
10896
10615
10825
12502
11803
10825
10476
12502
12501
10965
10825
12502
10546
10896
10895
12292
12292
11035
11524
10895
10895
10756
11105
10896
11104
10895
12431
12781
10826
10965
10965
10965
12990
10477
10895
11105
11873
12293
12362
10826
12711
10477
11035
12502
10895
11035
12431
10615
10965
11314
10755
10407
11943
10965
11105
11174
10826
11035
10965
10965
12292
10546
10895
11523
11035
13829
12362
11105
10896
10616
10965
11035
10895
10616
10895
11105
10546
10825
10965
11315
10896
12641
12362
12851
12501
11524
12781
12432
12292
10826
12292
12431
12362
10965
11803
14737
10336
10477
14387
11524
10896
10546
11803
10825
11105
10965
12711
11105
10686
11244
10825
10546
11593
12571
12781
11035
10546
10965
11035
10476
11734
12991
11943
11105
12362
11035
10826
12501
10966
12431
11803
10965
10616
10895
12781
10616
12571
10616
10895
19905
10895
10197
12571
11105
12851
11524
12572
10406
10546
10616
10406
12851
10546
11105
11035
10756
10895
21930
10476
10825
12990
11105
11105
11664
10546
11104
11104
11105
10965
10965
11105
10826
11943
11384
11035
12501
10616
12991
12572
10546
11384
10896
11035
10615
11105
10895
10825
12921
10546
10965
10896
12851
10965
10825
12362
11104
11035
10616
10895
11524
10825
12711
10546
12781
10825
12153
10616
11104
10546
10895
12781
10826
11035
11035
11244
12362
10756
10895
10756
10755
11035
11035
10546
11035
12432
12572
12362
10616
11384
12990
12851
19277
12501
11035
10755
10826
10825
10476
10895
10895
12153
