13480
11454
12781
12851
11385
11454
12292
14108
11873
11873
12362
12362
11454
13130
11523
12990
13898
13269
12152
12431
12013
11454
11524
13270
11804
11384
11105
13410
11594
11385
11454
13409
11035
10546
11384
11384
10895
12431
11315
10895
11803
11174
11454
12781
11315
12502
11384
11244
11314
11384
11734
11104
10965
11454
11314
11593
10965
11594
11314
10896
11454
13409
11315
11524
12641
11105
11244
11873
11105
12292
10965
11664
12920
12921
10965
19905
11035
10965
20673
10826
11244
12990
11384
11454
11873
11384
10825
10825
11245
12990
11734
12921
11384
12013
11454
13270
11314
11384
11594
11035
12013
10965
11384
13269
13829
11524
10895
12990
11035
12990
11105
11384
11524
12361
11315
11873
12013
12781
13409
11035
10895
13829
11384
11873
11035
12781
10826
12781
11245
11384
12851
11035
11245
13060
11105
11593
12013
12990
20254
11384
11104
12502
12012
12431
13269
11384
12361
11873
12501
11384
12501
11105
11314
11384
12571
11594
10965
11943
11314
11524
11245
12851
11454
11454
11454
10755
11314
10895
7543
7613
8032
7683
7752
8032
7962
7473
7962
7543
8102
8451
7753
7822
8171
8032
7613
8520
8730
11314
11524
11384
11245
19905
12851
10895
11454
11594
11384
10826
11524
12222
11454
12920
10826
11175
11104
11035
11245
12292
12013
13061
10895
11524
11314
11174
11664
12991
12921
11314
11314
13270
11314
11524
12502
13270
11454
12920
11105
11384
10896
12082
11873
12991
11035
11035
11315
10965
11593
11454
10965
10895
11315
10965
11105
11524
10965
11454
11104
12921
11524
11454
11524
11454
12222
11385
11314
13480
12501
11315
11454
11454
10895
11314
12013
12711
13061
12920
11105
12851
10965
12991
11314
11035
11454
11385
11524
11594
11314
12990
11454
11105
11035
12851
11943
11314
10965
11454
13409
13480
11035
12711
11384
13479
13270
11245
11035
11314
13480
11734
10965
11104
19137
11523
11315
11384
11384
11385
10966
11314
11314
11524
11035
10896
12991
11454
10965
11454
11454
12850
12921
11384
11245
11454
11105
11454
11384
11245
12991
11384
11035
13200
13270
11385
11524
11454
13270
13340
13409
11593
10966
11384
13270
13270
11035
11454
11314
13340
11733
12012
11384
12781
12991
11524
11245
12013
12431
11314
10965
11384
12851
12432
11943
13339
11245
11523
10965
11035
12851
11943
11105
11315
11384
11943
10896
11523
11523
12850
11594
11035
11803
10965
12991
11035
11384
11035
11454
11244
13270
12990
11803
19486
11734
11244
12851
11454
13339
12501
12083
11105
11384
11454
11314
19486
13200
11384
11454
12362
12851
11454
11943
10895
11314
13130
10965
11104
13479
11594
11384
10825
11315
10965
12501
12362
12362
10895
11384
12362
11384
11384
12991
11454
11873
10895
12991
20045
11803
10895
11524
11384
11454
11035
12991
11454
10965
11314
11594
19416
11873
10965
11384
11454
13410
11314
11384
11454
11454
11454
11524
11245
10825
11314
11873
12153
12571
11524
11035
12292
12991
11105
11524
13270
11594
11384
11593
11035
11174
12990
13409
19346
11524
11384
12501
11454
13340
13340
12292
11454
9987
11385
11384
10755
12781
11035
11174
13130
11454
11384
11384
11454
12991
10965
11035
10896
10965
11035
10965
13480
11384
11524
12851
11035
13200
11454
11524
14178
11314
13269
11244
11384
12083
11314
12990
11454
12711
11384
12013
12990
11384
10965
12502
12920
12920
11385
11803
12990
11384
11034
10965
11384
12013
11035
13200
11454
11105
11454
11873
11105
10826
11105
20393
11315
11315
11105
14876
13759
11733
11314
11105
11105
11035
11943
11314
11105
11454
12711
11105
10965
12781
11454
11244
11943
10755
11734
11384
12921
11384
11454
11035
10895
12850
12990
10895
11523
12292
11454
10895
11244
13339
11105
12921
11594
11245
11453
11524
11454
11454
11035
5307
4330
4749
5169
4749
4680
4819
4750
4749
4819
4330
4819
4819
4819
3842
4680
4819
4889
5238
11524
11524
10895
11384
11384
11943
12990
11454
11105
13410
11524
14387
11523
11454
10895
12781
11035
12921
12362
10896
10896
11594
12432
11035
11105
11384
11454
11315
13270
12362
12432
11105
12641
11315
11384
11035
11454
11314
11105
11105
14247
11454
13270
10895
10965
11314
12502
11315
11105
11803
11035
11244
11104
13689
11314
11454
10965
12711
4749
4750
5169
4749
4260
4330
4819
4400
4330
5168
5168
4680
4819
4749
4331
4749
4819
4749
4331
4750
11454
11803
11315
12292
11594
11594
11105
12292
11314
13339
11384
12990
11803
12850
10895
10965
11454
12990
20114
11174
11384
11034
11315
10895
12851
13410
11315
11384
13270
11104
10336
10896
11385
13340
11105
10895
11315
11384
11594
11385
11385
12292
13340
12851
13409
11384
11803
10965
13340
11524
11035
11384
12990
11454
11105
13479
13130
11105
12432
11315
10895
11105
11314
10965
11244
11594
11384
11035
11384
11524
11104
11594
12921
11733
13340
12362
19206
11315
11384
12432
11594
11594
12781
11594
10057
11524
11524
11314
12013
11104
12013
11105
13270
11245
11035
11454
12991
11384
11105
11454
10895
11314
11384
13270
10965
11384
10965
11035
10895
11384
11384
11314
11035
11105
11104
11315
11873
11873
13270
13270
10965
12920
11245
11803
11594
11594
13270
11593
12711
11105
11523
11524
13200
12781
13270
11524
8521
8241
9359
8032
8101
8660
8939
9708
9638
9149
9010
9498
8590
8451
8171
8171
8242
8730
8940
11593
11385
11524
12991
11454
11594
12781
11035
11384
11245
13270
11035
11454
19486
10896
11384
11873
10895
10895
11244
13339
11454
11384
13410
13201
13480
10895
14946
11733
11384
11384
11524
11385
11523
12850
12222
13130
11524
11385
11035
2934
2864
2375
2794
2305
2934
2864
2374
2794
2445
2794
2444
2863
2863
2375
2864
2863
2864
2863
11314
11873
11594
11035
10896
11384
11384
13339
12362
11454
11105
10965
19485
11523
11314
11454
10895
11384
11384
11384
11384
15575
11245
13130
12711
10965
13200
11244
11594
11245
11035
11524
12292
11734
11594
11314
11384
11524
11244
13130
11244
12641
11244
11244
11593
10895
11523
13340
12921
11315
13270
12851
10895
11524
11035
12083
11104
11873
11942
11314
11454
11384
11244
12432
10756
12292
13479
11873
11384
11594
12990
11035
12292
11315
11454
11524
10965
11104
10895
13061
13270
12921
11593
11315
12920
11385
12013
11524
11524
14737
14317
12292
12990
