8590
7613
7193
8102
7613
8241
7543
7542
8031
8591
7194
8102
7124
7962
7194
7263
7123
7124
7124
7054
7124
6844
8172
7054
7683
8171
7264
6216
8102
7264
7263
7054
6705
6985
8451
8591
6984
7263
7194
7124
7054
7054
7543
8102
6774
7263
7473
7264
18088
7123
7194
7054
7123
7054
7193
8101
7053
8032
7194
8101
7054
7054
6634
8172
7961
7682
7263
7194
8032
8660
7124
7124
8102
7124
7263
7543
7543
6775
7612
7124
6984
7263
7194
7542
8451
8521
8101
8381
7542
7124
7123
9079
8521
7124
7683
7194
7123
7124
6984
7054
7194
8241
8451
7054
7263
7124
7194
7542
7194
7194
7124
6775
7124
6635
7124
7194
7543
7264
7124
7193
8102
8172
6705
7612
7962
8102
7124
8032
7263
8660
8660
7194
7264
7124
8032
7473
7263
7193
7193
7054
7264
7054
7543
7612
6705
7054
6705
7124
8172
14807
8172
7683
7264
15784
8451
7264
6705
8451
7123
7123
7194
8241
8102
6565
7194
7053
7054
7194
7054
6984
8660
7054
7961
7193
7263
7194
7473
7473
7473
8171
6984
7263
8032
6704
7054
16273
7683
8381
7054
7054
6774
7193
6704
7543
8171
6985
7054
7054
7193
7194
7333
7124
7194
7194
7194
6984
7682
7124
7123
7193
6635
8172
7194
7543
7054
8102
8032
8032
8241
7613
8101
7543
7124
7124
6984
7263
8101
8521
7053
9359
7473
7194
7403
7333
7054
8241
7612
7613
7612
7613
7962
7683
8660
7263
7473
6635
7682
7543
7194
8031
8032
7193
7263
7193
7962
7683
8102
7124
7054
8521
7473
7123
7264
7053
8032
8521
7124
7682
7054
8660
7682
7053
10546
7194
8521
7194
7473
7543
8660
7264
8172
6775
7194
7263
8102
7194
7194
6705
8032
7123
7194
7193
6984
7194
6845
7543
7263
7194
7123
7054
7613
6985
7123
8031
7124
16273
7194
7752
7473
6704
7124
7193
6984
8101
14806
8660
7054
6984
7613
7542
7194
7124
7194
7194
7263
7543
7054
8172
7054
8521
7263
7053
7124
7124
8590
7194
7264
7333
7054
7193
7054
7753
8102
7054
8521
7473
7194
7194
7264
7054
6705
8031
8521
7124
7054
7054
7124
8171
7543
7264
8241
7054
7543
7612
7473
7123
8171
7543
7054
7193
7124
7473
8032
7124
6984
7054
6845
7123
7194
7054
7124
7054
7543
8032
7124
6705
7264
7124
7263
7264
8101
7124
7543
8101
7613
7753
7194
7264
7542
7264
7124
6984
8172
7123
6984
7543
7194
7612
7053
7054
8171
7264
8520
7473
7194
7193
7054
7193
6705
7263
7194
8520
7053
7194
7263
6775
7124
7263
6774
16622
7193
7263
7124
7054
8031
7054
7542
7124
7194
7264
7543
7124
7124
7264
6774
6985
8101
7613
7543
8521
7472
7054
7193
7473
7194
7124
5797
8520
8241
6984
7543
7193
7054
7613
7194
7543
7194
7194
7194
7263
7473
7054
7543
8032
7123
7194
7334
6775
7612
7962
7753
7543
7263
7194
7124
8520
7194
7124
7264
8031
7473
7123
7124
7194
7263
8520
7263
7613
7613
7053
7194
7892
7683
7613
8031
7264
7542
6705
8102
7054
8660
7193
7263
6565
7543
7124
7263
7961
7543
8660
7543
8032
8032
7124
7124
7124
7053
7054
7264
7193
7613
7194
7542
7473
7124
6775
7194
7054
6774
7193
8171
7124
7194
7264
7054
7054
7194
7264
7193
7194
7612
7054
7054
7194
7124
7053
7124
7264
7194
7124
7124
8032
7613
7194
8101
7543
7194
7194
7193
7124
8102
7263
8031
6984
7193
7124
7194
7054
6705
7054
6705
8102
7753
7123
7612
7264
7124
7124
7194
7193
7054
8242
6635
8032
7193
7194
8590
7054
8101
7124
7054
7054
7263
8102
8101
7053
8102
7193
7194
8032
8032
6844
7124
7194
7123
7264
4680
4750
5169
4749
5238
4679
4749
5169
4819
4819
5238
4819
4749
5169
4679
4750
5238
5657
4609
4749
4819
5168
5657
4819
5168
4749
5727
4819
5168
4750
5238
4679
4749
5168
5727
4819
4330
4679
4749
4749
5238
4749
4819
5378
5308
4819
4749
5308
5657
5168
4819
5796
4679
4749
4679
4819
4819
4749
4750
4679
4749
4819
7123
7194
7054
7613
7194
8172
8381
7124
7264
8032
7263
7124
6775
7193
7194
7543
8172
8031
7194
7123
7962
8590
7543
7124
7263
7473
8101
7264
7194
7194
7263
7054
7124
6984
8032
7124
35619
7054
6984
7124
6286
7263
7054
7124
7054
7473
7054
7542
7054
7054
7194
7193
7543
8590
7054
7124
7194
6984
9009
8172
8521
7194
7054
7054
7264
6984
7263
8870
7263
7194
7194
7124
7194
7542
7054
7683
6705
8101
8101
7123
7194
8102
6774
7054
7542
7194
7124
8241
7123
7194
7194
7193
7263
7962
7473
7193
7053
7193
7263
7124
7194
7543
7124
7193
7264
7054
8520
8172
8450
7682
9079
8870
8730
7194
8101
7194
7054
7543
7194
7054
7264
7193
7543
6705
8102
7543
3352
2444
2864
2933
2863
2794
2863
2864
2864
2934
2375
2863
2444
2863
2863
2863
2933
2863
2864
2934
2794
2933
2863
2933
2445
3282
2444
2863
2863
2933
2375
2864
2863
2863
2793
2934
2374
2863
2863
2934
3283
2863
2863
2863
2374
2864
3422
2375
2934
2793
3352
11593
3352
2793
2794
2863
2793
2933
2864
2794
2864
2863
7054
7054
7124
7263
6774
7263
7961
7263
7054
7473
7124
7124
8591
7123
7193
8870
7193
7683
8591
8451
7194
8730
7612
7264
8172
7124
8521
8451
8381
7124
8102
7961
6705
6705
8101
8241
7054
7194
8171
8032
7682
7054
7194
6705
8102
8032
8451
7263
7124
7264
7264
7264
8171
7054
7613
7124
7124
7123
7054
7193
8101
7264
6635
8171
7263
6705
7124
7124
7054
7264
7194
6774
7053
8172
7263
7124
8520
7612
7263
7194
7124
6146
7123
8451
8660
7264
7123
7054
7054
7194
7124
7543
8032
7682
7194
6705
7123
7194
7194
8450
8521
8102
7194
7263
7054
7263
7194
7124
7054
7054
8172
7124
7194
6775
8521
7054
7194
8172
8660
7962
7193
7612
8521
7193
7613
7264
8171
7612
7124
7123
8032
7264
7194
7263
