9149
10546
10476
9428
9568
10896
10895
9638
9080
9079
9429
9009
9638
10057
9498
10337
9079
9499
9149
10406
9079
10476
9499
9358
11523
10965
10546
9079
9428
9429
9009
11174
9499
9428
9428
9428
10616
8940
11244
14317
12781
10406
9847
10057
9638
12501
11454
10616
17670
12991
12571
11244
12431
9638
10826
11105
9987
9987
9498
10476
10965
11384
11035
9499
10057
9987
9429
9499
9079
9429
9149
10057
9638
10476
10825
10546
9638
20953
10127
9079
9009
9499
9149
10965
9638
10826
14806
13758
10965
9149
9988
9498
9149
10476
11523
9777
10825
9498
9219
9358
9429
9009
9498
9219
11454
12711
9568
10686
9219
9708
9429
10407
8939
10406
10965
9149
10057
10546
9569
11384
9639
11733
10616
14457
14387
14387
12292
14946
10546
12013
11664
13340
9568
12711
12431
10965
10267
10965
9569
9987
9428
9149
9358
9009
9429
9638
12361
9498
11245
11454
9847
9568
8660
10476
9359
9358
9429
10965
11454
9638
9638
9150
10337
9638
9498
9149
8869
10965
11384
9359
9219
9079
9219
9428
9568
9359
9499
11104
10057
10616
10895
9429
9568
9429
9498
11035
9429
9568
9009
9708
9708
10057
9149
9639
10406
9568
10545
9499
9219
9638
9708
9499
11035
9149
9498
9638
9079
11873
14178
12082
15365
14737
13340
12921
11594
10546
9079
9568
18647
9219
9149
9010
9009
9079
9499
9918
9358
13409
11384
10476
10406
10057
11384
11454
9569
10895
9568
11035
12012
10476
11524
11454
10337
11873
11803
11384
14807
12222
11315
10965
10126
9358
11104
10406
9149
12502
11873
13898
10546
17111
15504
14248
16203
13200
11035
14946
12501
10546
9988
11035
10826
12991
14876
15085
16133
11035
10616
10615
9149
10825
9149
9149
9428
9149
16622
14318
14736
16272
11593
11314
9917
9918
9429
9498
11035
10616
9498
9359
9359
19625
8940
9568
9219
8940
10477
9918
11804
9568
8730
9638
9149
10895
10896
9009
9638
12780
12013
10546
10127
11593
9848
9359
9499
9079
11384
9498
9917
9708
9499
9569
9498
9219
11105
10127
9848
10476
10895
10127
9428
10965
9009
9150
9010
10407
9568
9150
10407
9568
11594
9009
10476
9149
9149
10476
9498
9498
9428
10546
10057
12711
12572
10406
9638
11873
9079
10476
10406
8940
9498
11524
9429
10825
9149
9638
10616
9918
10755
9149
10337
11105
9918
10057
10615
17181
12222
14667
13968
10965
11384
10825
10476
10616
9429
9498
8939
9499
9079
9707
4330
5238
3841
4749
3842
4330
4191
4330
4190
4260
4330
4679
4260
4261
4190
4190
4400
4260
4190
4749
3911
4330
4749
4749
5168
5727
5168
4680
4609
5308
13898
11314
10476
10406
12082
9987
10336
10127
9149
9708
9917
9080
9568
10126
8870
11104
14248
9708
10476
9080
10406
9149
9080
9010
9009
18089
9429
8870
9358
9149
9428
13270
13410
11873
10756
9079
12501
10406
9848
11524
11244
9917
12013
9638
10336
9428
8870
9498
11034
10825
9918
8939
9149
10965
10407
10895
8940
10895
9499
9149
9498
10057
9638
9638
10895
9429
10127
9988
9219
11034
9429
9428
9498
9499
9009
8940
9847
10476
9429
9428
10896
9498
9149
10895
9079
9708
9149
10826
9429
9568
9079
9149
9149
9010
9219
9359
9219
9009
10127
9428
9428
9569
9568
9009
10965
9498
10476
9568
9568
9079
9359
9219
9848
9219
9428
9219
9498
9149
15854
13480
11384
9638
9150
10895
9569
9149
9498
8940
9219
9428
10616
9429
9498
9219
10616
11804
11314
9499
9847
9498
10755
9428
11035
10546
9498
8870
8870
9428
9568
10895
10406
10197
10406
9568
9638
9917
9499
10546
9499
9498
9569
9150
10126
9569
8940
9498
10965
9988
10406
9149
9009
9079
9079
9498
9498
9568
10546
9149
9429
9638
9428
18717
9638
9498
9149
9359
9149
9149
9428
10546
9638
9079
8870
10197
10057
11385
10057
11873
9987
17460
10057
9010
11105
9918
11314
11454
10896
11593
9499
9218
9987
9988
10965
9358
11034
10057
10546
10337
9498
9708
9499
10407
10057
9428
11524
11454
9428
9079
13619
9428
9219
9079
9010
10895
9219
10477
9359
8451
9987
15574
12501
11454
10896
13969
15295
10895
10057
10965
13270
12990
11105
9638
9149
9079
9219
9149
9079
11105
10336
11942
9428
10127
10546
11524
9987
10197
9498
9498
10965
9428
9499
14526
9987
9568
10895
11244
9359
10965
9568
9847
9149
9498
10476
10476
9150
9708
10546
9429
9568
9429
9009
10756
9429
10896
11034
9149
11803
10057
10476
12012
11873
13060
10127
10895
10057
15155
11524
9219
9079
9428
10895
9498
9917
10406
10406
13829
9918
13689
10476
10476
9987
9638
11593
10337
12083
10546
10546
9498
9359
9009
9568
9498
8940
12362
9499
10546
9568
9498
9359
10127
10337
10057
9429
9498
10476
9359
9917
9638
10476
10476
10616
9219
9149
10895
11035
9149
9010
8661
10127
9708
11454
9569
9707
9568
9499
9499
10896
10476
9079
18507
9428
9498
9987
19625
10895
9988
10337
9428
10825
10406
9499
9079
9219
10616
9009
10267
9080
9149
10127
11245
9498
9219
9429
11314
9917
10126
9987
11244
9498
9499
11873
10476
9638
10058
9638
10057
13339
12222
11105
10895
10825
10965
9987
9358
10267
9568
9498
9498
9149
11035
9498
11314
9568
9918
10337
9428
9498
9498
9568
10965
9708
9499
10337
9918
9568
10127
9499
9429
9429
9848
12781
9428
10057
11035
9778
10407
9009
9499
9568
10895
9149
10057
10476
9917
8939
9428
9428
9289
9219
10406
9358
11035
9498
9499
9568
9568
9009
9499
10965
10406
8940
9498
10127
9569
11105
9429
9917
10895
9498
8730
9219
9987
9079
9149
10615
9847
10476
9429
10406
9428
9429
9359
11314
9428
10127
9499
19206
9498
9079
9778
9638
9149
11105
9987
9987
8521
9498
7054
8660
7194
7543
7543
8591
7613
6705
7264
7683
7543
8102
8031
7542
7613
7263
7682
8032
7194
7054
7194
7264
8171
7194
7194
8102
7752
8101
9638
9568
10546
9359
10476
9918
11314
10616
8451
9638
9987
9499
10965
9568
9917
10616
9638
10127
9010
10825
10057
9428
10267
11314
9358
9149
10965
9638
9498
9638
9428
9428
9987
9499
9917
9917
9568
