6566
7752
6635
6565
6845
6286
7613
7194
7543
6216
6216
6286
6216
7613
7124
6565
6635
6705
7054
6216
6146
6566
6356
6286
6566
6635
6356
7124
6216
6216
6146
6565
7194
6775
7124
6286
6635
6077
6146
5657
7473
6146
6495
7124
6565
7194
7264
6356
6146
7124
6775
6705
6286
6705
7124
7473
6705
6286
6146
6216
6216
7264
6286
5797
7962
6566
6635
7054
6705
6147
6774
7264
6286
7054
8172
6286
7264
6635
6077
6286
6705
7055
6705
6146
6146
6146
6146
7264
6286
13829
6216
6286
6216
7193
7124
7055
6146
6286
7194
6216
5238
6705
6146
6216
6286
6147
6566
6007
7194
7543
6147
6146
6216
6775
6705
6286
7543
6146
7194
6146
7682
6286
6775
7613
6146
7264
6286
6146
7054
7264
7055
7124
6216
7124
7264
6356
6566
7054
6216
7194
7193
6147
7613
6216
7194
6216
6146
6146
6216
6566
6146
6216
6216
6146
7264
6216
6216
7054
6495
6146
7264
6635
6146
7193
6635
6006
7055
6915
6216
6356
6286
6147
6216
6636
6286
4749
3841
4330
4261
3772
4261
4260
4680
4750
18578
4889
3841
4819
4190
4260
4261
4191
4261
3842
4400
4260
4400
4400
4819
4330
4261
4261
4260
3772
4260
4261
4330
4260
4260
4261
4679
4191
4679
4750
4330
3841
4680
3772
4679
3772
4820
4260
4749
4820
4680
4750
4260
4330
3841
3841
4400
4260
4191
4680
4261
4400
4749
4749
4190
4191
4330
4819
4679
4330
6216
6216
6775
6495
6146
6216
7193
7124
6147
6146
6635
6146
6216
6216
7124
6565
7194
6705
6076
6076
6147
7124
6286
6286
7194
6356
7543
6146
6146
6356
6216
6146
6635
6146
6635
6286
7194
6705
6705
18997
6216
7194
6636
7124
6076
7194
6147
6216
6216
7194
6146
6216
6077
6495
6635
6565
6635
7054
6216
6006
6217
6216
7194
7124
6565
6286
6147
7543
6146
6146
6216
7264
6216
6216
6216
6077
6216
6216
6216
6147
6216
6285
6216
6076
6705
6635
7473
6216
6146
6356
7054
6565
6984
6147
6216
6146
7613
6216
7054
7054
7054
7124
6216
6147
7264
7124
6635
6216
6566
7124
6216
7054
6635
6146
6286
6216
6077
6146
7194
7124
6077
6635
7474
7124
6565
6216
6635
7194
7194
6635
6636
6636
7124
7124
7193
6216
7124
6566
7054
6146
6984
6286
6355
7753
6076
7264
7124
6635
6216
7054
6146
7264
7054
7543
7054
7194
6705
6565
6286
6286
7683
6146
7613
6356
6635
6146
6285
7054
6147
7055
6216
7124
6216
6147
6216
6635
6147
6076
6077
6146
7194
6146
6006
5867
6146
6076
6216
6705
6146
6217
7124
6355
6286
6286
6635
6705
6286
7124
7054
6286
5797
7054
7054
7194
5797
7124
6565
5728
6216
7193
6146
6356
6635
6216
6495
6565
7613
7613
7194
6216
7263
6705
6146
6495
6216
6286
7124
6286
6077
6286
6076
6356
6216
6216
6077
6286
7124
6146
6217
6216
5797
6635
6774
6146
6146
6495
6146
6146
6146
6775
6565
6775
6216
6147
6775
6285
6775
6077
6146
6077
6565
13340
7194
6566
7124
6146
6704
6216
7543
6286
7194
7124
6286
7124
6216
6146
7194
6286
6635
6775
7194
6076
6146
6635
7124
6216
6984
7193
7124
6775
6146
7124
7543
6566
7473
6355
6566
6565
7124
6286
6216
6285
6705
7543
7124
7124
7194
6076
7054
6635
7194
6635
6146
6286
7194
6146
6076
7124
6705
6705
6286
6216
6216
6217
7054
6146
6216
6216
7194
6076
6704
7194
6775
6565
6286
7194
6286
6285
7124
6286
6146
6705
6216
6077
6565
6216
6146
6286
6146
6565
6146
6146
6006
6216
7054
7124
6146
6146
6146
6635
6146
7264
6216
7054
6216
5867
7054
7124
6286
6216
6146
6286
6286
7194
6984
6216
6146
6216
6565
6286
6774
6705
6286
6216
7193
6146
6147
7613
6635
6216
6146
7194
7194
6286
6147
7613
7124
7124
6146
6216
7054
6286
6285
6216
6286
6146
7543
14388
7543
6216
6286
7193
6286
6216
6635
7055
6216
6286
6146
6775
7124
7194
6216
6705
6286
6216
6286
6286
7194
5797
6286
6565
7194
6285
6216
6635
7054
7124
6146
6146
6286
6565
6216
6286
6635
6356
6146
6705
6146
6495
7124
7124
7124
6216
6635
6705
6286
7753
6077
7124
6076
7264
7194
7055
6565
7054
6216
6216
6216
5238
6286
6636
6216
7124
6286
6216
6286
7334
6286
6984
6565
6566
7194
7613
6146
6636
6146
6076
6216
7193
12851
6286
8172
6286
7264
6286
6076
7473
7124
7543
6146
6216
6216
6635
7264
6635
6286
7194
6565
6146
7264
6216
6705
6217
6636
6286
6146
6216
6216
6146
6216
6566
6286
6565
7124
6146
6635
6146
7334
6635
6705
6286
6285
6216
7194
6147
7055
6146
6216
6076
6286
6146
6286
6286
7264
6286
7194
6566
7264
7124
6705
6146
6076
6146
7194
6635
7124
7264
6216
6775
7194
6774
6217
6635
7124
6076
7054
7194
7194
6286
7613
6216
6146
7124
6636
6286
6076
6076
6704
7543
6635
6217
6565
7264
6286
6217
6146
6216
7333
6286
7124
6216
6636
6076
6076
7543
7194
6286
7124
6146
6146
5797
7613
6565
6216
6635
6216
6286
6565
6077
6146
6355
7613
7194
6286
6705
6146
6216
6217
7264
7263
6286
6635
6635
6147
6635
7194
7543
6147
6146
7263
6146
7054
7194
6216
6635
6705
6635
6216
6635
6565
6286
6285
6216
6216
7054
6286
7473
6216
6565
7193
7613
6635
6285
7124
6635
6635
7124
6705
6286
6775
6286
7264
6216
6146
6565
6286
6146
6705
6146
7264
9638
10127
6285
6216
7194
6146
6147
6635
6565
6285
6216
7054
7054
6216
7124
6146
6285
6216
6286
6146
6216
6216
6146
6286
6566
6216
6216
7264
6146
6146
7124
7055
7124
6146
6216
7683
6635
6146
6216
6216
7194
6216
6286
7124
6286
7055
7543
7054
7193
6636
6216
6845
7264
7194
6146
6286
6216
7543
6356
6216
7124
7124
6216
6216
6216
6076
6984
6635
6147
6147
6216
6635
6216
6216
7263
6495
6146
6705
6705
7543
6565
6076
6704
6216
6217
