5587
6286
5657
5658
5796
6285
6286
6146
5378
6146
5099
5588
5797
5658
6146
5587
5238
5657
6216
6216
5238
5658
5727
5727
6216
6076
5238
5238
5657
5727
6635
5796
6146
5797
5727
9568
5797
5796
5658
6076
5168
5308
5727
5657
5238
5797
5658
5238
5797
5797
5796
5657
5657
5797
5727
5657
5657
6216
5797
5797
5308
6216
5238
5658
6146
5169
5308
6215
5657
6076
6076
5238
5238
5308
5238
5797
5169
5727
5587
5866
5797
5657
6216
5587
5238
6076
6215
6216
5727
5517
5797
5238
5168
5657
5657
5658
6146
5726
6076
5727
6146
6704
5657
5727
6146
6634
6285
5866
6285
6285
5587
5727
5169
5657
5238
5727
5657
5657
6635
5377
5238
5238
5169
4889
5308
5588
6146
4819
5727
5378
5238
5307
5168
5168
5727
5238
5238
5168
5238
5238
4749
5238
5658
4819
5727
5308
5238
5238
5378
5168
5588
5098
5797
5238
4819
5308
4750
4749
4679
5168
5238
5726
5378
5168
6146
5238
5238
6146
5238
5797
5168
6146
5238
5308
5797
5727
5239
11314
5168
5797
4819
5238
5727
5169
5238
5657
5307
5169
5168
4749
5727
5727
5169
4749
5239
4679
4679
5099
4750
4888
5308
5168
5308
5307
5308
4749
6774
5796
5238
5727
5308
5099
5657
5308
5657
4680
5169
5657
5168
5168
5727
5657
5657
5239
5727
5238
5797
5168
4749
5657
4680
5238
4819
5727
7054
5238
5797
6076
5726
6076
5866
6635
5797
5797
6634
5238
5796
6146
5238
5796
5657
5238
6215
5587
5308
13829
5587
5727
5238
5727
4750
5727
6216
5378
5308
5797
5588
5657
5238
5168
5308
5587
5797
5797
5657
5168
5238
6285
6355
5168
6146
5308
6146
6146
5727
6635
5727
6076
5727
5307
5657
6076
6285
6635
11803
6356
5588
5727
5867
5797
5657
6705
5657
5866
6216
5238
5657
4819
5727
6146
5378
11733
6146
5797
6007
5238
5378
6286
5796
5308
5308
6146
5727
5308
6286
5169
5727
6705
5238
5308
5588
5238
6216
5657
5168
6146
5099
6285
5308
5727
5378
6076
5238
5378
5308
6286
6076
4330
5587
5169
5169
5588
5238
5308
5727
5657
5587
5099
6146
6215
6146
5796
5308
5308
5657
5168
6216
5657
6635
5727
5238
6076
5308
5657
6216
5308
6565
5239
5238
5308
5168
6076
5098
5238
5657
5727
5099
5168
5168
5727
5378
5238
5867
5797
5727
5238
5238
4819
6215
5727
6216
5726
5238
5308
5168
6146
6355
5238
6215
5727
5169
6286
6216
5308
5588
5168
5168
6286
5726
5238
5797
5238
5377
5587
5657
5308
5727
5657
6774
5657
5238
5657
5727
5727
5168
5378
5727
5238
5308
5377
5308
5727
5308
5308
5657
5727
6146
5727
5308
5797
5308
5238
5238
5238
5727
6565
5727
5308
5657
6285
5238
5657
5238
5238
5308
5238
5238
6146
6076
6146
5238
5238
5657
5588
5657
5867
5378
5168
5797
5797
5377
5727
6146
5797
5238
5308
5587
5727
6146
5797
5727
12432
5658
5657
6216
5377
6635
5378
6285
5657
5169
5308
5658
5238
5867
5587
5308
5099
5797
6286
5587
5727
5308
5796
6216
5238
6285
6216
6356
6635
5727
5657
5727
5727
5727
5657
5727
6565
8101
4819
6146
5727
5238
5727
5588
6146
5238
5307
5587
6215
5657
5727
5797
6146
5797
5657
5308
5238
5657
5238
5238
6286
5587
5797
5727
5308
5308
5308
6705
5588
5727
5378
5238
5308
5308
6215
5308
5308
5308
5866
5587
5657
5308
6146
5308
6076
5308
5308
5727
5168
5726
5238
5238
5238
5378
5308
5727
5308
5238
5238
6216
5308
6146
5168
6146
5657
6146
5796
5588
5308
5658
5796
5797
5727
5587
5308
6076
6565
6146
5727
6146
5727
5727
5727
6565
5238
5727
6216
6286
5657
5727
5797
6145
5727
5727
5588
5587
5587
5727
6216
6007
5727
6146
5657
6146
5098
5169
5377
6216
6146
5657
5308
5797
5238
5308
6775
6844
5797
5657
5796
5308
6635
5657
6146
5657
6146
5308
5308
5658
5238
5169
5727
6215
5238
5796
6146
5587
5168
6146
5307
5238
5658
5657
5308
5308
6006
6216
6146
5308
5308
5727
6076
5308
6216
5658
5797
6286
6146
6146
5657
5727
5657
5169
5727
5308
5238
5238
4260
5238
6076
5238
5308
5727
5657
5727
5308
5727
1955
1815
1397
1815
1397
1885
1955
1466
1466
1397
1466
1885
1816
978
1885
1397
1956
1956
1955
1955
1816
1467
1466
1396
1886
1466
1397
1397
1815
1886
1955
1956
1886
1466
1397
1467
1886
1885
1955
1397
1816
2864
1467
1955
1466
1955
1816
1955
1397
1956
1886
1886
1886
1886
2375
1886
1885
1886
1886
1886
1886
1886
1466
1467
1885
1467
1396
1397
1885
1886
1886
1467
1956
1885
1955
1885
1885
1886
1885
1397
1467
1466
1955
1467
1467
1886
1397
1397
1885
1397
1886
1886
1956
1467
1397
1885
1397
1467
978
1467
1956
1955
1886
1886
1467
1885
1886
908
1467
1886
1816
1956
1886
1885
1886
5308
5308
5727
5238
5098
5657
6705
6216
5098
5168
5238
5588
5657
5308
5308
5308
5657
5238
5657
6146
6146
5657
5238
5377
5657
5308
5238
5168
7264
6146
5727
5168
5657
5307
5797
6146
6286
5308
5727
5727
5308
5658
5238
5168
5098
5308
5727
5657
5308
5797
5657
5308
5238
5657
5657
5657
6146
5238
5308
6286
6077
6216
4819
5866
5727
5168
5238
5308
5727
6216
5658
5657
5796
5308
6146
5308
5238
5238
5657
5308
6146
5727
5378
5308
6146
5377
5657
5307
5308
6216
5238
5238
6635
6076
5727
5797
6565
5238
4749
7194
6076
8660
6356
7682
6705
6705
5657
5727
5657
5657
6635
5797
5727
5168
5657
5587
5238
5657
5168
5727
5308
5727
5657
5308
5238
5308
5238
5797
5658
6216
5797
5796
5307
6285
5657
5657
5377
6145
5238
5168
5657
6216
5169
6146
5238
5238
5169
6565
5658
6286
5378
5727
5308
6215
5727
5657
5378
5867
5727
5797
5797
4330
5587
5797
5727
10267
5168
5727
6286
6286
5378
5797
5866
6216
5657
6146
6146
6076
