3772
3840
3353
3841
3841
3771
3911
3771
4330
4260
4260
6216
4191
4330
12291
11942
13478
11453
11383
21859
10476
11383
11593
11523
11523
12291
11104
11802
12222
11733
12780
11802
12989
12500
12920
12570
11872
13478
14316
12779
11383
11872
20881
11872
12780
13757
13758
11523
11942
11872
13967
12710
12989
13828
12012
12012
12011
11593
12710
11732
12360
11732
11452
12920
14875
11383
12990
13338
11593
14177
12430
12990
12850
12082
13478
11314
12291
12780
13409
11802
11314
13758
13269
12640
11732
13478
1886
1466
1885
1886
1885
1886
1885
1885
1466
1886
1886
1397
1885
1956
1886
1397
1885
1466
12710
13268
11313
13129
11383
11383
11593
11383
12500
11593
12081
11523
11453
13409
11523
12291
12360
11522
11942
11592
13688
13827
11034
13758
12571
12081
11523
12361
11872
13339
11872
11453
10894
11872
12291
13968
11872
12990
11872
12012
11593
14177
13478
11732
12431
11383
11872
12012
12361
13338
10405
13758
15084
7333
6565
7193
6635
6564
6704
7053
7612
6774
8101
7193
7751
6704
8101
7194
7053
7123
8031
11592
11872
13199
12291
11522
12430
11243
14246
12012
12990
12012
14246
12012
11802
11593
13409
12011
12081
11522
13618
12082
13478
13199
12780
12780
11523
11383
15643
11523
11802
13408
11872
12570
12570
12291
13757
13339
12361
13897
13339
13268
11384
11522
12011
13967
12431
11942
13548
13269
11034
13409
11313
11802
11942
12012
12151
14177
13828
12850
11872
11313
12361
12850
12012
13269
12500
13897
13688
11872
12291
12430
13409
11452
13687
12500
12431
12849
11522
11872
11383
11383
11872
11872
11174
12081
12291
11593
12500
12919
11313
11523
14177
12780
11383
11941
11383
13268
13478
11244
12501
11313
11453
10895
12710
11313
11732
11942
13338
7542
6774
7053
6704
7751
6774
7612
6704
6634
7054
7681
7123
7054
6704
8031
7752
8031
7473
11383
12221
13967
12710
12221
12361
13757
11173
12221
12710
13408
19903
13687
11523
13339
13828
12291
12431
12360
12431
11593
11802
12222
11872
11383
11383
11453
13338
11872
11383
11523
11593
11243
14456
12012
13828
11383
12431
12011
12291
12431
12012
11872
12012
11383
13338
12291
11523
12431
11593
12640
11802
13059
13897
13967
15712
12291
11942
11942
11314
13548
13269
13479
12431
13199
11802
24582
11453
11942
12361
21859
11453
11522
11802
13339
14246
11522
20950
20042
13408
12500
11383
12291
14246
11593
12920
11313
12989
11663
13199
13757
11732
11313
12012
11872
12710
13688
11244
11592
11383
11872
11103
11523
12221
12012
11803
14107
11384
11453
11941
12710
12012
12430
12431
10965
12012
13268
11592
11663
11453
12081
13688
13409
13758
11872
10964
11313
13688
11383
13339
11453
12850
11383
14735
12291
11803
11523
12850
11244
12430
11802
12012
12291
11383
11453
13897
11523
11593
14805
14106
13129
12850
12011
11243
12850
13757
11802
13758
12431
12430
11942
13827
12500
11802
12431
11384
11383
11802
13338
11313
11523
11453
13479
12012
11523
13898
12919
13338
12222
11523
11872
11243
11872
12011
13687
13408
14037
12012
11942
11802
12151
11593
13897
12011
11383
14456
12012
11872
13687
11313
15155
12291
11313
12780
12361
11383
11872
11384
11313
11941
11732
12431
11592
11872
12361
14247
12571
11733
12012
13548
11453
13758
11803
11453
11941
12710
12919
12291
13757
11383
11523
13688
13688
12012
11453
12919
12850
11313
13967
11034
11383
13478
11383
13409
12501
13269
11803
11802
11802
12361
11593
12501
11732
14386
12500
13967
13758
11523
12710
11243
12291
13408
11942
11453
13339
11104
11383
14595
11383
11732
13269
13687
12919
13199
13409
11593
11802
11383
11453
11872
11523
12849
13409
11802
11453
11802
12501
11453
12361
12431
12291
13409
12291
12361
11523
13339
12850
12012
11872
13478
12291
12431
12012
12011
12431
11523
12431
11732
11802
13478
13269
11872
13757
11313
12990
12012
13408
12011
12501
11314
14247
11383
11383
11872
13967
14107
11593
10964
12779
11942
11313
11942
12081
12920
11942
13269
14875
13828
13828
12919
12430
13478
13478
12990
11872
11802
13898
13897
12361
12011
12990
11942
12430
14107
12361
13757
11523
11942
11593
12780
12081
12011
18646
12431
12081
11034
14456
12780
11802
11872
11314
11523
11453
11523
12710
12291
12082
12291
11383
12291
12152
11592
12780
12012
12221
12360
12919
13828
11732
11872
13827
12011
11383
12990
12361
11383
13548
12291
12501
12850
12082
12431
11313
12291
11592
11942
14736
11592
11942
12501
11872
14247
11593
11872
12012
11803
13338
11872
13827
12431
11314
13268
14247
11522
12710
13967
12012
12012
13827
11523
12919
11453
11942
12850
12082
11034
12012
11383
12989
14386
11383
13758
12082
12291
12291
11802
11802
13269
12570
11802
11592
13479
13339
12221
13268
12850
11383
11453
11802
12710
11523
11383
11942
12710
11523
13409
11733
20462
13688
11802
11872
13758
13269
13479
13967
11453
12640
13199
11733
11872
20532
11872
50561
12360
13758
11802
14246
13269
13409
11313
13408
11453
11802
13757
14316
12012
12361
13268
11383
11803
14456
11593
11383
14665
12012
11872
12291
11872
11453
13827
14106
11313
11453
12780
15713
14316
11802
13408
11523
12012
12291
14037
11523
11383
11313
12361
20043
19484
12780
12850
11383
11523
15853
12082
12431
12221
13827
11802
12920
11592
11383
11593
11592
12082
11803
12361
13339
12919
12430
11173
11593
13199
12500
11523
11313
13758
13199
12780
12291
11453
12011
11942
12081
12081
12291
11872
12780
11313
12011
11872
13269
14247
13967
13898
12501
12361
13268
12012
11453
20531
13269
13478
13827
18157
11942
13478
12082
13269
14735
18647
13269
16481
13828
24861
18158
13757
14875
14666
16062
12431
12919
12361
12221
16341
13339
16272
19694
18716
14247
11872
13688
21369
13199
11523
17669
11592
13479
11383
12919
15504
11384
13967
14595
18436
138693
11383
11872
11383
13478
13967
13339
11873
12151
21370
13269
14177
11802
11942
12989
20043
11942
12291
13409
11523
14735
16761
15783
14107
15155
13967
22557
48536
11314
14317
18646
12780
12012
13269
21300
11384
13688
11313
13967
16411
12989
13898
13269
16341
12989
11942
12012
13269
46231
13199
12780
13967
14317
13408
12920
27236
17389
22138
20252
27096
13828
12012
67601
21021
11942
45254
19066
16132
22487
40015
13269
12291
11732
11802
11802
