3282
3771
3841
3282
3841
3352
3422
3911
3771
3352
3282
3213
3911
3771
3282
3282
3771
3283
3911
3353
3771
3771
3352
3772
3841
3842
3352
3282
3772
3772
3841
3772
3353
3772
3911
3282
3841
3772
3353
3282
3352
3352
3423
3352
3353
3772
2933
3353
3283
3283
3352
3353
3771
3352
3283
3841
3702
3352
3912
12571
3282
3282
3283
3422
2934
3352
3353
3353
3422
3353
3352
3283
3841
3422
3702
3282
3771
3911
3353
3352
3353
3702
3771
3282
3422
3352
4260
3701
3841
3772
4330
5238
4190
4260
4889
4191
4330
5308
5168
4260
3911
3842
4190
4260
3911
3842
4330
3422
3352
3911
3771
3772
3911
3911
3841
4260
3841
3842
4260
3841
4819
5239
4749
4331
4330
4680
3911
3841
3353
3911
4749
3771
3422
13619
3422
3772
4260
3353
4330
3841
3772
3701
3702
3771
3842
3283
3772
3771
3282
3842
3771
3911
3841
3283
4260
3911
3422
3912
3772
3841
3772
3771
3283
3771
3423
3282
3841
4260
3771
3841
3283
4260
3352
3701
4261
4191
3841
3771
3911
3771
3702
3841
3841
3422
3702
3701
3841
3771
3842
2863
3771
3841
2864
3771
3771
3772
3353
3772
3772
3772
3771
4260
3702
3352
3842
3771
3772
3771
3771
3702
4260
3352
3282
3352
3352
3283
3772
3841
4330
4260
3841
3701
3771
3841
3772
3772
3422
3771
3841
3282
4330
3841
3352
3701
3283
3841
3771
3841
3911
3772
3772
4191
3701
3772
4261
3841
3841
5238
4260
3841
4330
3771
3911
4330
3841
3771
3771
3841
3771
3841
3911
3771
3771
3771
3841
3772
3911
3771
4260
3422
3702
3771
3352
3771
2375
3842
3353
4191
3841
3841
4260
4330
3772
3841
3771
3422
3841
3422
3283
3841
3841
3702
3911
3912
3841
3701
3772
3841
3772
3772
3912
3283
21371
3842
3702
3772
3842
3702
3771
3352
3283
3841
3283
3771
3353
3772
3841
3841
3353
3841
3771
3701
3841
5308
3352
4330
3842
3911
3911
4889
3911
3841
3282
3912
3772
3841
3772
3423
3353
3352
3771
3422
3841
3911
3771
3841
3702
4261
3422
3353
3352
3771
3771
3771
3771
3283
3772
3353
3282
3283
4191
3771
3842
3282
3702
3702
3352
3422
3772
3352
3772
3283
3841
3842
3771
3842
3911
3841
3352
3772
3841
3841
3911
3842
3841
3352
2864
3422
3841
3842
3771
3772
3771
3841
4679
3771
3911
4190
3842
3841
3771
4749
4261
3772
3771
3772
3841
3352
3771
3841
3771
3841
3422
3841
3352
3771
3911
3841
3353
3702
3911
3352
3771
3283
3841
3841
4261
4330
4330
3771
3771
4190
4260
3422
3841
3911
3771
3772
3352
3772
3772
3911
3842
3353
3772
3353
3772
3212
3841
4260
3352
3842
3352
3352
2863
3911
3352
3841
3772
3771
3352
4260
3772
3772
3841
3841
4260
3282
3352
3841
3282
3841
3352
3701
3771
3283
3842
3842
3422
3841
3841
3772
3841
2864
3842
3282
3701
3353
3772
3771
3701
3771
4260
3282
3771
3842
3771
3283
3283
3841
4260
3771
3353
3702
3772
3422
4260
3841
3841
3911
3702
3841
3841
3911
3841
3282
3352
4819
4330
3771
3841
3352
2933
3771
3772
3282
3911
3352
4261
3352
4680
3283
3842
3841
3352
3841
3422
3423
4190
3352
3771
4261
3353
3771
3282
3772
3842
4330
4679
4261
3771
3842
3772
2863
4330
3842
3772
3702
3282
3841
3911
3771
4749
3842
3282
4749
4260
3771
3842
3771
3841
3911
3911
3841
3841
3841
4190
4260
3771
3772
3771
3772
3422
3841
3702
2794
3422
3353
3841
3422
3772
3702
4261
3842
3353
3771
3353
3771
3771
3771
3352
3772
3283
3352
3771
3841
3771
3772
3771
3772
4261
3771
2863
3841
4191
4330
3771
4819
4330
4190
3771
4190
4190
3841
3771
3841
4190
4330
3911
5238
3841
4400
4260
4260
3702
4749
3771
4190
3772
3841
4190
3772
3842
4260
3911
3841
3771
3841
3911
4749
3771
3911
4400
3911
4330
4261
3772
3701
3353
3353
4749
3771
2863
3771
3352
3772
3771
3771
4260
3772
3771
3771
3352
3701
3422
3841
3841
3701
3352
3772
2375
3772
3772
4261
3911
3772
3841
3841
3212
3702
3841
5238
3771
3283
3771
3842
3771
4680
4330
3772
4191
3771
4260
4889
4330
4330
4261
4190
4750
4191
4749
4330
4261
4749
4260
4260
4330
4331
3911
4330
4260
4819
4261
4261
4330
3701
4260
4260
4261
4749
3771
4749
3841
4191
4190
4260
3841
3771
3771
4330
3353
4190
3841
5727
4749
5238
4399
4749
4191
4749
5238
4749
4679
4750
5378
4749
4819
5657
4330
4400
4819
5797
5238
4889
4400
4749
5308
5238
5657
4260
4330
5657
4750
4749
4749
4749
4819
4191
4749
4260
4260
4330
5238
5238
4820
9429
3771
3353
4679
4260
4400
4819
4819
4260
3771
3841
3911
4330
4400
3842
3772
4260
4260
4260
4261
4680
4330
4819
3771
3841
3841
4190
3771
3841
4260
4749
3841
3911
4261
3352
3771
3772
4260
4260
5238
4260
4260
11524
5168
3911
3912
4190
3282
3911
4260
4260
4749
4330
4749
3771
4819
4749
4190
4120
4191
3911
4191
4749
4330
3911
3772
3842
3842
3771
4260
4260
4679
3632
5238
4190
3772
4190
4330
4400
3702
4260
4261
3841
3842
3701
4400
3912
3701
3841
3283
3771
4190
3702
3352
3422
3353
3282
3771
3283
3771
3912
3771
3423
3283
3772
4190
3771
3841
3842
3842
4260
3702
3353
3771
3771
4679
3283
3911
3842
3352
3841
3841
3422
2863
3772
3422
3282
3282
3841
3772
3842
3701
3771
4330
3841
4400
3772
5308
4191
4190
4260
3352
4400
3841
3842
4889
3772
3771
4261
4260
4260
3771
3771
3841
3842
3701
3772
3841
3771
3842
4260
3352
3352
4190
3282
3771
3771
3352
3772
3911
3283
3772
3352
4260
3842
4190
3352
4261
3353
3353
3353
3771
3771
3352
4260
3352
3353
3422
3283
3282
4191
3841
3701
3422
3772
3353
3772
3353
3353
3841
3701
3911
3423
3841
3772
3842
3841
3841
3842
3422
3632
4190
3352
3842
3842
