6635
8102
6844
6635
6775
7124
7613
6635
7054
7194
7473
7124
6635
6775
6566
6704
8032
6635
6705
6565
7753
6565
7613
6774
7124
7613
6705
6635
7054
8102
6565
6496
6845
6635
6705
6775
6775
6635
6705
7613
6635
6635
7613
6635
6635
6635
7543
7124
6774
6705
6565
7543
6705
7753
6565
6775
8102
6286
6635
6635
6775
6705
7753
7613
7124
6774
7124
6774
6845
6635
7613
7613
7194
6775
6775
6774
7682
7683
6635
6565
7124
6705
7543
7682
6635
6705
6985
7613
6635
7613
6565
6635
6635
7543
6705
7543
7613
6216
6775
6635
6705
6565
7194
6215
6635
6635
6705
8242
6705
6635
6635
7054
6635
7543
6495
6635
6705
14877
7194
7054
6565
6775
6635
7753
7683
6775
6705
7543
6565
6775
6775
6565
6565
6565
6285
7753
7124
3842
3771
3842
3353
4190
3841
3771
4331
3771
3772
3841
3353
3772
3772
3422
3422
3702
3352
3772
3771
3772
3911
3422
4191
3701
3282
3911
3772
3841
3283
3841
3771
3772
4261
3841
3772
3772
3282
3841
3352
3771
3842
4401
3771
3911
3842
3772
3772
3772
3423
3702
4330
4260
3353
3771
3771
3911
4260
3772
3283
4679
7194
6146
6775
6146
6705
6635
5797
6146
5727
7054
5658
6146
5797
6147
6705
6216
6705
6285
6775
6845
6216
7124
6146
6146
6216
6286
6286
6076
7194
5657
6285
5728
6775
6285
6216
6146
6635
6216
6705
6006
5797
6286
6285
6216
6286
8102
5657
6216
5797
6146
6285
6146
6635
6635
6635
5657
6705
5658
5727
6216
6007
7683
6775
6705
6635
6775
7194
7613
6984
6565
7473
6565
6984
7124
6635
6985
7752
7263
7613
6635
6775
6635
6635
6565
6566
7054
6565
7543
7683
7613
6635
6705
6635
6356
7543
7613
6775
6705
6775
6635
6705
6565
7682
6635
7682
7124
7683
6565
6705
8102
8591
6774
7404
9639
7264
7403
7194
8101
6565
6635
6704
7473
7124
6635
7263
7682
6705
7054
7543
7753
6635
7613
6635
7194
7054
6635
6635
6635
6565
7054
6705
7613
7054
6635
7054
9639
8521
7543
7683
6635
7054
7753
6565
6775
6566
8031
6635
7124
6775
6775
6705
7683
6635
6216
6565
7124
7543
7683
6844
7193
6705
7753
6705
8102
6704
6635
6775
8102
6844
8102
8102
7194
6775
6566
6565
6635
6566
6495
6705
6704
6705
6705
6356
6705
8172
6705
6635
6635
7124
7612
7613
6566
7124
6705
6635
8031
6635
6636
6635
7613
6635
7124
7753
7892
6076
6565
6635
7613
6566
6635
6774
7124
7752
7543
7264
6635
6565
7543
8101
6635
7683
7124
6705
6774
6704
7054
6635
6705
6775
6355
7194
7543
6635
6635
7613
6565
6705
6774
6635
7683
7683
6845
6775
6636
7962
6635
6635
7613
7543
6635
7613
6705
7752
6565
7543
6635
7543
7613
6565
7613
6774
6635
7124
6566
6565
6705
6705
7683
6635
7403
7752
6635
7124
6635
6774
7613
7542
6565
6775
6566
6565
6705
7683
7054
8032
7962
6635
6705
7752
6705
8032
6775
6705
6705
7613
6775
8032
7613
6984
7124
6984
6635
6775
8032
6775
7543
6566
6705
7962
6704
6705
6775
7543
6705
7543
6635
7054
6565
6635
7613
7054
6775
6775
6635
7473
7054
6775
7543
7613
6635
7543
6635
7123
7613
7613
7123
6704
7683
6635
6705
8032
7753
7474
6635
6775
8102
6774
12362
6635
15226
7543
8031
7054
6704
7124
7613
6984
6635
6775
6775
6705
8032
7682
7543
7054
6705
6705
6775
6774
6635
6635
7682
6635
7682
6635
5867
7543
7682
6286
6635
6286
6635
6705
6635
6705
6635
6565
6705
6984
6774
6635
6565
6705
6705
6565
8102
6495
6705
6635
6774
7123
7613
6705
6565
7613
7683
6775
7473
6705
6705
6635
6775
6286
6775
7613
7682
6705
6635
6705
7543
6146
6705
6635
7054
7473
7543
8032
6635
7124
7962
6565
6565
6635
6635
6565
6705
6775
6635
6635
6286
6774
6775
6635
7543
6705
6566
7055
7263
7054
6635
6704
6775
7752
6565
6635
7682
6635
6635
7543
7473
7613
6495
6705
6705
6147
7543
6635
7612
7683
6635
7054
7543
6775
7752
6635
7054
6705
6635
7264
7264
6705
7054
6147
6635
6635
7193
6495
6565
6635
8101
6285
6705
6705
6775
6775
6705
7543
6705
7473
5727
6705
6704
6216
6565
6775
6635
7752
6566
7054
8172
6635
6774
6775
6774
6704
7543
7613
7753
7682
6705
6705
6704
6495
6705
7193
7752
6705
7124
6705
7613
7054
6705
6565
7194
7473
6705
6425
8032
7543
6705
7054
6984
6774
7613
6635
6635
6216
7054
6147
6774
6286
6635
7473
7333
6635
6985
6566
6566
6775
7752
6705
6635
6635
6565
7752
6565
7752
6705
6705
6565
6705
6705
6635
7473
7752
6635
6774
6705
7054
7194
6705
6775
7054
6635
6565
6984
7613
6286
6635
7613
6565
6495
7543
6705
6635
7543
6565
6565
6635
6635
7613
6635
6635
6566
7613
6775
6705
7613
6705
7683
6775
6705
7473
6705
6635
6775
7613
6635
6705
6775
6775
6705
6565
6775
8101
8032
7124
6844
7752
6635
7193
6286
6705
7752
6705
7683
7543
8032
7474
6285
6565
6565
7543
6985
6635
6565
6565
6705
6635
7124
6774
7682
6216
6495
6705
7473
6705
7194
7962
7613
6635
6636
6635
7263
6775
6566
6286
7543
7054
6565
7543
6146
7612
7683
6775
7682
7682
7613
6705
6216
6985
6705
6775
6775
6635
6705
6635
6635
7543
6635
6774
6565
6775
6775
7613
6705
8032
8032
7613
7683
7124
6984
6635
7753
6705
7194
6775
8032
6775
6216
6775
6565
6774
6635
6705
7124
6705
7054
6705
6635
6635
7613
7683
6565
6565
6844
6635
6705
7613
7613
6635
7473
7194
7543
7613
6705
7892
8102
6635
6635
6635
6635
6635
7054
6705
6635
6705
7473
7543
6635
6635
7682
7054
7054
7543
6705
7054
7613
7682
6565
7682
6704
6705
6635
6635
6635
6565
6565
6704
8102
7124
6635
6635
7054
7543
7613
6635
6565
6286
6565
6635
7612
6774
6775
6775
8102
7543
6775
6635
6635
6565
6565
