9988
9568
11314
10477
11733
10406
18229
9498
9848
10057
9917
10685
10476
20045
11524
9918
11804
10127
10476
9987
9918
9918
10127
9917
10057
10267
10057
8451
8241
17181
9429
8171
8521
9499
8521
8171
7893
8172
8172
8101
8241
9219
8242
8591
8102
7543
9499
8381
8521
8591
8031
8032
10267
9988
10406
11804
10057
9988
10057
11035
10127
11035
10616
10128
10965
11524
9987
10895
10337
11803
9498
10267
10825
10337
10406
10337
10337
10128
10406
9848
9918
10546
10127
10965
9988
10895
11245
10197
12362
10476
11594
10755
10057
10965
11524
10407
10407
11244
10895
10057
11245
6146
6565
6076
6565
6216
6146
6216
7264
5797
5658
5727
6286
7193
7124
6775
6635
7054
6216
6216
6984
6774
5587
6635
6216
5657
10128
9917
9988
11524
9987
10337
10476
9638
9917
10406
9988
10058
11035
10616
10407
10406
10057
9918
11454
10057
9918
10057
9917
10476
11943
12013
11524
10057
10127
10406
9918
10127
11873
10406
10127
23397
13479
10616
9987
10058
9988
10826
11594
12502
10406
12222
9219
10128
12082
10406
10337
12292
11454
9988
10546
10406
10058
9918
11593
11734
15366
18718
16622
12082
11943
20603
14807
15644
13480
13828
8171
7753
8171
6984
8172
8520
9079
7473
7543
8102
8660
8102
8032
10546
9569
8451
8171
10756
10058
10057
11384
8521
11873
11524
9848
10895
13549
10895
10965
11315
10057
10476
9918
9988
10337
11245
13270
10546
9987
9499
10057
10127
9987
9917
10476
11524
12362
11734
9988
15366
10826
10616
9987
9639
11454
9917
12012
10127
15226
11943
12851
11593
15644
12362
10825
16553
20534
12292
11315
10546
10476
10825
12082
15365
10127
10127
11314
10127
9848
9987
10127
9918
14318
13759
16972
10546
9638
10546
10267
12152
9988
9987
9987
9987
9988
9219
11384
14946
16203
14737
10965
10057
11873
12781
15784
13758
13340
16762
11873
14248
16692
16692
16274
13340
13689
12851
10895
11873
10895
12292
9987
11873
10406
11594
10826
10616
11035
11035
10127
9638
9499
18229
9708
9708
11105
9638
9149
9568
9918
10895
9499
10755
9638
10965
11035
11524
9009
10965
11105
9918
11105
10895
10407
11733
10476
11314
10127
9988
9987
10057
11873
11873
10127
9987
12223
9917
10127
9638
10407
9917
11105
10057
10476
11105
10057
9988
9987
9638
12991
9639
10406
11035
10965
10476
9987
9568
10058
9987
10058
9987
10546
10127
9917
10546
11803
11454
10965
9918
12502
11384
10337
10337
10057
9987
9848
10896
11733
11873
9988
11803
11384
11594
10058
11804
10057
10337
9987
10407
11245
11314
10127
9568
10197
10128
10476
10547
10127
9778
10057
11035
10127
9988
10476
10965
9638
11593
11384
9988
11803
9568
10197
9848
10337
9987
11524
10336
12013
10127
10058
10337
10127
11454
10966
11943
18159
10057
12012
10127
9847
9987
10476
10057
11175
10407
23257
11734
11524
10406
11803
11594
11803
10546
9568
9638
11315
9639
11873
10477
10546
9568
9917
9638
9918
9987
10476
9708
11314
10406
9987
11454
10057
12013
10057
11943
11664
9987
9987
10546
10616
11524
10546
9987
9917
10476
9917
10337
9988
9987
10057
11454
10196
12851
9918
10407
11035
12013
12362
9987
9918
9778
9988
10616
9847
10128
9987
9708
11035
13759
9429
12711
10197
10407
9918
10965
10826
16692
10965
10616
10616
9917
10057
11455
12153
9359
10476
10406
10896
12431
10826
10127
10476
9987
10476
11943
10546
10965
11524
10756
10896
12781
15295
12292
11873
12431
11035
9987
9987
10127
9917
11803
12362
9987
10127
10477
9917
9918
10616
10965
13131
11315
13759
12013
12990
11384
10476
8939
10406
12083
10896
11385
11315
10406
10616
10058
9988
10965
10895
10546
10127
9918
10406
10127
9778
11035
10127
10057
10057
10057
10197
10127
12082
11314
17809
10616
9917
10128
10127
11454
11035
11314
9918
9917
10546
10057
9847
10406
7124
7263
7892
7333
7193
7543
7543
7054
7193
7124
7124
7543
7124
6984
7543
7263
7124
8102
7194
8521
7194
7543
7473
7124
7543
9988
9848
11384
9987
9917
12013
10197
10127
9917
9918
10477
11524
11314
9988
10826
10057
10057
18368
9638
9988
10546
12292
10406
10058
10476
11873
11524
11594
11384
9987
10476
10058
10965
11594
11873
9988
10476
12013
11385
10895
17809
10336
10127
11245
10965
10546
11524
10407
11594
9708
9988
11454
10476
10127
9917
9988
10127
10825
11524
10057
9638
11035
9848
10476
10476
9918
10127
10127
9848
10127
9499
10547
12013
9917
9917
9568
10476
11943
9987
11803
10266
9988
9917
10546
10965
11733
10057
9917
9988
12012
9917
9918
9848
10477
10337
9988
10826
9917
10755
11105
10476
10616
11385
9918
9987
10127
9988
9708
11035
10057
9778
10476
11803
11105
12013
13270
10546
10407
10616
10336
12362
18927
10057
9917
10127
9917
9847
9080
10546
11873
18857
10546
11105
11315
10547
11524
9988
10616
20184
14248
13689
13409
13619
13828
10058
10057
11035
10755
12711
13270
16343
13060
14876
12781
10407
10546
12920
10057
10336
9918
10616
11943
9987
15924
15994
14667
13619
11873
12082
9988
11384
9918
9917
14457
12083
11454
10127
10127
10406
11454
9917
11873
11943
10057
11943
12991
11384
9359
10476
10476
11314
11594
11244
12292
10057
17670
12781
14876
13968
15715
12362
17740
12292
12920
11454
13898
11035
17042
13270
13968
10826
9918
10406
10546
12083
11105
13620
10616
11873
11454
15365
14108
10616
10407
9848
9987
11873
13759
10477
9918
10057
11104
10127
11873
9010
11315
11384
11524
11035
9917
10406
12711
10477
12502
12362
10476
12432
14388
11105
12502
11314
11385
13340
11454
9638
11384
1886
1467
1467
1956
1397
1467
1397
1397
1467
1396
1467
1396
1397
1327
1466
1397
1466
1397
1467
1467
978
1466
977
1467
9918
10058
11315
11873
12083
10476
11943
10547
9987
9918
9918
10057
9917
10197
12990
13689
14666
11803
10057
9499
10057
9638
9987
11803
12502
11734
11873
11734
11803
10127
10337
11384
9498
10058
12013
11594
10057
12012
10477
9918
12362
11594
15784
16622
12012
11314
16203
12223
10127
10477
12432
11454
12013
14388
11035
18508
10128
9987
11873
11593
10127
11105
10966
10826
9917
9848
10127
9499
9917
10057
9638
19416
10127
