7751
7542
7611
7751
7752
7193
8590
7752
9148
8659
8170
7542
7751
7751
8449
6634
7542
9079
7542
9009
7682
9078
7542
8100
9218
3771
3352
3771
3771
3911
3282
3911
3422
3422
3352
3352
3352
3771
3771
3352
3282
3352
3840
3352
3282
3283
3351
3352
3771
3421
3352
3282
3352
3282
3283
3282
3422
3282
3352
3352
3352
3352
2305
3771
12011
10545
3352
3282
3421
9009
8240
9148
9078
7752
9846
7472
7612
7612
9008
7612
9008
8938
8729
9009
7612
7542
8659
8101
7751
7053
7751
7542
9079
9078
7682
8170
7611
7612
8520
7612
7681
7681
7751
9008
7682
7611
8379
7682
7542
7681
9148
7960
7751
8520
9008
9078
7752
7612
7612
9427
8938
9846
9008
8659
7612
8869
7752
7681
7960
8729
7542
8100
9079
8659
7612
8031
9218
8240
9009
7542
7612
8031
7751
7960
8031
7682
7682
7542
8100
8519
7611
7752
8659
7472
8240
8100
8589
8031
8590
8031
8729
7612
9776
7751
7542
8869
9357
8659
7612
7263
7612
9148
7611
7611
7542
8659
7542
7542
7751
7752
7611
7611
7752
8101
8240
7612
7612
9148
7122
7612
8520
7681
7961
7472
8938
8100
7681
8170
7682
7612
7681
7611
7682
7542
7612
8939
7681
8170
7961
9008
8031
9078
7542
9567
7751
7542
7751
16341
7961
8031
8240
8380
8869
7681
8589
9008
7612
7681
8519
8659
7681
7682
8170
8031
9358
7611
7612
8660
7751
8939
7681
8589
8100
8240
7751
7681
7682
7611
7751
8520
7542
9009
7542
7541
8519
8031
9078
9009
16551
7681
7751
7612
8659
7612
8031
15782
7752
7612
7542
8659
7612
7542
8240
7612
7612
7961
7961
8031
7611
7752
7682
7681
7542
9009
7612
8939
16131
7541
7752
7612
7542
9009
8450
7751
7961
7611
8030
8520
7611
7612
9008
7193
7612
7611
9009
8031
7542
7472
8590
7682
8031
7542
7542
8659
8031
9079
7751
8659
8939
8170
7612
8031
8030
7891
8659
7542
7682
8450
8659
7612
7961
8030
9008
9148
7752
7751
7611
8450
7541
7612
8938
7961
7682
9008
8100
8101
8170
8100
7542
7681
7821
7542
7751
7611
8589
7611
8590
7682
7681
7891
7752
7612
7752
7960
8101
8450
7752
7542
7682
7612
7681
8660
7612
7472
7751
9148
7682
8589
7612
8171
9009
7542
7612
7542
9567
7472
8938
8799
7682
8729
2863
2863
3352
3422
2863
2933
2863
2933
2793
2793
2933
2863
2933
2864
2863
2375
2863
2445
2374
2863
2863
2793
2933
2793
2863
2933
3422
2863
2863
2933
2863
3352
2863
2864
2374
3352
2304
2863
2933
2863
2863
2933
2863
2444
2863
2863
7472
7681
9637
8031
7612
7612
7681
7752
8659
8101
7682
7681
8939
8519
9079
7681
7681
7821
7960
7751
8729
8520
7542
7472
7612
7751
7402
7681
7542
7682
9217
7751
7612
7472
7542
7682
8659
7542
7612
8729
8729
7612
7751
8030
7821
7681
9009
8659
9148
7472
7612
7612
8031
8729
7751
7542
7611
7961
9009
9008
8938
7612
7682
8939
7751
8171
7542
7752
8101
7541
9008
7752
8659
7612
7752
7611
7612
7542
9009
8101
8519
9218
9148
15643
7542
7612
8938
9008
9218
9009
7542
16620
8030
7611
7612
8729
9008
8939
8868
8100
7542
7612
7611
7682
7752
8031
8939
8101
8659
8171
7751
8101
8938
8590
8100
7681
7612
7262
7681
7612
7472
8101
7542
7611
7612
7681
7682
7192
7682
7681
7681
7542
9148
8868
7612
7682
7472
10614
7542
7751
7752
7542
7751
8031
7611
7263
8729
8030
7472
7472
7611
7611
7612
8868
7960
8660
8101
7542
7612
8030
8171
9078
7681
8030
7751
8380
9148
8939
9078
9148
7542
7612
8938
8729
7542
8171
7472
8939
8031
7682
8240
7752
9428
9009
9149
9078
7542
9357
8100
8729
7612
7611
9218
9148
8031
8101
7263
8729
8659
7612
7682
8729
8938
7542
7961
7542
7681
8100
8520
8938
7612
8031
9008
8939
7681
8589
8590
7681
8729
8449
9217
9148
7402
7681
8590
8939
7611
9079
8729
8730
7682
7961
7542
9008
7612
7612
7542
7751
7472
7542
9358
17039
7123
7682
7612
7961
9009
7752
8100
8519
8660
7612
7682
7752
7612
8519
8519
9079
7751
9497
8938
7682
7612
9149
8729
8520
7542
8729
7961
7682
9078
9008
8031
7752
8031
7682
8659
8450
8939
7752
7681
7752
7611
7960
8869
9008
8030
7612
9078
7961
7541
7612
8031
7612
7681
7612
7961
7612
9148
9009
9009
8519
7472
9079
7682
7612
7472
9078
7542
8659
7611
8590
7611
8101
7612
9148
9218
8171
8659
7612
9497
7751
7542
8031
8101
8030
7682
7751
7752
7751
8101
8031
8938
8939
8729
8031
7612
7612
7472
7542
7961
9009
7960
7612
9008
7961
8031
8101
9009
7752
8100
7542
7682
8100
7123
7751
8240
9008
7542
8380
8240
7681
8449
8589
8729
7681
15852
7612
7681
7612
7682
7542
7612
8031
8589
9009
7611
8520
7542
7752
7611
7752
8101
7682
8659
7542
7961
9148
7612
8030
8659
8659
7612
7682
7612
7542
8240
7682
9427
7611
7682
7612
7472
8939
7612
8031
7751
7611
7681
8101
8031
7681
8519
7682
9987
7611
2374
2374
2304
2374
2375
2375
2374
2305
2794
2374
2374
2374
2374
2374
2304
2444
2374
2375
2444
2374
2793
2375
2444
2375
1956
2375
2444
2375
2374
2375
2374
2375
2444
1955
2445
2374
2444
2444
2374
2444
2375
2304
2374
2374
1396
2444
2794
2305
7542
7611
9078
7961
7751
9148
10056
8938
8590
7542
8449
7542
7612
7611
8589
8729
8660
7472
7402
8450
7681
7681
8101
7612
7681
7682
6704
7681
7472
7542
8170
8031
7263
7542
7542
7053
7542
7611
8450
7611
8660
7612
8869
8519
8590
7263
8171
9078
9008
8031
7681
7542
9148
7612
7542
7542
9078
8100
8101
7681
7262
8171
8100
8450
7403
7612
7541
9008
8030
8659
8938
7123
8031
7542
7472
7542
7612
7542
8170
8869
8729
7612
9078
8030
8031
8240
7611
7612
8101
8520
7612
8170
8101
7682
8030
8101
7542
7611
7752
8589
