5658
4889
4820
5379
5308
6636
6706
5798
6147
5588
5239
4750
5798
4820
4331
5239
5379
4191
4750
5239
4820
4820
4820
4750
4750
5238
4820
3911
5169
4750
4820
4680
4819
4610
5308
4820
4819
4330
5169
5309
4331
4261
4750
5728
4680
5099
5239
5239
4680
4820
5308
4680
5727
4750
5239
5169
5169
4750
5099
5588
6356
4820
5658
4820
5309
6846
5728
5239
7055
5658
6216
5309
5658
5728
5239
7544
6217
5798
6775
5658
6287
7544
13342
7055
5798
6286
5239
5797
6077
5658
5658
5798
6217
5379
5239
6147
6147
6147
6706
5239
6217
5169
5169
5797
5169
5239
5798
6496
5099
7055
6147
5239
6636
5309
5728
5239
6775
5798
5309
5658
5239
5169
5309
5798
5238
5798
5169
13482
5658
5239
4820
5379
6147
7195
5658
7684
5309
5658
5658
6147
5169
5379
5309
6706
5169
5239
5728
4750
5728
5239
6147
6636
5728
5099
6706
5588
6147
6287
5728
4890
5239
4820
4750
5728
5868
5239
5239
5309
5169
4750
5728
5308
4750
5169
5239
4750
5239
6636
4750
4820
5798
5309
4680
5658
4750
5169
5099
4750
5169
5309
5309
4750
4680
4820
5308
4750
4820
4820
5169
4750
5728
5309
5238
5238
5169
5728
4819
5797
6217
5379
5658
5239
6217
5658
4331
5239
6147
6636
5239
6217
6217
6077
5727
5728
6706
5658
5169
5239
5309
5239
5798
5728
6217
6078
5658
5169
5728
5169
4680
5169
4820
4750
5169
5169
4750
5239
4750
4750
4820
4750
5169
5309
4261
4750
4820
5239
5588
5867
5169
5239
4820
4889
5728
4819
4680
5309
4890
5309
5239
5239
5658
5100
5309
4820
5378
4610
5169
5309
5658
4820
5170
4750
4261
4750
5169
6636
5658
6776
5658
7125
4820
7125
8103
5798
6636
5588
6846
5239
5308
5378
5727
5309
6706
5239
5238
5658
6147
5727
5238
4750
5169
5309
6706
5169
6775
5238
5239
6147
6217
5169
5239
5588
5169
6217
5658
5239
5798
5239
5798
5169
5728
5169
5728
5239
6286
4820
6636
5658
5169
5868
5658
6845
5239
5309
5658
7055
5309
5239
5728
5169
5239
5728
5309
6286
6147
6286
5728
7195
5728
6077
6287
5239
5169
5798
5169
5658
5309
6566
5728
5588
6566
5658
6077
5239
5239
5309
6217
5239
5868
5169
5239
6077
5658
5239
5169
5728
5239
7056
5169
6357
4820
5798
4680
4680
6775
5379
5798
6775
6566
5239
6147
5308
5239
7125
5797
5238
5169
4750
5239
4890
5658
5658
6286
5797
5239
5169
5728
4750
5727
5798
5658
4750
4750
5169
6566
4750
5309
5658
4750
5239
5658
5309
4750
5169
5658
5728
5658
5169
7125
5099
5169
5239
5309
4819
5239
5239
5239
4749
4750
5239
4820
5867
5169
4890
4820
4400
4750
4401
4750
4819
4820
4750
4750
4749
4331
5239
5239
4680
4680
5309
5658
4750
5239
5797
5309
4750
4750
4750
5309
4820
5728
4680
4680
5588
4750
4750
4749
5728
7055
5239
5798
5169
5169
4890
4750
4681
5309
5658
4750
4680
4889
5309
5728
4820
4750
5169
6776
5798
5378
5798
5658
6286
5658
7265
6287
5308
6566
6706
5658
5798
5867
6775
7683
6636
7614
6775
5658
6077
6776
4750
5239
5169
5658
6636
5658
7475
6286
6147
4819
5589
5169
5308
5728
4680
5309
4750
26055
5308
4819
4820
5169
5798
4401
5169
4820
5588
5169
4750
6077
5169
4680
5239
6286
5728
5099
5727
4261
4680
4749
5238
7683
5309
5239
5169
5099
5728
5169
4820
5658
5728
5728
5169
5728
5099
4820
6636
5169
5169
5239
5797
4750
5169
6286
4750
5239
4750
5798
5239
5238
5169
5169
5798
5308
5728
5239
4750
5798
6146
5169
5239
5169
6147
6217
5658
5309
6636
5239
7125
6775
5169
6287
6146
5658
5169
5239
5728
6776
5658
6287
5658
7125
5588
5727
5728
6147
7265
5728
5238
4820
6217
5239
5309
4681
4750
5309
5797
5798
7125
4331
5169
5309
4330
4750
4750
4680
5658
5798
5239
6775
6636
5798
5658
6776
5727
5797
6705
5588
6147
5798
5309
5099
5588
5797
5238
5169
6985
5797
5169
5658
5658
6566
5379
4330
5309
5239
5588
13412
5169
5308
5798
5798
4750
5239
5309
4889
4680
5728
4820
6147
5658
5309
4750
5169
5658
5239
5169
5308
5309
6007
5658
4820
5379
5169
5239
5238
5169
5798
5169
5169
4750
3772
5309
5658
5658
5378
5238
4750
4750
5169
5728
5658
5239
7125
5169
6357
5239
6217
5728
7055
5239
5239
5379
5239
5728
5728
6007
5170
4750
7125
5169
5309
5309
5658
7265
5239
5308
5728
4750
5658
5728
5238
5867
5169
5239
5239
5169
5169
6147
5798
5239
6147
5169
5658
4750
6217
5239
4750
5239
5658
6566
4820
5379
5239
5728
5169
5658
5239
5169
6078
4890
5239
4820
5798
5798
4819
4820
4680
4750
4680
5239
6706
5378
6566
4820
4750
3772
4819
4261
5728
5308
6636
5239
6636
5239
5728
5588
4890
5169
5169
6217
5378
5727
7544
5728
5728
5239
6566
5169
5309
5239
6636
5727
6566
5239
5169
6217
5658
5378
7055
5239
6287
6147
6146
6636
5239
5658
5798
5239
5309
4820
6217
4819
6078
5169
5588
5169
5169
5727
5099
5728
6077
5309
4890
5588
5798
4820
5658
5728
5727
4890
4750
5798
4819
5169
5309
6636
5309
6287
4680
5239
5379
5309
5170
4750
6776
4820
5728
6077
7754
5099
5238
7055
5798
5309
6077
5239
5309
5658
5658
5658
5239
5169
5588
5169
13900
5169
4750
5169
4820
5309
5309
4680
5728
5239
5379
5309
4890
5309
5658
5309
5169
5798
6636
5309
5658
5169
5658
5169
4890
4680
4680
4680
4820
5309
5588
5100
5798
5308
4331
4331
4890
5239
4680
4331
5169
4820
4820
4750
4191
5309
4890
5728
5798
4820
5169
7055
5239
6077
7264
6147
7265
5309
5658
5170
5728
5379
5309
5239
6217
6706
6566
5239
7544
7125
5309
5658
6217
5658
5169
6147
4820
5239
5169
5239
5169
5239
5378
5728
5239
5169
5169
4750
5658
4750
4820
4750
4820
5099
4750
4820
