9847
8590
8590
8521
8590
8451
9219
10127
8869
12292
9708
9079
9569
11524
8101
10127
10127
9010
8870
9149
8870
11104
13270
10197
10616
8520
9010
12780
10057
11943
9987
13200
9358
11873
9987
9569
10406
12851
10896
13758
10267
9079
9708
9498
8032
9568
8031
8102
8172
8521
8241
8381
11314
9569
9080
9708
9707
10127
8590
8451
8380
10127
18997
8241
7752
8451
9498
9638
8171
9568
9568
8032
9010
9428
9987
11035
9568
9498
8591
14317
15155
9149
9359
9987
9079
12013
15784
14946
10895
9010
10545
8940
9499
8661
8520
9010
9569
8450
8730
9428
8660
8660
9149
8590
9568
9010
8171
20673
9917
12990
11035
9079
8661
9149
8032
7892
8032
7962
9429
7613
9569
8660
7962
10825
8660
8032
8241
7962
8102
8101
8171
8241
8172
8241
10476
12152
11453
9638
11174
11873
9708
9917
8660
8241
8101
8032
8451
8171
7892
8730
9010
9358
10267
8242
9429
8241
9498
8101
8660
8101
8032
9498
8171
9639
8241
9498
8102
8242
8171
8451
8171
8102
9009
8521
8591
8032
10057
8940
8591
8520
8660
9498
8521
8381
8171
8591
9568
8031
8171
8102
10267
9429
9079
21441
12431
10336
15365
9079
8730
8172
8451
8381
9638
8520
9079
9219
9638
16203
12362
9429
9079
9149
10546
11104
9149
9987
9428
9498
8241
8031
8450
10336
8590
8032
8521
9428
8032
8102
8381
9429
8381
8381
8520
10057
9149
11104
8661
8660
8102
9009
16133
12502
12082
9079
8590
8590
8520
8661
8171
8521
9987
8939
9917
8590
8450
8451
9638
8171
8172
9219
8451
8031
8101
9080
8591
8171
8171
8171
11384
8730
9988
10196
11104
9359
11593
9149
13479
10407
9778
8730
8172
10337
10755
9219
10127
9359
9987
8171
7962
8521
9918
9987
11733
9918
22349
12083
9429
10476
9079
7753
8171
8032
8520
8521
10336
10546
11105
11314
12502
10057
9568
11524
9010
9079
8450
10127
9079
9848
9918
8031
9638
7962
8870
9010
8450
13828
9079
9987
9568
8241
8521
8661
7962
8032
8940
8172
8102
9149
8521
8171
7613
7752
8172
8102
10336
8171
9428
8101
8520
9708
8101
8451
8101
8521
8939
10406
9150
8450
8451
8172
9988
8451
8101
8730
8520
7962
9638
8172
8032
10127
9149
9568
8730
8450
9568
7752
8101
8031
8102
8101
8171
8450
8031
8101
8241
8241
9638
8521
10546
9079
8730
8591
9010
7962
9498
8031
8242
8241
8171
8101
8101
8102
8101
9079
8660
8102
8660
9149
9219
12013
11384
10476
9498
10965
8939
8450
9150
8660
10057
8521
8590
9918
10965
9149
11873
12292
10616
8590
8450
8591
10057
8521
10476
8590
9149
9707
9568
10196
10057
9568
8381
7263
7682
8241
9010
9149
9010
9917
9498
9219
8591
8102
8101
8171
8102
7682
8032
8101
8101
9638
8241
8591
8102
10476
8730
8939
9917
8101
9568
9428
9080
8032
8241
8660
9149
9568
10476
9009
14457
11105
10965
18089
9638
9638
8520
8521
10057
9079
9498
9428
9638
9918
9708
9009
8940
8241
8031
8241
8241
8241
8939
8171
9079
9010
9498
8521
8520
9638
7683
8102
8451
8172
8590
8101
11035
11384
10127
10336
10476
8380
8172
9079
9917
9568
12502
12222
11524
9638
13270
8940
9149
9009
9080
9009
8102
8590
9079
11104
8730
8660
8031
8520
8520
8171
9707
8521
8381
11384
8521
9848
9987
9149
8521
8521
10546
9149
8939
10197
9638
10895
8032
7613
9498
8032
9568
16203
8102
7962
8451
9009
7752
13270
9010
8242
8241
8591
8521
8102
11315
11593
11733
9009
9149
8591
9568
8032
8101
7962
9359
8521
8520
8171
8520
8521
8590
9568
10127
9358
9149
8172
9359
10826
9359
8101
8520
9499
11942
9498
12013
11034
11942
10057
9498
9149
11804
12153
9638
11384
9499
11524
12292
14387
10546
9429
10406
9149
8730
8171
9638
9149
9080
9568
10407
11105
11314
9499
13339
10965
12432
9079
9428
13968
9079
8032
8171
9358
7961
9010
8520
7823
9498
10616
8520
8730
9009
8102
9009
8660
8031
8172
8032
9010
9638
8032
10756
11803
8590
8940
9429
10476
9149
12362
25841
8940
8451
8591
10336
10476
8241
8241
8590
8241
8241
8101
8172
9568
8171
8450
9498
10546
11244
9219
9498
9987
8939
9498
9987
9987
9498
8590
10965
11035
9917
9428
10127
9010
8661
8171
8660
8521
8730
8171
8172
8172
9568
8101
8171
7054
9219
8031
9358
8102
8171
12501
10057
9428
10406
8102
8171
8172
8031
8521
8661
8590
8520
8172
4749
4819
4819
4749
5168
4819
4400
5238
5308
4749
5238
4330
5169
4819
4819
4749
5168
5238
5098
5238
4330
4888
4749
4680
4819
5238
5587
5168
3772
4190
4330
5168
4749
4749
4749
4749
4260
5168
5308
5308
8940
8101
7962
9010
8102
8032
8171
9498
8101
10197
9149
8940
8591
9009
7962
9638
8032
8521
9219
8940
8590
8520
8660
8172
8521
7962
8171
8451
7683
8241
8172
9569
8521
10406
8591
8450
8031
9499
8590
8172
9009
10057
12990
8520
9079
8521
8660
8241
8521
9638
8590
9498
8521
8171
9150
8591
8590
9080
8661
8660
8451
9987
10616
8101
8101
8520
9568
10896
9847
8730
9080
8521
9987
8171
8032
9428
8590
8102
8451
8521
8660
8660
8660
8521
8521
9988
9079
9358
8101
9010
8730
8940
9987
11872
8590
7683
7962
8660
8102
8172
9568
9079
9079
9010
8730
9499
8521
7683
7543
10057
9079
10057
8661
10127
9428
10895
12991
9009
10616
9987
8590
7194
8172
8661
8450
12920
11943
8450
8451
7962
8032
8450
9079
8171
8171
8939
8451
9848
10546
8940
8660
10127
13060
8172
9708
8661
8520
9638
8661
9149
8241
8660
8520
9847
9149
9568
8241
9638
8660
8381
8520
9009
8102
9917
8940
8520
8451
9429
7962
8102
8032
8032
8660
8171
8172
8730
8869
9498
11384
10336
11593
9569
12851
9149
9079
8940
10406
9010
9010
9009
9218
8660
8450
8521
8171
8520
9498
8590
8032
9429
8102
7962
9638
9429
8590
8032
8451
7752
8870
8172
8172
8032
8521
8102
8521
8171
8451
9498
9219
8661
8730
9149
18927
8660
