3283
3422
3352
3352
2933
3353
2933
2934
3423
2793
2864
3213
3282
3423
3352
3423
3282
3282
3352
3353
2934
3353
2864
3422
3283
2933
3212
3352
3352
3283
3353
2863
3352
3352
3353
3422
3352
2933
3353
3352
2794
3283
3353
3352
4749
3352
3772
3353
3353
3283
3352
3352
3353
3352
2933
3353
2863
2933
2933
2794
3353
2863
2933
3282
3352
3283
2863
3283
3352
3352
3352
2863
2864
2864
2863
3353
3352
2864
3352
3352
2863
2863
2863
3352
3422
2793
2864
3352
2863
3352
2863
2933
2933
3283
2933
3283
2863
3282
2933
3353
3772
3282
3283
3911
3353
3353
3353
3352
3352
3771
4749
4679
3352
3841
3352
3771
3352
3352
3771
4261
3841
3771
4330
3772
3841
5308
3842
3841
3353
2793
3772
3352
3841
4260
3352
4261
3771
3772
3772
2864
3353
3842
3422
3352
3772
3212
3212
3282
3353
2933
3771
3841
3841
3422
3352
3283
3772
3422
3771
3422
4679
3772
3422
3352
3352
3353
3283
3771
3841
3772
3841
3283
3422
3352
3282
3702
3772
2934
3283
3422
3422
3283
3422
2863
3423
3282
3352
3282
2863
2374
3283
3352
3353
3841
3283
2864
3213
3772
3352
3353
3352
3352
3771
3353
3842
3352
3352
2864
4749
3352
3422
2933
2933
3282
3353
3283
3352
3283
3283
3282
3841
4680
3282
3282
2864
3771
3422
2374
3422
3422
3352
2933
3352
3422
3422
3352
3352
3353
2864
3422
3283
3841
3422
3352
3213
3352
3283
3282
3282
3771
3282
3352
3422
3283
3353
3283
3771
3353
4260
3353
2864
3911
3771
3283
3353
3422
3282
3422
2933
3771
3352
3771
3282
3352
3352
3772
3423
3422
3283
3352
2933
3352
3352
3282
3213
3352
3352
3213
2863
3352
3353
6286
3352
2934
3771
3422
3772
3352
3352
3283
3911
3353
3772
3282
3283
2933
3352
3282
3841
3283
3352
3353
3283
2445
3353
3283
3352
3352
3772
3282
3282
3353
3283
3353
3282
3352
3352
3283
3772
3353
3771
3841
3352
3422
3352
3422
3282
3352
3282
3283
3283
3353
3422
3212
2444
3702
3283
3352
3771
3841
3282
3282
3352
3283
3423
3772
3771
3772
2864
3282
3771
3352
3213
3283
3422
3353
2794
3283
3352
2864
3352
3353
2794
3352
2934
3352
2794
3842
2793
2934
2794
2933
3841
3352
3422
3353
2933
2864
2933
3283
3423
3282
3353
3841
3352
3352
3422
3282
3282
3422
3352
2863
3283
3352
3353
3283
3283
3283
3283
3283
3282
3702
3352
3352
3422
3422
3352
3352
3422
3282
3422
3841
3352
4260
2933
3282
3353
3771
2793
3352
25841
3353
3353
3422
3283
3422
2863
3283
2864
3353
3353
2934
3422
2864
3282
2933
3352
3282
3422
3422
3771
4330
3353
2934
3352
3422
3283
3212
3213
3282
2864
3352
2864
3772
3283
3422
3282
2794
3283
2864
2794
2863
3283
3352
2864
3283
3352
3353
3353
3282
3422
2794
3352
3283
3283
3841
3282
2864
2793
3282
3353
3283
2933
2933
2863
3352
2863
2864
3423
2933
3352
3422
3352
3352
3283
3353
3282
3283
3422
3282
3422
3282
3352
3423
3352
2374
3352
3353
3422
3353
3841
3352
3282
2933
2864
3422
3352
2793
3282
2863
2863
3352
3352
3352
3352
3352
3353
3771
9988
3772
3841
2864
3282
3772
3353
3771
3353
3841
3771
4330
3283
3772
3771
3841
5099
4260
3771
5168
4191
4679
3911
3841
3353
3842
3772
3841
3841
3842
3352
3353
3282
3352
3771
3283
3353
3283
3283
3353
3841
3771
3352
3352
3352
3771
4190
3422
3353
3353
3352
3352
2933
3283
3352
3353
3282
3283
2934
3282
3282
3841
2864
3352
3772
3213
3772
3282
3353
2444
3283
3352
3282
3352
3353
3282
3282
4190
3282
3353
3352
3283
3283
3352
3283
3841
3352
3352
3352
3352
2445
3282
3282
3283
3282
3352
3283
3352
3282
2863
3352
3772
4261
3283
3352
3353
2863
2863
3352
3352
4330
2864
3282
2863
3353
2863
3353
3353
3282
3841
3282
2863
3771
3353
2863
3282
3282
2864
3422
3213
2933
3352
3772
3841
3841
3841
2864
3841
3772
3422
3352
3282
2863
3213
4260
3772
3283
3422
3422
3283
3842
3352
3213
3422
3771
3841
3282
3841
3283
3213
4260
3283
3283
3422
2794
3353
3353
2933
3353
3771
3841
3352
3282
12850
3422
3772
3772
2794
3702
3282
3352
3841
3283
3352
3353
3283
3282
2724
3352
3282
3352
3422
3422
3352
3282
4261
3772
3352
3352
3842
3352
2933
3352
3352
3772
3282
3771
3283
3352
3282
3352
3352
3702
3352
3282
3282
3283
3283
3352
2864
2794
3352
3352
3841
2933
2445
3911
3422
3352
3352
3352
3771
3353
3911
3353
3422
3352
3282
3842
3423
3353
3422
3422
3352
3352
3772
3282
2793
3841
3352
3283
3353
3422
3353
3422
3841
3353
3352
3352
3352
2864
3353
3422
2864
3911
3841
3422
3352
2934
3423
2444
2794
3352
3283
3352
2864
3772
3841
3352
3283
3352
3353
3352
3282
3353
3283
3283
3771
3352
2863
3771
3841
3842
3213
3283
2864
2793
3283
3282
3352
3282
3352
3282
2445
3842
3702
3353
3282
3283
3352
3352
3422
3422
3771
2374
3282
3352
3352
3353
3283
3282
3771
2794
2864
2933
2793
3283
2863
2864
2863
3841
3422
3841
3841
3353
3352
3353
3422
3282
3213
3353
3283
2864
3352
3422
2863
3422
3841
3352
3352
2934
3282
2933
3283
2445
3352
3702
3352
3353
3352
3771
3352
3352
4330
3352
3423
2374
3423
3352
3353
3771
3423
4260
3283
3352
3352
3422
3352
3353
2445
3911
3911
3352
4260
3353
4260
3353
3283
3352
3352
3283
3422
3352
3772
3842
3282
3423
3353
3352
3352
2794
4260
3352
3352
2864
3283
3422
3841
3422
3352
3352
3353
3841
3422
3352
3352
3352
3842
4260
3352
3771
3283
2864
3422
3841
3282
2863
3283
3283
3353
3282
3282
3422
3842
3352
2933
2864
3353
3353
3352
3282
3352
3282
3282
3352
3771
3283
3702
3282
3772
3282
3213
3771
3352
3353
3771
3352
3352
3282
3283
3352
3283
