3282
2864
3352
2933
2863
3282
3352
2933
3422
2863
3282
2933
2933
2793
2793
3282
2863
2933
2864
3422
2933
3353
2934
2863
2794
3352
3283
2864
2863
2794
2864
2863
3352
2864
2864
2863
3701
2794
2794
2864
2934
3282
2794
2794
2793
3352
2933
2933
2864
2863
2863
3352
2794
2864
2863
2864
5727
3282
3841
3282
3352
6565
3282
3422
2864
3422
3352
2933
2793
3282
3282
3352
2933
3352
3283
3352
2864
3283
2863
2933
2864
2863
2793
2933
3283
3352
3352
2863
3282
2793
2864
3841
3283
3352
3282
3283
2863
3282
3352
3352
2793
3282
4260
2934
3422
3352
3352
3352
3283
4190
3213
3283
3283
3282
2864
2724
3353
3423
2864
2864
3283
3283
3353
3352
2794
3352
2864
2933
3282
3353
3282
3283
3702
3422
3283
3283
3352
4190
3911
2863
2864
3353
3352
2863
3842
3423
3841
3352
3353
2933
2864
3352
3212
3352
2933
3352
6146
4330
2863
3353
2864
2794
2864
3422
3353
3283
3422
3352
2864
3353
2863
2864
2864
2863
2864
2864
3282
3353
2794
3771
3282
5588
2934
2864
3283
2863
3352
2863
2933
3353
2375
2863
2375
3282
2933
3282
2864
2863
3282
3352
1885
3423
3283
3283
2863
2794
2793
3282
3422
3422
3352
2933
3282
3353
3841
2794
3283
3353
2794
2863
2864
2374
3423
3282
2863
2863
3702
3283
3423
3282
2933
3282
3283
4330
2864
3282
3352
2794
2863
2864
3352
3352
3283
6355
2863
2933
4749
3282
2934
2863
2863
2863
3282
2934
2863
3283
2863
2863
3283
2864
3283
2934
3353
2933
3352
5657
3772
3213
2793
3352
2863
2863
2933
2864
2793
2933
2864
2863
2864
3771
3352
28145
2863
2863
2863
3282
2864
2863
2933
2934
2794
2375
3422
2793
2933
2934
3283
2863
2863
2934
3352
3353
2864
2794
2863
5657
2863
3282
3352
2863
2863
3282
2444
3353
2375
2864
3282
3352
3352
2933
2863
2793
2933
2864
2864
2794
3282
3352
2933
2374
2933
3352
3213
2864
3353
3212
3352
2863
3352
2374
2934
2864
3352
2723
2934
2863
3353
2934
2863
3282
2934
3422
2864
3282
3282
2933
5657
3353
2863
2793
2933
3282
3282
2863
3353
3352
3352
3422
2374
3352
3282
3353
3283
2863
3353
2864
3352
3282
3352
3283
2794
2864
3353
3841
3771
3283
3352
2864
2375
4330
2933
2864
3772
3283
3842
4261
3353
3352
3352
3283
3353
2863
3282
3283
9987
3353
3771
3283
3282
3422
3423
2864
3352
2444
3352
3283
2794
3282
3352
2933
3422
3353
3352
2864
3353
3353
2933
3352
3283
2863
2863
3352
3352
3282
3422
2864
2863
3352
2864
2863
3283
2864
2863
2934
2934
2933
4260
3283
2863
1956
3283
2863
2933
3422
2864
3353
2864
3422
3283
3422
2934
3352
2794
3283
2863
2864
2375
2863
1886
5238
2933
3422
2863
2864
3282
2863
3352
2933
2934
2864
2794
2864
7543
3212
2793
3353
3352
3352
3352
2863
3353
3352
3353
2863
2863
2933
3353
3422
2863
2444
1815
2864
3352
3422
2933
3282
3282
2933
2794
3352
2863
3213
2864
3352
3772
2933
3352
2864
3283
3282
2794
2863
3213
3353
2863
3423
3352
2933
2934
3702
2863
2864
3352
2863
2794
3422
2374
2793
2864
3282
2863
3352
2863
16691
2933
3353
3842
2863
7612
2864
2864
2863
2933
3282
2934
2864
2933
2863
2863
2933
3772
2794
2864
3352
2794
3352
2863
2863
2933
2864
2863
2934
2933
2863
2863
2863
2863
3352
2863
3212
3353
2793
2793
2864
2445
3282
2864
3212
3283
2793
2864
2864
2864
3283
2794
2863
2864
2793
2863
2864
2864
3283
2863
2793
2794
2934
3353
2933
2933
3353
2864
3283
2934
2864
2933
2864
2794
2794
2794
2864
2794
2863
2933
2793
3282
3352
2864
2864
2793
2864
2863
3282
2864
2933
5308
2793
2933
2794
3353
2863
2863
2933
3353
2864
2794
2864
2934
2863
2863
2864
2863
2794
2864
3772
3841
3841
3282
3771
3352
3352
2864
3422
3353
3352
3423
3282
2934
2933
2863
2863
2933
3282
2793
3353
2863
3353
2863
2863
2933
2933
2863
2863
2933
2863
2933
3282
3352
2864
2793
2794
3213
2933
2863
2933
2864
3352
2864
2793
2934
2864
2445
4260
2864
2864
2864
2863
2863
2933
2864
2933
2794
2864
2863
2794
2863
2793
2864
3352
3353
2794
2794
2864
3353
2864
2794
2933
2933
2864
2863
2863
2863
2863
2864
2864
2864
2863
2794
3353
2933
2794
2794
3283
2793
2863
3283
2864
2863
2863
2864
3352
2863
3353
2933
2933
2863
2933
2934
2864
2863
2864
2864
2933
2793
2934
2864
2794
2863
2934
2863
2794
3282
2863
2864
3352
3213
2864
2863
2863
2863
2933
2864
2794
3282
3352
2934
2863
2864
3353
3353
2863
2864
2445
2863
3353
2864
2794
2864
2863
2864
2793
2934
2794
2864
2933
2793
2863
2793
2933
2794
2933
2793
2864
2864
2863
2934
2793
2794
2374
3841
3352
2864
2864
2864
2934
2794
3282
2864
2863
2864
2933
2864
2794
2863
2863
2863
2933
2864
2793
2793
2933
2934
2864
2794
2864
2863
3282
2863
2794
2933
2305
2933
3353
2863
3353
2863
3282
3282
3702
3283
2863
2863
2933
2934
2863
2864
2864
2863
2933
2863
2794
2863
3423
3353
2864
2864
2863
2864
3422
3283
2863
3352
3352
2864
2864
2863
2864
2863
2864
2794
3283
2794
2933
2864
2864
2933
2863
2863
2864
2934
2864
3282
2793
2933
2864
3353
2794
2794
2864
3352
2863
3353
2933
3353
3352
2933
2933
2724
2864
2934
2863
2864
2933
2793
2863
2864
3282
2934
3422
2794
3283
3282
3282
2863
2863
2864
3352
2864
2933
3282
2793
3352
3283
3282
3282
2863
2793
2863
2375
2864
2934
2863
2863
2863
2864
3283
3282
2794
3282
2863
2934
2863
2863
2794
3352
2864
2864
2934
2933
2933
2863
2864
2794
2864
2794
2863
3283
2863
2863
2793
3283
3841
2864
2863
3283
2933
2864
2863
2934
2934
3283
2863
2864
2934
2863
2864
2934
3841
2933
2864
2794
