8520
8171
8171
8101
9637
8171
8520
8171
8589
8171
9568
8031
8101
8939
9638
8589
9497
9986
8659
8519
8520
8729
8100
8590
8730
9637
8520
8100
9428
8660
8101
9568
30029
11802
8520
9986
8031
9497
8659
8589
8380
8241
9358
8241
7612
9916
8031
9149
8519
8381
8241
7682
9079
8590
8171
8031
9987
10895
8100
8031
9568
8590
9568
8589
9568
8171
8729
8590
7962
9498
8241
8590
12361
9427
9498
9009
8730
8240
8240
8520
8100
8171
9637
8101
9987
8660
9497
8170
8520
9428
8171
8031
8241
8659
9497
9917
8101
8171
8031
9917
9078
8520
9497
8450
8590
9707
11104
9497
8589
9567
8520
9148
9987
8241
8520
9498
9218
8659
8240
8520
8101
8031
7962
9428
8031
8241
8101
8520
10615
9148
8450
8101
8100
9847
8101
9078
8660
8101
8101
9078
9637
8450
8729
9009
6495
5657
5657
6146
5307
6285
6146
9637
5587
6215
6634
5656
5657
6285
5307
5657
5867
5726
5727
5727
5377
5797
5657
6145
5797
6216
5726
5657
5307
5587
6774
5726
6635
5587
6634
6285
6565
6286
5726
8100
8450
8171
8590
8101
8520
8241
8101
8450
8589
8031
8520
8520
8171
9568
8520
8450
9497
9568
9009
9638
8241
10056
8520
8450
8590
17459
8031
8171
8450
9428
9987
10405
8450
8171
9637
9498
8171
9916
10057
9567
10056
8240
7961
9497
8171
9917
9428
8590
9568
8101
8031
8520
8101
9638
11802
8520
12361
10405
9567
9917
8241
8589
10405
11453
8590
8101
7472
9567
8729
9428
9916
9567
9916
10964
9567
9008
8381
10546
8450
9567
9638
9707
8520
9497
11313
8729
9916
11802
8520
9497
8170
8101
8520
8589
8869
8939
9428
8032
8240
8519
9568
8240
8799
8660
8660
8939
8171
9078
15224
8660
9567
8520
8101
8450
9428
8241
8590
8939
8241
8381
8450
8101
8241
8171
8939
8171
10405
7542
10127
9707
8520
8869
8520
8450
9847
8241
8241
8520
10057
9009
8590
8589
8171
9637
8520
9986
8240
8660
9707
11523
8520
8520
7612
8520
8101
8171
8241
8241
7891
8519
8101
8659
8170
8730
8589
8241
9847
8101
8101
12500
9638
9917
9707
8171
12431
8869
9078
8450
9428
8520
8241
8241
8659
9427
8450
8241
8590
8241
8520
8730
9498
8589
10057
10545
12570
9917
8659
8171
7612
10476
8730
8590
9428
8590
8450
8729
8729
8730
9009
9148
11384
10126
10405
11453
12082
8589
8170
7752
9428
8171
8031
8520
8939
11942
7961
8520
8171
8380
9079
9428
8730
8520
10824
8660
8241
15155
9009
7542
9428
8101
8659
8240
8101
8241
9638
17459
9148
9638
8031
8729
11453
7193
7612
7542
6774
6565
6774
6634
7752
6634
6774
7542
6564
6635
7263
6774
7542
5657
8590
6774
7472
6774
6216
8939
6565
6704
7682
6634
6634
6704
8519
7542
7612
7542
7053
7612
8450
8101
8660
10126
8660
9567
9986
8590
9637
9498
9149
9428
15643
11104
9567
11942
9638
9916
7961
13967
13339
9498
9568
8380
8450
9917
9149
9078
9986
8519
8520
8240
8590
9009
8660
8660
8101
8660
9498
8590
8660
8520
8659
8520
8031
8590
8520
9568
9987
12710
12012
9427
9986
9358
11034
9427
8939
9149
10825
9009
9358
8729
9009
12990
13758
9916
9986
11872
12501
10475
12990
8380
8101
9078
8589
8450
114391
8450
14665
8660
11453
8939
9498
7961
16132
26677
8520
9497
10405
10406
9009
8659
12292
11872
8799
9847
9428
8590
9149
9847
13897
8240
8240
8240
8520
8170
8450
8729
10335
7961
8241
9637
8451
8031
8450
8520
12221
10336
10057
8031
8100
8520
10126
8729
8520
8590
9009
8590
9498
9638
9917
8450
8660
10056
8590
10056
9218
8031
8590
9009
8590
8450
8659
8451
8520
9847
8590
9638
9986
9428
8171
9986
8101
9708
8031
9567
8241
8380
8380
9218
8450
8031
9638
8729
8241
8171
8939
8101
8869
8031
8380
9428
8590
9498
8031
8101
9358
10057
10056
9567
8520
9149
9358
8520
8519
8031
8451
8240
9009
8171
8101
8450
9428
8171
9498
7961
9358
9568
9638
8101
8520
9707
8520
8101
9917
8100
8520
8240
8171
8171
9917
8520
9428
8520
10056
8450
8730
9428
8031
8590
8101
9637
8589
8380
8101
9428
9498
9009
8730
8590
8450
8241
9986
9567
7053
8031
8450
8589
8031
8032
8101
8520
8660
9218
8520
8659
8589
8450
8240
9079
8450
9917
9707
8729
8241
8241
9497
8171
8101
9079
8101
9498
8240
8660
8520
8520
8031
8520
8171
8520
8590
8031
8101
8311
8450
9498
9428
8101
9009
8101
8101
8590
9428
8240
8031
8520
8520
24722
8520
7682
8660
16621
8101
9428
9568
8100
8031
8590
9078
8520
9567
8101
9148
8170
8590
8101
7961
8450
8101
8171
9987
8031
9986
8520
8450
8241
8939
8241
15434
9568
8101
9148
8590
9149
8031
8590
8519
8730
9358
8450
10057
9497
8590
9078
9917
9079
9568
8589
8450
9568
8520
8171
8590
8032
8031
8171
8590
9497
8171
8240
8730
8520
8240
8450
8170
9009
9428
17528
9498
8101
8659
8450
9428
8241
9568
9498
9567
9078
9568
9638
8660
9498
8171
8170
8101
9149
8380
8520
9637
9498
8101
9428
8520
8241
8520
8590
8241
8171
8241
8241
7962
9498
8590
8310
8241
8170
8520
8101
8101
9568
9498
8240
8660
8380
7962
7962
8590
8240
9498
8659
8240
8589
8031
8520
9009
8240
8171
8031
9009
7961
8590
8241
8589
8031
9078
8170
8520
9428
8241
8589
8101
8520
8660
9497
8450
9428
8101
8031
8590
9358
8520
9916
8590
8101
8170
8101
9986
8590
8520
9498
7961
8240
8590
8590
8031
8171
9428
8450
8520
9498
8100
9567
8171
9428
8590
8171
8100
9986
8031
9916
9148
9638
9497
26608
8450
7961
14945
8240
8450
9497
9428
8031
8170
8031
9637
8451
7961
9149
8031
8240
10475
8101
9497
9358
8659
9498
8520
9498
8101
8520
9567
8171
9847
8171
8171
9638
9497
8241
8380
9358
9428
9638
8520
8450
9009
8031
8240
7612
8170
8590
9497
8590
8659
8660
8101
8519
8590
9149
9148
8380
