11524
9778
9847
10546
10057
10058
9987
11454
9988
10127
9988
10406
9918
10546
9917
9918
11245
10477
10477
11734
9848
11804
10058
11385
9987
10407
10616
10057
10546
10755
11803
10407
12851
10127
10616
10476
11594
10127
10057
10057
10057
10336
10057
9988
11873
9848
11035
10127
9638
10267
10197
11874
9568
9569
13479
9639
10197
9568
9918
18229
9987
10057
9987
10476
12572
11804
10057
10057
11594
10406
9220
8520
9010
7543
8102
8102
7683
8032
7613
9568
8730
8032
8102
8102
8032
7613
7753
8171
7753
7613
7613
7682
7612
8661
9918
11594
9639
11454
10057
11594
10197
11873
10546
10128
9917
10546
9568
9917
10896
11733
10127
9569
12292
10546
9848
11594
9918
9988
9708
9568
10615
9987
9917
10896
10616
11384
9918
11873
10127
12153
10267
11454
9638
9918
10127
11734
10127
11524
9917
10127
9708
9918
9988
11873
9987
11035
11943
12013
9987
11524
11873
9987
9708
10057
11244
10127
11454
9848
9987
10337
9988
10336
10127
9638
10547
10057
10476
10476
10686
10476
10616
10965
11803
12083
13759
12362
10966
11873
9918
11524
10616
10406
9988
10547
10616
10127
9918
13060
9848
11454
9988
11593
11594
10337
10756
10476
10476
10127
11454
9917
10895
10127
18228
9987
10616
11035
10337
12292
11385
13270
10895
10477
12292
12292
10546
11524
11524
10965
15085
18159
14807
10476
9988
10406
10547
9638
10336
9638
9778
9918
11594
9848
9987
9987
9918
9987
9918
10755
10197
10476
9917
11524
13689
10057
9988
11943
10057
9987
10476
9988
9988
10057
10546
10058
10546
9917
10406
10337
10406
9848
10476
9917
10965
10476
9918
11873
11524
10127
18927
9987
9499
10127
11524
9918
10057
9917
10127
10546
9987
9918
9568
11384
9568
10058
12013
10127
11524
9638
11105
9847
11594
9988
10407
9918
10057
11733
9917
11454
9918
9568
9639
10127
9988
11385
9568
9918
11455
11733
11524
12013
9917
11035
9987
9498
10407
9987
9987
11594
11384
10755
10057
9918
9917
9987
9499
13200
13689
10057
10476
10476
12083
10546
9568
11384
9638
9987
9988
10406
11524
10127
10337
9918
11035
11594
9988
9638
9638
9848
11315
11874
11803
10406
9988
11524
9987
11384
9917
10057
9848
9918
9778
9638
9918
10407
12781
10057
11733
9988
10336
9918
9988
11803
10266
9918
9847
10058
10546
9987
9638
10128
9498
11593
9988
9987
10616
9988
9708
9917
11384
12013
9988
9568
9987
9499
10965
10057
11384
10616
9708
11873
10057
10057
11524
9988
9988
9918
9987
9987
10966
10058
10057
9638
10057
10476
10127
10127
18508
9987
10965
12222
10965
10057
9638
10197
10197
9987
11734
9918
9569
9987
10336
9987
10616
11594
9988
10127
11733
9918
12012
10337
11384
11454
11454
10197
10267
10616
11524
10057
11384
10616
10685
9917
9569
9918
11524
12083
9988
10057
10127
9988
10476
9987
9988
10127
9498
10686
10895
10336
11385
10895
10197
11454
11454
10546
11594
11244
9987
11314
11804
10965
10965
9569
9917
11384
10546
9918
10407
11804
9918
10127
11384
11594
10895
10127
9918
9987
10267
9988
11733
11035
10407
10057
10616
9918
10407
10825
9848
9917
10965
11245
9847
9848
10406
9917
10477
11454
10127
9568
11105
9918
9987
11244
9638
10128
9987
10057
9918
10057
11384
9917
10266
9987
9638
9987
11314
9987
10127
9848
11105
10826
19137
10616
11105
10546
9988
9848
10127
10127
11524
9568
10965
12362
9987
11314
10127
10127
10476
10546
11594
9917
11943
9917
9988
11315
10407
9988
9987
10197
9638
10546
9987
9988
9917
10825
9987
9988
11524
10127
10127
12222
10616
11105
46305
11245
9987
9429
11454
9429
11314
10336
11244
10057
8870
11524
11454
10127
9918
9708
9848
10127
10057
9778
9987
9987
9987
11454
11035
11314
11035
10337
11105
10127
10127
9988
9568
11943
10127
10127
10546
9918
9917
10966
9847
11384
10896
9987
9917
11035
11384
10127
11943
11314
10825
11105
10057
11245
11943
11873
10127
10336
9988
10477
10127
9987
11314
9708
11873
17391
10058
11873
10406
6216
6775
6216
6146
5797
6705
7054
6146
6216
5796
6146
6286
6216
6566
6216
6216
6146
7194
6146
6216
6286
6076
6146
6566
7054
11314
10407
9918
9987
9988
11314
9987
11105
9848
9848
9848
9918
10616
9498
11524
11594
10057
11873
10407
10127
9987
9568
10477
9987
10895
18927
11873
11943
11524
11524
9848
10825
10895
10895
9638
10058
10057
10127
9987
8940
9987
11943
9987
9499
9847
12013
9638
9848
10128
10616
10127
9639
10057
10058
11384
9988
10127
11384
11035
10337
9988
11455
9987
11035
10127
9848
9987
10057
10127
22768
9569
10057
9987
10127
9987
12013
12991
10057
9918
9988
9917
9848
11734
11035
9918
10546
9918
9987
10057
10057
10406
10057
9918
10825
9988
10127
9988
10406
10337
9918
10057
9917
9080
10057
9988
9638
12432
11594
9987
10896
10057
10476
11384
10336
9987
11594
11594
11594
12502
9638
10336
10057
11314
10476
11035
9988
10057
10406
10127
9010
11524
9429
11105
10825
8870
8521
9917
8730
9079
9499
9429
9149
10477
8940
8730
10476
8590
14248
9918
9010
9149
10476
9010
11384
10057
11035
10058
9848
13759
15155
12711
10476
11594
10127
9987
9918
10476
9987
10406
11873
10127
10336
11873
9918
10826
12571
10896
10825
10406
11314
12013
13340
10895
9149
10616
15784
15924
11873
12013
12502
12781
11803
10197
10407
12572
10337
15714
10546
13829
10546
12362
10476
10477
11454
9987
11524
11315
11943
9847
9987
9499
10127
14108
11873
10965
11454
11105
10337
11524
9568
9988
11384
10546
9918
9639
11384
11524
10057
11244
9848
10057
11035
18717
9708
12432
10057
9917
12222
9987
10267
10546
11105
10127
9987
10476
11455
10127
10336
10337
11384
12432
10267
10477
11384
9988
9847
10266
11524
10407
9987
9918
10057
9080
11943
10477
11594
11733
10406
9848
11524
11524
12222
13480
11874
9918
10057
12362
11803
10895
9918
9568
10895
9917
10197
10057
11035
10127
12012
9708
10127
9638
9987
12851
9499
11385
11803
11314
10127
11454
10197
10965
9917
9848
10057
10476
10127
9988
10057
9988
9917
10476
9917
10547
9918
9987
9848
10965
11803
10058
10476
17879
9639
9917
10057
