1887
1956
2375
1886
1956
1886
1886
1467
2375
1816
1817
1886
1887
2445
1886
1886
1886
1956
1956
1956
1886
1956
1956
1956
1886
1816
2935
1887
1956
5729
1956
1886
1956
2375
1887
1956
1956
1886
1886
1886
1886
2375
2375
1886
1887
1956
2934
2375
1886
1886
1956
1956
1397
1887
1956
2375
2375
1956
2375
1887
1886
1467
1886
1956
1886
1956
1956
1467
1957
1467
1886
1886
1886
1956
1886
1886
1467
2305
1956
1467
2445
1887
1886
1886
1816
1956
1886
1887
1956
1397
2934
2375
1957
1886
1816
1956
2375
1467
1956
1467
1467
1887
1956
1887
1956
1886
1956
1467
1956
1956
1887
1886
1886
2795
1887
1956
1956
102207
1956
2865
1957
1956
1887
1397
1886
1886
1886
1467
1887
3353
1467
1957
1956
1886
1887
1886
1886
2865
2794
1886
1886
1956
2375
1817
1956
1886
1467
1956
908
1887
1956
1956
1886
1397
1886
2376
1886
1886
2445
1886
1397
1467
1957
1467
1397
1886
1467
908
1887
1886
1886
1886
1886
1397
1887
978
1397
1886
1956
1467
1397
1816
1886
1887
1886
978
1956
1886
2794
1956
1467
1397
1467
1397
1886
1887
2445
1887
1956
2305
1397
1817
1886
1397
1886
1397
1956
1397
1887
2865
1397
1956
1886
1467
1468
2375
1467
1887
1397
1817
1467
1397
1956
1886
1886
1467
1467
909
1886
1886
1886
1397
1887
1886
1956
1886
1886
1398
1467
1956
1956
1886
1886
2445
1467
1887
2375
2375
1886
1467
1886
1397
1956
1467
1467
1887
1956
1398
1467
1467
1956
1467
1956
1397
909
1886
1467
1887
1397
1887
1397
1886
1956
1886
1467
1397
1886
1886
1887
1956
1467
1956
1467
14322
1886
11038
1886
1398
1956
1398
1886
1886
1886
1397
1887
1886
1886
1886
1886
1886
1957
1398
3283
1886
1956
1467
1467
1886
1398
1956
1467
1468
1468
1817
1886
1886
1467
1886
1397
1398
1886
1956
2306
1816
1886
1956
2865
1886
978
1956
1956
1397
1397
1956
1467
1956
1397
1886
1397
1816
1398
1956
2375
1467
1397
1887
1957
1957
1956
1397
1468
1956
1886
1886
1467
1398
1467
1886
1956
1398
1956
1397
1397
2306
1397
2305
1397
1887
1397
1886
1887
908
1398
1886
1886
1397
1397
1956
1956
1886
1467
1956
1467
2795
1886
2864
1816
1886
1887
1816
1956
2375
1887
1467
1467
1956
1467
1467
1956
1397
1886
1886
1467
1886
1956
2306
1886
1467
1886
1397
1817
1398
1956
1886
1467
1397
1956
1886
1886
2375
1956
1886
1886
1956
1956
1956
2376
1467
1887
1886
1886
1467
1467
2934
1886
1956
1956
1817
1956
1467
1956
1956
1956
1886
1887
1397
1886
1886
1886
2375
1886
2375
1886
1956
1886
1956
2375
1956
1886
1886
1397
2376
1886
1886
908
1886
2375
2375
2375
1886
2445
1887
1956
1467
1397
1887
1397
1886
1957
2305
2445
1886
2375
1886
2306
1956
978
1887
1886
1886
1886
2934
1887
1886
1887
1817
1887
1886
1887
1956
1817
2446
1886
1886
1956
1886
1887
1956
1957
2375
1956
1887
1886
2446
1956
2864
1887
1816
1886
1956
1467
1886
2375
1398
1886
2375
1467
1956
2375
1957
1886
1956
1887
1886
1816
1956
1886
1887
1817
2376
1816
1886
2375
1886
2445
2445
1886
2375
1467
1886
1886
2375
2446
1886
1886
1886
1886
1886
1956
2375
2445
1886
2376
1467
1887
1886
1886
1467
1817
1887
1397
1956
2306
1467
1816
1956
1816
1887
1467
1886
1397
1467
1886
1397
1886
1816
22914
1886
1397
1886
1887
1468
1887
1886
1886
1398
1956
1886
2865
1886
1397
1886
1886
1956
1886
2445
1956
1467
1886
1886
1886
1886
1886
1886
1397
2794
1887
1467
1398
1467
2375
1467
1467
1956
1886
1956
1397
1467
2864
1886
1887
1956
1956
1887
1956
978
1398
1887
1397
1886
1397
1886
1957
1886
1467
1886
1887
1886
1467
1886
1817
1397
1467
1397
1467
1956
1886
1956
1886
1956
1886
1817
1887
1397
1957
2375
1467
1816
1397
1886
1467
1956
1886
1397
1398
1956
2445
1886
1398
1397
1467
1886
2376
1397
1887
1467
1816
1887
1397
1886
1397
1956
1956
1327
2446
2305
1956
1887
1956
1886
2375
1956
1887
1956
1886
1397
1956
1887
1957
1397
1468
2375
1887
1886
1886
1886
1467
1956
1886
1886
1886
1957
1887
1956
1886
1886
1886
1956
1886
2375
1887
1887
1886
1467
1887
1886
1886
1886
1886
1956
1817
1397
1886
1467
2375
1886
1886
1398
1956
2376
1467
1816
1956
1887
1467
1956
1816
1956
1398
2934
2375
1468
1467
2375
1886
1397
1467
1887
1886
2445
2445
1467
1397
1397
1468
15719
1397
2376
1886
1886
1467
1397
1467
1467
1397
1886
1467
1956
1816
1886
1956
1957
1467
1817
1397
1467
1467
1886
1467
1956
2864
1467
1886
1886
2445
2376
2375
1956
1397
1886
1957
1397
1887
1467
1398
1956
1397
1886
1467
1886
1887
1886
1957
2375
1956
1886
1467
1887
1397
1886
1467
1817
2375
2305
2375
1397
1887
1886
1397
1816
1467
1397
1886
1956
1956
1956
2375
1886
1397
1467
2375
1467
1886
1886
1887
1956
1956
1887
1397
1886
2445
2376
2306
2376
2375
1887
1956
2305
1886
1398
2375
1886
2306
1886
1397
1467
1886
1467
1398
1467
1398
1467
1956
1467
2376
1467
1887
2375
1467
1886
1886
1887
1887
1886
1467
2376
1467
1397
1468
2306
1886
1886
1468
1886
1397
1886
1956
1467
1467
1467
1886
1956
1886
2864
1956
2375
1886
2864
1957
1886
2306
908
1957
2376
1397
1956
1397
2376
1956
1467
1468
1886
1467
1398
1397
1397
1886
1886
1886
1397
1397
1467
1467
1886
1397
1887
1397
1886
1956
1467
2795
1397
1886
1397
1886
1467
1397
1816
1886
2376
1886
1886
1886
1956
1467
1956
1397
1886
1467
1467
2445
1886
2375
1886
1957
1398
1956
2375
1886
1397
1886
1886
2375
1817
1886
1397
1467
1886
1886
1956
1886
1467
1886
1398
1886
1886
1886
1887
1886
1467
