2376
2375
2445
2446
2375
3354
2934
2375
2375
2794
2306
2375
2376
4261
2375
2865
2445
3353
1467
2375
2375
1886
2795
2376
2375
2375
2375
2376
2864
3283
2934
2445
2375
2445
1956
2375
2375
2445
2375
2376
2865
1886
2375
2376
2306
2445
2375
2306
2445
2375
2376
2864
2305
2375
1467
2306
2794
2864
2865
1956
2375
2935
2865
2445
2375
3353
2375
2375
2864
2375
2445
2794
2864
2864
2445
1397
2376
2865
2445
2375
2375
2445
2445
2376
2375
2375
2376
2935
1956
2445
2934
1467
2376
2445
2445
2864
2794
2375
2305
2794
2445
2306
2376
2375
1467
2864
2375
2795
2445
2864
2375
2445
2445
2376
2864
2445
3354
2375
2445
2375
3353
3284
2795
4611
2375
2376
2445
2375
2445
2865
1956
1886
2375
2446
2375
2446
2375
2306
3353
2375
2445
2306
2305
2864
2375
2864
2376
1956
2934
2445
2375
2375
2795
2445
2445
2376
2445
2375
3772
2375
2864
2375
2375
1886
2375
2445
1956
2376
2445
2305
2934
2375
2375
2305
2376
2376
2445
2445
1467
2445
2445
2375
1817
1397
2794
2934
2376
2795
2375
2376
2445
2375
2376
2446
2864
1956
1956
2375
2375
2376
2375
2376
2445
1957
2795
2864
2794
2375
2445
2375
2375
2376
2375
2865
2376
2375
1816
2375
2375
2375
2445
2376
1467
1397
2376
2306
2305
2865
2375
2305
2445
2375
2375
1956
2445
2375
2445
1886
2375
2446
2375
2376
2375
1956
2376
4262
2376
2375
2375
1886
2376
2376
2375
2375
2865
2375
4261
1886
1956
4262
2375
2445
2376
2445
2376
2445
2934
2375
2445
2375
1956
2445
2376
2376
2375
2445
2375
2375
2934
2375
2446
2375
1887
2375
2445
2375
1956
2306
2376
2445
3842
2445
2306
2864
2305
2305
2446
2375
2794
2864
2864
2375
2375
2376
2376
2305
1397
2794
2375
3423
2305
6148
2445
2934
2375
1467
2375
2794
1956
1886
2376
2445
2375
2445
2375
3283
2445
2375
2864
2934
2794
2445
1956
2375
2375
2375
978
2794
2375
2445
2375
2375
2445
2376
1956
2305
2375
2445
2445
1886
3772
2375
2446
2446
2445
2306
2376
1956
2375
2445
3842
4192
1956
2375
2305
2376
3842
2376
1887
2446
2445
1887
2446
2375
2445
2306
2305
2375
2375
3843
2306
2305
2376
1886
2445
2375
3423
2445
2445
3354
2445
2446
2375
2376
4331
3772
2375
2376
2375
2445
2375
2445
2305
2445
2865
2445
2376
2375
1467
2864
2305
3842
2445
2445
2376
2375
2446
2306
2445
1957
3842
2794
2445
2305
2864
2305
2795
2795
2934
2445
2864
2375
2375
2305
4750
2445
1467
2446
2445
2794
2864
2376
2864
1886
2445
2375
2375
2376
2375
2864
2375
2375
2445
4262
2375
2305
2305
2445
4262
2375
2376
2375
2865
2306
2794
2305
2445
2446
2375
2445
2445
2375
2376
2375
1886
2865
2375
1887
2375
2375
2375
2306
2445
1887
2375
1956
2305
2445
4192
2864
2864
2375
2375
2375
1397
2795
2864
2375
2794
2376
2445
1886
2864
2794
2375
1887
2794
2864
2375
2376
2376
2376
2864
2794
2794
1956
2376
1956
2864
2375
2864
3283
2794
2864
2934
2865
2795
2375
2935
2864
1956
6706
2445
2795
2864
9850
2446
2305
2864
2864
2446
1886
2934
2375
2305
2375
2445
2445
2376
2376
2375
2934
2864
2864
3842
2865
2864
2375
2305
2864
11946
2864
2445
2445
2375
2794
2865
2376
2376
2376
2865
2305
2375
2376
2794
2375
2864
2375
1886
2795
2306
2445
2375
2864
2864
2794
2375
2376
2934
2865
1816
2445
2865
2375
3283
2375
2375
4262
2376
2865
2864
2376
2376
2376
1886
2445
2375
2376
2864
2445
2445
1886
2376
2445
2376
2375
2376
2375
2376
2375
2794
2305
2375
2375
2375
2376
1886
2375
2865
4401
2375
1886
2375
2794
4331
4261
2375
1886
2375
2375
1956
2376
2376
4331
1956
2375
2376
2865
4681
2445
2446
2375
1956
2375
2376
1956
2375
2445
2865
2445
2375
2236
2864
2375
2375
2445
2934
2375
1398
2445
2375
2375
2376
2375
2375
2375
2306
2445
1956
2375
2375
1957
2376
2375
2375
3283
2934
4261
2305
3772
2375
2445
2375
2305
2376
2375
2375
2305
4611
1957
2375
2306
2305
3284
2305
1956
2375
2794
2445
1886
2446
2375
2445
3772
2375
2375
2445
2375
2375
3283
2865
2864
2306
1956
2375
2375
2864
2375
2375
2445
1467
2375
2446
2375
2865
2375
2445
2306
2446
2305
2305
2446
3773
2445
4262
2376
2375
2305
2795
2865
2864
2375
2375
2306
2375
2375
2305
2376
3773
2376
1397
2375
2376
2375
2375
3843
2375
2375
2305
2445
2376
2376
1887
2375
2865
2795
1886
2864
2795
2376
2864
4331
2795
4262
2445
2795
2865
2864
1397
2375
2375
3284
4331
2864
2794
1887
2795
2445
2445
2864
2445
2375
2375
2445
2375
2865
1886
2864
2375
2934
2445
2445
2865
2795
2305
2864
2445
2446
2445
4750
2446
2445
1886
2934
2935
2865
2376
2375
2864
1956
2375
2865
2934
2375
2445
2376
2375
1956
2864
2376
2375
2375
2376
2375
2375
2306
2306
2376
1956
2305
2375
3842
4191
2794
2795
1887
2375
2795
3843
2445
2794
3703
2375
2375
2795
4262
2445
2375
2724
2445
2375
2865
2445
2375
3842
2376
1887
2934
2795
1886
2934
2864
2305
3353
2375
2445
2375
2375
1956
2375
1956
2864
2445
2375
3283
2376
2306
2794
3843
2375
2375
2864
2864
2375
2446
2306
2375
2794
2864
2376
2445
2375
2376
2864
3772
2376
2375
2445
2445
2794
2865
2795
2795
2934
2445
2376
2375
2445
2306
2375
2375
2375
2375
2445
2445
2375
2375
2446
2306
2375
2376
2375
2864
2375
1887
2375
2376
1887
2865
2375
2375
2375
2864
2934
2445
2375
1397
2376
2376
2376
2445
2305
2375
2445
2375
2305
2445
2445
2445
2445
2375
2445
2794
2445
2375
2375
1886
2445
2375
2445
2445
2305
2305
2864
2376
4192
4332
2795
2375
5169
2445
3842
2375
2375
2375
2375
2445
2445
2375
1398
