7541
7960
7612
7751
7611
8729
7472
7611
8729
7472
7472
7752
7263
7612
7681
7123
7682
7123
8659
7193
7751
7263
7682
8589
8728
7611
8938
9078
7611
8030
8170
8520
8589
7681
8728
7262
8519
7681
8659
15293
7961
8101
8100
7472
8659
8659
7612
7193
7612
9009
7542
8519
7751
8728
8450
8519
7123
7611
7681
7612
8380
8519
7611
7612
7193
8519
7542
7611
8170
7541
7541
7123
8520
7611
7682
8659
7472
8519
8659
7262
7682
7611
7751
7681
7263
8589
7542
7123
7192
7611
7193
7472
7682
7612
7262
7122
7682
7053
6634
8100
7542
7542
7612
7332
7682
7681
8240
7472
7682
7192
8170
8519
7542
7193
8031
7612
7472
7611
7681
7681
7682
7682
8100
7611
8519
7263
9148
7542
7541
7751
7611
7123
8240
7541
7611
7612
7262
9008
7472
7123
7751
7542
7611
7193
7611
7611
8520
7541
8101
9008
7821
7542
7262
7542
7751
7542
7612
8520
7542
7612
7682
7682
13756
9078
7263
7681
8519
7472
7192
7542
7122
7472
7193
8659
7612
8869
7751
7192
8520
7053
9078
7263
7123
8938
7752
7611
7612
7681
7332
7541
7542
7472
9008
7751
7612
7682
7751
7123
7472
7192
8520
7612
8729
7751
8520
10125
7752
8659
7611
7751
9078
8589
7682
7192
9218
8101
7542
7472
7611
7611
7611
7681
7122
7542
8590
7472
7961
7612
7611
7611
7611
7751
8589
8031
8101
7542
7472
7681
7611
7751
7612
8729
7123
7472
7542
8590
7682
7611
7611
8729
8519
7611
7751
7682
8030
7611
14734
7612
8240
7681
8589
8519
7053
7193
7681
7542
9008
7611
7612
7122
7751
7472
8659
8659
9078
8659
8938
7402
9008
8589
8659
7612
7192
7612
7541
8519
8589
7612
7053
9427
19134
8519
6285
7542
7542
9078
7472
7193
7193
7682
7472
8171
8100
9009
7542
7611
7751
7263
7682
8031
8659
7611
7681
7542
7542
7541
8519
7472
7472
7751
7541
7612
7751
7542
8450
7751
7681
7612
7612
7542
8938
7612
8101
7681
8240
7472
8659
8519
8729
7193
8590
7123
7682
7682
8659
7541
7472
7611
7123
7612
7541
7541
8659
7681
7542
7262
7752
9078
7611
7611
7751
7612
7681
7541
7192
8590
8030
8030
9008
8589
8659
8589
7192
8520
9218
7612
7472
8589
7612
7262
8450
7542
8589
7682
7193
17598
7612
7122
7682
7192
7542
7193
7681
7122
7123
7961
7472
7542
7751
8031
7472
8659
7612
7612
7541
7612
7960
7612
7262
7681
8728
7263
8030
8031
7752
8520
7751
8590
7472
7193
8589
8519
7611
7542
7681
8519
7123
8589
7541
8449
7123
7542
7472
7751
7751
7542
8519
7611
7263
7541
7541
7053
7751
7263
9148
7682
7263
7472
8729
7612
8589
7751
8520
7541
7960
7541
7681
7193
7542
7751
7472
7193
9078
7682
7472
8450
7611
7960
7751
7542
8590
7682
7612
7612
7541
8449
7752
8240
7472
7193
8589
7611
8520
8170
8030
7682
7612
8519
7541
7192
8031
7751
7542
7542
8030
7681
8101
7472
7751
7612
7612
8589
8100
7681
7122
9218
7611
7682
7122
7542
7542
7472
7681
7751
7612
8520
8240
7541
7681
6703
7681
7960
7542
7541
7542
7612
7262
7611
8729
9078
7263
7612
7053
8100
7262
7541
7751
7471
8100
8590
7681
7192
7961
7751
8170
9008
8589
8520
7541
8589
9008
7263
7123
7472
8519
7472
7542
7612
7472
17109
7192
7612
7542
7262
7262
7192
7542
7612
7612
7542
8030
8520
7542
7611
8380
8590
7751
7611
7122
7612
7122
8379
7472
8520
7611
7681
7611
7612
7472
7612
8589
7542
7263
8170
7542
8659
7542
7682
7193
7262
7751
7751
7612
8729
8589
9008
7612
7751
7682
7681
7611
7193
7192
7192
8520
7263
8519
11313
8589
7681
15363
7053
8589
8589
7541
7751
7541
7612
8450
7612
7611
7541
9078
7542
7402
7263
7612
7472
7612
8659
7193
7542
7611
7542
7682
7612
8519
8938
7752
7751
15572
7682
7123
8589
7193
10894
7472
7611
8449
8938
8171
7751
8590
7192
8519
7542
7193
8589
7263
7612
7542
7053
7541
7472
8519
7472
7541
7542
7542
7542
7611
7821
7192
7472
8519
7612
8100
7612
8589
8590
9009
7541
7542
7263
8520
7192
8589
7542
8519
8590
7542
7542
8520
8659
7123
8030
7263
9008
8449
7541
7542
8729
7542
7682
8729
8589
7611
7752
7541
8240
7612
7612
7122
7681
8659
7752
7752
7262
7541
7542
7891
7612
7611
7752
7612
8519
7751
7123
7681
7541
7542
8590
7961
8520
5237
5377
5726
6215
5307
5796
6215
5307
5168
5726
5168
5307
6075
6145
5237
5307
5238
5726
5237
6075
5377
5796
5656
5307
5168
5307
5656
5307
5237
5307
5377
5167
5237
5656
5656
5727
5237
5237
5167
5726
5377
5796
6284
6145
5726
5726
6215
6355
6215
3771
3422
3910
3910
3351
2863
3352
3841
3771
3282
3352
3841
3352
3771
3282
3352
3283
3910
3841
3841
3701
3910
3352
3841
3911
3352
3422
3841
3840
3840
3771
3352
3771
3421
3771
3352
3841
3840
3352
3841
3770
3422
3841
3771
3351
3701
3352
3422
3352
7193
7472
7472
7122
8659
8519
8100
8101
7193
7542
8589
8729
7611
7472
8589
8939
8520
7123
9148
7611
7612
7193
7681
7612
8101
15432
7611
7681
8101
7681
7542
7681
7961
7542
7541
8101
7542
8660
7751
8449
7053
9078
7262
7542
7542
8590
9008
2374
1885
2305
1885
1956
2444
2375
1886
1886
1955
2444
1955
1886
2375
2375
2374
2444
1955
2374
2305
1955
1955
2374
1955
2374
1955
1885
1886
1886
1886
1816
1886
1886
2305
2374
1955
1955
1885
2374
2305
2374
1885
2444
2374
2374
1955
1886
2374
7262
7751
7541
7192
7263
8660
8520
7752
7611
7472
15643
8450
7751
8729
8659
7612
7612
8520
7682
7193
15154
7472
8450
8659
7751
7193
8450
8379
7123
7541
7682
9148
14734
7612
8589
7542
7122
7471
8939
7612
8659
7681
7193
7960
7472
7542
7262
7681
7542
7682
7262
8589
7542
7262
7960
7472
7612
7542
7541
7612
7612
8659
8659
