5238
4260
4819
4819
5238
5657
5098
5657
4679
4749
5169
5168
5308
4889
5308
4819
5168
4889
5169
4749
5168
4749
5169
4749
5727
5169
5587
5657
5238
1956
1956
1955
1886
2375
1886
1886
1886
1886
1886
1885
1886
1956
1955
1885
1955
1816
1886
1956
1886
977
1885
1886
1955
1886
1955
1956
1886
1885
1816
1886
1886
1956
1466
1886
1397
1886
2374
1956
978
978
1886
1397
1886
1885
1955
1955
2375
1955
1886
1816
1886
1816
1886
2374
1467
1956
1397
1886
1886
1886
1955
1886
1886
1956
1956
1397
1886
1886
1886
1956
1886
2374
1886
1956
1955
1886
1885
1886
1886
1397
1955
1885
1466
1956
1955
1816
1956
1886
1886
1885
1956
1886
1885
1955
1886
1956
1885
1886
1956
1815
1955
1886
1396
1886
1955
2305
1956
1955
2304
1886
1955
1886
1956
1956
1467
1885
1956
1885
1885
1886
1885
1886
1886
1886
1955
1886
1886
1886
1955
1955
1886
1955
1885
1816
1466
1886
1886
1955
1885
1467
1955
1886
1955
1885
1885
1885
1886
1886
1467
1885
2444
1886
4819
5238
4750
4819
4749
5727
4749
4749
4610
5238
4889
4819
5308
5168
5308
5238
5657
4819
4819
5238
6705
4261
4819
4819
5727
5168
5238
4749
5727
4679
4889
5238
5308
5797
4819
5308
5797
4749
4819
5168
5168
4749
5727
5168
4679
5168
4680
5238
4819
5657
4819
14387
4819
5168
5587
5238
5168
5727
5308
5378
4609
5657
5238
4889
4819
4680
5657
4749
4889
4889
4819
5308
4330
5238
5168
5797
4819
5308
4191
4749
4680
4749
5168
5168
5308
5797
6565
5587
5796
4819
5587
5238
4750
5238
5238
5657
4750
4749
5238
4749
5239
4819
4819
5168
5168
5168
5168
4749
4819
5169
5168
5378
5308
4819
4889
5168
5657
4749
5727
5238
4679
5238
5377
5168
4889
4889
4749
5797
4750
4680
4749
5238
4749
5308
4679
5378
4819
5099
5168
5239
4819
5308
4819
5308
4750
4749
4750
5238
5168
5308
4819
5308
4819
4819
5727
4819
4819
4819
6076
5168
5308
5169
5238
5169
4749
4679
4331
5168
5098
5168
5238
5307
5238
5099
5238
4819
4819
4889
4889
5796
4819
4819
4889
5657
4819
4679
4749
5168
4610
4819
5168
4819
4749
5098
5238
4749
5308
4749
5727
4680
5308
4750
4749
4749
4679
4749
5169
4679
4749
5238
5238
5169
4819
5727
4749
5308
4819
4819
6146
5657
4889
4749
5797
3841
5238
5168
4680
5168
5308
4679
5308
5657
4749
4749
5238
4819
4749
4819
4680
5657
4889
5238
4749
4819
4819
4749
4819
4819
5587
5238
5168
4749
5238
3842
5168
4749
4749
5098
12222
4749
4680
5168
5238
4749
5099
4819
4680
5238
4819
5238
4819
4819
4749
5657
4819
4889
4889
6565
4819
4750
5238
4889
4750
5378
4750
5168
4819
4819
4819
5378
4749
4819
5727
5797
5308
5797
4749
5796
5238
5796
5657
4679
5308
5168
5727
5308
4749
4261
4888
5658
6635
4749
4749
5307
6216
4679
5238
4749
5239
5308
4819
5238
4819
4889
5238
4819
5238
4679
5238
4609
5308
4749
4889
5169
4889
5308
4819
4750
5168
5168
4888
4749
5727
5657
4609
4749
4819
5727
4749
5238
4749
5238
4749
5797
4819
5727
4819
4680
4819
5657
4888
4679
4819
5168
5169
4749
5168
5238
11803
5588
15085
4750
5797
5168
5168
5657
4819
4749
4679
4889
4819
4819
4749
4749
5727
5727
5308
5168
5168
6216
5238
4819
5308
5238
4819
5308
5657
4749
4749
4819
4679
4749
5658
5098
5168
4889
5238
5797
4889
5727
5308
4888
4679
5308
5168
5238
5797
5238
5168
5238
4819
4749
5378
4749
5727
4679
5238
5168
4819
4819
4819
4749
4819
5168
4819
4749
4749
4819
5238
4749
4610
5308
5238
5308
4819
4819
4749
5238
4749
4749
4749
4749
5657
4749
5308
5726
5657
5657
5238
5308
5238
4749
5238
5657
5727
4889
5587
4819
4680
4819
5308
6705
5657
5657
5658
5238
4749
5378
4819
4749
4679
5238
4749
5727
4819
4819
5169
4749
4749
5168
4679
5168
5308
5238
4679
5168
4819
4749
5168
4819
4749
6216
4819
5169
4819
4819
5238
5657
5308
4749
5098
5308
4888
5168
5169
4749
5308
5168
5657
4749
5168
5657
5238
5796
5168
5377
5308
4679
5168
4819
5238
4679
5377
4749
4819
6076
7682
4749
5238
4749
5308
5168
5797
5727
5238
5168
5238
5238
5588
4750
5168
5238
4679
4819
5238
5169
4749
4679
6286
5168
5588
5657
4888
7054
4819
5238
4749
4679
4819
4749
4749
4260
5168
5238
5168
4819
4749
4819
5168
4750
4819
5727
4750
5797
4819
4749
5238
4819
5238
5238
4819
4888
5238
4749
4819
5238
4749
4749
4819
5168
5098
4750
4749
4749
5797
4749
5727
4679
4819
4889
4680
4819
4750
5308
4749
5238
5308
4819
4819
5657
5168
4749
4679
5308
5238
5238
5238
5797
4680
5797
5168
5727
5308
5238
4819
5308
4749
4750
4749
5727
5797
12502
4819
4679
4819
5238
4679
4679
5308
5378
4679
4819
4819
5658
4749
5168
5797
4749
5238
4749
5727
4749
5168
4749
5168
5168
4819
5168
4819
4819
4749
5308
5168
4679
5238
5238
4889
4889
4680
4749
4750
4749
4749
5308
4819
4819
4749
5727
4750
4819
5168
4819
4819
4819
4819
5308
4749
4679
5238
4749
5657
6286
4819
4888
5797
5238
5168
5238
5168
5238
5099
4749
5168
4679
6146
4819
4819
5727
5099
5238
5797
5238
4819
5308
4750
4749
4889
4819
5657
4819
4819
5727
5308
5168
4819
4819
4819
5239
4749
5239
4889
4749
5238
4680
5169
4749
5168
5168
5308
4819
5099
4679
4819
4819
4679
5727
5727
4819
4819
4749
4680
5308
5727
4819
4819
4749
4889
5168
5238
4749
5727
4819
5308
4679
4750
4889
4749
4749
4819
4679
4889
5797
4749
5098
5238
5168
5239
5657
5657
4819
5238
5308
4750
4749
5727
5378
4749
4749
4819
4749
5657
5657
5168
4330
5727
4889
4889
4819
4749
4819
5588
4819
4749
4819
5168
4749
4819
4610
