8591
8241
8171
8730
8101
7682
7543
8032
9359
7752
9080
8101
8241
8241
9010
8032
8172
7543
9429
7683
7473
7542
8172
8172
8101
7613
9359
8102
7683
9149
7962
8939
9079
9079
7962
8172
8660
8102
9149
9498
8940
8171
8101
8101
9080
7752
9010
9498
7683
8172
9498
8939
7543
7962
8939
7683
7612
8032
8940
8940
8032
9010
8520
9638
9568
8590
8241
9359
7961
8031
8032
8101
9359
8102
7612
7683
8032
8242
18159
9009
8241
7753
9569
9149
8101
7962
7683
7962
7613
8032
8172
7822
7752
8032
8242
8241
8241
7962
9219
8102
8172
8032
7683
8102
7962
7682
7613
8172
9149
9010
8171
8171
9149
8172
8102
9498
9149
7962
7752
8032
7962
8940
8032
7682
7962
8101
7543
9079
8171
7752
7892
7682
8172
8730
9080
7682
7682
9498
8381
8171
7962
8102
7962
8102
8101
7682
7682
8032
8101
9080
9009
8032
7613
7752
9149
8032
8591
8171
8102
8171
9079
9010
9079
8101
8380
8102
8032
8172
8171
9149
8101
9638
8102
7962
9010
7613
8101
9149
8451
7473
8660
8032
7961
8241
8101
15714
8171
9499
8171
8101
9428
8591
9569
8172
9358
9009
7961
8101
7752
8171
8171
8730
7683
7962
7613
8032
8032
8520
8032
7682
8939
7752
9079
8102
7683
7962
7683
7682
8102
7683
8171
8101
8032
8940
16623
8171
8101
7613
8451
8171
8241
8241
7753
7124
7683
7612
8660
7613
7543
7193
9009
7124
7752
7263
8520
7124
7054
7543
7124
7194
7193
7194
7682
8172
7612
7613
7124
7124
8171
7054
8171
8591
8521
8241
6984
7264
7123
8590
7123
7473
8591
7194
7054
8102
8590
7194
7473
8171
7612
8661
8590
8102
9219
7194
9149
9079
8520
8102
8032
8172
8031
9009
8172
9079
7683
9010
8241
7613
6705
8171
8171
8172
8031
8521
8171
10686
8032
7753
8102
7962
9010
7961
9429
9149
7962
9009
8101
9358
8032
8241
7961
8171
8241
8101
9080
8031
8870
7682
8171
9219
9498
7613
8031
7961
7613
8241
8032
7682
7753
9080
7612
7613
8101
7613
8102
7613
7683
8172
8102
8102
9149
8031
7543
8102
9149
8102
9149
9149
7752
8031
7613
7752
9988
7682
8520
8171
9219
8031
7613
8031
7613
17950
8171
7752
8171
8031
7753
7682
8032
8032
8171
9149
7752
8032
7612
7752
7612
7542
9498
8940
7752
7543
8032
7752
7612
9009
8241
9498
9219
7683
7682
7682
7542
9010
9010
9009
7612
8032
8101
7543
7613
9568
8101
8940
8032
7543
7682
9009
7962
8241
7612
7612
8311
8102
9009
7752
8590
8939
7682
8101
8031
8101
7962
8102
9149
8101
7613
8591
7683
8171
8031
9568
8171
8101
8450
8032
8451
9499
8032
9428
8102
8032
8032
8172
7682
9009
8939
8172
7962
8660
9149
8032
7613
7543
8102
8241
8451
8102
7752
8172
8031
8660
8031
9010
9428
8241
9638
8032
7752
8102
8172
9568
8101
9080
8102
8241
8241
8032
7612
7752
8660
9358
8102
8101
8451
9848
8520
9498
8032
8661
7683
9080
7682
8172
8031
9009
9009
8590
8171
8521
7892
7543
7682
7194
7752
8032
7613
7613
9080
7543
7752
7543
7682
9010
8171
8242
8939
9149
8241
7962
8102
8032
9499
7682
7752
8520
8521
7683
8031
7752
9010
9009
8660
8940
9009
8381
7613
8172
7683
8451
9149
15295
8031
7682
8101
8102
8102
8101
9079
7962
8171
7543
7543
7543
7543
8590
7683
9149
8660
7752
8591
10616
8101
8940
7613
7612
7683
7612
8241
8032
9499
7961
8939
8102
8102
7683
7682
7683
8241
7543
9009
17809
8032
8032
8520
8031
8870
9219
7752
16064
8171
7752
7962
9429
9498
9359
7752
8101
8241
8730
7752
7683
8032
7543
7962
8661
9219
8242
7612
8520
7683
8032
8590
9219
9219
9707
8032
7752
9638
8241
9498
9149
9568
8101
8241
8241
7962
8102
8241
9150
8730
7962
9219
9498
7542
8241
9079
8521
7892
9080
8520
8032
8031
7682
9079
8102
7752
8032
9079
7962
8171
8171
7543
9010
8101
7962
7613
7612
8032
8660
8032
8870
8172
8241
8241
9568
24165
8172
8102
8241
7543
8032
9009
7613
8171
7962
7892
8032
8031
7683
7613
8031
7683
9009
7753
9219
7753
8171
7613
9079
8590
8939
8939
8730
7612
9079
10337
8032
7683
8520
8660
8172
7752
8032
7753
8032
8172
8101
8032
7683
8032
8032
8102
7962
7683
9149
8171
9079
9010
8102
8101
7962
9568
8381
8521
8451
8032
7264
7613
8171
8660
8101
9638
7683
7543
8660
9149
8032
8171
9149
8031
8101
7682
10476
12991
8172
8660
9638
7612
17670
8031
9149
9219
9149
8101
7613
7473
8171
8032
8101
8661
8171
7612
7683
7682
9010
9009
7613
8031
9079
8032
8102
8241
8171
7892
8102
8031
8521
8031
8520
8940
7683
8171
7683
8102
8940
7613
8171
9149
16622
8102
8032
8101
9079
13898
8172
7962
7682
8381
8102
9009
8101
8032
8032
8451
9079
7612
9499
7613
7962
6565
5797
5657
5308
5169
5308
5308
5727
5238
6146
5727
5727
5238
5727
6146
5657
6286
5587
5657
5308
5238
5866
5727
5657
5308
5727
6216
5308
5169
5168
5727
5796
6146
6146
5797
5727
5308
5727
5308
6286
5238
6145
5797
5657
5168
5238
5657
5727
5238
8521
9080
7613
8591
8171
7892
8730
7683
8031
7962
8032
8241
9499
7612
7543
8241
9079
8031
8032
8171
7683
8032
8032
7892
9149
8032
8171
8101
8172
8032
8171
8032
7752
7543
8172
7612
7612
9009
9149
9498
7613
9009
8032
8032
7612
9150
7473
7543
7682
7962
8242
8031
8102
8521
8102
9498
8451
9149
8590
7752
7612
7543
8172
8521
9428
8101
8032
8730
8101
9149
7962
9150
9359
7753
7962
9080
9009
9080
8102
7613
9499
7543
8031
7613
8171
7962
8101
7612
8171
7612
8171
9149
8102
7612
8102
8171
8031
7752
9638
8031
9219
8032
7682
7543
7752
7752
8032
7612
8172
8242
8031
8171
8450
9010
8101
9079
8939
7752
8032
8102
7682
8171
7753
8520
8171
8032
9149
7683
9149
7682
8172
