8660
8450
8520
8590
9847
9009
9079
8590
9009
8590
8590
8450
9009
8660
8450
8590
8730
8939
9079
8590
8520
9009
8660
8730
9568
13828
13269
11523
8589
9079
8171
8381
8520
9638
8590
9497
9987
9917
8730
8520
9428
9567
9917
7263
7472
7123
8520
7263
8939
7543
7542
7682
8101
7542
8520
7752
7682
8450
8520
8520
8381
8590
7263
7263
8660
8590
7193
7543
8520
7683
8450
7682
8520
8729
7473
8520
8590
9777
8660
8729
9149
9917
9079
8939
10615
8729
10336
9987
10127
9218
8660
10196
9009
9917
8590
9987
10336
10546
8869
8939
8939
8729
9079
9638
10127
9219
8730
9987
8590
162930
9009
8939
10056
8729
8520
8380
10336
9917
8590
9009
9079
9009
8730
9847
8520
9079
9917
8520
10405
8381
8660
8730
16691
8590
10127
8939
8520
8659
9079
8939
8659
9009
9009
10127
9987
17739
8660
8521
10056
10056
8450
9009
9009
8450
8450
9009
8520
9009
9916
8590
8729
8730
9847
8520
9987
8590
8869
10545
9428
9498
10406
8590
9987
8590
8869
8520
10476
9498
8939
9148
8660
9917
9148
9847
8660
9987
10127
9358
8939
9917
8660
8520
8659
8869
9009
9009
9009
8520
8520
8729
9986
10405
10057
8521
9986
10126
8520
10335
8939
9009
9987
9637
9079
8520
9428
8450
10406
9008
8940
10475
11034
8660
9498
16761
8520
8730
8520
10196
8521
9009
8590
8660
8520
8450
10057
8659
9916
9009
8939
10056
10057
8590
9917
9009
9009
10057
9009
8450
10336
8590
8590
8451
8520
10475
8590
8590
8520
10056
8520
9009
8660
8589
9707
9916
9986
17320
8660
8450
9009
9009
8939
9079
8520
9567
8730
9428
8939
8729
8660
8939
8520
8729
9498
9638
8590
8520
8520
9986
8939
10056
8869
8520
9009
9149
9847
8520
8659
8660
8590
9009
8451
8520
10615
8870
8869
8590
10196
10126
8870
8520
8450
8660
11313
9079
10126
9009
8659
8520
4260
3911
3911
3352
3282
3352
4260
4260
4191
3772
4330
3841
3771
3771
3771
3352
3352
3771
3701
3911
3911
3283
3771
3771
3842
3771
3771
4190
3911
3771
3841
3702
3841
3352
3841
10057
9987
8660
8590
8869
8870
9987
8660
8590
9079
8520
8171
8660
8521
7612
8590
8730
8659
8659
9498
9149
9149
8730
9917
9358
9428
10406
8520
8729
9079
8520
10126
9079
8521
8590
8590
10476
8589
8520
8729
10335
8660
9149
8939
8590
8870
9638
9638
9987
9917
10336
9009
9638
9916
10475
8590
10406
9148
8520
8520
8520
9079
10476
9009
9568
9497
9008
10057
9917
9987
9079
8660
9079
12012
10545
9777
10476
8450
8939
10545
8729
9847
9987
8730
8730
8590
8520
8520
8660
8660
10196
10406
8940
8939
8939
8590
9987
8660
8660
9428
9847
10546
9638
9917
8450
5308
5657
6146
5377
5797
5308
5238
5797
5307
5168
5238
6076
5587
5657
6146
5307
5657
5307
5168
5657
5797
6356
5308
5168
5238
5238
5168
5308
5307
5168
5657
6216
5098
5377
8590
8869
9079
8730
10475
10336
8660
8450
8590
9498
8660
10056
8520
9009
9009
8520
8660
9847
8520
9079
10405
10476
9079
9079
8939
9917
9987
10127
8660
8590
9917
10127
9428
8729
9917
8939
8520
9219
8381
8590
8660
8520
17529
8660
8520
8939
9078
8939
9009
10057
9987
8520
8590
8590
10127
8869
9847
8939
10057
8660
8939
8729
9358
8660
9009
8590
8660
8939
8730
10405
8730
8590
8590
8590
8939
10197
8451
9009
8730
10405
8729
8939
9009
8659
8520
8939
8939
8451
8590
10127
8590
9637
9079
8451
9987
8520
9987
8521
9498
8520
10126
9358
8520
9009
8659
8939
8521
8660
9917
8520
16133
9009
10057
15783
8520
8660
17879
9497
9428
10127
8589
9917
8590
10476
8590
8590
8520
8730
9079
10127
8590
8660
8659
8660
9009
10127
10057
8939
9078
5238
5727
5308
5168
4610
4679
4680
5308
4889
4679
4889
4748
5238
4819
5238
4819
4818
5238
5237
3772
4749
4749
4818
5168
5308
4749
4749
4819
5727
5168
5587
4679
4749
5657
4749
9847
8590
9009
9986
8590
9079
8660
9149
9009
8381
8939
8590
9009
11314
9567
9358
8940
8590
10057
9847
8660
9847
9078
9079
8520
9149
8589
8450
9218
8730
9079
10546
8520
8241
8730
8660
9009
9079
8869
9009
8590
9079
10126
8171
8660
9638
8520
10475
10126
8660
10056
8590
10406
8660
8590
9428
8660
9149
8730
8590
10196
8590
10336
8589
10336
9009
9567
8590
9009
8590
8451
9987
10754
9079
8521
8869
8171
8870
8939
10057
8660
8590
9637
8590
9917
9009
9917
9986
10406
16203
8660
8660
9148
8659
8590
8660
9428
8660
9708
9987
8730
9009
9917
8171
7053
7124
6774
8241
7124
7123
6983
7124
7123
7053
8240
7123
7054
7263
15713
7123
8171
7193
7961
7054
7193
7612
8101
7123
7263
6984
7263
7054
7053
7124
7542
8171
8101
7263
7263
8590
9149
9079
8730
10056
10406
10545
9149
8940
9079
8729
9079
8660
8590
8590
8660
9009
9009
9079
9707
8520
8660
10406
8660
9009
9917
8451
9079
8730
8939
9009
9149
8730
10127
17110
9778
8730
9777
8520
10336
8870
9847
8730
9009
8520
9079
9149
8869
10057
9986
9428
8939
8660
10965
9149
9917
8730
9149
9149
10964
9498
8590
9079
8450
10546
8660
10057
9009
9986
8939
9219
10126
9568
9078
8940
9638
8730
8660
8520
9079
8660
8520
9568
9009
8660
8520
8590
8589
10196
9219
8590
9568
9079
9638
8659
8939
8870
9219
8660
9078
9149
10406
8660
10056
16971
8590
9568
9009
8730
8520
8660
9148
8590
8590
9079
8939
8590
8869
8659
8171
9149
10336
10126
10476
9917
8730
10126
8520
8940
8590
9009
9009
8660
9009
8590
8590
9637
9009
8590
8730
8730
8520
8520
9009
9009
9847
12850
13898
14107
8660
10336
8730
9638
8590
8521
10406
8869
10406
8590
8660
10126
9009
9009
10127
8590
10406
8660
9009
8939
10126
8939
8450
8730
10475
9498
8521
8940
8870
9009
8660
8520
8939
10336
9428
9568
9916
8521
9079
9358
8800
9009
8520
9079
10057
9987
