11454
16762
12432
11943
13968
12641
12502
12222
13898
17251
12501
17251
13759
11803
11384
13899
17320
11873
11384
12362
11873
17530
12362
12292
12781
11593
11384
11524
13479
11245
12572
11244
11105
11804
11803
13479
11384
11244
11314
9009
9569
9638
10896
9848
9568
10196
9498
9498
9917
9010
9498
9499
9289
8939
10895
10547
9638
12292
12990
11454
12362
11384
13130
11105
12013
11245
11384
13270
10895
11314
12920
11524
11524
11454
11524
13759
11454
11524
11035
13270
11454
13339
11384
11454
11523
11524
11384
11035
10965
13410
12920
11454
11314
12990
11454
11454
11384
11454
11594
13200
11733
11245
11593
13270
11384
11384
11593
11594
11593
12432
11943
11454
11873
11315
11384
11105
10896
12222
10965
10895
10895
11315
11035
11034
11384
11384
10825
11035
11244
11035
11105
11873
10825
11315
12013
11454
11524
19137
10965
11524
11314
10965
11035
13689
11384
11384
12293
12362
13479
10896
13270
11523
15365
11384
11385
13270
13480
11385
12501
11314
12362
11384
11454
20115
11523
11804
12222
11734
11524
11454
11593
11105
11454
11454
10965
10406
12362
11454
11314
11454
11385
12850
13270
13270
12292
12921
13270
11384
11244
11314
13968
11803
12013
11733
11384
11314
12431
11384
11314
11314
11942
12850
12781
11523
11035
11524
11384
13340
11385
12571
11594
11384
10965
11594
12990
11523
11454
11315
12013
10825
12641
11593
11873
11314
11244
12851
13480
11035
11803
11035
11244
11384
11035
11314
12012
10895
13759
11454
11524
11315
11523
11104
11594
11384
11314
11105
11524
12571
10825
5727
5238
6356
5308
5797
6216
5238
5307
5657
5308
5168
5238
5727
5238
5727
5657
5657
5308
5796
11034
12991
11943
11454
13479
10965
11384
11314
11105
12292
11453
11524
11594
11384
11315
13339
12222
12990
11873
11593
13200
11314
10616
11314
11454
12013
11035
13339
11454
13479
11384
12362
13410
11315
12222
13270
11314
13479
11593
11454
11384
13061
11385
19486
11454
11384
12990
13409
11245
12781
13479
15784
11105
12851
12292
11385
11104
11454
11524
11314
12292
11733
11244
13479
11524
11385
13270
13061
13619
11314
11943
11384
13130
11384
11804
11803
11454
11035
11733
11314
11873
11454
11384
11733
11105
10965
11314
12292
11524
11524
13270
13270
12851
13339
11454
11314
11314
11594
11594
11244
11314
12082
11105
13339
11594
13270
11314
13200
11943
11454
11593
13339
11454
11874
11454
11803
13759
11384
11593
11174
11733
11035
11454
11524
11524
11524
11524
12431
11803
11734
11524
11454
11384
11594
11524
11524
11524
10965
11035
11593
11593
12292
11314
11454
13270
11524
11244
12851
11454
11035
11454
11314
11314
10895
13270
11454
11384
13340
13340
13060
11454
11314
37085
11245
13410
11594
11454
11454
11803
11104
12293
13689
11384
11105
11384
11315
12921
13270
13270
11454
11384
11524
10546
11873
11314
13409
11873
11244
11384
11594
11035
11384
11384
13269
12432
12013
11384
13200
12501
11803
11105
11524
11803
14667
11105
11384
11314
11454
11314
11244
11454
11523
11244
11384
13339
12781
13479
11035
11454
11524
11314
12991
11524
11384
11035
11454
11873
11035
11315
11594
11523
11873
11314
11384
11524
11873
13410
12641
11384
13200
12641
11804
11314
11384
11385
11384
12082
11594
11245
11524
11943
11942
11594
20254
11315
13339
11244
11594
11594
12013
11105
12781
11524
11315
12990
12781
12780
11803
19556
11314
11384
11594
11384
11314
13270
11314
11593
11035
13340
11384
12711
12850
11733
11315
12921
14946
13479
12921
11454
11035
12293
11524
11384
11454
10896
12431
13270
11034
11314
12432
11943
11384
11454
11034
11384
11105
11524
13339
11454
12083
11454
13479
13409
11454
11454
13410
11315
13479
11315
13200
11943
11873
12851
11524
11384
11384
11384
11384
11314
11384
13270
10895
11384
13619
11523
11524
11314
11384
11454
11593
11314
11524
11803
13200
11385
11314
11105
11105
11454
12292
11454
13339
10127
10965
11454
13759
11384
10406
12851
11454
11803
12361
19695
11384
13270
12851
13339
11524
11524
10895
12921
11873
12990
11035
11803
12502
11454
11384
11454
11244
13759
12990
11384
10965
12432
11384
11663
12361
12361
11454
11244
11454
10965
11244
11453
11244
11385
11593
13340
10895
11454
11245
12851
11454
11244
11593
11803
10965
11524
11245
11454
11384
11454
11594
11943
11454
11594
11384
11315
11873
13409
11454
11244
11523
11594
12082
11733
11593
11314
11384
11244
11384
11245
11035
15156
11035
10895
11454
12850
11314
11454
11384
11594
11315
13410
13200
11315
11105
11035
10965
12781
12642
11594
11314
11524
11593
11244
12781
11244
11314
11524
11454
11384
11384
11384
11314
12990
13200
10965
11594
11174
11105
13340
11943
11105
11314
11105
11105
12990
12292
11384
11454
12292
11593
13550
12990
11315
11385
11384
10965
11454
12292
13130
11524
11803
11314
11385
11734
12990
11384
12222
11384
12222
11454
12711
11873
11384
11454
10965
11384
11384
11035
11454
10477
11244
11245
11314
15226
11105
12083
11384
11523
11594
11803
13759
11384
11105
11315
13480
10546
11804
11874
12222
11454
15156
13131
11733
11314
11314
11594
13410
16343
12502
11733
13410
11384
11384
14736
12362
11384
11454
13270
11524
11104
11384
11105
12781
11454
12013
11454
11454
12990
11035
11384
11803
19207
12012
13480
13130
13479
11593
11734
11105
13340
11454
11524
11524
13340
11803
11035
11105
11175
11524
13270
11454
11314
12502
11524
11524
13269
11524
11384
13270
13340
10476
11454
12362
11524
12921
11524
12850
11315
13270
11873
11385
11594
11384
10965
11244
11524
11454
11384
11315
11873
12153
13270
11105
11454
11733
11593
12292
12572
11314
11594
11594
11384
11454
11593
12920
11454
13620
11454
11523
11244
11175
11524
11873
11524
12432
11035
13480
11454
13409
13410
11873
11943
13479
11594
12921
22977
11594
11105
11384
11384
11524
12990
11454
11314
11314
11385
11454
11384
11943
12432
11035
11315
10895
11384
13340
11524
13270
11384
11314
12921
13270
11384
11524
11384
12501
13270
12920
12361
11384
12571
11454
12083
11315
12921
11105
11314
11105
11314
11524
13479
11873
11524
11314
11454
12851
11524
11245
11454
11943
12292
12920
19486
11594
12432
11174
11943
12991
11105
12362
11314
11105
11594
12920
12781
13130
11454
11384
12921
10965
10965
12501
12851
11524
13410
11244
11384
11523
13340
