6775
5658
6355
5727
7124
5657
6496
6217
6216
5797
5797
5727
5657
5797
5727
6635
5658
5727
7194
6216
5727
5657
5797
5867
7124
5658
5658
5867
6147
6146
6076
5727
5727
5658
6775
6705
6775
5728
6496
6217
6146
5727
5798
5797
7054
5797
6775
6146
3911
4330
4261
4679
4400
4260
4750
4260
4400
4331
3911
4330
4191
4330
4820
4819
4260
4750
4819
4261
4820
4260
4261
4261
4261
4190
3911
4261
4819
3842
4400
4260
4400
4680
4750
4191
3841
3771
3841
3911
4261
4261
4330
4330
4191
4261
4331
4261
4260
4819
4330
5099
4191
4260
3842
3842
4190
4261
3912
3911
4819
3911
4400
4400
4331
4190
4191
4400
4260
4331
4330
4331
4750
4750
4400
4260
4191
4261
4749
4330
4330
4190
4819
6774
6007
5798
6635
5587
6635
5727
5657
6775
6146
6216
6286
5797
5588
5797
7124
5727
5867
5657
6286
5727
6286
6705
5658
6286
5797
6775
5727
5727
6076
6146
6077
6705
5588
6286
6775
5867
6147
6216
5727
6775
6635
6705
6077
6147
5658
6635
6286
6775
4819
6217
6775
5728
5727
6076
6076
7264
5657
6286
5657
5797
6146
6705
5798
7263
6775
5587
7055
5727
6286
6635
5727
6705
5587
6076
5867
5727
7054
6146
6217
5728
6775
6286
5797
6636
5588
5727
6775
6635
6636
5798
6146
8941
5727
6635
5727
7264
6146
5727
6217
6356
6146
6146
5658
6077
6286
6147
6286
5658
6216
6775
5797
6636
5867
6146
6286
6146
6565
5658
6147
5797
5657
6216
5587
6216
6636
6076
5728
5797
5797
5657
5658
5727
5797
6146
5657
5728
6286
5867
6705
5797
6635
5728
6146
5797
6146
5798
6077
6216
5657
5727
6705
6286
5728
7054
6705
6566
5658
5867
6146
6286
5658
5727
5657
13270
5657
6146
6775
5658
14179
6705
6077
6146
5727
6146
6147
5867
5797
5727
7194
5658
5728
6147
6216
6287
5727
5727
6635
6217
6146
5797
5797
5728
5588
5797
6705
6775
5727
5797
5658
6845
7125
6146
6146
5657
6007
6705
13480
5728
6146
5797
5797
6076
11455
6705
5797
5658
6146
6146
6146
7054
6216
6565
6146
5658
6077
6706
6216
5866
6706
6286
6216
6565
5657
5797
6147
5658
5727
5727
5867
6705
6077
6146
6216
6565
6635
6356
7055
6216
5797
6705
6985
6146
5727
5727
5657
5797
5797
5727
6566
7124
6705
5728
6775
6705
6076
5797
6146
6566
6705
5657
6705
6146
5867
6076
7054
5727
6217
6146
6635
6775
6286
6706
5797
5867
6705
6705
6635
6565
6985
6076
6705
5657
6775
6146
6146
5728
7124
5797
5727
5727
6147
5797
5797
6775
7124
5727
5797
5798
6705
6565
5797
5797
6146
6984
6286
6216
6146
5727
6286
5867
6146
5727
6287
6146
5727
5727
6705
5727
5658
7054
6636
6705
7054
5727
6147
6635
5797
6705
5657
6635
5797
5658
5728
6146
5657
5727
6217
6216
6774
5867
6076
6705
6706
6216
5657
5727
5797
6216
5657
6566
5657
6356
6077
6216
6286
6705
5658
5797
5797
6146
6076
6705
6286
6356
6076
6566
5657
6635
5797
6216
5657
5727
5727
6565
6635
6775
5728
5728
5658
6565
6286
5587
6216
6216
6286
5728
5657
6216
6636
6286
6146
6635
6146
6146
5797
6775
5797
6635
5728
6636
6286
6146
6146
6076
6146
6286
5727
6775
6146
6356
5797
6286
6775
7054
6775
7753
6216
5867
5727
5727
5797
6146
5727
5727
6077
5797
6147
6146
6077
5727
5657
5727
6146
6705
5657
5797
5797
5867
6216
7055
6146
5797
6635
5727
6636
6705
7124
6286
5728
5658
5238
6565
6635
5728
5797
5657
5657
6076
5587
5658
6565
6216
7124
6076
6636
5728
6635
5728
5867
5797
5658
6565
6216
5658
6216
6216
6216
6147
6076
6705
6705
5657
5658
5588
6636
5727
6286
7054
6706
5797
6216
6146
5169
6705
5797
6705
5309
5728
5728
5727
6775
6705
5657
5657
7194
6146
6705
6705
5797
6146
5797
5658
5798
6077
5727
5797
6286
6565
5727
6775
5798
6705
6216
7125
6216
6216
7054
5798
6286
7055
5797
6775
6216
16134
5867
6146
6705
5727
6216
5797
5657
6146
6706
5798
5727
6566
6216
6635
6146
5867
5797
6146
7054
5727
6775
6146
6775
6705
5797
6077
6706
5797
5797
5727
5587
7054
5657
6705
6076
6077
5727
5657
6216
6146
6635
5797
5798
6705
6286
6147
5797
5797
6565
8172
6077
5797
6636
6147
6775
6705
5727
7194
6705
6146
6076
6216
5727
5657
5658
5797
5658
5727
6635
5727
7124
6146
7194
6774
5308
5867
6984
6705
6147
6565
5798
6705
5727
6775
6146
5797
5587
6217
5727
5657
5588
6147
5727
6146
6775
5797
5797
6635
5797
6775
6844
5728
6146
5727
5727
6705
5657
5797
5657
5867
5798
6216
6635
6566
5657
5588
6147
5798
5657
5728
5727
5587
5728
6146
6566
5727
5658
6565
5658
6565
5797
6147
5657
5658
5657
5657
5309
5727
6705
6635
5867
5797
6635
6775
5657
6775
5727
6146
6147
5657
6076
5797
5657
6146
6147
5658
6077
5727
5658
6077
5727
6146
6635
6077
6775
6146
7264
6216
6635
6635
6146
5587
5728
5728
5588
5798
13969
5657
6146
6565
6286
6216
6146
5727
6705
5727
6216
5727
6146
5657
5867
6705
6216
6146
6566
6286
6705
5587
6286
5727
5797
6566
5867
5588
5867
5727
5797
5728
5797
6286
6705
5727
5727
6076
5797
6076
5798
6286
5797
6565
6216
6496
5867
6635
6565
5658
5727
6146
6775
5867
5658
7124
7124
6635
6286
5867
5797
5727
6636
5588
6775
5797
5797
6147
5658
6146
6146
6146
5797
6076
6775
6286
5727
5797
5867
6217
5728
5867
6216
5587
6286
6565
7055
6775
5727
5657
6775
6216
5658
6076
6147
6565
6146
5797
6635
7054
6146
5658
6146
5728
5727
7194
6356
6286
6286
6146
5798
6076
5797
6077
5727
5797
7054
6147
6566
6286
6146
5727
13899
6216
6146
5727
5658
5727
5657
6077
5657
6146
6216
5867
6286
5658
6775
6775
5797
6146
5727
6077
6076
5658
6147
6566
5728
5728
