2375
3841
3353
1955
2375
2444
2375
1955
2444
2374
2375
2375
2445
1955
4190
2444
1885
2374
2374
2374
2374
2793
2375
2445
2864
2864
1396
2375
2375
2794
2375
2375
4330
2445
2375
2445
2375
2444
2444
2444
2305
2375
1955
3701
5238
2863
2374
2444
2445
2304
2444
2375
2864
2864
3841
3353
2864
3352
2864
2375
2374
2933
4261
3352
2375
4400
2375
3911
2375
2374
2444
2444
2864
2933
3422
2724
2444
4260
2863
2794
4820
4330
2863
2445
2375
2444
2305
2445
2375
1956
2375
1956
1816
2863
2374
2305
3771
2444
4260
1886
2375
3771
3771
1886
2444
3422
1886
2305
3352
2375
2374
1885
2375
2445
3283
2375
2375
1886
2375
2375
2444
3352
3841
2374
2445
3422
1885
2445
2374
3422
2374
2375
2375
2375
1956
2305
1886
1886
2445
1955
2374
2375
2374
2374
2444
2375
2444
2374
1886
1955
1816
3353
2304
2374
1955
2445
1956
3771
2375
1956
3702
1886
2305
1955
4819
2375
3283
17250
2444
2375
2445
3772
2305
2375
3771
1885
2374
2305
2374
2374
1886
2444
2375
2375
3772
3841
2375
2863
2793
2444
2793
2375
2375
2375
2374
2375
2375
2304
2375
1886
1885
2304
1885
1885
2374
1886
1955
2375
2375
2375
2374
2375
2375
2375
2375
2374
2375
2445
1955
2375
1955
2375
1467
2375
2375
2304
2445
2444
2444
2374
2375
2304
2445
1956
2444
1955
2305
2305
2375
2374
2444
2304
2864
2375
2444
2444
1815
2375
2863
4330
2863
1955
2374
13899
2863
2375
2374
2374
2374
1466
2375
2374
2375
2374
2375
2374
1956
2374
2444
2374
2445
2445
2374
2305
2374
2444
2375
14387
12222
2444
2445
2305
2374
2375
2445
2375
2375
2375
4261
2374
2374
2375
2444
2374
2374
2305
2375
2374
2374
4330
2444
2374
2375
2444
2375
2375
2375
2444
1955
2374
1886
1886
3423
4191
2375
2863
2445
2304
2445
2444
2304
2375
2374
2375
2305
2375
3771
2444
2374
2375
2305
3841
3772
2374
2793
1886
2305
1467
2445
2374
2374
2375
2444
1816
2375
3841
2375
3771
2375
2445
3282
1885
2375
3841
2374
1886
3423
2793
2375
2444
2375
1956
2375
2375
3771
1956
2375
2375
2374
1886
1955
2374
1886
2375
3771
2445
2375
2305
2375
2375
2375
2375
2305
2305
1885
3771
2374
2375
3841
2374
2374
2444
2304
1885
2374
2375
2444
1886
2374
1956
3283
2375
2375
2445
1885
2444
1955
2374
2374
2374
2444
2375
3841
2374
2933
2444
2445
2793
2305
2305
1467
2444
2375
2374
2375
2374
3771
2374
2374
2794
1886
2793
2375
1885
2445
2305
2375
2305
2723
2444
1956
2374
2863
2375
3352
2864
1956
2864
2374
5099
2374
2374
2445
2374
2863
2794
2794
2374
1885
1955
2374
2864
2375
2794
2375
2375
2933
2933
2864
2444
2863
2863
2375
2375
2375
2304
2375
2445
2375
2445
2375
2375
2375
4330
2444
2374
2374
2864
2445
2375
2375
2864
2445
2305
2444
2375
2444
2863
2864
2375
4260
2374
2864
1397
4260
5238
2375
2374
2445
1397
3353
2305
2375
2374
2445
2933
2375
2374
2444
2445
2374
1816
2375
2375
2374
2375
2375
2375
2374
2444
2444
1956
2375
2374
2863
2374
2445
2305
2444
2374
2305
2374
2375
3771
2933
2445
2374
2304
2375
3841
2374
2374
2375
1885
2375
2375
2445
2305
2444
2445
14317
2375
2863
2374
2374
2305
2375
2375
2864
2375
2375
5378
1955
1886
2444
2375
2305
2304
2374
3842
3842
2444
2304
2374
2375
2444
1397
2375
1885
2375
2374
1886
2933
2305
2794
2794
5168
4190
2375
2375
2445
2374
2375
2375
2375
2375
4819
4261
2375
2445
2304
2444
1467
2863
3771
2374
1955
2374
2375
2934
2375
1886
2305
2374
1886
2375
2375
2444
2374
2374
2375
2375
2445
2375
2375
1885
5168
2444
2375
2374
2304
3841
2444
4260
4260
2375
2445
1886
2444
2374
2445
2305
2445
2374
2305
3771
3841
1885
4680
2444
2374
2375
2375
2375
2374
4679
3842
2375
3701
2793
2794
2374
2444
2305
2375
2375
3911
2375
2375
2375
2374
2375
2444
2374
4889
2374
2374
4260
2793
2375
2864
4190
2863
2374
2374
1886
2864
2444
2794
2375
4330
2793
4400
2374
3842
2794
2304
2864
2444
2374
2444
2375
1397
2305
2375
2375
3841
4749
2375
2863
2444
2305
2374
2375
2375
2374
2444
3912
2374
1886
2374
1397
2863
2304
2445
4330
2444
4819
2374
1886
3841
2374
2304
2375
2375
2375
2445
1956
2444
2375
1955
2375
1955
1955
2375
1885
2444
2374
1886
2445
1397
2375
2374
2375
1956
1956
1886
2794
2375
2793
2374
2374
1956
1466
2375
2444
2374
1956
1886
2794
2793
2375
2375
2444
1955
4260
2444
2445
1885
2375
2864
6774
2864
2375
2375
2375
2375
2374
2375
2445
2374
2444
2374
2375
1886
1956
2375
2375
2375
3911
1886
2793
2444
2375
2794
2374
2375
2445
1955
2375
2305
2863
2863
2305
2375
2374
1955
3771
3772
2305
1886
3771
2304
4819
2375
2444
1956
3771
2724
1886
2305
2304
1885
2305
2933
1886
2305
4819
2375
2375
2445
11035
1886
2374
2444
2305
2305
2444
2445
2304
2375
2375
1885
2374
2445
10826
2375
1955
2375
2793
4750
1886
1886
2305
2375
2374
3911
2375
2793
2445
2374
2305
1886
1885
3841
2445
2445
2374
2305
1956
2445
2794
2374
3771
2305
3771
1886
2374
1955
2375
2445
2445
2375
1397
2375
1885
2375
2375
2793
1956
2445
3282
1885
2444
2375
2305
2444
2444
2374
2375
1955
2374
2374
1955
1886
1956
2374
2374
2374
2444
2375
3841
1955
3911
1956
2374
3213
1955
2305
2863
1396
2374
2374
2375
2304
2374
2375
2444
2374
1886
2375
2375
2375
2445
2375
1956
4819
2375
2374
1955
2445
2375
2304
1885
1886
2375
1955
1816
2374
3772
1467
2444
2375
2444
2444
2374
2375
2374
6635
2375
2374
2374
2305
2445
2375
1396
2375
2375
1885
2305
2305
2794
2305
1886
1886
2374
2444
2375
1886
2445
