4749
5238
4679
4749
4680
4819
4330
4889
4400
5796
4680
4749
5238
5168
6565
4819
4750
5657
5308
6146
4679
4190
4819
5168
6076
5867
4260
6077
5168
5168
5169
5308
5308
5168
6286
5797
4400
4889
4261
4819
4889
5308
4330
4819
4261
4819
4331
4750
4819
4400
4260
4330
4400
5169
3842
4680
4680
4679
3841
4400
4888
5168
4819
4190
4680
4749
4749
4260
4330
4190
5308
4679
4330
4679
3842
4191
4330
4680
4749
5308
4750
4749
4260
4330
4400
5796
4331
5238
4400
8660
4820
4191
4749
4679
4889
5308
7193
5588
7124
7123
4679
4749
3841
4749
4679
5168
5308
4679
4190
4679
4749
4400
4819
4888
4819
6216
4330
4749
4261
4679
4261
4749
4819
4819
5308
4400
4330
4609
4749
4749
4749
5727
6355
6565
5378
4679
5587
5727
6146
6635
5657
5867
5238
5657
7194
5238
5797
5308
5238
5168
5239
6146
5168
4679
6146
5238
6635
5308
5168
5797
5238
5238
5168
5727
4679
5238
4889
7542
5308
5238
4750
4749
4749
4330
4680
5168
4330
4819
4190
4191
3353
4261
4260
4191
4260
4190
4260
4330
5308
4750
4330
4400
4330
5238
4260
4819
5238
4679
4330
5168
5238
5727
4819
5239
6216
5658
4749
5099
4680
4330
3911
4819
4749
4819
5378
11803
5238
4749
4819
4749
4749
4680
4679
4330
4889
4260
4749
4819
4819
5168
4889
4260
4679
4750
4819
4749
5168
5239
5238
4819
5238
4679
4819
4749
5238
4330
5168
4749
4330
4330
5308
4400
4819
4260
4749
4260
4819
4889
4679
4819
4819
4819
5308
5308
4260
4749
3771
5308
4749
4749
4679
4749
4819
4330
4889
4819
5727
4819
3771
4260
6216
4819
4749
4749
5657
5099
4749
4749
5587
4749
3842
4330
4261
3771
5308
4889
4749
4330
4749
4819
5587
4260
4889
4819
5308
4819
4749
4330
3353
4330
4889
4679
4191
4750
4819
4400
4680
4190
4749
4330
4330
4819
4680
3701
4749
4749
4330
4679
4749
5168
4400
4191
4749
4331
4330
4400
5796
4680
4679
4400
4819
4260
4819
4330
4190
4399
4190
4888
4750
3352
4330
5168
4400
4819
4260
4260
4330
4400
5169
3353
3353
4330
5238
4400
4330
4889
4191
4400
4609
4260
4749
4750
4750
4330
4749
4261
4749
4680
4679
4749
4610
5308
4679
4749
4819
4260
4400
4331
4610
4190
5238
4819
4330
4749
4330
5238
4261
4889
4819
4260
4819
5238
4260
4819
5168
4330
4679
4749
4260
4749
4260
4260
4749
5657
4819
5238
4819
4749
4679
4679
4819
4260
5168
5238
5588
5238
7054
7194
5308
5727
6565
6984
5867
5308
4749
6146
5657
5657
5238
6146
6216
6704
6705
6146
5098
6635
7054
7682
6705
5168
7264
5308
5308
5308
5168
4749
5308
4819
4330
4889
4819
4749
4260
4400
5308
5797
6634
4749
4819
4679
5308
4749
4330
4261
4260
4260
5308
4330
4260
4819
4191
5168
4889
4260
4260
4819
4749
5238
4610
4749
4819
4819
3771
5099
4819
4819
4819
5727
5377
5308
4680
5168
4330
4819
4679
4749
5238
5308
5727
4819
5727
4819
6146
5657
6216
6704
5238
6146
6076
6286
5727
5308
5657
4819
5657
5168
5727
4749
4400
5168
4819
4749
4749
5098
4749
4749
4680
4819
4819
4749
4889
6146
4680
11803
4330
4749
4749
4260
4679
5239
4819
4749
5168
4819
4750
4819
4750
4749
4680
4679
4750
4749
5168
4819
4819
4889
4749
4749
4819
5727
4749
5098
4680
4819
6076
4749
5168
4679
4819
4330
5168
4680
4889
4330
4819
4261
4749
4819
5797
3841
5378
4749
5168
5238
6635
5169
4749
5657
4889
5587
4749
4819
5657
4609
5168
5168
4749
4680
5098
4819
5238
4819
5308
4749
5168
4331
5238
4889
5797
4679
5168
4749
4679
4819
4330
4819
4889
5727
5168
5378
4679
4889
4331
4680
4819
3911
4749
4330
5308
4400
4749
5238
4749
4819
4819
6146
4819
4680
4749
4749
4749
5727
5727
4749
4680
4749
4679
4819
4749
4749
4749
4400
4749
4749
4191
4400
4679
4819
4330
4749
4330
4819
4749
4190
4610
4819
4749
4679
4609
4750
4749
4680
4330
4750
4261
4679
4191
4679
4819
4330
4260
4330
4400
4679
4400
4260
4260
4260
4749
4749
4749
4819
4749
4261
4331
4330
4680
5238
4609
4260
4679
5308
4819
4679
4749
4679
5657
5588
5378
4749
4749
4749
4260
4819
5169
4190
5169
4400
5098
4819
4819
5168
4330
4679
4260
4819
4260
4190
4819
4330
4260
4190
5238
4260
4260
4190
4819
4330
5308
5308
4749
4261
4680
4260
4749
4819
4330
3771
4610
4330
4191
4261
4749
4190
4819
4679
4260
4749
3283
4330
4749
5238
4260
4330
4330
4330
4819
4260
4330
4190
4190
4749
4679
4679
5308
4819
4749
4749
4680
5308
4330
4260
5168
4819
4679
4749
5238
4749
4330
4749
5168
4749
4749
5098
4749
4750
4330
4330
4260
4190
4749
4819
7194
4749
4749
4679
5308
4819
4819
4330
4819
4750
5308
4261
5168
4260
4749
4330
4400
3911
4330
4819
4261
4190
4819
4261
4330
4330
4330
5238
4260
4260
4400
4679
4749
4331
5099
4679
4400
4260
4749
4190
39530
4260
4330
4679
4330
5168
5169
4261
4260
5238
4260
4330
5307
4261
4750
4260
4749
4400
5168
4330
4749
4330
4400
4399
4679
4260
4261
4330
4749
4331
4679
4330
5238
4330
4261
5169
4330
4889
4679
4749
4260
4679
4679
4680
4749
5308
5168
4330
5308
4400
4819
4819
4820
4819
4260
4679
4750
4400
4330
4679
4820
5168
5657
5238
4749
5308
4749
4819
4819
4191
4610
4330
4330
4819
4679
4400
4749
4260
4749
4331
4750
4679
4819
4749
5727
4749
6076
6216
5308
4819
5727
5168
4819
4330
4679
5238
4819
4261
4749
4819
5797
4819
4749
4749
4749
4330
4330
4331
4889
4260
4819
4261
4819
4400
5238
5308
4749
5169
4330
4330
4261
4679
5727
4819
5308
4749
4888
4889
5168
4819
5238
4749
5238
4679
4749
4819
4749
5727
5308
4679
5727
5308
4888
5797
4331
6076
7124
5657
