5587
5308
6146
6285
5308
5168
6146
5657
5727
5168
6216
5727
5658
5307
5658
5238
6146
6146
5797
5657
5308
6146
5588
6286
5657
6146
5867
5238
6076
5238
5308
6216
5308
5238
5169
5727
5587
5727
5168
6286
5238
5238
6146
5657
5657
5099
5238
5657
5308
5168
5168
5168
5169
5168
5238
5308
5307
5099
6146
6076
5168
12013
5238
5727
5168
5797
5378
5308
5238
5308
5308
5169
5308
5727
5308
5169
5168
5657
5238
5308
5727
5797
5797
5727
5238
5238
5658
5378
6216
5238
5169
5797
5727
6146
5797
6146
5029
5168
5378
5308
5657
5727
5727
5307
5658
5588
6565
5797
5238
5657
5308
5797
5797
5377
5238
5657
5238
5168
5727
5238
5727
5168
5377
5727
5727
5308
2933
2863
2933
2374
2375
2864
2864
2933
2864
2933
3353
2864
2863
2863
2863
2444
2863
2864
2444
2375
2794
2374
2864
1885
2864
2863
2863
2864
2863
2375
2375
2305
2375
2933
2375
2375
2863
2374
2794
2375
2863
2863
2444
2305
2933
2864
2444
2793
2863
2864
2934
2444
2863
2863
2794
2863
2794
2864
2305
2863
2864
2863
2933
2445
2374
2445
2933
2375
2793
2863
2863
2863
2933
2864
3283
2375
2863
2375
2374
2375
2933
3352
2933
2933
2864
2864
2863
2374
2445
2863
2863
2305
2445
3283
2305
2793
3282
2794
2863
2864
2933
2794
2445
2375
2794
2794
2933
2374
2793
2863
2375
2794
2444
2374
2444
2863
2863
2864
2374
2374
2375
2794
2375
2793
5308
5727
5168
5308
6146
5727
5727
5657
5657
5168
5797
5657
5518
5797
6705
5308
6286
5377
5308
5797
5727
5238
5657
5308
5797
5168
5168
6146
5308
5657
5657
5797
6286
5238
5238
6146
5727
5797
5587
5308
5796
5238
5168
6076
5727
5657
5657
5307
5308
5238
5727
6565
5797
5238
5099
5657
5239
5238
5727
5168
5587
5587
5238
5238
5168
6216
5238
4819
6146
6146
5238
5307
5727
5238
5238
5238
5657
4819
5168
5307
5308
5238
6285
5308
5657
6216
5238
5657
5168
6076
5727
5727
5727
5238
5727
5238
4819
5727
5726
5238
5238
5308
5168
5307
5587
5727
5308
5239
5098
6216
5727
5658
5168
5308
5168
5797
4889
5378
5308
5168
6215
5238
6216
5238
5657
5308
3771
3842
3911
3771
3911
3772
4330
4260
4330
4260
4330
3841
3771
3842
3772
3771
4190
4261
3772
3912
4190
3911
3771
3772
3771
4330
4680
4190
4330
3842
3771
4330
4191
4749
4260
4750
4819
4190
4749
3841
3911
3772
3771
4330
4330
3841
3841
4190
4330
4260
3842
3911
3771
3841
3911
3841
3771
4330
3841
3842
4191
3841
3352
3841
4749
4190
3841
3841
4749
3842
3911
4190
3841
3842
4330
3352
3702
3911
3771
4260
4680
4260
4400
4749
4260
4190
4330
4330
3841
4260
3772
4610
4330
4191
4750
4260
3771
4190
3911
3772
4330
4330
3772
3911
3771
4261
3841
3772
3911
4260
3772
3771
4330
3841
4400
3702
3841
3911
4330
3772
4330
3771
3771
4749
3842
5657
6565
6286
6146
5238
5308
6216
5657
5308
6285
5238
6705
5727
5657
5727
5308
5867
5797
5238
6704
15714
5308
5238
6635
5727
5657
5308
6635
6146
5308
5169
5587
5797
5308
5658
6146
5238
5727
5727
5238
5308
5238
5726
5238
6285
5308
6565
6146
5238
6146
5308
5587
5308
5238
5307
5796
5238
5308
5308
5308
5657
6146
5657
5377
5308
6146
5797
5169
5866
5797
5308
5168
5238
5238
6286
6146
5098
5377
5169
5168
5308
6216
5308
5168
6146
5727
5588
5308
5797
5657
5168
5307
5658
5587
5796
4260
5727
7543
5727
5238
5168
6146
5727
5307
5797
6076
5168
5587
5657
5657
5727
6216
5377
5098
6355
5796
5238
5169
5308
5238
5098
5308
5308
5238
5308
4819
4819
4749
4749
4330
4679
4330
4261
4749
4400
5308
4819
4679
4749
5796
5168
4889
4680
4749
4819
4820
4260
4679
4819
4750
5238
4819
4330
4610
4749
4749
4400
4679
4749
4400
5238
4680
4749
5308
4749
4330
4260
5238
4819
4331
5169
4750
4749
4260
4750
5238
4819
4679
3772
4749
4261
5168
4679
4330
4749
4819
4400
4330
4330
4330
4400
4749
4261
4680
4889
4191
4749
4400
4260
4330
4679
4750
4750
4330
4260
4749
11035
4330
4819
4191
4749
5168
4261
4400
4191
4330
5168
4190
4749
4680
4330
4260
4260
4750
5238
4400
4330
4610
4400
4330
4680
4749
4191
4749
4749
4889
4260
5238
4679
4610
4260
4749
4749
4679
5308
4749
4260
4679
4819
4750
5308
5238
5797
5308
5378
5588
6216
5307
5238
5727
5308
5308
5727
6146
5657
6216
5657
5726
6146
6355
5727
5797
6774
5797
5727
5727
5797
5727
6146
6635
5308
5657
4679
5238
5307
5238
6146
5308
5308
5308
5168
5238
5307
6286
5238
5308
6146
5308
5308
5378
6216
6635
6146
5727
5657
6286
5727
5238
6146
5308
5658
5168
5796
5308
5797
5238
5377
6216
5727
5308
5308
5587
5169
6146
5727
6285
6216
5308
5797
5238
5238
5797
5377
5657
5238
5727
5308
6216
5797
5657
5238
6286
5238
5308
6076
4749
5238
5308
5377
5797
5797
6076
5168
5308
5657
5307
5378
5238
5657
5308
6216
5308
5377
5587
5727
5308
5308
5307
5307
5238
5378
5168
5308
5238
5238
5307
5727
5587
5797
14527
5727
5657
5657
5168
5587
5238
6146
5308
6216
6216
5238
5238
5378
5727
5658
6215
5168
6146
5308
5657
5168
5378
5657
5168
6216
5308
5238
6216
5657
5238
5657
4819
5168
5727
5238
5797
6076
6077
5308
5308
5727
5308
5797
5307
5657
5238
5238
5797
5238
5168
5727
4330
5657
5308
5308
5308
5727
5308
6216
5168
5238
5587
5587
5238
6146
6215
5657
6286
5238
5797
5657
5238
6146
5168
14667
5378
5238
5377
5518
5308
5239
5308
5727
5238
6077
5727
5308
5727
5238
5657
5169
6216
5238
6216
6216
5308
5657
5657
5797
5727
6285
5098
5238
6146
5168
5727
3841
5378
5238
4260
5587
5168
5307
5797
5238
6286
5308
5168
5797
