3352
3352
3422
3422
3422
3283
3352
4330
3422
3352
3352
3352
3282
3283
3423
3352
3352
3282
3283
3352
3771
3352
3422
3353
3422
2934
3282
3771
3911
3772
3352
3841
3771
3283
3772
3423
3911
3841
3702
3422
3841
3352
3212
3282
3283
3353
3911
2934
3353
3353
3282
3772
3841
3352
3422
3352
3352
3911
3771
3422
3911
3422
3212
3282
3772
3282
3352
3352
3772
3772
3353
3841
3352
3772
3353
3352
3841
2864
3353
3353
3353
3282
3353
3353
3352
3352
3352
3841
3422
3771
3282
3771
3841
3353
3702
3283
3283
3772
3841
4400
3352
3842
3772
3352
3282
3771
3212
3771
3352
3772
3771
3772
3772
3422
3353
3841
3422
3352
3352
3422
5168
5098
5308
5727
4749
4819
5308
5168
6146
5238
5727
5797
4819
5308
4749
5239
5308
6286
5238
5168
6495
5238
5169
5657
5796
5308
6146
5098
5168
5098
5168
5238
6146
5727
5727
5657
5239
5377
5238
5099
5308
5308
5238
5727
5797
6705
5238
5168
5797
5796
5239
5168
4749
5797
5307
5308
4749
5169
5238
5308
5378
6146
5238
5727
5308
5727
4749
5867
6076
5168
5308
5238
5099
5657
5587
4819
4749
4819
5308
6146
5168
5308
6146
5238
5378
5308
5238
5727
5238
4819
5308
5796
5308
4819
5727
5727
5657
4819
3911
5168
5308
5098
5727
4889
5657
4749
14317
5168
5308
5727
5238
4819
5658
5307
5238
5797
4749
5168
5098
5797
5238
5797
5238
5238
5797
5238
4819
5169
5307
4679
5168
5308
5238
5168
5796
5308
5098
5797
5238
5797
4749
5797
5378
5238
5587
5238
4749
5168
5168
6635
4819
5238
5098
5378
5587
5168
5238
5168
5308
5308
5238
5727
6146
4680
4679
5099
4819
5238
5238
6146
5308
4749
5658
6076
5168
5169
5238
5727
5238
5657
6146
5098
5308
5587
5308
5657
5168
5239
5308
5308
5238
5238
5169
5238
5308
5238
5727
5238
5169
5657
6216
5727
5238
5308
6146
5238
5238
5308
5238
5238
5727
5867
5797
5378
5099
5657
4749
4749
5866
5308
5797
4819
5238
5238
5657
5308
5238
5168
4749
5099
5377
5238
6215
6285
5657
5867
6216
5588
5727
5168
6216
5168
6286
6146
5168
5657
5168
5308
5098
5308
6076
4680
4819
4888
6496
4819
5308
4819
5168
5168
5727
5238
5308
5308
5168
5377
5168
5168
5238
5797
5238
5727
5238
5238
5168
5308
5168
4819
5168
5657
5168
5378
5238
5238
5308
5238
5238
5169
6006
5658
5657
5238
4749
5238
5587
5238
4819
5308
6215
5238
5378
6146
5727
5308
5308
4819
5308
5308
5238
6215
6216
5308
4819
5727
13759
4819
5168
5168
4749
5308
5238
5727
5727
6285
5238
5308
30101
4819
5169
5238
5168
5867
5657
5238
5238
5238
4819
5168
5308
5308
5238
5657
5308
5866
4819
5168
6356
5797
5168
5377
6146
5238
5727
4819
4819
5657
5307
5378
5727
22419
5238
5867
5168
5238
5238
5657
5308
5377
6076
5238
13829
5308
5658
5238
5169
5307
4819
5168
5168
5377
5168
5727
5727
5238
4819
5168
5797
4749
5308
4749
5797
5169
5239
5238
5099
5727
5587
5238
5238
5308
5168
5238
6076
5657
5308
6146
5238
6216
5168
5238
5657
5238
5168
6286
5727
4749
5797
5378
5238
4889
5238
6146
5796
5307
4819
5238
5168
5168
6076
5238
12781
5168
6146
5657
5238
4679
5238
4749
4819
4819
5169
5727
4819
5168
5098
5727
5308
5238
5378
5308
5657
5238
4400
6146
5238
5307
5238
6216
5727
5727
5238
4260
5308
4749
5308
4819
5308
5308
5169
5308
5168
5238
5168
5098
5238
5378
5168
5238
5308
6146
5238
5727
5657
5168
5238
5308
5169
5657
5238
5238
5727
5308
4749
5378
5169
5168
5796
5727
5727
5657
5657
6146
5238
5657
4749
5587
5797
6216
5099
5168
5308
5308
5308
6215
5308
5238
4749
5168
4819
5797
5169
4819
6146
5098
4888
5239
6286
5238
5238
6286
5308
5238
5238
5727
6146
5657
6146
5308
5657
5168
5308
6146
5727
5727
5307
3841
5238
5587
5308
5797
6216
5797
5378
5169
5727
5238
5308
4889
4889
4819
5169
4889
5657
4888
4819
5657
5308
6146
5727
5378
5308
5238
5169
5377
5099
5797
5238
4749
5308
5238
5169
5727
5238
13829
6635
5796
4749
5238
5657
5169
5238
5796
5168
5727
4819
4750
5308
5796
4819
5308
5168
4749
4819
5238
6146
5797
4889
5238
5238
5168
5797
4819
5308
4819
5657
5238
5238
6146
5238
5238
5238
5378
6146
5238
6146
4819
5238
5657
5797
5238
5168
4889
5238
5238
5168
5308
6076
4889
5238
10406
5238
6146
5308
6077
5658
5308
5797
5727
6146
5308
5238
5098
5587
5797
5727
5238
5587
6146
5238
5238
4819
4750
5727
5238
5308
5797
5238
6076
5238
5797
5238
5238
5308
5168
5169
5727
5657
5727
4819
4889
5658
4819
4819
5238
5307
5168
5727
4680
5168
5168
5657
5238
5238
5377
5796
5308
6216
5168
5238
6077
5308
5307
5727
5238
5168
4889
5308
5238
5657
5796
5169
5797
5726
5797
5238
5307
5308
5797
5308
4819
5238
5727
5308
5797
5657
4750
5797
5308
5796
4750
4679
5239
5658
4819
4819
5378
4819
5797
5727
5727
5238
4889
4819
4609
5169
5098
5867
6076
5657
5308
5727
5727
5238
5238
5239
5168
5168
5727
5308
5238
5657
5098
5308
5169
5168
5587
5168
5168
5238
5168
5168
5378
5168
4750
5308
5168
6076
4749
5796
4679
6146
5168
5168
5238
5308
5098
6146
5238
6076
4819
5238
5307
5308
4889
4819
5308
4819
5238
5308
5168
5307
4749
5797
5168
5587
5378
5238
6076
5308
5238
5239
5238
5727
5238
5238
5168
5726
4819
4819
5308
5169
5727
5098
5727
5168
4819
5168
6146
6705
6216
1816
1467
1396
1886
1397
1885
1397
1466
1466
1815
1885
1886
1396
1466
1467
1886
1466
1956
1886
1886
1466
1955
1886
1466
1397
1886
1886
1886
1886
1955
1397
1886
1886
1956
1886
1886
1956
1886
1886
1397
1886
1885
1955
1397
1467
1886
1816
1886
1955
1956
