8032
8171
8102
8102
7961
7682
9079
8521
8660
8451
9918
7613
7682
7612
8171
8171
8520
7822
7892
8031
7752
8032
8591
8660
8171
8521
8101
8101
7752
8102
8661
8241
8102
10127
9149
8171
8102
9498
8032
8102
8101
7752
7612
8171
8451
9358
7683
8102
8660
8101
7752
9358
7962
8450
8241
8172
8032
7752
7682
8450
9009
8031
8241
4330
4819
4819
4819
5308
4330
4749
4750
4261
5238
4819
4261
4400
5378
4260
4331
4330
5169
4679
4749
4750
4888
5168
5098
5308
4819
5657
5098
4819
4400
5727
4679
4680
5168
4679
4889
4260
4819
5238
4749
4330
4749
4260
4749
4819
4261
4749
7612
8102
8661
8171
8032
8032
8172
9498
8172
8102
8032
7543
8590
7962
7682
8171
8660
9219
8101
9638
8031
7962
9288
8102
8521
9987
8660
8171
9498
7612
9638
8101
8101
7054
8590
8102
9428
8521
8032
8171
8660
8171
8101
8520
8102
9149
8102
8591
8032
8102
8451
7683
8032
8171
8451
8241
9080
16692
17250
7752
7543
9080
7961
8031
8031
7613
9498
8031
7962
8101
8032
9149
7683
7752
8591
8241
8031
7613
7962
8102
8032
7683
7753
17530
8032
8101
17321
7962
7612
9010
8870
8171
8031
8102
8171
5657
5099
4819
4680
5238
4819
5238
5238
5727
5238
4750
5308
4819
5657
5308
4749
5727
4679
4819
5169
4819
5238
4749
4749
5238
5168
5168
5727
4819
5657
4680
5796
5238
5308
4819
5099
5169
4819
5658
6355
5308
5727
4819
5168
5657
5238
5238
9150
7473
9010
7962
7612
7682
9498
8032
8241
8032
9359
8171
8241
8172
9219
9009
9010
9009
8172
8171
7962
8031
8101
8171
8242
9079
8102
8102
8241
8031
9149
7753
8171
7962
8102
8102
8032
8171
7613
8171
8102
8032
8102
11873
9149
7962
8102
8031
8171
8102
8171
7962
8032
9498
8241
8101
8032
8101
8940
8102
8101
9359
8031
8032
8101
7962
8172
8241
7753
7682
8172
8101
8171
8242
8032
8171
8101
8591
8031
8940
7753
7683
9987
7962
25701
16692
8101
8242
8591
8590
9778
8730
8730
7193
8172
8242
17111
8242
8521
7752
8172
7962
7682
7752
8101
9079
8171
9358
8171
8031
8101
9498
9569
9428
9498
9010
9428
7612
8730
8520
8031
9080
8102
8101
9429
7682
9498
8242
8101
8032
8102
8032
7962
7612
8171
10127
8101
8381
7962
9149
8241
8032
8102
7962
8032
8032
9428
7613
9080
8031
7054
9080
7962
8171
8101
7753
8032
8591
8031
7683
8102
8591
8032
7683
7543
8241
8172
9499
9080
8032
8102
8451
8171
9009
8940
8171
8380
9429
7752
8591
7683
7961
9499
7682
7752
7753
8171
8102
8172
8171
7613
8032
8102
8241
8171
8241
8171
9149
9568
8032
8102
9149
8032
9429
9429
8031
7613
8102
9149
7962
9638
8032
8102
8101
7752
8032
8032
8032
8450
8031
9638
8032
8032
8660
8102
8520
8730
8381
7612
8381
8730
8171
8171
8172
8032
8171
7263
6146
7683
6565
7124
7543
6775
6216
6635
6635
6705
7263
7543
6774
6565
6774
6635
7264
6635
7263
6705
7193
7054
6286
6216
6285
6775
7473
6565
6495
6286
6775
6634
6634
6146
6635
6635
6705
6635
7193
6146
6705
7333
6635
7543
6704
7264
6565
8660
7962
8172
8171
8101
8241
8032
8102
9359
8172
8451
8032
8172
9918
8590
16902
8102
9568
9079
9568
7612
8172
8172
8102
8171
8031
8101
8031
9848
8939
7682
8661
8241
8660
8102
8032
9009
8939
7961
8171
7962
7682
8101
8101
8172
9010
7682
7683
8032
9498
8031
9010
8660
9568
7613
17880
9499
9009
7822
9010
8102
7962
9010
9568
8381
8172
7962
8032
11035
8521
7752
8032
8102
9359
7753
8940
9568
7752
8032
7612
8101
8520
8939
7752
9498
8172
9498
8102
8171
8451
8032
8171
8101
8171
3771
3912
3771
4819
4260
4261
3911
4330
3702
3911
4261
4260
3772
3702
3772
3841
3423
4330
3911
3841
4331
3702
3772
10127
4260
4260
3841
4750
3771
4331
4330
4330
4400
4330
4260
3911
3841
3702
3771
3772
4261
3842
4261
3842
3841
3771
4400
3841
8101
9009
8032
9568
9079
8450
9428
8241
8032
7961
8939
9079
8102
8940
8172
9499
9638
7892
7961
8101
7683
9568
8032
9499
8521
8521
9498
8102
8521
9638
8101
8102
8171
8172
8241
7612
8032
8171
8031
8171
9079
8171
8032
8032
8171
8171
8171
8032
8172
8032
8940
8939
9428
8241
9079
8102
8032
7962
8451
8451
8102
8241
8101
17041
8102
8101
7961
9149
9498
8032
8032
7543
7752
7962
6635
8102
8172
8521
8591
8939
8032
8171
8101
9079
9289
8940
9149
8242
8450
7961
8032
9080
7753
8102
8591
7753
9079
7682
8032
9289
8032
9428
7961
9708
8171
8101
7961
8102
8171
8102
8032
8171
8032
8102
8101
8101
8451
9708
9638
8032
8661
8031
9568
9498
8101
8241
8032
8241
8172
8521
8102
8101
8032
9568
8241
8031
8101
7682
7752
8031
8032
8102
8101
9219
8102
8450
8171
8730
9219
8032
8101
8102
9149
7613
8940
8102
8031
8032
9009
8940
8451
8590
9498
8241
8171
7892
8521
8730
7543
7962
8172
9569
8102
8032
8101
7752
7473
8101
8450
9708
8102
8172
8241
8032
8032
9079
7752
8520
8102
8172
8032
7892
8241
8242
8031
8101
8939
8032
8101
7682
8102
8102
8381
7752
7334
7753
8171
7683
8102
8171
7962
8241
8521
8520
8591
7962
8101
8032
9010
8032
9638
7682
8102
8241
8101
9498
8241
9847
7613
9080
7962
9499
8172
9149
8451
8171
9638
8241
9219
9359
9010
8102
8171
7752
8451
9079
8172
8172
7613
8102
7962
7962
9149
8101
8031
8031
8101
8031
9428
9080
9080
8450
8032
9080
15644
7752
8101
8101
8102
9149
8032
7613
7961
7962
7682
8591
8101
9638
8521
18018
9149
8590
7961
8521
8520
9568
8032
9009
8521
8521
8102
8451
7683
9708
8102
8101
9428
8241
8171
9149
8032
8101
8101
8031
8171
8032
8731
8520
9498
7752
8031
8171
8869
7962
8939
7613
8032
8171
9080
9987
8032
9359
