11314
9918
10127
9987
9638
10126
11803
10965
9986
11523
11523
9917
10406
10196
11453
9568
9638
11104
9918
9917
9568
9638
9917
10057
10057
9568
8660
9848
9917
9428
11314
9917
9917
9917
9638
9638
11454
11523
9847
9707
9987
9987
9987
10057
10615
9987
11105
10127
11872
9498
9707
10127
9079
9498
10546
9708
9637
10057
11594
9498
9498
10545
11663
9987
9777
11454
9637
11453
11384
10615
10196
10127
9498
11384
10197
9987
9498
9499
11384
9777
9917
9079
9428
9987
10406
8940
10127
9847
10057
9987
9428
9568
10127
10127
9568
11523
9918
10545
9987
11034
9847
9568
9917
11244
9847
9917
11383
9987
9917
9498
9987
11383
9987
9499
10266
10546
10615
10126
10126
9568
9987
9498
9987
11383
9917
9568
9917
11803
9568
19625
12361
9498
9847
11453
10825
11454
9638
11523
10406
9917
9917
11524
10057
11454
9917
9987
9847
10406
11453
11454
11594
10057
9638
8660
10895
9568
10127
11034
9847
9917
9917
10057
11594
10616
9637
9987
9568
9498
9917
9498
11104
11383
9918
9847
9428
11384
10057
9918
11594
11244
10476
9847
10127
10336
10406
12361
11384
9568
10057
10057
10825
12012
11593
9428
10476
10475
10964
9848
9428
9987
9987
10127
9917
9917
11523
9917
9778
12082
10406
10127
11872
9708
9568
11314
9987
11104
9638
11384
9499
9498
11314
9917
10057
9987
10127
10196
11803
9848
9638
9638
11454
9498
10755
11593
9498
9498
11035
9638
10406
11244
11593
11314
10056
9917
9358
10127
11453
10127
9987
10266
11384
9498
9638
10337
9149
10127
11104
9708
11523
9568
11314
9498
11384
11384
9917
9917
10266
9568
10616
9638
9847
10546
11593
10057
11383
9917
9917
11384
10965
10057
10057
9568
9917
11523
9568
9917
11383
10127
10057
9498
11454
10056
9917
9568
9917
9568
9428
10965
10895
9708
11314
11384
10126
10057
10057
9847
9987
12361
10057
9638
10476
11384
11384
9917
9847
12012
10057
9638
9917
9917
10895
11384
9568
9568
9498
10755
9499
10057
11524
9918
9987
9568
11384
10126
10057
9917
11802
10057
10126
11313
11314
11034
9917
9918
9568
9847
9638
9917
9428
10476
9987
9917
9638
9987
9498
9499
11384
9918
9847
11454
9568
10616
9848
10057
9987
10127
10057
9637
9708
9638
9917
9987
10057
9918
9987
11313
11314
10615
11593
9847
11594
10056
9987
11384
11384
9987
10406
9428
9918
9917
10197
10965
10337
11383
9638
9917
9987
10057
9917
9568
9429
11384
11314
9847
11104
10127
10127
9987
11593
9917
11454
11244
10475
9638
9848
9918
11384
11733
11384
11384
9638
9359
11872
9848
9708
9638
9638
11105
9707
9917
9987
10057
9987
9918
9567
9637
9847
9638
9498
9847
9987
11453
9987
10057
10126
9987
9918
11523
9917
9638
9498
9987
10406
11314
9638
9847
11803
19485
9498
9917
10546
9987
11314
11035
11453
9568
9987
9987
9917
9638
9498
10127
9498
9498
11384
10057
10057
11663
9568
9918
9777
10127
9918
10615
11384
10056
11593
9917
10616
9917
11104
9848
11383
9428
9568
9428
9568
9917
10615
11524
11314
11314
9847
9987
9847
10127
11523
9568
11384
9638
10895
11384
10057
9987
9987
9987
9638
9498
9568
9987
9917
10126
9917
10825
11384
9987
11105
10126
10197
10546
9917
10057
9987
9847
10057
11105
10476
9568
9568
11593
11454
10475
9498
10196
11873
9568
10127
9638
11383
9847
10825
11384
10057
11383
10057
10266
9638
9498
17041
11593
9987
9568
10476
11384
9987
9847
9847
9917
10057
11453
9079
11314
10336
9568
13759
9918
9498
9847
9637
9917
10895
11104
10476
10127
11104
9498
11454
9987
11244
9917
10895
9498
9638
10057
9987
9848
11314
9847
11383
11384
11314
9848
9987
11454
11594
9498
11384
9778
9428
11593
11314
10406
9429
9848
18577
10895
10056
10127
10057
9987
10965
11593
9917
10126
9847
11594
9638
11314
9498
9918
11383
11384
11524
9847
9498
10057
10057
10057
10057
11314
9917
9568
10126
10476
9987
9917
9637
11314
9498
9918
9847
10476
9638
9568
10825
11383
9917
10476
11593
9917
9917
9708
9918
11454
11523
9917
9638
9708
10127
9987
11104
11384
9568
9707
9358
11384
10056
9848
9498
11384
9987
9568
9917
11524
9917
9987
9917
9987
11454
10057
11384
9847
9987
11314
9987
10057
12921
9708
9987
10546
9848
11593
9987
9499
9987
11523
11384
9847
10476
9917
9918
9987
9917
11663
9637
11453
11314
9848
9917
10057
9568
9568
11733
11453
10406
9568
9498
11523
11244
9847
11523
10056
9498
10057
9637
9429
9499
9638
9498
9568
9987
10126
10406
13689
11594
9987
9987
9847
9917
9917
11383
11454
9638
9848
10476
11314
10197
11384
11034
11733
10127
9708
10057
10057
11314
9917
9987
9079
9987
9917
11384
10126
10057
9987
9708
11384
10406
9638
9428
9987
9638
9707
10057
9638
10965
10127
9498
11593
9638
9987
10126
9917
9568
9638
9987
9568
9568
9917
11384
11594
10057
9568
9708
11035
10267
10895
11314
10406
9428
11453
10825
11105
10056
10057
9918
10057
9917
12920
11384
10056
11244
10196
10895
9707
10057
11035
11523
11384
10825
9917
11523
11035
11523
9777
11524
10126
9637
10475
10616
9987
11035
9638
10056
9987
10965
10475
11803
10126
9987
9498
9638
10406
9918
11104
9358
10895
9917
9847
9848
9987
9638
9498
9498
10197
9428
10057
10755
9568
9498
9568
9498
9568
10127
9498
9917
10127
9987
9638
12361
9498
9987
9568
9917
9568
10476
9987
9638
11454
9917
9917
10057
11523
10126
10546
9568
11314
9987
9918
9637
9987
10126
10057
10057
9918
11593
10546
9987
11454
9987
11943
9918
9987
11942
11384
10895
18996
10057
10336
9568
19555
10057
11384
9848
9638
9847
10825
10476
11524
9498
9707
11314
9568
9917
10475
9638
11384
9987
10337
11313
9987
11314
9917
9847
11384
9428
11174
9498
9987
10057
9987
9498
10545
10127
11593
9917
9428
11384
11384
9987
10126
10057
9917
9987
9917
10056
9638
12083
11733
9917
10476
9987
9498
10057
9568
9429
11593
10336
9987
10057
9917
9987
10057
10616
9777
11384
10475
10057
9708
10127
9917
11593
9917
10057
9987
11454
12012
11523
11384
9568
9917
