8939
7613
7543
7683
7683
8032
8102
7542
7683
9079
7683
8102
8520
7612
8032
7613
7613
8171
7542
8660
9009
7543
7613
7613
7613
7683
7683
8102
8940
7683
9149
8870
9429
9010
7613
7962
7613
7752
7612
9009
9499
7683
25212
8031
7542
9149
8521
8032
8101
8171
10127
8661
8172
9010
8032
7613
7613
7682
7962
8102
7682
8451
7682
8031
8939
7683
8731
7683
8660
7961
8032
7961
7682
8172
8031
9359
7682
16203
7822
9009
8031
8870
7682
7683
7683
9079
7682
8101
7612
8101
7683
7612
7612
7613
7682
8101
7752
7752
7473
8032
8171
7613
8731
7473
8661
8450
8102
8101
8032
7543
7962
7961
8031
7543
7753
8031
7961
7892
7683
8032
7752
7683
8102
8661
7613
8032
9149
7612
8521
7613
7962
7612
8940
8032
9149
8939
8661
7613
7682
8102
8172
7682
8032
8241
7543
8939
8102
8032
7962
8032
7752
7543
8032
7753
7683
7612
7682
7613
8171
7822
8032
9149
7542
8032
8102
7613
7682
8101
7473
9149
8031
9010
9149
7542
7961
7613
7613
7613
7543
7752
7543
9219
9010
10476
9149
8520
8171
7543
7613
9079
7682
7683
8102
7683
7682
8171
7612
7543
7682
8241
7961
8032
9009
7543
8032
8032
8102
7682
7613
8241
9149
8171
7613
8102
8241
7613
7683
9010
7543
7682
7613
8381
10127
9079
7961
7683
8101
8171
7612
9079
8032
8031
8032
7752
7683
9009
9848
8032
9079
7612
7752
7613
7613
7612
8171
9428
8242
7683
8520
9009
7543
8660
8031
8730
7752
7682
8102
7752
8660
8730
7473
8032
7612
7613
7543
9010
8869
7612
8031
9079
7682
8032
7752
7753
8940
7682
8031
9079
8590
7613
8101
8031
8101
8102
7962
8031
8102
7752
7683
8590
8521
7612
7543
7753
7543
7613
8241
8032
9149
8171
9149
7752
7543
8172
9568
8032
7682
9149
9638
8241
8171
9080
9150
8101
7753
7962
8660
7612
7612
8031
7613
8032
7961
7613
7892
8730
9010
8451
8521
8032
7543
7962
7752
7612
7612
8031
9219
8032
7543
8939
7613
7543
8102
8032
7612
9009
8102
7752
9149
7543
8172
8032
7962
7612
7962
8451
9778
7543
8102
7682
8032
8031
7542
7752
7612
8032
7962
8102
8031
9009
9079
7682
8101
7752
8031
7892
9079
7892
8101
9219
8521
8031
7683
8590
7542
7962
8939
8102
7543
7822
8032
8731
8520
9079
8241
8031
8172
7962
9149
7682
7682
9079
7543
9638
8241
8521
8241
8171
8032
7753
7612
8031
8171
7543
7683
7752
8939
7543
7752
7961
7683
7962
9149
7543
8032
7194
8031
8102
16622
7683
7962
8101
8521
7613
7753
7543
8870
8031
7543
8661
8520
7753
8172
8032
7752
8521
7612
7542
9009
8241
9009
9429
8520
8451
7682
7403
7682
8590
8730
8939
8451
8171
7543
9219
7683
7682
7682
7193
8870
9009
8171
9079
7683
7682
7683
7682
8101
9149
7752
7613
7752
8101
8171
7613
7683
8101
7753
8171
8032
8451
7612
8031
8730
7543
7752
10965
7682
8171
7613
8870
9079
7682
7543
8101
8660
9009
7682
7543
9080
7542
7613
8032
8521
8101
7543
9010
15225
7543
7753
8032
7543
7753
8032
8031
8171
7682
9010
7752
9079
8591
7682
7683
8939
7822
7613
9149
7613
7753
7962
8032
7682
7473
7752
9010
8101
8521
7542
8032
7682
8172
7752
9010
7682
7892
7543
7612
8102
7752
7612
8660
8241
9219
8032
9079
8870
8102
9429
8101
8032
8101
9080
8590
7752
7962
9149
8031
7612
8032
7613
8660
8032
9080
8870
7612
7613
8660
7682
8940
7613
8660
7752
8591
7682
9289
7613
7682
9079
8730
7682
7543
8032
9149
8520
9359
7682
8660
7683
9009
7542
8031
8171
7752
9080
9149
7682
7962
8241
7682
9219
8101
9358
8241
8032
8032
8102
8102
16692
8241
8032
7543
8171
8032
9009
1397
1467
1467
1886
1466
1467
1467
1397
1886
1397
1467
1397
1467
1885
1397
1467
1467
1467
1466
1466
1467
1397
1397
1397
1397
1885
1467
1397
1466
1466
1397
1397
1467
1466
1886
1955
10546
1466
1397
1397
1467
1466
1396
1466
1466
1397
1886
1397
1397
1886
7543
7962
8102
8031
7613
8660
8521
7682
8521
9358
7543
8591
8031
7682
8241
7752
7543
8590
7683
8171
7613
7682
7683
9010
8102
7752
7962
8032
9079
8101
8171
8102
8102
7753
8101
7542
7543
8171
8171
8660
9219
7961
8521
7962
7542
8590
8101
7961
9009
8101
8661
8171
7613
7753
8102
7962
9010
7473
7682
7473
8939
7682
8171
7613
9079
8172
8032
7542
8661
7962
7683
8172
8102
7962
8032
7753
8101
7962
9428
7752
7682
8590
7613
8031
7682
7613
9219
8171
8660
7682
8101
9010
7682
7612
9359
8031
7613
7683
9009
9010
6635
7333
7194
8660
7682
8730
7124
7682
7543
7683
7124
9079
7123
7473
8450
8590
8590
8660
8940
9428
7613
7543
8101
7822
8660
8731
7612
8660
7612
7612
8521
8101
8451
7054
7543
7054
8451
8450
7194
7263
7683
6635
8521
21581
7682
8031
7193
7683
7543
7194
8660
8032
8241
8102
7682
7682
8032
8032
8939
7752
7682
9150
9499
8521
8031
8102
8031
7892
9568
7543
7962
8660
9009
7543
8031
7683
7753
10057
8102
7613
8172
9009
7682
7543
7613
7962
8102
7543
9010
7612
7543
7822
9009
7612
8242
7473
6775
7613
7473
7962
8940
8660
7613
7682
7962
7682
7683
8660
8171
8171
8660
8101
7473
9149
9149
7543
8241
7543
7682
8101
9149
7473
7682
7683
9009
8032
7752
8032
7752
8172
9149
8590
9359
8102
7682
8032
8520
7543
8032
8171
8940
7962
7682
8171
8870
8102
9149
7683
8660
7962
7962
8102
9079
8032
9568
7613
7682
7682
7752
8172
7683
8102
8520
7612
9009
8521
8520
7543
8101
8101
9009
9149
7683
8172
8031
7962
8870
8241
8660
9498
8032
7543
8032
7613
7543
9149
7962
8241
7962
9638
8101
8102
9009
8940
8102
7682
7752
7613
9498
8032
7823
8032
9009
8032
8101
8172
9079
8102
7752
8870
7683
8242
8031
8241
9009
7753
7962
