10546
9708
9009
9428
10406
11105
9568
9917
8940
10616
8870
10616
8940
9009
9010
9149
9428
8451
10127
9429
10476
9638
9080
11733
10406
9498
10546
9080
9638
9010
9009
8939
9359
9638
9358
8730
9638
9079
9987
9428
9079
9009
9079
9080
9359
9428
9987
9149
9428
8940
8730
9498
9009
9359
9079
9219
9428
10895
10616
9847
9359
9499
9359
9568
9429
9428
8661
9498
9079
9638
9987
9428
10476
9150
10406
9010
9079
9079
10616
9219
9009
9638
9219
10546
9079
8940
10057
9219
9009
9498
9149
9009
8591
9009
9079
8870
10058
8591
9080
9010
9498
9428
9080
9428
8939
8730
8870
10127
24793
8940
9009
11873
8939
9010
9149
9010
8870
8660
9079
9080
9149
9428
9009
9010
10895
10546
9009
10616
10406
9010
10127
10476
8731
9149
9638
8660
10197
10406
9917
9219
9568
8940
9009
9150
10546
9987
9219
9358
9149
9150
11105
10616
9149
9009
10965
9429
10895
9918
10476
9499
17530
9079
10895
10127
9009
9010
8591
8940
9918
10057
8940
9149
8939
11454
9080
9150
9079
9219
10407
8590
10127
9149
9149
10826
10477
9079
9499
9498
9010
9429
9079
10057
9009
9149
8661
9010
10477
9708
9149
10825
9219
8939
9149
9219
10965
9498
9150
8940
9359
9079
10615
12502
10616
9079
9428
9498
11035
10965
9429
10336
9498
9429
9009
9009
9009
9009
10825
8940
9079
9987
8660
10477
8940
8940
9079
9009
9079
9987
8940
9010
9009
9149
9359
10406
10127
9149
9079
10476
8940
8940
9009
8730
10616
9080
9428
9080
18019
9149
10406
8660
9079
9638
10266
8940
11035
9848
9009
10406
9010
9429
10127
9079
18648
9010
9009
8939
9987
9009
9149
9149
10337
8940
8870
9499
9009
10476
8940
8939
9149
9358
9429
9498
9359
10337
9010
10336
9009
9987
10896
9638
9219
10407
9080
9079
9498
9010
9009
8521
10616
12361
9917
9568
11105
10127
8940
9638
9079
8939
9988
9499
9498
9569
9987
11454
10896
9638
9638
9428
9149
9080
9987
9568
10546
9359
11524
11104
8590
10337
8870
10616
9009
10337
9568
10127
10476
9079
9079
9847
11454
9009
12851
10826
9149
9988
9149
10406
9079
8940
10476
8660
9149
9009
9009
17041
17181
9150
9149
10476
10546
9010
9079
9009
9428
9009
9079
9149
10407
9010
9149
10756
9149
9009
11523
9009
10406
8940
10406
9987
8940
9079
8590
10336
9428
9149
8940
8660
9010
8870
10058
9079
10127
9079
9009
8940
9079
9080
10406
9498
8730
10755
10965
10127
10406
9149
9009
9219
9987
9079
10336
8940
8590
9009
8940
9080
8870
9149
9149
9079
9149
10406
10476
9149
9079
10895
9149
10616
9149
9149
9009
9010
9149
8661
8939
9149
8940
8940
8939
8660
9917
8869
9149
10127
9010
10266
9358
9079
8660
9498
9638
9149
8940
9079
8590
9149
9707
11733
11035
10825
9079
9358
9009
10616
9079
10616
10406
9638
9079
9149
9080
10615
9079
9219
9219
9009
8521
10895
9149
8660
10476
9080
8590
9219
10406
9079
10407
9009
9080
9149
8940
9708
9568
10895
8939
9009
9009
10476
9010
9009
17181
8660
9010
8940
10057
9009
9149
10616
9428
10477
9079
9289
9079
9009
9149
9079
9010
9079
9149
9079
8870
9219
9079
10407
10477
9359
11385
9219
9009
9009
9568
9079
8940
10127
9917
10546
9568
9638
8939
9009
9498
9498
9917
10616
9079
9428
17390
10058
9149
8939
9987
9219
10476
9498
9499
10337
10267
9848
9359
9638
10546
9498
9009
9079
9010
13410
9918
8940
9079
8940
9080
18438
9149
10546
8939
9429
9009
10337
9149
10407
9149
8940
9219
11105
9428
9498
8939
8940
10476
9638
11104
9149
9010
9428
9499
9009
9149
9150
10406
9079
9638
9918
10407
10616
10615
9149
10476
9219
9080
10546
9569
9359
9079
9429
10546
10826
11035
10616
8939
9079
9079
8869
9149
8940
9150
10545
9429
9428
9079
9428
9428
9429
9428
9079
10476
10616
9149
10616
8661
9009
8660
8940
9010
10965
10476
8940
9358
8451
9149
9080
11384
10546
9219
9149
9149
10337
9149
10406
10476
8730
8870
12851
9429
9149
9009
10406
9080
9080
9149
8939
9009
10057
9638
9150
9080
9079
9010
9010
9638
9079
10615
9498
10616
13688
9149
8661
9918
9848
9149
9638
9149
9358
9429
10406
9987
11105
9987
9010
9010
9009
10336
9498
8940
13759
9009
11035
9149
11523
9499
9079
10476
9149
9010
9149
10406
9079
9010
9009
9080
9010
11315
9149
8940
9009
9009
10477
9219
9429
9918
9079
9149
11035
9568
9009
9149
8730
9079
2863
2793
2863
2933
2933
2933
2933
2864
2933
2794
2863
2304
2863
2933
2445
2375
3352
2933
2794
2864
2864
2794
2444
2864
2793
2864
2863
2794
2793
3283
2864
2793
2445
9988
8870
8591
8940
9987
9009
8939
10406
8661
8520
10057
9149
9219
8590
8451
9010
10058
10126
10476
9499
9987
8940
9987
9010
8520
9010
9010
9777
9010
8731
9079
9079
9499
9848
10476
9987
9009
9428
8939
9009
9009
9010
10057
9988
9150
9499
9010
10406
9219
9009
9010
9149
9010
9009
9988
10825
9987
9010
10755
9149
9149
9080
9010
10267
8939
9080
8940
10546
9010
9079
9009
10336
9429
9149
8940
9568
9149
9150
18927
9428
10476
10057
9149
9917
8940
9010
10057
9149
9987
9359
10406
9009
9079
10336
10476
9987
9079
9499
9988
9568
9568
9010
9079
9010
9079
9429
8660
9150
10755
9498
9149
8660
9428
12292
9918
9010
9848
10826
9150
10616
10337
10965
10336
9149
9009
9149
10965
9149
9428
9009
10337
9149
9079
10756
9079
9150
9149
9219
8940
9219
11454
9359
10546
9079
10057
9010
9918
9009
9010
9080
9988
9080
9149
10756
8731
9010
9149
9149
9079
9009
8590
9917
9080
9149
9848
9219
9079
10825
9149
8590
11524
11035
10616
9009
9149
9918
9568
9009
9149
10476
9778
9568
10546
9708
8730
8940
9149
9079
9009
12921
9149
8940
9568
9429
9219
9428
10546
9568
9918
10616
9079
10476
8660
9009
9918
9149
10616
10337
9149
9429
10476
10825
9359
9149
9009
9429
9219
9149
8870
9009
9568
9079
