21791
10755
10826
12781
11035
11384
11105
11523
12781
10895
14736
11314
10896
10896
12850
11105
13410
11175
11035
11524
11315
10895
12851
11035
10965
10406
10616
11105
10966
10965
10546
10965
12292
12571
18997
11733
10616
12292
10756
11105
12781
12781
11314
12362
11733
11105
20044
10895
10755
12711
10965
12990
12781
10895
11385
11105
11035
12432
11734
11035
10755
10546
11803
12432
11105
12013
10826
11105
12292
11105
12851
11873
10616
11454
11035
11384
10895
11385
11035
11035
12362
11804
10965
11734
11245
10755
11035
10826
11454
11454
12851
12362
12501
11454
12082
10546
12851
12572
12991
10896
12502
11733
11035
11384
11104
12292
10965
12502
11454
11454
10965
10826
10895
11943
10825
10965
12711
10546
12991
11454
10965
10965
11594
10965
12781
11105
11314
11035
10896
11035
10965
11175
12781
11105
12362
12781
11314
11104
11035
10895
10826
11105
13060
10616
11035
10825
10895
10826
12851
11454
10896
11035
12921
10965
11105
11593
11454
11454
12711
10895
12711
11384
11384
11035
12013
10407
10826
10965
11314
10965
11035
10965
10965
12362
11873
11035
11454
10965
11454
11454
12501
10895
11315
11105
10965
11594
12082
12781
12013
11454
11384
12502
10896
11873
10895
11385
10895
11105
10407
12641
10965
10756
11314
10825
11454
10965
10895
12501
11035
11454
11105
10896
12222
10895
10965
12082
11035
10756
12013
10895
11314
10965
11035
10616
10895
11524
10895
10476
11244
12991
12082
11384
11244
12781
10826
11105
11454
11454
12432
12641
12851
10895
10825
12851
11034
12920
11035
10825
10896
10895
11105
10825
10756
11105
10895
11454
11035
10896
12292
10965
11035
10755
10896
11105
11384
21581
11175
11035
12222
11035
12432
11035
11384
11244
11035
11035
11315
11314
11035
10895
11035
12362
12781
11524
12502
10965
10965
10896
11105
11943
10895
10895
11035
11524
10965
12711
11035
11035
12920
11524
10826
11384
12991
10965
11105
10965
11105
12502
10756
11244
10546
10896
10896
12851
12851
11174
10965
11175
11035
10896
10895
12851
11314
10895
10825
10965
10965
12502
14457
10965
11873
11803
10895
10895
12851
11035
10895
10965
11104
10825
10895
10896
12711
12223
10686
11594
10965
10966
11035
11105
12292
11104
10615
11873
11384
10406
10965
10965
11105
10895
11035
10965
10895
10755
11245
11035
10896
10686
11873
10826
10965
11105
12850
11105
10965
10616
10895
10896
11314
12222
12432
10616
10965
10756
12851
12781
11105
10895
10476
10965
10965
12432
18717
10896
11105
10756
12921
10965
11454
12082
11105
11384
12571
11105
11245
11803
11803
10895
12642
10895
10896
12781
11035
11105
10966
10896
12781
10895
11175
12781
12501
10825
11104
10965
10825
10896
11385
11244
11105
10965
15156
12781
11384
10616
11384
10756
10546
10826
10826
11943
10616
10616
10965
12851
12851
10895
10965
10476
12851
12012
10965
11035
10616
11035
12991
11105
10826
11594
10896
10895
10965
12292
11384
11105
10546
12851
10755
12362
12711
10756
12781
11035
11384
11873
11035
12502
10616
12292
12501
12990
11804
10616
11384
10895
12362
10895
11035
12292
11384
11105
11105
12571
11314
10896
10895
10895
11384
12990
10896
10895
10895
10616
19206
11594
10756
11384
12362
12432
10616
10965
12781
11105
10965
20883
12851
12012
10965
11314
11454
10965
12920
12571
12711
10546
11733
10965
11315
11943
11943
11035
10965
10965
12501
11035
11035
11803
11524
10895
10825
10825
10476
10895
12781
11384
11245
12781
11105
10756
12850
10965
10755
10615
10895
10896
12502
10965
12082
10616
12362
11035
11035
10826
11105
10965
12920
11035
10966
10895
11035
12920
11315
11244
10896
11105
12361
10965
11384
11244
10825
11104
11035
10616
12851
11035
10965
10825
11035
12991
11105
10965
10895
12781
10895
10965
10615
10965
11035
11873
11593
12361
11104
11454
10826
12990
10896
11034
11105
11105
10896
11314
12711
10826
12432
11314
10825
10965
12781
10895
11035
20115
10825
10826
10825
11035
11105
11035
12991
10477
10895
10965
11105
11873
11803
12711
11733
10826
10965
11035
11314
12012
11454
12222
11594
11524
12362
11035
11104
12921
11244
13131
11314
11104
11035
10965
11035
10825
12711
10965
10895
11034
11034
10826
10546
11594
10825
10895
10476
11035
12362
10546
10546
11804
12013
12292
12501
10895
10546
10546
10826
20533
12431
11105
11314
10895
10965
10965
10755
10755
12781
11104
11314
10895
10616
10615
12432
12502
10965
12711
11105
12851
11035
10895
10755
11524
12432
11454
13270
11035
11384
10896
11035
20045
12851
10616
10965
11523
10965
10546
10825
10965
10826
11035
12851
12292
10616
12991
10965
12711
13130
12990
11105
11454
11454
12991
10896
11105
11384
11454
12292
10477
10895
11454
11804
10546
11104
10895
12571
11035
11873
11454
11105
12851
11873
10965
11454
11315
11454
11942
12851
11104
10546
14178
10895
10616
15714
14108
11943
12921
10756
12432
10965
10895
10895
11594
11105
10616
11315
12293
11035
10895
10825
12991
12362
11244
10965
11314
10755
12781
11314
12712
12572
10895
11384
10895
10616
11035
10965
10825
10895
10895
11244
11105
12781
11035
13829
11105
34921
10965
11942
10895
10965
12851
10616
11244
11035
11524
10896
10965
10546
10895
10616
10896
10825
11104
11245
10896
11943
12292
11035
12083
10896
10895
11384
11384
10965
10895
11943
10895
10896
11733
11873
12013
10476
10965
12781
12712
11314
10825
11803
10965
11384
11943
10057
11104
10895
11035
10616
12502
10895
10965
11035
11105
12851
11035
10965
12711
11384
11035
11035
12362
11943
11105
11035
11384
12432
11454
12920
11035
10896
11454
12990
10896
12432
10965
11034
10966
10826
11104
10895
10825
10965
12292
11804
11873
12990
11105
12781
10825
10895
11104
10895
10616
12781
12292
12083
10615
10895
11315
11104
12362
11105
10825
12361
11035
11105
13270
20882
10896
12223
10896
11035
12781
12501
11035
11034
12432
11245
12990
10825
12083
10965
13200
10477
11315
12990
10895
12711
10825
11245
12362
10896
10965
10896
11035
11244
12013
12362
10895
12991
10756
11733
11105
12572
11035
11035
11943
10896
11034
11245
11104
10825
10895
11384
10476
11105
10895
10825
12292
11105
12921
11034
12851
11035
11524
12991
11314
12502
11245
11035
10826
11035
11314
12990
10826
11244
12222
11105
12781
10966
11314
10546
12362
12920
11105
11803
12292
12711
11035
10896
12501
