8032
6565
7194
7124
6984
7962
6566
6705
7054
6774
7753
7543
6565
6705
7124
8032
6565
7054
7753
8241
7193
6635
8241
6565
7054
6705
7683
6705
6635
6844
7543
6705
6635
6984
7613
7682
8102
6565
6635
7613
6635
6635
7263
6565
6635
7194
7124
6775
6775
6705
7962
7752
7613
7612
7962
7123
6705
7264
7124
8171
6565
7613
8032
7612
6635
7124
7543
7473
8032
6775
6285
6705
6775
7124
7193
6705
6635
6775
7124
6775
7613
6705
7194
7612
6705
6705
6635
6565
7124
6565
6635
8451
6566
6774
6775
8102
6565
8172
8032
7613
7543
6705
6705
7193
6775
6774
6635
6635
7543
7124
6635
7543
7193
7054
7124
6705
7124
6705
6705
7543
7613
6705
7752
6704
6984
6635
7124
6635
6775
7683
6635
6705
7194
6705
6775
6984
7124
6705
7054
7543
7683
7055
6705
6635
6775
7752
8451
7613
7054
7613
6775
7194
7962
6705
6984
6635
6705
6775
8102
7054
7194
7124
7613
6775
7263
6705
7613
7054
6705
6705
6845
6635
6705
6775
7124
6775
7962
6705
7613
6635
7962
6775
6565
6774
7962
7054
6635
6565
6705
7752
7543
6565
6984
6705
6775
6705
7124
6635
6635
6566
7543
8032
6705
8171
7193
6775
6635
7543
7543
6636
6635
6565
7124
8172
7823
6635
6635
7613
7264
7892
5657
6705
6775
6775
6635
7124
7054
6705
7612
6565
7613
7124
6565
7124
6635
6635
6705
7543
6774
6635
6775
6704
6635
8241
7752
7962
6635
6635
7054
8102
7473
6635
6845
6775
8102
7683
6775
7124
6775
7543
6775
7054
7543
6566
6705
7054
7543
6705
7124
6635
7682
7124
7753
6774
7124
6774
7124
7194
6775
7124
6565
8172
7543
8172
7543
6635
7543
6565
6565
6705
7124
6635
6775
6705
6635
6635
6565
7752
7124
8172
7124
6775
7682
6565
7054
7543
6705
7124
7473
7752
9569
6984
6635
6705
8172
6635
7054
6565
6705
7054
6565
7193
6705
6705
7194
8101
7193
6496
7054
8172
7054
6705
6286
6635
6705
6635
8032
6635
6565
8031
7124
6775
6704
7124
7683
6286
8102
7543
7194
6705
7543
7543
7124
6704
6705
7962
7124
6635
8032
7124
6845
8101
6704
6635
7054
6775
6705
6775
6844
6775
7054
7683
6286
6705
6704
7543
6635
7613
16832
6566
7193
6565
7962
7962
7613
7193
7193
6636
5727
7054
8032
7543
6705
6635
7613
6985
6775
7124
6635
7194
6775
7124
6565
6565
7264
7054
7683
6635
7473
6635
6775
7613
8102
6705
7055
7054
7055
6635
8032
7054
6775
8102
6495
6705
5727
6566
6774
7613
7124
6565
6635
7124
8101
7124
6775
6705
8102
7752
8102
6635
8102
6775
7613
7683
6635
5727
6775
7124
6775
6565
6775
6705
6705
7054
7054
7124
6076
6635
6635
7124
6635
6705
6635
7124
7612
6705
6775
8242
7613
6704
6495
7683
7054
7753
6565
6565
6705
7753
7124
6774
7613
8101
6705
6635
6705
14387
6844
7054
7613
7054
6774
6565
6705
8172
6705
6705
6984
6565
6566
3422
3352
2863
3353
3352
3352
3283
2864
3352
3282
3353
3422
3282
3283
3283
3282
2794
3352
2934
2863
3352
3422
3352
2864
3213
3771
2863
3353
2794
3353
2863
3422
2863
3352
3842
3283
2933
3283
3422
3283
3352
3282
3422
2794
2934
3352
3422
2864
3282
3422
3353
3352
3283
2794
2933
3352
3352
3352
3352
6635
6775
7194
7054
8102
12991
7613
7054
6774
6635
6774
6635
6635
6775
6775
7124
6775
6635
7753
6635
6704
6775
7054
7612
6286
7683
7124
6705
6775
6216
7543
7962
8102
6635
7682
6635
6845
6635
6565
6774
6985
6775
6705
6705
6705
6705
6565
6705
6635
6774
8242
8032
6705
7124
7124
7683
7612
6775
6705
6705
6774
6844
7962
7682
7194
6635
7543
7055
7263
7612
6774
6705
6635
7194
7473
7124
6775
7194
7124
7054
7194
6705
6705
7752
7124
6635
6775
6635
6704
6635
7543
7123
6565
6774
6565
6775
6635
6705
7752
6565
6705
6635
7194
7124
6705
7054
6565
6705
6705
6774
6705
6774
6775
6635
6635
6635
7682
7473
7752
7054
10826
6006
6077
6635
5797
6636
5797
6216
6705
6635
6705
5797
6076
5657
6216
5657
5727
5797
6216
6146
6705
6146
6216
7054
6704
6216
6705
6216
6076
6565
6216
6146
7124
6216
6216
6076
7054
6775
5797
6216
5727
6216
6216
7054
5657
6146
5727
6705
7054
6146
6147
5727
7124
6007
6216
6146
7054
6286
6286
6146
6565
6774
7543
7124
6565
6635
7543
6705
6775
8172
6635
7124
6565
6565
7543
7613
7124
8032
6775
7682
7124
8032
6635
7193
7683
7612
7124
6635
6705
7124
6565
7124
6635
7962
6565
6775
6635
6704
6844
6635
6705
7124
7124
6705
6635
8102
6635
6775
6565
6565
7683
7124
7543
6775
6705
6565
7683
6914
7682
6704
6635
7054
7194
7194
6565
7194
6705
6635
7682
6705
6704
6774
6844
7124
7054
7124
7682
7543
8101
6705
7613
7194
7124
6984
8171
6705
7054
6775
6565
6775
6705
7054
7612
7124
6775
6705
7124
8032
7612
7473
7124
6775
6775
6705
6985
7194
6635
7124
7194
7543
6635
6705
6705
6705
6565
7962
7054
7543
7123
7194
6566
6705
6774
7054
7054
6774
7683
7124
6635
7263
6705
6635
6566
7194
6565
7054
6635
7753
6635
7124
6565
7124
6704
7124
7683
7613
13758
7124
7543
7054
12991
8032
6565
6704
8032
6705
6775
6774
8171
8102
6984
7613
8032
6705
6984
7194
8032
6635
7264
6705
6565
7194
6635
6635
6705
7962
7962
7682
6705
7054
8101
7683
7124
6845
6775
6705
6635
6705
6566
7124
6705
6705
6774
6705
7543
7612
7124
7194
6635
6635
7124
6635
6704
6704
6635
7124
14457
6635
7613
6775
6285
6704
6775
6565
6565
6775
7473
6635
7683
6635
7054
7963
6565
9498
9569
6705
7123
8172
7124
7054
7124
6635
8032
6635
6565
7054
8102
6705
7612
7962
6635
7054
7054
6635
6775
7543
6565
6565
7054
6705
6705
8032
7613
6984
7124
6216
7054
6705
6565
7543
6635
6774
