2864
2864
2864
2864
2864
2795
3353
3353
2934
2864
2794
3283
3424
2865
3353
2794
2864
2934
2794
2445
3283
2935
2864
2794
2864
1956
2934
2445
2934
2795
3284
2864
2934
2865
2864
3423
3353
6218
2864
3424
3353
3353
3842
3353
2306
3283
2864
3353
3772
2864
3213
2864
2305
2864
2865
3283
3283
2864
2864
2794
2864
2864
3283
2865
2865
2864
2864
1956
3842
3842
3213
3353
2445
4890
2935
2864
2794
2864
2794
3423
3353
5169
2864
2864
2864
2934
2864
2934
2934
2375
2864
2934
2864
2864
5170
2794
3772
3283
2865
3353
2795
2865
3353
2864
3353
3284
3353
3353
3214
5240
2795
3353
3842
2794
2935
2934
13483
3283
2865
2864
2934
5169
5240
2864
3283
1886
2795
1886
3354
5310
2794
2864
2795
2864
1886
3703
2795
2934
2864
2376
2935
2864
2865
2375
3283
2934
2376
2864
3284
2376
2934
2376
2445
2865
2864
6567
2864
2864
2934
1886
2934
2864
2934
2864
2864
3353
2445
2794
2864
3353
2375
3353
3353
3353
2864
2864
2864
2794
2794
3353
2865
2375
3353
2795
2445
2865
2864
3353
2375
2795
2864
3353
2445
2864
2864
2865
1886
2794
2864
2375
4751
5310
2445
3213
2864
2934
2865
5169
3283
3283
2865
2934
3283
4821
5309
2934
3353
3283
2445
2864
2864
6777
3284
2865
2864
2864
2446
2375
2934
3283
2795
2865
3283
2795
2794
6218
2934
2445
1886
2865
3353
3423
3353
2934
2865
2934
2865
2794
2934
2934
2934
2864
3423
2864
3214
2376
2794
2864
3283
5239
2864
2864
2865
2865
1886
2934
2795
2864
2865
2445
3353
3354
5239
2934
2864
5240
2794
2864
5170
3284
2864
2934
3284
4890
2865
5799
2864
5169
2375
2934
2934
2864
2865
2934
2864
2864
2795
2794
2934
2864
2864
2864
2794
2795
5309
2864
2375
2864
2794
2864
2794
2794
2865
2864
2376
2934
2934
2934
5379
2864
2935
3353
3284
3284
2865
3423
2865
2795
2865
2864
2865
2934
2934
3773
2864
1886
2306
2864
3842
2864
2794
2864
3284
3424
3283
3284
3842
3842
3772
3353
3353
3842
3354
4331
4262
3423
2794
2864
3284
2795
3353
11946
4681
4332
3842
3772
4331
1817
3283
2865
3843
3353
4261
1887
3423
2934
3284
3283
10060
3353
2794
2934
2794
2375
2864
2794
2794
2795
2934
2794
2865
2864
5169
2934
2865
2865
2864
2864
3354
3284
2795
3214
5799
2864
2864
2794
3353
4821
2864
4820
2794
2795
2795
2375
3842
2934
1467
5239
2794
5170
2795
2795
2864
3423
3283
2375
2864
1956
1816
1956
2864
2865
2934
2375
2864
1886
2864
3284
2376
2934
1956
3843
2934
2864
2864
2864
2794
3283
2865
2934
2864
2934
2864
2934
2864
2934
2795
3284
2375
6637
2794
2865
2864
11876
2865
2864
1956
2794
2864
2795
2865
5169
2795
2865
2376
3283
2864
2934
2794
2865
2934
2934
2864
2864
2864
2375
2865
1956
2934
2375
2864
2934
3913
2934
3354
3284
2864
1956
2865
2794
1816
2864
2864
2794
2865
2935
2865
2934
2864
2864
1886
3284
2376
2864
2934
2795
3353
2795
2934
2864
3354
3283
3353
2864
2795
2864
2445
2794
2375
2864
5239
2376
2864
2795
2864
2794
2864
2375
3773
2795
3353
4681
2864
2864
5170
5659
3283
2446
2794
2794
2864
3284
2794
3283
2934
2934
2934
2934
2864
2375
2934
2934
2864
4820
2864
3283
2865
3353
2794
2864
3284
2864
2795
2864
3283
1886
2865
2864
2794
2795
3424
2794
2864
2864
2934
2375
2375
2794
2864
2795
2375
2864
2864
2934
2864
2864
3353
3353
2864
2794
2795
2795
3353
5728
3283
2864
3842
2934
2795
2864
2934
3283
2864
2864
6217
2795
2864
2864
3284
3283
3353
5169
3283
2864
2864
2795
4821
3284
3283
2934
2864
2934
2794
3354
2794
2794
2864
3283
2864
2934
2794
2794
5309
2865
2864
2795
2934
2795
2865
3283
2935
2795
2795
1886
2864
2795
2864
2795
2865
2864
2864
3423
2864
3283
2864
5239
2864
1887
1886
3353
2376
1956
2865
2934
2865
2376
2794
3284
3842
3353
2864
2865
2934
5170
2864
1956
2864
2934
2934
2795
2376
2864
2795
2934
2794
2864
2794
3353
5310
2794
2934
2864
2934
2445
2864
2865
2934
3423
2794
2934
3283
2934
2795
2865
2375
2795
3283
2864
2865
3353
2865
2864
2864
2795
2794
2794
2445
2795
2864
2864
2794
2865
5170
2864
4751
2794
2864
2864
3283
2445
2864
2795
2794
2375
2864
2375
6148
2795
2864
5170
2794
2934
2935
2864
2865
2864
2864
2934
2794
2864
1956
2794
2865
5240
2864
2864
2864
2794
2865
2865
2864
1956
2795
2864
2865
2794
5170
3214
1887
2934
2865
3354
4821
2865
5239
2865
1886
5240
3353
3284
2794
2934
2865
5309
2934
2864
2865
2864
2375
5240
2864
5309
2794
2794
4750
2375
4820
2865
2864
2795
2865
2375
2934
2934
2865
2864
2794
2446
2864
2794
2865
2794
2864
1886
2864
2794
1886
1816
2445
4751
2864
3772
2795
2935
2375
2864
3284
2864
1957
2864
2864
2865
1956
2865
2864
5169
2446
2934
2865
2795
3353
2445
2865
2934
2864
5729
2795
2446
3284
4261
2864
2795
2445
2934
2305
2864
2864
2934
2375
2864
2934
3354
2795
2864
2864
2934
2864
3284
2864
2935
2864
2864
3353
2864
2865
3283
2864
3353
2794
2864
2445
2864
2934
2864
2864
2864
2934
2794
3353
2865
2934
3842
3283
2794
2865
2934
2794
2864
2375
2865
4750
2934
2445
3284
2794
2865
2794
2864
5170
2375
2934
2864
5658
2794
2934
2865
1956
2934
3353
2795
2864
3354
2864
2794
2865
2794
2864
2864
2934
2934
2795
3773
3353
5309
2934
2864
2794
4891
6078
2794
3424
2864
2864
4821
2864
2864
1956
2864
2445
2865
2794
2934
1956
2864
2794
2934
2934
5239
3773
2934
2864
2934
2794
3353
2794
2794
2864
3423
2794
2865
2795
2864
3353
2795
5170
2934
2864
2864
5309
2794
2865
2864
2864
2794
1886
4680
2864
2864
3353
5169
