8521
9568
9987
9079
8102
8172
8521
9987
8032
8242
8730
8241
8031
8660
8520
8661
9009
8590
8450
8450
8661
8451
9429
8171
8521
8940
8590
8520
9777
9079
8242
9708
8171
9149
8521
8660
10546
11104
10825
9358
8590
8661
8590
8450
8172
9848
9079
8032
9429
8451
10127
9917
8660
9080
9848
9708
11804
8730
9499
8660
8660
9638
8521
8940
8102
9847
8171
8521
8520
9568
8730
8731
8590
8032
10127
10407
9010
8521
8730
8591
9359
9569
9568
8241
9009
10057
9638
8520
8590
15854
8590
8521
8451
9010
8591
8591
8590
8241
9010
8520
8590
8241
8520
8520
8171
9499
8101
9359
8171
8171
9219
8521
8450
8590
8242
9988
9009
9848
8590
9568
8521
8940
10267
8591
8730
9428
8101
8450
8171
8521
8591
8171
8660
8660
8521
9499
8172
8172
8172
9498
8661
8661
8520
8172
8730
8172
8241
8172
8590
8101
8241
8591
8591
8032
8102
8101
5238
4750
4819
5308
4749
4749
3842
4749
5238
5168
4750
4819
5308
4330
5588
4749
4260
4749
4680
5169
4260
4750
5308
4679
4679
4679
4749
4889
4819
4819
5238
5657
4749
5168
4749
4749
4190
5168
4750
4888
4749
4749
4330
8171
8451
8171
8171
8171
8590
8521
8241
9079
8661
8520
8381
8730
9499
8520
8870
8102
8730
8660
8661
8451
7543
8102
8172
8591
8591
8591
8171
8101
8520
8660
9010
8032
8241
8660
9568
8171
9987
7961
8451
8520
8032
17810
8102
9498
8032
8172
8171
8451
8660
8520
8520
9009
7962
9428
9429
8521
9568
8520
8241
9498
8380
8521
9149
8241
10127
8521
8521
8521
8172
8451
10057
8590
8172
8451
8172
8591
8521
9638
9009
8241
8171
8032
8590
8032
8520
9987
6635
6704
6565
6704
7612
7683
7264
6286
7752
6286
7683
6565
6774
6495
7962
6984
6705
6635
6705
6634
7543
7962
6286
6565
7543
7124
8031
6634
6704
6775
7124
7543
6775
6634
6774
6635
6215
6635
6565
6146
6705
6775
6635
9638
8241
9568
8591
9219
9917
10825
8451
10616
10336
8171
9079
8381
9498
8171
9987
8451
8172
8660
10057
8032
10057
9498
9917
9917
8521
9009
8241
9499
9498
18299
8101
9917
9988
9638
8242
8521
8451
9498
8591
8241
8661
8172
8521
8660
8730
8521
8380
8171
9358
8591
9917
8660
8521
8520
8520
10476
8171
8520
8660
17251
8520
10057
9987
8451
9009
8591
9499
9569
8940
8451
8660
8451
8171
8241
9708
8241
8660
8520
8241
8171
18089
8591
8521
9079
8171
8520
9987
8660
8381
10057
9499
8521
9917
8520
9638
8660
8730
8450
8520
8591
8660
9079
8521
9917
8660
11105
8591
9009
8171
8451
8450
8591
8591
8590
7962
8171
9079
8590
8241
8171
8171
8590
8661
10057
9708
8450
9009
8661
9638
9987
8520
10057
9079
7543
8380
8939
8590
8450
8591
8870
8520
9848
9499
9568
9987
8521
8940
8032
8661
9708
8101
8520
8171
8730
9638
8590
8591
8520
8171
8451
9499
8661
8032
8242
7543
8521
8450
8520
8870
9569
8450
10825
9080
9568
8241
8520
9568
8241
8521
7613
8102
8102
8171
8450
8451
8521
8101
8241
8171
8660
7682
9918
8870
8590
9499
8660
9639
8660
8591
8520
8450
9079
9918
8101
9638
8101
9847
8102
8521
9498
8381
8451
8521
8032
8451
8661
8660
8521
8102
8940
8590
8660
8171
8172
8451
8102
8172
9987
8661
8032
9428
11035
8521
8590
8520
8101
8591
9150
9498
8521
8171
8590
8661
8171
8520
10057
8521
9219
10057
9918
8241
8661
8172
8521
10616
9918
8032
10057
8451
8171
8521
8102
9149
8451
8102
9638
8661
8241
8590
9987
9708
8172
8660
9079
9707
9079
8520
9079
9568
8521
8590
8032
7962
8520
8521
9429
8521
10127
8660
8520
8241
8032
9917
7961
9499
9918
8730
8661
8031
8102
8451
8032
9499
10127
8521
9568
8101
8172
10127
9568
8521
9917
8590
9568
9498
8591
8520
8731
8312
8031
8171
8660
8171
8451
9498
9638
8101
8241
8730
8590
10057
8661
8731
8661
8451
8590
8102
8102
8102
9568
8660
8171
10895
8521
8660
8939
9638
9499
8171
8102
8730
9429
8101
8032
9638
8171
9079
8241
8451
8660
8660
9149
10895
8101
9149
8102
8032
8101
9638
8101
9568
8171
8171
8032
8031
8521
8172
8102
9079
8172
8730
8591
8451
9499
8590
8032
9568
8590
9707
8660
8520
8451
9987
8521
9778
8101
8102
8590
8381
8590
8521
8521
8591
8241
8590
8451
8660
9848
9149
8521
8590
8031
8520
9080
8661
8032
8172
18158
8241
8521
9638
8241
8171
8451
8031
8450
8032
9917
10965
8590
8101
8660
8520
10337
11315
10406
9638
8660
9778
8242
9499
8241
9429
9149
10477
8520
9917
9638
9848
8590
9219
8451
8102
9568
9079
8101
8521
9638
8171
8520
8381
8870
8241
8520
9149
8102
8661
8521
8032
8521
8590
8520
9499
9429
8101
8102
10127
8660
9638
9009
8520
8101
8171
8102
8660
8101
8591
8172
9498
8171
9987
8450
8241
9568
8172
10057
9917
8520
7962
8591
8241
8172
8591
8591
8520
9010
8241
9638
8870
10407
8660
9918
9847
8172
8521
8521
9987
8032
8241
8451
8451
9918
9499
8590
8450
9009
8520
8171
8172
9498
9918
9010
8520
8521
8241
8590
9149
8102
8521
8241
16972
8451
8171
8171
8171
8521
8660
9079
10127
9079
8590
8661
8101
8591
9498
9010
8521
8660
8591
8521
8242
8451
8102
8242
9359
9498
6705
8032
8590
8660
8591
8451
8521
9428
8241
9638
8032
8451
8102
8451
8521
9079
8590
8171
9150
8939
9917
8521
8032
9638
9219
9638
8521
8032
8171
8381
8660
9638
8381
9080
9638
8450
8450
10057
8661
8450
8102
8730
8171
8242
8520
9498
8381
8450
9568
8032
8730
9079
8591
8102
9638
8590
8660
8450
8451
8520
8521
8521
8102
8032
8102
8660
8451
9917
8241
9569
13968
9638
8590
8730
8171
8032
8241
8101
14736
9917
8591
9638
9918
8241
8380
9498
9009
8451
8241
9848
9568
8242
8172
8172
8590
8520
8660
8521
8032
8381
8521
8171
8939
8032
