9848
11315
9988
12991
12432
10057
9499
9429
10127
10476
11943
9918
9499
9568
8939
9987
9150
9638
10896
9079
9499
9638
10057
9638
10127
10057
11035
9428
11385
10616
9569
9220
9638
10406
10616
11244
10896
8940
9010
9220
10966
9568
12432
9917
9918
9499
9638
14597
15714
10965
9219
9638
9149
9149
10057
11943
11105
12222
14946
11804
9150
9918
10895
9568
13409
11454
10616
12432
10057
9988
11454
9638
10546
10965
9638
9150
11384
13340
11384
15715
12782
11454
10616
11105
11524
11385
11385
13969
12921
10057
9499
9499
11105
10127
9917
12013
12362
13410
13131
15156
11524
11524
10755
11524
9987
10407
9848
10616
9987
12013
9498
9358
9918
9359
9638
9918
10966
9639
9429
9009
20394
9848
10965
11035
12013
13899
11104
12991
9917
9499
9638
9429
9638
9917
9010
10058
9568
10127
9359
9848
10057
9988
9638
10407
9568
9918
11454
10617
10895
9429
11315
9568
6774
6635
6635
6635
6774
6216
6705
6566
7752
7682
6565
9988
7054
6705
7333
6774
7264
6635
6635
6635
6286
14667
7124
7682
6286
7124
7193
8660
9358
10616
9568
10966
9499
9917
9918
9499
9499
10966
11035
12083
10337
10965
9498
9568
12362
11105
9987
9499
9079
10895
10057
12292
9498
9499
9150
10616
9498
9638
9499
10616
11105
9080
11454
9568
9359
9219
10756
10896
9708
9638
9848
9778
9569
9499
10128
9359
9498
9918
10336
10477
9568
10477
10966
9428
9568
11105
10057
9918
10406
9079
9429
9150
10895
10057
9499
9498
10477
10127
9498
10407
9429
10057
10337
10057
9568
9568
8590
11035
17111
9638
10128
9149
9079
10895
9778
11594
11315
9568
18020
9569
9429
9010
13829
10476
9149
10616
19765
10826
11385
10337
9639
10965
10546
10406
10826
12362
9988
9569
10336
10406
10476
9149
10406
9987
11105
10127
9778
9639
9917
11314
9499
9499
9708
9988
9498
11873
10896
11524
11803
10407
9429
9359
10057
10755
11454
11524
10895
11874
13480
13270
12501
11384
9149
11524
9219
9499
10406
9429
10826
9847
10965
10895
10057
10546
18648
9917
11454
11035
12083
11804
10616
11943
10895
13829
12222
10406
9149
10826
9917
9568
9499
9499
11384
10896
9708
11035
11035
12082
13899
10616
12990
13479
11943
9917
9848
9639
10057
13759
15715
10547
10127
9917
11105
9638
19975
11314
9498
9429
9219
9638
9988
9848
9778
14667
11524
9847
10057
11385
9639
10965
9499
10616
9987
10127
10896
10547
10406
9987
10336
10057
10895
9429
10058
11594
9987
10826
11873
9848
11454
9568
9499
9359
10895
11035
9987
9359
9569
10966
22000
11385
9429
9568
10476
10057
9010
9428
10547
12292
11943
9848
10616
11175
9917
9638
9639
9220
9568
9638
10896
9499
10127
9639
9150
9079
10896
9918
9428
10896
9918
11873
9569
12781
11454
11524
11733
10616
9429
11035
9568
10616
9568
9498
11943
14318
16622
16553
10617
11874
12292
10477
10057
10895
10616
11105
9568
9498
9569
9219
14318
9987
20045
9219
9009
8661
18019
8660
9009
9010
9499
10476
9988
9498
11175
10406
8940
9010
10895
10896
9009
10058
8590
8590
9010
9079
8940
8940
10477
9429
9080
8660
9988
15644
11314
11804
9499
11035
10057
10966
9987
10407
10476
11035
11384
10476
11594
10128
9568
9917
9987
10477
22350
13200
10895
12013
10826
10476
10476
9987
10616
10406
9917
10826
9149
11105
9709
9499
10965
10616
9569
10546
10477
9568
10057
11524
9010
9080
10965
19626
10128
11035
9569
9569
9638
14108
12711
11803
9010
9638
10057
10547
9010
9498
9150
8591
9988
16413
10407
9639
12572
16762
9988
11803
9988
9918
10547
10406
12013
10476
11105
9638
11524
10616
9499
9568
10127
11384
9080
9917
11524
9988
13270
9499
10965
9988
9498
9499
9149
14248
13899
12781
12990
11874
10406
14248
13829
13689
13340
14178
9988
9499
10127
10127
10336
10547
9639
10896
19276
11384
10407
9987
11804
9918
10965
10895
11384
12432
15645
11454
15784
12292
11384
15505
12293
9918
17042
10965
14388
10407
11455
12362
13340
11454
10966
9778
10477
9918
9149
12712
11454
10756
9918
10406
9499
9428
10895
10965
16693
9918
9010
9987
9987
9429
10057
9987
9498
9638
9499
9987
11384
9918
9499
9498
10965
9499
11873
10477
11314
14457
16273
12362
11943
9988
10407
12502
11873
10965
18718
17600
14807
14178
10477
9639
9499
10127
9988
10825
9638
8940
9709
10057
10058
10546
11804
11315
9987
11384
10407
9917
21512
10407
11873
9848
9778
9498
10407
9708
9918
9429
9638
11035
9987
9708
11734
10476
9708
10127
9429
9568
9568
10826
10057
10895
10616
11454
10406
10406
9568
9848
10826
9638
9569
9150
9568
11105
11454
9709
10755
10476
11384
11524
10128
9150
9499
9568
11035
9499
11733
9569
9149
9359
11245
10477
9498
9428
9638
9499
9080
10965
9708
9918
13689
10127
10826
14877
10407
11385
12083
10966
13898
11524
14527
12991
11524
11035
13271
10127
11384
13968
11593
2444
2375
2794
2304
2375
2863
1816
2444
2375
1886
2934
2863
2304
2374
2794
3353
2375
2374
2933
2375
2793
2374
2444
3352
12362
11315
11594
11454
12851
12711
12851
11594
12432
13480
11733
17530
11385
11524
11593
11524
11104
11454
13549
13410
10616
13828
11035
11734
12990
11315
15645
10826
9568
19486
9498
9498
9638
9987
10406
9569
10616
9429
9918
10127
10197
9917
9498
9429
9429
9568
10337
9917
12851
10476
10826
9079
9638
11035
11105
9638
9079
11035
12432
14667
11105
9778
8521
9498
11455
10476
10127
10965
11105
10127
10476
9638
9428
9150
9080
11384
12641
9918
9988
11734
9638
9569
9847
9988
9568
11873
12781
10825
13480
11594
12082
9499
11384
9499
10896
11315
9498
9638
9918
15785
11105
11454
10406
10127
9289
9569
9708
9498
9638
10127
11385
13689
11594
13340
11454
9359
9079
12083
12502
10965
9429
12851
11874
10965
12502
15645
13410
11105
9149
10895
9639
14458
10896
9568
10057
11035
9499
10127
13758
9359
11943
16273
10756
11385
9428
10895
12990
12712
9568
11594
11035
9988
9429
10476
9988
11943
9918
9917
10895
9569
9918
11874
10966
9638
12013
13828
11454
11734
11734
10128
12642
10406
9708
12083
10895
