17528
7961
8520
8031
9498
9638
8241
9358
8031
9078
8589
8031
11383
8450
8101
8659
8590
8171
8031
8241
9568
8171
8590
7961
9428
9149
7752
9637
8590
8240
9847
8450
9637
9218
9079
8241
11522
8240
11872
9078
8171
9986
8171
8520
8450
8660
8101
9568
8101
8730
8031
8101
8100
8031
8730
8031
8730
11174
8031
8520
8101
8101
9497
9008
10057
8589
10056
8938
8031
9567
8939
8450
9567
8590
8170
9637
8171
8171
8660
8659
8171
8729
9567
8520
9009
8101
8171
8450
9498
10056
8171
9986
17180
8101
8101
8031
9148
8590
9009
8450
9009
8171
8380
8241
8450
8450
8031
9079
10825
8520
8938
9497
8450
8171
9428
8241
9568
8240
9637
7961
8660
8031
8380
8241
9637
9567
8170
6634
8241
9637
9498
8101
13897
9498
8171
9987
8100
8101
9916
8031
9149
8100
8101
8450
8241
8729
9497
8100
8450
9638
8031
8589
9498
8241
8590
8100
8031
7752
8100
8101
8031
8100
8241
8240
9357
7961
8101
8101
8170
9567
8031
8450
8031
9637
8170
9567
8590
8031
7961
10336
9428
8101
8101
8170
9498
9148
9358
8659
8101
9567
8241
8101
8101
8031
8170
9567
8520
8031
8101
8660
8171
8031
7752
8031
9427
7612
9427
8519
7961
8171
7961
9637
8380
9148
8520
9497
8520
8031
9567
8031
8031
9149
8520
9637
7961
8520
8729
8520
8031
8450
8450
9498
8171
9428
9637
8520
8171
9568
8031
8519
9637
9288
8031
8101
8100
9916
8031
8031
9567
9637
8520
8729
9567
8101
9218
8100
8519
8171
8450
8590
8101
9358
9358
9568
9078
8171
8031
9427
8520
9009
8031
8520
9498
9079
8031
8520
8520
9567
8519
8938
9079
8171
9707
8031
9498
8171
8450
8100
9428
9498
8171
8031
9009
8240
8590
9218
8241
8241
9637
8241
8519
9916
8240
8170
8939
8170
8589
8590
8240
9358
9568
8450
8241
8520
8590
8171
8520
8101
4749
4330
3841
4330
4819
4259
4748
4679
4260
4330
4260
4330
4330
4330
4330
4260
4260
4260
4260
4259
4749
3911
4749
4330
4260
4749
4190
4260
4191
4749
4888
4260
4260
4260
4260
4400
4819
4749
4679
4330
8450
8031
9008
8450
8520
9638
9638
7751
8240
9568
9428
8450
8101
9568
8031
9567
8590
8519
9567
8170
8171
8171
8659
8520
8938
8170
8031
8101
8031
8031
9358
8520
8100
8730
9567
8660
8101
8171
8240
9637
8520
8450
8101
9497
8450
8590
8171
8101
8450
9218
8171
8031
8101
8101
9917
8450
7961
9008
8101
8031
8520
8171
9428
8031
8241
8240
8450
9009
8590
8101
8381
8101
9568
9079
8589
9567
8520
8241
8241
8171
8590
8660
9428
8170
8100
8659
7961
8031
8171
8031
8590
8520
8520
8171
16761
8450
9358
9008
9568
8031
9847
8031
8101
9428
9986
8450
8590
16202
8240
8170
8101
8101
9427
8659
8590
9009
8240
8031
8101
7681
8101
9638
9568
9497
8031
8240
8241
8031
8171
9916
8590
9498
8101
8590
8869
8520
8170
8031
7961
9428
9707
8520
8589
8171
8171
8101
8101
16830
15085
9009
8101
8939
8031
9567
8101
8171
8101
9847
9079
9497
8450
9638
8520
9498
8589
8171
9847
9148
8520
9497
8031
8450
8590
8520
17528
8450
8171
8589
9568
8170
8520
8590
8170
9497
8171
8590
9009
9638
8589
9497
8171
9707
8101
8380
8031
9568
9358
16201
8170
8101
9498
8101
9567
9568
9987
8590
8520
7612
8170
8101
8589
8031
9497
9567
8171
8101
8171
8450
8519
8381
8520
8241
8101
8589
9567
9148
9428
8519
8240
8380
9498
7961
8171
9358
9149
9567
9637
8170
8520
9637
9497
9008
8520
8451
8241
8730
9148
8520
8031
8520
8589
8241
8240
8590
9218
8730
8171
9079
8171
8171
9218
8031
9358
9568
8171
8450
8031
8171
8241
8031
8031
8589
8101
8031
7682
8031
8450
8101
15154
6216
5866
6634
5726
6774
5726
5377
5727
5656
5657
6145
5726
6704
6634
5587
6704
6634
5727
5656
6215
6216
5796
6285
6565
5726
5727
5797
6704
6216
5656
6774
5796
5727
5797
5657
5657
5726
6774
5657
8101
8869
8520
16551
8101
8590
7961
8520
8380
8520
8101
9079
8729
8170
8520
8101
8031
8101
8590
9078
9498
9568
7962
8590
8170
8240
9428
9498
9009
8171
8170
9357
9498
9497
9498
8031
9428
8101
8520
8519
8101
9497
9497
8520
8100
8450
7961
8101
8241
8171
8450
8520
8241
9776
7961
8241
8101
9567
8101
8171
8031
8520
8520
8240
8031
8031
8590
9497
8171
9567
8171
7961
8520
9707
9009
8031
8101
8171
8520
8171
9078
8101
9009
8101
9218
7752
9218
8101
8241
9009
9567
8171
8590
8101
7961
9498
8450
8241
8101
8240
8450
8031
8450
8031
8380
14875
9637
8101
8589
8589
8520
8171
16900
8939
8101
8589
8101
9218
8590
9498
8170
9079
8171
8450
8520
8171
9498
10056
9427
9498
9498
8241
8101
8450
8241
8590
8032
7752
9567
8101
9568
9008
8031
8729
8241
8101
9498
8240
8031
8520
8241
8520
9637
7752
8171
8519
8660
9916
9567
8101
8869
8171
9638
8520
9008
7962
9078
9498
8589
9568
8590
8031
8101
9148
8520
8660
8660
8939
8241
8520
8520
8450
8660
8450
9218
8031
9078
8380
8171
8170
8520
8171
8240
8241
9497
8101
8520
9637
9567
8590
9567
8101
9498
8171
8100
8100
8520
8031
9498
9637
9568
8100
8241
8101
8241
9497
8101
8031
16202
9637
8031
8101
8031
9358
8101
7961
8520
8170
8590
9079
9638
8031
8101
9707
9638
8520
8241
8171
9009
9428
9986
9148
9567
8590
9638
8031
8450
8659
7542
7961
8101
9427
9637
9498
8031
8101
9987
7752
8171
8100
8031
9428
9638
9009
8520
8170
9008
8101
8031
9428
9427
8170
8171
9637
8100
9008
8520
8031
9637
8031
9637
8031
9498
8241
9568
8101
8520
9078
8101
7961
8730
8031
8171
9428
8171
8101
9567
8101
8031
8031
9498
8101
8450
8101
8101
9568
8031
9498
16691
8031
8031
8590
8031
9707
8170
7961
8590
8031
9637
8101
8450
8450
8729
8520
