18299
9429
9010
19136
10616
8590
9149
9150
9009
8520
9150
12502
10057
9150
8590
8730
9499
9429
9010
9918
11105
8730
10057
8521
8940
8660
8520
8870
10127
9638
8730
8940
8591
9010
8660
9010
10546
8661
8591
8590
9010
9219
9149
10127
10057
9708
11384
9010
8939
9149
10407
11454
11104
11454
10406
9219
9010
8939
8590
9010
9010
9568
10407
9009
9638
10546
9079
8590
9079
8660
8661
8521
8660
9080
9009
8591
8869
9917
9359
9987
10476
9988
9010
9010
8381
11384
9009
10546
9568
9009
17530
8591
8591
10477
9498
8590
9149
8870
10546
9010
8940
10546
8661
18159
9149
8940
10616
12292
9149
9638
10616
9009
9429
9079
10127
8591
9009
9987
8591
9918
10127
8520
9009
9010
8730
8381
9079
9010
9079
9149
8869
8590
9149
9079
9010
8870
10127
9498
8730
8940
10406
9429
8660
8940
9080
9079
9009
9009
9149
10407
8591
9149
8591
18088
9847
9429
9987
11384
10336
9150
8521
10057
8940
9009
10267
7613
8521
8521
9498
9428
10406
12222
10895
8730
9009
8590
8730
8171
8590
8591
8660
9498
8520
9359
9428
9429
11873
11873
9428
9009
9009
9498
9917
9568
10336
8242
9149
8590
9080
9149
10895
9009
10127
8940
8870
9569
8520
10406
10895
9498
9149
10476
12013
10895
8730
8590
8521
8800
8939
8451
8660
8521
8661
8172
9219
10476
9918
8590
8660
9009
10127
9917
8660
10756
8521
8521
8590
8381
8450
9568
9498
9009
9568
9009
9009
9149
8590
9428
9778
9219
8660
8520
9219
8661
8451
8660
8520
8870
8521
10546
9498
12222
8730
9079
9009
8590
9009
8940
9777
9429
10476
8940
8939
9150
9150
9009
10127
9009
8381
9009
8451
10406
9498
8869
9987
8591
8940
10407
9428
10407
10127
9428
11105
9080
9987
11105
8870
10057
11593
9149
9568
10546
8661
10407
10127
10057
9918
8590
8521
9638
10127
8870
9009
8590
8381
9987
9917
8590
8730
9149
9988
9009
9009
9359
10057
10127
9009
9149
9009
9987
11035
9638
19136
10895
8870
9009
9009
9987
10057
8520
9638
8730
10057
18019
8590
8590
9150
8590
8869
8451
8520
9009
9079
9149
9079
11454
9847
10477
8940
9009
8590
10895
8660
8800
9988
9638
9009
10476
10057
9079
8660
9848
9848
9149
9149
9079
9009
8661
8940
9917
8730
9848
8520
8660
8591
9080
10616
9917
9079
9079
9359
9149
9079
8590
8660
12362
9010
10616
9079
9010
10267
8660
10127
9358
8660
8660
9080
10337
9149
8590
9568
10406
8939
9149
9079
10406
9359
9987
10126
10337
9219
8940
8940
10546
8520
8521
8521
8939
8590
10127
8661
9009
8800
8520
8521
9079
10476
8380
8660
9569
8521
12502
9498
9499
9358
9428
8520
8731
8939
8730
9708
9987
9917
8521
9150
9079
8730
8521
8590
10267
8661
8381
9987
9009
9987
9009
9149
10616
9009
9917
8661
9499
8940
10546
8730
8940
8520
8451
8940
9638
9219
10127
9010
9080
8730
9149
8660
10407
10407
8660
9149
9498
8450
8660
8940
11035
8940
8869
10336
9847
9428
8660
8870
10476
9498
11454
8660
8521
8591
9149
8939
8940
10337
8660
9569
10476
12711
10895
9009
13619
10896
8730
10755
8661
8660
12850
10755
9358
8939
9219
10406
11803
11105
9149
9079
9428
9010
10895
9638
8870
9988
8521
8450
8939
8940
10267
8520
9010
9080
9010
9010
8660
9848
8521
10895
9219
10896
9079
9568
10407
10895
8660
8661
8660
7682
8451
9428
8520
8031
8940
8031
9358
7962
10127
8102
8101
7962
16063
12292
8241
8101
8521
8661
9010
9149
8101
8172
7962
10616
8032
8940
8031
9428
9707
7752
8451
8102
8730
8450
8660
8660
9079
10476
9987
9009
8940
10476
8660
8660
8590
8660
9917
8520
9009
10407
10406
10406
8660
9638
8590
9010
9009
9079
11803
9917
10407
8661
8940
9987
10267
9150
10337
9428
8590
10057
8940
9847
8102
9079
10337
9568
8940
9219
8381
9569
10546
9079
11105
11105
9219
10407
11873
9498
10476
9708
8661
9498
9638
9009
8660
8661
8660
8660
9080
9428
8590
10895
11803
11454
10057
10826
8660
8940
8590
9847
8660
9079
8730
10196
9009
8660
9150
9009
9428
8661
8730
10127
8660
8590
8590
8450
8660
8521
8730
9638
8660
9009
8520
18997
9498
9917
10406
11105
9429
9987
11104
10616
11524
9358
12291
8730
8172
9708
9499
8660
8661
8660
8521
9498
10127
9638
9009
10336
8590
8590
8521
9150
9079
10546
8660
10058
10407
10057
9359
9499
8590
9149
9569
9149
8660
9079
9079
9149
10615
10476
8520
8940
8870
8660
9009
9080
9219
9149
8870
9499
10127
9568
9987
10546
9219
10546
9847
8939
8451
8730
9638
8940
8590
9778
9778
8521
8521
8591
9358
9638
8939
8940
8661
9079
8660
9638
10337
8521
9428
9498
10337
8661
9010
8661
8590
9428
9079
9498
9429
10126
9010
8590
9009
9079
9079
9917
8870
10127
10546
10057
10616
7682
8591
7752
7124
7054
7613
7682
7613
8590
7543
7682
16064
7752
8241
8241
9568
7473
7473
7682
8031
11384
8520
7543
7682
7961
8591
8521
9568
8730
9359
8661
8939
9010
9009
8730
9010
8940
9219
9010
9079
10826
12990
12920
10965
9568
11105
9568
10127
9988
9568
9079
9498
10406
9918
8591
8940
8660
9149
10127
9010
8939
9987
9009
8939
9080
8451
17251
9080
9917
9079
8940
8660
8591
8591
8521
8661
9498
9638
8521
9009
9149
9009
9988
8940
8730
8660
8939
8520
8591
8520
9009
8660
9428
10336
10127
10476
11873
9987
9917
9987
8591
9010
9219
9987
8660
8660
18438
10057
9499
9568
10546
13550
14876
12571
9010
9428
11105
9778
9149
9009
9848
10896
10895
8869
9079
18648
9010
9010
9638
9359
9918
9987
9428
10895
10615
11034
9428
9219
9428
9428
9149
19276
15015
14387
10127
10127
19904
9987
9009
9080
9010
9080
11105
8730
9569
11873
10476
8242
8591
10407
8730
9009
9149
10965
11803
10057
9568
12991
9568
9219
8590
9149
8450
8940
10546
9987
9499
10057
8730
9638
10895
9498
9079
8660
8591
10057
9499
9150
10546
9009
8451
11035
10477
10476
