10754
10893
19064
12849
13966
12779
11103
11312
11033
12849
10824
12849
12499
12778
21508
12290
10964
10893
12221
12360
12639
11033
10893
11382
12849
10893
11312
12849
13058
11243
12220
10824
12988
10545
11313
10963
12081
13128
12849
12919
10823
10824
11941
10823
11033
10963
11732
10615
10824
11941
10614
12499
12709
11383
10754
10963
10963
11382
13059
11522
11104
11033
12709
10894
11871
11382
10963
11312
11103
11452
12849
10963
11383
10963
11033
12779
10754
11033
11871
12989
11103
10963
11243
11103
12988
11453
13128
11103
10894
12849
11383
10893
19623
10824
12849
11242
11034
19622
11312
11312
12918
12500
11941
10893
11452
10963
10894
11033
10893
11312
12709
11033
12779
12849
10893
11872
11243
11173
4260
4748
4748
4749
4818
4260
4818
4749
5168
4888
4749
4888
4678
4260
5377
4609
4259
4679
4679
4678
4679
11312
11033
13757
10963
10894
11382
11103
11243
11103
10893
10894
11103
12570
11382
11103
10963
11033
12569
12849
11452
12988
11871
11103
12360
12569
11313
10963
13129
10894
10893
10615
11103
12779
11103
11103
11034
11033
10894
11313
11033
11033
11382
11382
12779
11312
11522
12011
11383
12919
12989
11382
10894
10894
13338
11103
12919
11871
12989
10894
12988
12779
12221
11383
10824
12989
12779
11103
12989
11034
11033
10335
12709
11383
11592
12779
11103
11103
10894
11522
11103
11383
12360
11103
12290
10963
11033
13128
12779
10824
12709
12849
10893
10894
11382
11103
11801
11033
10894
12011
11871
10894
11872
11382
13268
11313
11103
10754
12849
10964
11313
11103
10893
11941
12779
11522
12360
12500
11243
11034
12989
12430
11033
11033
11034
11312
11243
10754
11382
11382
10824
12150
11103
11034
12011
12011
11103
10894
10963
12080
10893
11173
11591
11312
11103
13198
11732
11033
10893
11592
11033
11383
12360
11033
10964
11453
11383
11103
11801
10894
11313
11243
11802
11452
11872
1955
1956
1885
1466
1816
1397
1885
1886
1467
1467
1397
1955
1955
1396
1885
1885
1886
1885
1885
1885
1955
11103
11452
11103
12290
11173
11243
10963
12989
10963
10894
10824
10893
11243
10963
12988
11103
11313
12988
10893
10823
11103
12919
11592
11801
10754
12639
11871
10964
12849
11383
12430
11871
10963
11103
13198
12500
11033
11033
10964
11034
10893
11452
13477
11382
12849
10963
12290
12500
11103
11243
10823
10893
10964
11034
12500
12849
11452
11382
11382
12988
11313
11802
13198
12988
10894
11243
11383
10964
13198
10894
11313
11103
11242
12500
11103
11871
12919
10754
11312
11383
10894
12989
11313
11103
10963
13129
11522
11313
10893
10824
11312
10964
12779
10614
12709
10963
11313
11383
10614
11103
12919
12779
13058
10894
10754
10963
11382
10964
11103
10405
10823
12919
12919
10963
10893
12430
11382
12220
11242
10893
12291
11313
10894
11801
12919
11103
12011
10893
11033
12849
10894
12500
11312
12849
10963
10824
11034
11034
14245
12919
11382
11382
12430
10824
10894
11383
10963
11941
12569
11452
10824
10963
10894
11452
11103
19483
10964
11103
11033
10964
11382
11103
11173
10963
11452
13267
10824
12291
11382
12081
10894
10894
11034
10963
12779
11243
11033
12640
12360
10963
11104
12500
10893
11452
11243
11382
13268
10964
11103
11033
10544
11453
11382
11103
11383
11313
11452
11103
11033
11033
12849
10894
11033
12011
10963
12709
11312
12430
11382
12919
12709
12849
10615
11243
10614
10963
11034
11104
12919
10964
12989
11103
10964
10964
11452
11452
10893
12919
11382
11522
11382
11313
10824
11034
12849
12780
11033
12849
12710
10824
10964
10615
10614
12500
12918
12988
12360
11382
11033
11103
10963
11034
12639
12779
11033
13059
10964
10893
11103
12639
11312
10964
11453
10475
10963
11104
12709
11801
12360
12429
11522
12919
10823
13128
10893
11243
10963
11033
12569
12849
12849
12709
11382
20251
20600
10964
11103
11033
12500
10894
11452
11033
10824
11592
12360
10964
10964
12569
10824
12011
12779
11103
11801
11243
12779
10964
13407
10963
11103
12499
12709
10894
11033
11383
12779
11243
12011
10824
12919
12221
10964
11103
11034
10894
12919
11382
12779
11382
11242
12011
10964
11522
11103
10824
10894
10615
10963
10963
11383
11103
12849
11801
12849
11452
10964
11033
11592
11802
11592
10963
10823
11453
11103
11801
11453
10614
11034
12779
10894
10684
11033
10894
11243
11313
12500
12569
12360
12849
11103
11383
10893
20041
10894
11871
11522
10754
10754
10894
10893
11034
10614
10964
10893
11173
11033
13198
12919
11034
12779
12988
10893
19971
10893
12709
12779
11383
10894
10824
10893
10963
12989
10824
12290
11033
11033
10894
10964
12779
11313
12779
12918
10964
10963
10964
10544
12710
10894
11103
11103
10964
11383
11034
12849
12849
11522
10614
10963
10964
11872
10894
13267
12779
13128
12988
10824
11103
10894
11104
11242
13268
11732
11104
11383
11592
12709
11033
11103
12430
10823
11033
12988
11242
10894
10964
13268
10964
12780
10893
10894
11243
12500
11662
12570
11522
12988
12500
11103
10894
10893
11034
11942
10894
11173
11033
11103
12011
13058
10963
10964
12150
11522
12849
10964
10963
11941
11452
10893
11103
10894
10614
12569
11033
12220
10894
10824
11243
11592
10894
10894
12849
10894
11383
11033
10963
10964
11452
11034
10544
12500
11452
10823
12988
10964
11872
12989
11382
10964
13198
10894
11103
12709
12360
11942
10824
10614
12988
10964
10894
13129
11033
11382
10963
11383
10964
12849
10894
11941
12570
10963
10893
10894
10824
11312
10824
10754
12081
11453
11103
12849
10893
13268
12849
12989
11104
11103
10824
12779
11033
10963
12779
10894
10894
12221
11034
12919
11033
11313
10894
11871
12430
19414
11383
10893
12710
12360
12849
11033
12779
12500
11523
12779
10894
10823
11034
11383
11382
11103
10894
11034
11103
10824
11313
12710
11383
11383
11033
11103
11103
11522
11662
12918
10754
10824
11802
12779
10893
12849
12989
11313
10894
12430
10893
11242
11313
11522
11313
11941
19064
11103
10964
10964
12849
12849
11034
11453
11452
12849
12011
11383
11383
12430
12709
12710
10964
20321
11453
11243
12988
12011
12569
11382
12849
10893
10963
11103
11243
12570
11382
11453
10894
11941
11592
10754
12780
11452
11453
11103
10963
11103
11243
12290
11033
10893
11732
12779
11382
12011
12849
12500
12849
10614
10894
10823
11312
12779
11104
