15155
11454
11245
11035
11384
12991
13689
11593
12432
12571
17670
13758
11384
12501
11035
11454
12292
10756
11384
11524
11524
12851
11454
13340
11035
12850
10826
10965
10895
11105
15645
11384
12712
10965
12991
11873
11105
2794
3353
3422
3352
3353
3422
3283
2934
3352
3282
3771
2864
3352
3282
3423
3841
3283
3283
3282
2933
11105
11385
11384
10966
12851
12921
11524
10965
11244
11524
11034
11035
10965
10895
10826
11314
13410
11873
10895
11105
11454
11873
11105
11314
11384
10895
12362
11104
11105
10896
11104
11104
10966
19625
10756
12781
10965
11454
10895
12781
11105
10965
11524
12781
11803
12781
11594
11384
11454
11104
12920
10895
10965
10965
11873
12990
11593
11385
11943
11524
11384
12920
11384
11105
11104
10826
11035
11105
10896
13200
10965
10895
12292
13200
11385
11245
11873
11105
10825
11873
7961
8102
8031
8101
8102
8241
8451
7613
9149
8241
8940
8172
8241
7682
7962
9429
8172
9359
8172
8102
12851
11314
11314
12991
11315
10965
10965
10965
10966
11384
10965
10896
11943
12781
11385
13269
11873
11105
12850
11523
10965
12781
11244
11245
11104
12990
11035
12711
11384
10826
10965
11035
11873
10896
11804
10895
12292
11384
10965
3771
3422
3352
4190
3283
3911
3771
3771
3422
3771
3842
3702
3911
4260
3701
3353
3841
3423
3423
3352
12571
12781
11523
10965
10895
11035
10895
11315
11524
16203
10965
11244
11105
12850
10895
10966
10965
10895
11244
12223
10966
12990
12012
11384
12431
11454
11943
12990
12990
11384
12990
11384
11524
10896
11384
11384
13828
11105
10895
11454
13200
10895
11314
13270
11384
11314
11524
12083
11384
11523
11245
11454
12082
12013
11454
11105
12781
13130
20603
10965
11035
11035
11314
12990
11454
12850
10966
11105
11803
12362
11314
11314
11803
11524
12572
11244
11454
12222
10965
12851
10965
11314
12781
11873
10965
12432
11454
11594
11105
11035
12222
10966
11524
19765
13479
11804
12920
12362
12572
11384
11384
12781
11244
10896
12781
11105
11385
10965
11105
11384
12711
10965
11803
11034
12990
11803
12851
11104
11384
11454
12501
11314
10965
11035
11314
10965
11523
11943
11314
12991
11454
11314
12362
11314
12362
19626
11873
11733
11454
11105
9498
8102
8032
8939
8660
8521
8241
8940
16133
9079
8520
8242
9918
7613
7752
8032
8101
7962
19137
8171
11314
11244
13480
10965
11314
11384
11384
11384
11035
12920
12851
11314
10965
11524
11384
10826
11314
12502
14387
11384
11314
10895
11035
11105
12990
11315
11105
11314
12781
13340
11314
11244
11733
11314
12223
12991
13130
10826
11524
10965
13269
10966
10965
12781
13759
11035
11664
11104
10965
13269
11245
11454
13410
11454
11314
11105
10755
12362
11315
11384
10965
12991
11314
11314
12850
10895
12292
11384
11105
11034
11244
13340
11314
11384
19415
10965
10965
11385
11105
11245
4260
3353
3771
3841
3771
3282
3772
3772
3771
3842
3702
3841
3772
3282
3283
4261
3841
3422
3771
4260
11384
11035
11035
10965
11035
12712
10755
12013
11594
11244
13270
12781
11035
10965
11524
11105
10895
13270
11314
11315
11244
10965
10895
11314
11105
11035
11454
11035
11454
11384
11943
11453
10756
11593
10895
10616
11105
13130
11593
10756
11244
12222
11315
12432
12781
11943
11315
10965
11384
11594
11454
11315
10615
11314
10895
11384
12502
11384
11035
10965
10895
13061
11454
11593
10825
10895
11035
10965
12781
11384
12571
12292
10895
11315
11524
11035
13200
13060
11524
12781
11105
11105
10546
11454
11524
12432
12851
10965
10896
11384
11315
12921
11593
11384
11943
12991
10895
12571
11873
11384
10965
10826
11385
18997
11454
10965
11384
11384
10965
11873
11314
13479
10965
11314
11524
11104
10965
11034
10965
10896
11035
11384
12222
11035
10896
12921
11454
10965
13270
10895
12012
10825
12851
11524
11314
10895
11384
10965
11315
10965
12781
10895
12432
12781
11314
12432
13060
20464
12851
11594
11244
10825
11384
11454
11873
11384
10895
12921
11384
10895
11384
13409
11454
11245
11873
11943
11873
12292
11384
13130
15015
11314
21371
11314
12781
11315
12851
11035
6146
5657
5657
5308
5587
6285
6216
5727
6146
5168
6635
5657
5238
5797
5727
5657
5796
6286
5657
5168
13130
11523
10826
12921
10895
12850
11454
11105
11873
12850
12502
11384
12991
11314
11035
12851
11104
12711
10965
11384
11105
12991
10825
11035
10965
13479
11315
12990
11384
10896
10895
10965
10616
11245
12711
10826
10966
10895
10965
11314
11035
11454
11454
11524
10965
10965
10755
12990
11104
12641
11384
12991
10965
11035
11105
12292
12851
11035
10965
11385
11594
12083
13060
12991
12013
11384
11105
11034
12851
12920
11733
11454
10895
11385
11384
11314
13200
11454
14388
11035
13060
12851
11035
11314
21022
11803
11105
10895
11105
12920
11384
11315
10965
10965
11594
11105
14247
11524
10895
11035
12990
4330
3771
4261
4819
4331
4679
4749
4749
4191
4330
4330
4750
4260
4190
4330
4330
4889
4261
5238
4260
11035
11244
10895
10965
11105
12292
10895
13340
11384
11804
12502
12781
11035
11034
11873
13340
11454
11454
11105
20044
13060
11454
11035
10825
12362
12502
10965
11594
11454
10965
10965
11733
11594
11105
11034
12362
11315
11105
20953
10336
12781
11035
11314
10965
11454
11035
10966
11454
13340
12851
11035
11384
12781
11524
11454
12781
12990
11384
10895
11314
12362
11035
11454
12362
19905
10965
11384
11384
13061
12362
11104
10965
10895
11942
10965
11524
10895
10966
11314
11384
10825
10755
11105
11454
11314
12990
14667
10965
12851
12851
12920
13340
11593
11104
12991
12851
11524
10755
11803
11454
13270
12851
12921
11594
13270
11384
11524
11384
12920
11105
11035
10965
11803
11314
11245
11314
11524
10825
10895
12920
11384
10965
12222
11315
11385
10895
12292
11384
11105
11105
11104
13200
11035
11104
12851
11385
11384
11035
10826
10895
11314
10826
11454
12781
12990
11035
11384
11314
11384
11385
12851
12362
10965
12921
10895
10965
10965
11105
11104
11454
11594
11454
13060
11524
10895
11873
11245
11384
11105
10825
12991
11454
10895
11244
12781
11314
11105
12920
12781
11594
11105
11035
11454
11524
12920
12990
11384
11454
11385
11105
11594
11454
10965
11384
11524
12431
12362
11524
12781
11245
11314
12292
11035
12082
11105
