12990
10964
10126
10336
13897
11034
9148
12290
9497
8520
9009
9986
9078
10126
11523
9986
8869
8450
8450
8519
8520
9986
9427
9497
10266
10126
8450
8240
9637
12500
10475
8939
9149
8101
8519
10405
9917
9148
8590
8450
8590
9847
9637
8520
9846
8520
8380
8519
8659
10336
7961
9078
7961
8171
9497
8031
8101
8171
8170
8939
9637
9847
8031
8170
9009
8101
9009
8031
8101
8520
8031
8939
8590
9637
9079
8101
9567
8380
8171
8171
8659
8240
8170
9218
8240
93020
8170
8520
9567
8101
8520
9846
7123
7053
8659
8171
8450
8450
7053
7682
8520
8589
9637
7332
7612
9986
8520
7681
7612
7263
8660
7751
7333
7263
8520
7542
9008
7752
7682
8450
8869
7263
7472
7472
8450
9079
9009
8520
9917
8519
11034
7751
8520
9009
9358
9079
8520
8240
8519
11383
9847
10894
10824
9707
10754
12710
8170
7752
7751
9637
8241
8520
8241
7962
10824
9428
8939
10126
9986
8031
8240
8519
8659
8170
9079
8031
8031
9847
7543
8450
9008
9148
9916
8171
9987
7752
8100
9079
9008
8520
8520
8520
8101
8101
8171
7961
9008
9567
8101
9078
8101
9916
13478
24233
14525
15294
9428
10964
13827
10335
12500
8520
6634
5796
5237
5587
6704
5726
6774
6635
6216
5657
6145
6495
6215
5237
4678
4818
4819
5237
4749
5307
5238
7612
5656
7752
7123
5657
15852
5308
5866
5308
5656
5238
6076
8520
9427
9498
11593
12989
10894
8939
8589
8240
8450
11802
10685
9498
10824
10755
10056
11593
8939
7962
9497
9078
9568
8101
9358
8100
8589
7263
8171
7962
7961
7542
9567
9079
7961
8241
8170
9497
8101
17738
7961
9358
7891
8101
9009
9428
8170
9498
7193
8101
8101
9567
9638
11033
14247
9987
11034
13687
11313
10545
9428
13758
7682
9358
11034
9986
10056
9218
8589
8030
8101
8101
8031
9497
8101
7682
11243
9218
9428
8031
8031
9498
10475
11942
8520
9567
8031
8241
8101
8101
8240
9497
9148
7961
8380
9218
9078
9567
8031
8939
8240
8031
9148
8171
8031
9498
7612
9428
9079
8100
8520
9497
9568
9567
9009
12012
10406
128984
9567
9637
7542
7193
8241
9637
9497
9986
8031
17110
8660
8450
9218
8520
8031
8589
9568
16970
9218
8240
9497
9428
8660
10056
8380
10056
9916
9847
8520
8450
8520
8241
10056
8520
9009
9567
10615
8659
10545
9987
9567
10057
9427
8659
8450
8031
8170
9987
9009
9847
8520
9078
9427
8659
8171
8659
9148
11383
11523
13199
11383
11034
8729
8660
8101
8240
8031
8171
9148
8170
8031
9078
9079
8520
8729
9568
8171
8101
7612
8380
8590
8520
8031
8101
8589
8519
9148
9079
8171
9427
8101
9568
8241
8170
8590
8520
23395
8031
9079
8031
7612
8101
9567
10964
7962
8101
8170
9497
7193
8171
8450
8031
8939
9707
9568
8101
9148
8170
9358
8101
8660
8100
11523
9567
10405
9009
9149
8100
8100
8101
8520
9149
8520
8170
8171
9078
8241
10126
8660
8031
10335
9148
9637
9219
10476
12361
9428
8660
8729
8590
12291
8729
8031
7612
7542
7123
7473
11104
8101
8101
10266
10056
9917
9637
8659
7263
10615
9637
8939
8520
9567
8519
8660
8171
8171
10894
9497
8241
9008
8520
9498
9218
10894
10475
9916
21649
9498
8241
8101
8031
9079
8520
9009
7961
16201
9497
7961
8101
11383
10545
8590
10475
8101
8101
8171
9917
9148
8031
8519
7123
8170
8031
9358
9148
8520
8939
16062
9149
8100
8170
8101
8659
8939
8031
9009
8170
8380
8240
17598
8101
8101
8520
8520
13199
10755
22137
8590
8031
8031
8659
81427
9986
13897
9567
10336
8241
8171
8031
9148
8101
9427
8031
8589
8240
8101
8171
9567
9568
8031
8100
7961
9079
7681
8520
8590
8031
8170
8519
8100
9428
7961
8031
9148
9498
8171
8031
8659
7961
8031
9008
9637
8031
7682
9498
9427
8380
8101
8101
8171
8171
9498
9497
8241
8101
8450
8031
8101
7892
9497
8171
9358
8171
8170
9428
8100
8101
8031
7961
8171
8241
8520
7752
8240
8241
9148
8241
8729
9497
8031
8171
9568
8031
8170
8590
8170
8240
9498
8240
8171
8100
8171
9148
9498
9567
9498
8101
9498
9428
9498
10265
8101
8170
8101
8171
9567
9498
8520
9428
9009
9637
8031
8101
8659
8031
9637
8171
8101
8101
9498
16132
8171
9149
8101
8450
8101
8031
8031
9358
9427
8519
8101
9079
9707
9148
8590
8171
8171
7961
9079
8031
8171
8031
8031
9567
8031
8031
7961
8101
9148
8100
8520
8241
9218
9149
9707
8031
8031
11034
8101
8241
7681
8520
8660
8100
8031
8450
9568
9498
8101
8450
16341
8100
7961
7961
7682
9428
9009
9497
9358
7961
16341
18506
8171
8590
9916
9847
9148
8031
8520
8101
8730
8101
7752
8101
9498
7752
8101
8241
9008
7961
8031
7961
9498
8031
8171
8031
8730
8171
12431
8171
8031
8101
8101
8101
9707
7962
9428
9009
8450
9567
9846
8171
8520
9427
8520
8240
8660
8589
8590
9218
9497
8520
8241
8100
9428
8031
8520
8031
7752
8031
7961
8590
7612
8240
9218
9567
8729
9428
8730
7612
8171
8101
8380
90995
9567
8031
7681
8171
9567
8101
9567
8101
9497
8101
7961
8101
8101
8171
8100
9078
9498
9428
9428
8590
9498
8520
9428
23325
8939
9567
9079
8170
8031
9428
8171
8101
7961
8031
8520
9428
9079
8240
7961
9149
8520
8031
9428
9498
8031
9078
8660
8590
8101
8939
8939
8171
8031
7961
8101
9707
9079
8031
8100
8100
9079
8031
8520
9497
7752
7961
7961
8101
7891
8171
8031
8240
8240
9567
8101
8101
9568
8101
7961
8520
9079
9498
8031
9498
8380
8101
16341
9637
9428
8240
9498
8031
8240
8241
8101
8380
8450
8101
8171
8031
9358
7751
7751
8101
8031
8171
8171
7961
9567
8590
8660
8101
8590
8450
8520
8170
9567
9358
8171
9357
8171
8031
8100
8171
9148
9567
9497
9219
8101
8031
8101
9428
7961
8590
8101
8171
8170
9986
8101
8031
8520
7961
7892
8869
8100
8171
8101
8171
8100
8101
8450
8031
8241
9008
