11523
10406
10546
10965
12013
10336
10336
10057
10476
10546
10406
9987
11803
11872
11873
10127
10825
10056
9707
10406
10336
12222
10336
10336
10546
10406
11733
10057
12292
9987
10406
10965
11943
10406
10895
10407
20044
10406
9918
10476
12292
9987
10336
12292
10476
10825
9987
12292
10406
10895
10475
11803
10616
11104
10406
11453
11523
10476
10196
10546
10336
10057
12012
10546
10615
10894
8102
7682
9149
8102
8171
7682
7961
8101
8032
8591
9498
8032
9568
8101
8520
9010
9358
7962
9429
8102
9219
9218
9428
9707
10476
11873
12501
12082
10267
12012
10546
12361
10406
11104
11942
12431
12012
10336
10545
9987
11803
10476
10266
12292
10476
10546
11105
12292
11105
11873
11733
12502
10476
10546
10476
10545
9987
11803
11942
10126
10476
10407
10546
10406
9848
10336
10476
11384
11873
10546
10406
10406
10406
11803
10616
10057
10406
12222
10406
9917
10825
10755
10546
10057
10057
12082
10546
10615
10057
10336
10406
10546
10126
10476
10546
10407
10755
12013
12292
10127
10406
10336
11733
10406
12012
10406
10057
10267
11873
10056
10545
10476
10546
10407
10476
10615
10476
10615
10336
10615
12082
10336
12222
10406
10406
10336
10406
10407
12012
10057
10057
10546
11524
13270
11873
10476
11943
10616
10336
10057
11803
10476
10895
10546
12012
12012
10127
10337
10406
12012
10336
10057
11873
12292
11942
12292
12082
12361
12501
10546
10546
10336
10057
10616
12990
11942
10546
10126
10825
10336
9917
10406
10336
10615
10406
10336
12152
10196
10057
10406
9638
10126
10615
10336
10406
10406
10545
11384
11733
10476
10616
10406
10475
10965
10406
10127
11174
11523
11803
10755
10476
10616
11942
10336
11524
12292
11872
9987
10895
10476
10615
10616
10895
9987
11942
10336
10337
11803
10895
10127
10406
11035
11872
11873
10406
11942
10127
11593
10336
10615
12082
11733
10057
10057
10407
12292
11593
10336
5238
4679
4819
4819
4749
4680
5378
5308
4679
3352
4400
5657
4889
4679
4191
4749
4819
4261
4330
5726
4609
5797
12431
5238
7543
7193
6635
7613
6635
6774
6775
6705
7613
6775
6705
7194
6635
8101
6774
6774
6704
7683
6635
7054
6635
7752
6774
6774
10895
10197
10337
9638
10406
10546
11733
10825
9917
11384
10475
10546
11244
10127
12013
12013
10895
10476
10406
10965
10127
10406
10057
10127
9987
11943
10406
10546
11105
10475
11873
12362
11523
12012
12292
10616
11873
10616
12571
10406
9917
11314
11105
12012
10406
10546
11384
10476
10615
11873
10336
10825
10127
10336
12222
10476
10476
12012
9988
10616
10406
10894
10406
10406
10336
12013
11174
12362
10615
10546
11803
10336
10476
10407
11034
10057
10406
9987
10266
11314
9987
11733
12082
10476
12362
10266
12013
10616
11593
12292
11803
10476
11105
11453
11594
10476
12361
11454
11872
10336
12082
10127
10545
10406
10336
10057
11873
11873
10615
10057
10476
12431
10406
10057
10056
10127
18717
12082
10476
11803
10616
10615
11942
10337
10406
12222
9917
10336
10476
10337
9987
9987
10406
10476
10686
10476
18228
10476
10336
11943
10127
10406
10546
12082
10616
9428
12012
11803
10406
11314
10057
12012
10476
9987
12013
10616
10825
10127
10057
11873
10126
10755
10616
10406
10406
10127
11105
10197
11663
11105
10406
10616
11733
11454
11454
10126
10616
10546
12292
12431
11594
10057
12082
10406
11105
11035
11035
11523
11104
11454
9848
10127
10127
10895
10476
10546
10615
10406
9987
12361
10057
11454
9987
10546
11803
10825
10336
10337
12292
12222
10965
10127
10057
4190
4190
4330
4330
4679
4260
3911
4191
4260
4330
4400
4749
4330
4330
4191
4260
4330
4260
4190
4400
4191
4330
4261
4260
10616
19415
10895
12222
10825
9987
11803
10406
10336
11454
10476
9917
11104
9987
10127
11384
10336
10476
10197
11453
11035
10895
12292
11943
10616
11244
10406
10895
10406
10057
10406
12362
12082
10406
18577
10895
10545
10337
10127
10476
12082
11244
11733
12013
10895
10127
10406
10476
10476
12432
10895
10126
10476
11105
10895
10336
9987
9847
11873
10057
12222
10406
10825
12082
11733
11943
9918
11803
12292
9987
10127
11873
10406
12013
12082
10476
10476
11733
10546
11942
11314
10615
10336
10336
10406
10406
10895
10476
10895
11803
10616
10197
10267
10057
10965
10406
10267
10546
10406
10546
10126
11942
10475
10127
10616
11453
12012
11942
10476
9987
10336
10406
10336
12083
10406
10266
10546
11524
12013
11803
10476
11873
11872
10476
12292
10127
10197
10615
11942
10127
12012
11454
10616
9987
10615
12012
10336
10616
10057
12292
11873
9917
10476
10546
10057
10895
12222
10406
10546
10476
10127
10406
10057
10056
12432
11873
12291
10476
12292
10686
11873
12012
10546
10476
10546
10895
10336
11873
11943
11943
10406
10406
10057
12013
9987
10336
9987
9638
11105
10546
10127
11663
10406
11384
10336
11383
10127
12013
12083
11384
10127
10127
10406
10406
9917
10406
10546
10406
10336
11035
10406
10126
10126
10616
9918
9987
10407
17181
10127
11802
10476
12361
11803
10755
10895
10545
10476
10546
12362
11803
12012
11873
10127
10546
10056
10616
10616
10476
12431
11384
10616
10476
11943
10546
10057
10336
10057
10476
10546
10406
10127
12431
10406
10266
10406
10406
10057
10336
10615
10895
21301
10407
11803
11803
11803
11943
10406
10476
12502
12221
10406
10965
10616
10336
10406
10615
10476
11873
11942
11873
19205
11454
10406
10476
12083
9917
10616
10825
10126
12082
10545
12012
10476
10475
12432
10546
10546
10196
19067
10057
9987
11384
11733
10546
10406
10127
10545
12292
11593
12083
10196
11105
10546
11314
9987
11873
10406
10057
10126
12362
12012
10126
10546
10057
11943
9987
11873
10057
10615
12502
10615
10057
11105
11523
10545
11942
11244
10336
9987
11523
9987
10546
12292
10127
10406
10616
10546
11873
10965
10336
10476
11384
10825
10336
10476
10895
11314
10965
10895
11873
11034
10476
10476
10895
11943
10476
9987
10126
11873
10406
10406
10476
10476
10615
10406
13759
10476
10127
12291
10127
10616
11873
10615
10476
10126
10336
10126
10127
10407
12362
12082
10266
12222
11873
12013
10616
10406
9987
10197
10406
11803
10406
12083
9918
10895
12082
10545
10406
10476
11035
10476
10337
10546
10057
10057
10615
10127
11873
18857
11873
10126
