4751
4401
4750
5588
5309
6148
5170
5379
25777
6147
4890
4750
5239
4820
3912
5309
4890
5309
5798
4750
5239
5169
6077
4750
4820
3772
5379
4331
4750
4820
4890
4820
4890
4401
4191
4192
4820
4680
4750
4680
4750
4401
3772
4191
4331
4750
4192
5239
4401
4192
4331
4262
4820
4750
4680
4192
4261
4331
3773
4262
4750
4611
3842
4750
4751
4889
4261
4331
4331
4331
4750
4192
4262
3772
4331
4261
4261
4400
5240
4750
4191
4331
4750
4261
4750
4261
4332
4331
3842
4261
4261
3842
4261
4331
4750
4820
4750
4751
4261
3423
4331
3772
4750
4331
3772
3772
4331
4331
4192
4751
4401
4750
3842
4261
4262
4680
4750
4261
4261
4192
4331
4820
4262
3772
3842
4262
4261
4191
5169
4750
4261
4401
4331
3772
4331
4820
4332
3842
4261
4331
4681
3772
4820
4331
3912
4261
4331
5798
15577
4261
4331
4261
4261
4331
3842
4191
3773
3912
4261
4750
4820
4261
5309
4191
4750
5239
4331
4261
4261
4750
5309
4401
3772
4750
11456
4751
4401
3772
4331
4191
4820
11456
4750
4261
4331
4261
4261
3842
4261
4331
4331
3842
3842
4261
4261
4820
4331
4331
5309
3912
4262
4261
4331
4261
3772
6637
5798
4331
4261
4750
4750
4680
4820
4820
4261
4261
4680
4331
4331
3773
3843
4400
4331
4262
4262
3842
3912
4820
4750
4192
4331
3912
4750
4192
4750
4261
4401
4820
4261
4331
4750
4820
4331
4191
4820
4332
4680
5658
6078
5798
5309
4681
4261
4820
4191
4750
4191
4261
5728
4681
6217
5169
5589
4261
4261
4261
4191
4331
4680
4262
4331
5309
4820
15787
4820
6008
4680
4750
5169
4261
4331
4191
4261
4401
4261
4750
59587
4820
5309
5169
4750
4681
4331
4401
4331
4331
4261
4331
5239
4331
4261
4750
4331
4191
4401
3773
4191
3842
3772
4332
4401
3213
4820
4331
4750
4401
2864
4331
4750
4191
4331
4890
4331
3912
4401
3354
3912
3842
4331
3912
4820
4261
4331
4820
4191
4191
4191
3842
4331
3354
3772
3772
4331
3842
13343
3772
4261
4820
4331
4820
4750
3283
4820
4331
3842
4262
4750
4331
3842
4261
4751
4751
4750
3772
3772
4261
4331
4750
4331
4331
3912
3842
4751
4261
4331
4820
3842
4331
18442
4331
4331
4262
4261
4681
3214
3772
4331
4331
4261
3284
4331
5240
4750
4261
4331
4681
4331
4750
4890
5728
4331
3772
4750
4750
5170
4750
4331
4401
5239
4261
3842
4680
4750
4750
4820
4331
4751
5658
4680
3772
4331
4750
4331
4331
4331
4192
4331
5658
4820
4401
3772
3842
4261
4331
3912
4261
4261
4331
4331
4261
4331
4261
4611
4331
4820
4331
4261
4331
3912
4331
4680
6148
6147
4331
3912
4261
4261
3842
5309
3842
4331
4261
2864
4191
3842
3423
3842
4261
4331
4331
4192
3423
4261
4262
4331
3911
4262
4331
4751
4401
4750
3772
4262
4191
4680
4191
4680
4750
4192
4331
4681
4191
4820
4261
4331
3842
4261
4262
4331
4331
4331
4262
4331
4261
4750
4680
4192
4261
4192
4750
4261
4680
4261
4401
4192
3912
4192
4331
4680
5169
3912
4750
5239
4680
3772
4681
5239
4820
4820
4261
5239
4820
4820
4820
4191
3842
4820
5728
5798
4820
5239
5239
4261
4680
4750
4750
4401
5658
5239
5309
4890
5728
4750
5170
5798
3912
5239
5170
4890
4820
4820
4750
8592
4820
4820
4750
4331
4751
6077
4751
4680
4331
4261
4261
4750
3283
4401
4331
4890
4331
3772
4261
4331
3912
4331
4192
4191
4331
4331
4750
4680
4192
4261
3912
3842
4331
4261
4331
3842
4401
3772
4261
4680
4400
4750
4890
4191
5309
4261
4750
5309
4680
4611
4681
4261
4610
6706
5309
4261
5169
5240
4261
5658
4261
4262
5240
4261
4262
4890
4400
4820
4261
4680
4331
4261
4680
12783
4261
3772
3843
4331
4750
4820
4820
4820
4331
4261
3773
4191
4261
4261
4192
4890
4191
4261
5309
4750
4331
5729
4192
4331
3842
4261
4750
4401
4192
4261
4261
4191
4261
4261
4261
4820
7684
3772
4261
4750
4750
3842
4261
3772
4261
4681
4191
4750
4191
4331
4750
4331
3912
4191
4820
3842
4681
4261
4820
4192
4191
3772
4261
4820
4331
4192
4261
3842
4331
4261
4331
4401
4680
4820
4331
4192
4331
4331
4331
4191
4820
3842
12783
4331
4192
5239
4192
3842
4750
4192
3772
3842
4261
4750
4331
4331
4331
3702
3842
4401
4261
4750
4750
4261
4820
5658
4681
5169
5309
4261
5170
4191
4820
4750
4820
4890
4750
4750
4331
4331
4751
4820
4192
4750
4331
4401
5588
5728
5170
4400
4400
4191
4261
4750
5169
4680
5309
4750
4191
4331
5239
4750
4750
5170
3842
3353
4750
4750
4681
4261
4820
5239
4610
4820
5169
4889
4820
4681
3842
4261
4750
4331
4750
4262
5169
4750
4820
5099
4890
5239
4680
15787
6217
4750
4331
4331
4751
4820
4750
4820
5170
5099
4262
4820
4680
4331
4820
4261
4750
5308
5169
6147
4261
5239
4261
4751
4261
4331
4331
4331
4261
3772
4750
3912
3353
4680
7615
4750
4331
4750
4262
4261
3772
5169
4750
4401
4890
4751
4331
16765
5239
4680
5309
5659
5169
4750
4680
4331
4750
5798
6147
6287
4192
4820
3842
4820
5240
4820
7265
4890
4680
4401
4750
4261
4750
4401
3912
3842
4192
4261
4331
4331
5239
4261
4750
4820
4261
4261
4820
4261
4401
4261
4331
3772
4750
3772
3773
3842
4820
4331
4820
5309
3772
4261
4750
4890
5169
3911
4331
3353
4262
4261
4261
5309
4261
5309
4262
4401
4750
4262
4750
5240
3842
4890
4750
4191
4191
4680
4261
4331
4191
4750
4401
4261
3842
4331
4750
4331
3354
4750
4750
4750
4889
4331
5239
4890
4261
4331
4610
4191
4331
5239
4191
4890
4261
5240
4820
5309
5239
5379
4401
4331
4680
4820
4331
6287
4820
4331
4262
4820
4680
4750
4331
5169
5309
4331
4890
5729
4261
4820
5239
5658
4261
5099
4610
4261
10059
5309
6566
4261
4331
4890
5729
