10616
10476
10825
10825
10895
11383
10615
11035
10895
10895
10616
12362
12432
10825
10615
10616
12012
11803
10406
10476
12501
11244
10476
12291
12012
10336
10895
10406
10895
10337
10615
10895
10965
10546
10546
10336
11873
10476
10337
12012
12501
11803
10546
12432
10406
10825
11104
11523
12013
10895
10337
10545
10336
12850
10406
10406
10406
10406
10895
10895
10406
10545
12013
10546
10895
10546
10895
10755
10337
11105
10406
10406
10895
11873
11872
12362
12362
11523
12013
12222
11454
10476
11314
10406
10895
10476
10825
11593
12292
10476
11943
10546
10615
10685
10126
10965
10826
11034
10616
10406
12082
10337
10197
10406
11663
11035
10895
10336
11873
10336
10476
10476
9988
10476
10406
10546
10127
10406
9638
10336
10476
10406
10406
12432
10616
10476
10546
10406
12501
10895
10406
11663
10825
10616
12291
12291
12152
10406
10406
10685
10895
10197
10406
12431
18996
11453
10546
10965
11453
12571
10895
10615
10965
10825
10057
10476
12292
11943
10616
10545
12291
10476
10616
10475
10546
12362
12292
10616
12082
11314
10406
12292
12501
10546
10546
10895
11523
10476
10616
10546
10406
12291
10476
10685
10545
10546
10546
12222
10407
10616
10406
10476
10895
12012
19066
11384
10127
10336
11594
12501
11872
12361
10615
10127
11803
11035
11943
10127
10336
10546
10476
10476
10756
10476
12292
10545
10127
12222
10406
18648
10476
10546
10755
10825
10615
10546
10337
10406
10476
10825
10266
10616
10127
12013
10406
10476
12083
11593
11802
10895
10475
10476
10546
10476
10337
10965
10546
11384
10546
12221
10475
10616
10615
10615
10965
11384
10406
10127
10755
10406
10406
10476
10406
10546
10336
10476
12361
10406
10685
10895
10476
14038
10476
10616
11943
10546
12502
10337
11105
10127
10546
7613
7542
7682
7613
9010
8590
7542
8520
7473
7612
7612
7543
7612
8939
8660
8590
8521
7543
7682
7193
7613
9499
10546
10476
10476
10406
12082
10406
10545
12292
10406
10406
10825
10406
11803
12431
10546
19206
12292
10545
12292
10197
10406
10476
11314
11383
12361
12361
12012
10406
11314
10406
11384
10336
10476
11453
10336
10266
10895
10545
10616
11873
10546
12501
11035
10546
10615
10546
10267
10615
10895
11384
11314
12012
11873
11872
10476
10057
10615
10616
12082
9568
10615
10964
10476
11942
10964
10965
10965
11105
12013
10965
12362
10546
12012
12571
10615
10406
10964
11803
10476
10546
10406
12291
10545
10057
10337
10616
10406
10616
10546
11034
10616
10545
10057
10476
10546
10336
10337
10895
10476
12292
10616
11524
12361
10476
10476
12012
10964
10476
10476
12222
10127
10616
10476
10895
12012
10476
12013
10476
10475
11943
10476
11873
10336
10407
10406
11803
11942
10475
10895
12082
10895
10895
10126
12501
10476
10545
10826
10616
10406
10406
10615
12292
11454
10895
10476
10756
10755
10546
10546
10476
10546
11314
10965
10546
11034
13200
10545
10476
4330
4330
3841
4330
4400
4330
4330
4330
4819
4330
4400
4260
4260
4260
3771
4330
4260
4190
4330
4261
4749
4610
11034
10476
12432
10615
12361
10546
10476
10476
11942
12082
12222
11314
11802
10476
10127
12362
12781
11803
10546
10336
10266
12222
11873
10546
10406
12292
12362
10336
12082
12432
12082
10616
12362
11034
12851
10336
10825
10406
10546
10546
10407
12431
10406
12012
10616
12362
10895
10546
10476
12292
11454
10965
10615
10406
11105
10476
11454
11873
11105
10407
10406
10545
11384
12292
20463
11384
10127
10336
10545
12013
10615
12292
12641
10895
10546
10616
11104
12012
10615
11384
10615
10406
11104
10895
10406
10825
10406
10965
10895
12432
10755
12292
12431
10616
10545
10476
10685
11872
11104
10406
11104
11035
11873
11593
10546
10476
19625
10615
12292
12362
10825
10476
10755
10546
12361
11383
11105
10825
11803
10546
10406
10545
10336
10545
10406
12222
11035
12362
12502
12362
10476
12431
12501
10266
10406
10406
10616
12361
10406
11872
10546
10546
10406
10546
10127
12222
10406
11803
10406
10406
11384
10546
10476
10476
10406
10336
11035
12432
12222
10406
12083
10616
10545
10476
10825
10615
10336
11733
10406
10825
10546
10476
10615
10965
10336
12292
10336
10825
11803
12222
12431
10546
12291
10476
10337
10546
13130
12083
12641
10895
10616
12221
10616
10406
11803
10546
12222
10546
10476
12152
11035
11594
10616
10406
10476
10546
10127
10337
11245
12362
10476
10546
10546
10755
10337
10336
10965
12361
10266
10406
10267
12292
11384
10476
10127
10406
10475
11523
11383
10406
10546
12082
12012
11873
12431
10127
10127
10615
10337
11943
11384
10895
22209
10127
10476
12222
11034
12222
12013
10476
10965
10895
12502
12431
10406
10895
12292
10546
10895
12082
10266
10895
11594
10337
10476
10965
11454
9429
10476
10476
10546
10476
11733
10266
11523
12432
10615
11943
12012
10616
11803
10895
10545
10127
10545
11803
10476
11803
10406
12292
10825
12222
10756
12362
10616
10545
11384
10476
10616
10546
10615
10546
10336
10127
12501
10755
9987
10964
10825
12502
12013
11523
10546
10476
12292
12012
10616
10476
10545
10127
11872
10406
10546
10616
10545
12432
10546
12291
11034
12292
10545
10546
10685
10545
10685
10685
10545
10406
10685
10615
10755
10616
10406
19904
10895
11593
10686
12362
10686
10476
11035
10476
10615
12082
10546
12083
10825
12082
10545
10616
10615
10337
12291
10825
9987
3353
3841
3772
3771
3283
3282
3422
3772
3772
3772
3771
3842
3772
3422
3353
3282
3422
3841
3352
3422
3911
3841
11454
9638
10545
10616
10756
10894
10337
10476
10126
10825
12362
10057
10616
10546
10964
10685
12292
11873
11384
10336
12431
10057
10895
11523
10476
10685
12012
12362
12362
11942
10336
12362
10057
10476
12432
11803
10406
10476
11314
10546
10406
10546
10476
12432
10476
12361
3772
3422
3282
3911
3282
3282
3352
2933
3352
3352
3212
2863
2374
3283
3352
3282
3353
3282
3911
3352
3282
3283
10825
10406
10546
10545
10476
10546
10127
11803
10894
10337
11383
10615
10616
10546
10476
10337
10895
10476
10546
10546
10476
11943
10406
10615
10895
10337
12502
10476
10616
10476
10476
10895
10546
10406
10476
10615
10825
10546
12362
10615
10407
12292
12292
10336
10476
10895
10406
12502
10545
11384
12501
10545
12362
10476
10127
10336
10406
11942
12082
11035
12012
10616
