6565
5727
6216
5727
5797
5658
5727
5657
5658
6216
5796
5797
5378
6146
6216
6705
6286
7124
6076
6216
6216
6076
7124
6146
6146
5727
6286
6775
6146
6216
6216
7194
6705
6704
6705
5168
6146
5657
5658
6146
6216
6146
6285
5657
6077
5797
6565
5657
5657
5657
6635
5797
5727
6774
6286
5727
5727
5796
6216
5587
5797
5727
6216
5867
5657
5727
5657
5169
14387
5727
5727
5727
6775
6705
5727
6076
5797
6215
6635
5377
5727
5587
6216
5657
5657
5657
5657
6216
5727
6705
5867
5727
6146
5727
6146
6635
6146
5797
6216
5797
5727
5727
6774
6216
6285
5797
5727
6006
5727
6774
5727
5727
5727
6216
5308
6635
6635
5727
5797
5797
5796
5169
6146
5867
6565
5657
5657
5727
6286
5308
5797
5657
5727
5797
5797
5727
5727
6705
5726
5587
5657
6705
5797
6216
5587
5657
5657
5727
5727
6565
6286
5308
6146
6076
5727
5308
7542
6635
6216
5797
5727
5797
5797
6146
6285
5657
5797
5727
6216
6286
5727
5587
5797
6565
6146
6146
6286
6216
6286
6286
6635
5588
6145
5727
5727
5657
5727
5657
5308
5657
6146
5797
5727
6146
5727
6774
5727
5657
5727
6216
5587
5726
5727
6215
6216
6635
5169
6634
5797
5727
5797
6006
5657
5657
5797
5587
5657
6216
5797
5727
5587
5657
5797
6774
4749
5377
6774
6216
6565
6704
6355
6216
6984
6146
6774
6216
5657
6146
5797
6286
5307
5657
5727
5797
6146
6704
5727
7124
5797
5308
6705
14736
4819
4330
4749
4260
5168
4331
4330
4190
4330
4819
4330
4749
4750
4260
4330
4260
8031
4400
4261
4261
3911
4331
4260
4261
4749
4261
4260
4261
4749
4819
4679
5169
5169
4330
4260
4679
3841
5168
4330
4191
4400
4679
4330
4400
4888
4889
4680
4260
4260
4749
4261
4330
3422
4190
4330
3911
4330
4260
4190
4191
4261
4330
4260
4261
4889
4330
4260
4749
4819
4889
4330
4399
4260
4330
4260
4819
4330
4400
4679
4400
4330
4260
4819
4679
4400
4889
4819
4261
4260
4679
4260
4400
4679
4260
4680
4820
4260
4400
3352
4819
4819
5378
4190
5727
6216
5727
5727
6705
6076
7333
5727
5797
5796
6565
5867
6215
5727
6565
6216
5727
5657
6565
6146
5797
5797
5727
6635
5727
6705
5657
6146
5727
5727
5308
5657
5797
5796
5797
6216
5727
5657
6775
5727
6705
6635
6705
6146
6286
6565
5657
5587
6774
6285
5797
5727
5657
5796
5657
6635
5727
6774
6077
5587
6216
5727
6286
5727
5238
6216
6775
6635
6635
5657
5308
5797
6495
6635
5657
6146
5727
5797
6635
6076
6775
6775
5657
5866
6704
6635
5797
6635
6705
6844
5866
5797
7054
6565
5796
6286
6704
6634
5727
6635
6076
6146
5797
5867
7123
5657
6705
5867
6215
5307
5797
5657
5796
6146
7263
6705
5796
6845
5657
5727
5727
6077
6215
8660
5587
6076
6774
5587
6635
5658
6146
6635
5797
5727
6565
6565
5727
5727
5657
7124
6286
5727
6216
6215
5797
5797
6775
6565
6146
5587
6635
6635
5727
5308
6635
5657
5796
7543
6704
6146
6076
5727
5727
6565
5727
6286
5797
5797
6635
5796
5657
6216
5657
11594
6216
6146
5657
5727
5727
6146
5866
5657
5657
6635
6146
5727
5657
5657
5727
5657
6705
5727
5727
6635
6705
6774
6146
6775
6775
6565
5657
6704
7054
6146
5657
6146
6565
5657
6635
5797
5796
6565
6635
6774
6076
7124
6146
6076
5796
5867
5587
5727
6705
5727
6705
5727
6146
5657
5727
5727
5587
5727
5657
6216
6076
6775
5727
5796
6216
6285
6774
6077
6216
5657
5657
5587
6146
5727
6565
6215
6146
5796
6146
5657
6565
5727
5727
4749
6146
5727
6705
5797
6216
6146
6146
5657
5727
5727
5727
6146
5727
5727
5797
6146
6705
6007
6216
6635
6635
6216
6635
5796
5308
5727
5587
5657
5727
6635
6146
5658
5308
6216
5308
6146
5727
6565
6705
5657
5727
5727
6146
6844
5727
6215
6286
6146
6216
5797
6286
6286
6775
6076
5727
5308
5797
6565
5657
6635
6775
6285
7123
5797
5727
16273
6146
6286
6146
5797
6215
6565
6146
6146
6286
6635
5727
6705
6146
7124
5169
5727
5727
6216
5587
6565
6635
5727
5657
5797
5587
6705
5727
6565
5657
5587
6774
5657
5657
5797
5727
5727
5727
6146
6775
6635
6635
6146
5727
5657
5658
6566
5727
6076
6705
6635
6146
6146
5727
5657
5657
5727
6775
6006
5726
5727
6146
5587
6635
6635
6146
5727
5867
6704
5727
5308
5797
6146
6286
5796
6635
6215
6705
6076
5587
5867
5657
7054
6216
6635
5867
5727
6146
5866
5796
5727
6216
6145
16133
6146
5587
6216
5797
5657
6705
6845
5727
5796
6565
5797
5238
6844
6146
5866
5657
5797
6146
5657
5657
5797
5727
5587
5727
5727
5657
5657
6216
6146
5727
6705
5587
5727
6076
5727
6565
5657
6775
5657
7124
5587
6775
5657
5587
5657
5587
6634
5657
5727
5797
5587
5797
6635
6216
6146
5657
5099
5727
5727
5588
6635
6146
5727
5657
6076
5657
6775
5797
6705
6635
6146
5797
5797
6146
6705
5796
5657
6146
5657
5727
6635
6146
5657
5797
6216
5657
6146
6216
5657
6146
6635
5657
6775
6635
6635
6705
5727
6286
6635
5658
6635
5657
6704
5866
5866
6285
5797
6565
5797
5587
5797
6774
5727
5867
6146
5796
6076
5727
13409
5657
5658
6216
5797
5796
6565
5587
6704
6635
5726
5657
5657
6495
6705
5657
5797
5797
5657
5657
6216
5727
6285
5657
6146
5796
5797
5727
5797
5727
6705
6007
5797
5727
6076
5588
5727
5797
5866
6076
6077
5727
5867
5727
6146
6216
6285
5867
6774
5727
5657
5797
5657
6216
5657
6146
5587
5657
5727
6076
5587
5658
5238
5587
6705
6775
5657
6635
5866
5657
6356
5727
6146
5727
5797
5587
6635
5518
6704
5796
5657
6565
5726
6635
5867
5727
5727
6146
6774
5657
6704
5797
6216
6077
6146
6286
5658
5587
6565
5657
5797
5657
5657
5657
5657
6774
5657
6705
6146
5797
