1467
1466
1886
1956
1886
1885
1467
1886
1466
1886
1885
1467
1466
1466
1466
1885
9079
9988
8940
9638
8520
9917
8520
10057
9359
9009
8940
8730
9987
8381
9009
8521
8521
8590
8590
10476
10127
13200
9009
10057
9358
9009
10615
9149
8661
10407
8520
8451
10476
8590
8660
8521
8870
8451
8241
8451
8451
9708
8940
9149
10058
9987
9009
8591
9638
8730
9987
9079
8521
8591
8660
10126
8660
8032
7961
8521
7682
8660
8031
7962
8241
8101
9010
9428
8939
9569
7612
9079
7613
7961
8241
8101
9009
7543
9149
8102
8241
8171
8101
8102
9080
8032
8031
8730
8031
7543
7543
8032
7543
7962
7962
8101
8101
7683
8101
8171
8661
8241
8101
7962
17111
7682
8032
7543
7613
8031
7613
9010
8102
8102
8171
7543
8171
8939
8032
8171
8101
8032
8101
7543
9079
9149
7962
8101
9219
8241
8520
8939
7543
8241
8032
8102
8031
8590
7962
8171
7612
7961
7962
8172
9149
8730
8520
8171
16762
7473
9079
8102
7683
7683
7752
9149
9219
7752
9010
9429
7962
9009
9150
9009
8171
7683
8172
7962
7472
9498
9010
9010
8660
8521
8171
7753
8101
8171
8031
7752
8102
7683
9498
8101
8102
8032
7962
7752
7543
9429
8451
9498
7613
7962
8102
9429
7752
8101
15784
8450
8940
7473
10127
8102
9569
8102
7683
7682
7542
8101
7612
7543
8032
7543
7962
8241
4819
5238
5238
5239
5727
5238
4819
5377
5238
5238
4749
4889
5238
4888
5168
4889
4889
4749
5168
5238
4889
4749
4819
5867
4889
5238
5238
4749
6216
4819
4819
5308
5657
5099
4819
5238
4680
4750
4819
5238
4749
4889
4749
5168
7752
9498
7194
9149
8102
7752
7753
7543
8102
7683
8101
7613
7752
15853
8171
7752
8032
7962
7962
7613
8172
9568
8171
7682
8032
8171
7962
7822
7682
7682
7752
9149
8731
8101
7613
9149
7752
7753
9079
7962
7752
8101
6565
7962
7753
7752
7683
7682
8101
7612
7682
8102
9498
9498
9498
7752
7892
9499
8032
7682
8172
8032
8102
8521
8031
7962
9080
7962
8451
7683
8171
7753
8102
8101
8102
9150
7683
8031
8101
8102
9638
9429
8101
7682
7543
8451
7962
8520
8031
7543
7682
8102
7682
7961
8102
8172
7543
7682
7612
7612
7752
8521
8101
9219
8171
7542
7822
8032
8102
8031
9080
7543
7682
7613
8032
8101
8311
7752
7613
7752
8102
8521
8590
8102
9150
7682
8031
7543
8101
9009
8032
8032
7682
8451
9149
7683
8102
9149
8171
9079
8032
7683
9359
7543
9009
9498
9010
7752
8171
7752
8032
8102
7612
7543
9079
8101
8032
8172
8242
8940
9359
8940
9009
8939
7962
7543
7683
7961
8031
8101
16343
8102
8102
7683
8730
8171
9219
7543
8032
8032
9149
8102
8590
7962
9009
7682
9568
7543
8101
9498
7612
7962
9219
7543
7683
7683
9848
7613
8031
7543
8032
8031
7543
7962
8031
8521
8032
8171
8031
15854
7752
8101
8102
7612
8102
9359
7543
8241
8241
8660
8381
8102
7473
7613
8171
8521
8241
7543
7962
8102
7543
7682
7682
7683
7962
9079
9359
9079
7962
8102
9009
7683
9079
8171
8101
7683
7682
7613
8101
8032
7682
7683
8102
9359
8102
7682
7543
8939
9149
7682
8660
9079
7613
9079
8032
7682
7962
8102
8032
7962
8590
8171
9638
7613
8590
8521
8242
7962
8171
8031
8101
8241
7752
8172
8101
8661
8102
7962
9150
7542
8172
8939
7962
7543
8102
7612
7752
8171
8032
8031
8521
8172
7682
7612
7543
8171
7543
7682
7682
7682
8032
7752
7543
8102
8101
7682
8241
8032
8242
7612
8102
7962
8172
9149
8241
7543
8171
8521
7613
7962
7613
7962
8171
9009
7682
9568
8032
8032
9080
8032
8102
7683
8102
7543
9149
7612
7613
8032
7682
8101
9010
7682
8031
9568
9498
7682
9010
9428
8171
7962
7682
8939
7752
8102
8102
8381
9149
7473
9149
7752
8102
7962
7682
8590
9009
9010
7612
9080
7682
8032
9428
7752
7682
8242
8032
8451
7613
9149
8870
10057
8031
7612
7543
8102
7613
8031
7752
8101
8102
8102
7613
8031
7753
7683
9219
8940
8102
8101
8521
8172
7543
8031
8032
7683
7682
7961
8591
8591
7612
7683
8171
8731
7683
15155
9149
7962
7682
8032
7613
8241
7752
8032
8521
8101
8171
8101
7543
7962
8939
7543
7753
7683
7682
8101
8521
7892
7752
8730
8031
7962
7613
9219
8870
7613
7613
7543
7543
9987
9707
15714
8031
7752
9009
17180
7962
7962
9568
8521
8521
8171
9638
11104
10965
10336
8660
8660
8940
8940
8101
8520
7543
8031
7613
7683
8101
7543
7962
8032
7683
8032
8101
8101
7612
8102
9429
7543
9359
9987
8450
7612
7613
7961
8101
8171
7752
7962
8101
8031
8101
7962
7962
8031
8590
9079
7962
8031
9359
9080
9149
8101
8172
9498
8380
8171
7962
8242
8590
7613
7682
9079
8660
9009
8102
9009
9219
7753
8172
7892
7612
8171
8591
7962
8171
8451
7473
8102
8101
7682
8102
9917
9638
7962
8032
7752
9499
8101
8032
7682
8172
7752
7612
8171
7543
8031
8032
7542
9498
8032
10057
8591
8032
7962
7962
8241
8032
8590
7892
9149
8171
8171
9149
8102
8171
7752
9080
7613
8102
7962
9987
7543
8171
9498
9568
8101
8031
8171
8940
8102
9568
7752
9080
8032
8032
8241
8591
8032
7753
8172
7612
7613
8242
8032
8590
9149
7752
8032
8660
8451
8101
8032
7613
16482
9079
8032
8242
7612
8660
8101
7612
9009
8032
7962
9638
8101
7962
7752
7752
9359
7473
8101
7753
8940
9010
9009
8171
8101
8102
8171
7613
8241
8521
7682
8031
7683
8102
8102
8450
8171
8241
8590
8521
9358
7962
7683
7683
7682
8031
7613
7613
7962
8101
8031
8939
7683
8032
8241
8940
8171
8102
8031
7683
8032
7752
8172
9010
8172
7752
9358
7612
9848
8730
8032
9428
7683
8031
8101
8102
7682
8031
9498
7543
8940
8032
8031
8102
7962
8171
8521
8870
9149
8102
8102
7682
8031
8172
7683
9010
8032
7683
9079
8939
9428
7961
7752
