9498
11943
9848
9428
9359
10406
9499
10895
9149
9638
10965
10267
9638
9639
11454
9638
9568
11035
10965
9498
9568
9149
9847
17949
9010
11454
10895
9010
9499
9638
9638
10127
9359
10546
9079
11105
9707
9917
9568
10057
10127
9498
9568
9079
9080
18717
9499
9149
9568
9359
9219
10406
9569
9987
9638
9358
9499
9638
9010
10616
9568
9358
10057
9568
10477
10896
9079
9568
9568
9498
9569
9428
9009
9499
9498
9358
9358
9498
9359
9428
9987
11035
9428
9429
9499
9149
9848
9638
9149
9010
9428
9429
9358
18507
9428
9429
9009
9358
11034
18228
9568
9359
9009
9498
9499
9499
9638
9009
9987
9079
10127
10057
7194
6775
6215
6146
6215
6146
6286
7194
6774
6355
6146
6146
7054
6635
6635
6216
6635
7193
6286
7264
6705
6216
6146
6565
7682
7193
6775
7054
7124
7263
11384
9988
9080
9359
9499
9568
10337
9219
10476
11384
9638
17530
8869
9777
10895
9429
9429
9009
9498
13200
9149
9638
9498
9358
9568
9568
10616
9499
9010
9149
9498
9568
9638
10616
9010
10895
10476
10895
9010
9079
9499
9359
9988
9778
9219
11105
9499
10476
9498
9568
9708
9568
10057
9428
11034
9569
9079
9010
10965
9149
2444
2375
2305
2864
2444
2863
2374
2375
2305
2933
2934
2863
2794
2793
2864
2794
2794
2794
2305
2794
2444
2864
1955
2444
2864
2933
2864
2374
2374
2445
2864
9568
15226
10057
19416
9149
9917
9917
9080
9010
9428
16762
9010
9010
9498
9079
9498
9149
9359
10965
9079
10057
9288
9149
10685
10896
9149
9987
10406
9638
10896
9499
9428
9150
9079
9638
9150
10616
10337
9080
9918
17460
19067
11873
9917
9429
10685
9498
9499
9987
9638
9568
9568
10895
8171
9987
9638
11105
9638
9987
11314
10965
10057
11104
11593
9568
11034
11943
9499
11384
10896
9638
11384
11873
11384
9568
10406
9638
10476
11245
10476
9358
11105
9778
9428
10197
9917
19835
9498
10476
9638
11593
9987
11384
9568
9638
10127
9848
9009
11454
9638
11384
9358
9639
9987
10546
11385
9498
9499
10476
9428
10546
9428
9010
9149
9568
9638
9638
9569
10825
9429
9079
9010
9010
9638
9498
10476
10476
10407
9149
9359
8940
9428
11384
9569
10896
10826
9988
9428
10546
11035
9498
9149
9429
10896
9429
9080
10896
9848
10057
9499
9499
10476
9918
9080
9080
10407
10616
10476
9428
9498
9429
9219
10825
9987
10896
9010
9429
9499
9150
9499
9569
10406
10127
11105
9499
10547
10826
10197
9499
10337
9428
9987
9080
10127
9219
9429
10616
9429
9848
9429
9080
10825
9010
11594
9219
9638
9708
9359
9428
9429
9149
9499
9639
11384
9498
9429
9918
9009
9918
9219
9638
10336
9568
13829
11035
10476
9918
9568
9079
9639
9848
9639
9918
8521
9569
9568
9917
10895
8940
9918
10476
8940
9498
9569
9639
9708
9498
9499
9918
9568
10547
10895
9359
10336
9568
11943
9568
11943
10127
11105
10547
10477
9638
10476
10407
9009
9359
9149
9429
9499
10755
9569
9359
9498
9429
9079
9079
9499
9429
9638
9639
9010
9219
9569
9639
9428
9498
10896
10896
10058
11175
9080
9080
10966
11035
9639
9639
9569
11454
8940
9499
10895
11035
9498
11035
10127
10546
10476
10406
9847
9639
11384
11804
9918
9848
10756
9010
9429
9010
9568
9569
9568
10547
8940
9499
10057
9499
9429
9150
9219
9569
9428
9498
9499
9498
9010
10616
9149
9638
9080
9429
9639
9080
9498
9010
9499
9498
9009
9568
9498
9499
10965
9499
9639
9079
9499
10407
9499
10128
9080
9429
10895
9429
11105
10616
9498
9150
9429
10616
9429
9569
9150
10336
9358
9638
9499
9009
9498
9219
9917
9499
9289
9429
9010
11524
10128
9499
9079
10966
9289
10826
9080
9568
9429
9499
9568
9009
9429
9219
9918
9150
9149
9010
9080
11385
13200
16343
12572
10407
9917
9988
10407
10896
12292
13898
10127
11873
11594
13270
9429
11244
10476
9918
9568
9499
9708
9079
9009
18508
11943
14667
17041
9569
11804
11804
11524
11105
10965
10756
10965
11524
11454
11105
9499
9917
11804
10127
10406
9708
9569
10616
9009
9499
9639
9848
10128
13759
10895
11315
11664
10616
10127
11105
11873
10406
11804
10477
12781
9917
13759
13200
16553
21302
10057
10756
11593
9499
9987
9918
11454
11384
9639
8940
9010
9708
10127
11943
11384
9847
10966
28077
9638
9080
9429
9428
10966
9638
9918
9569
9918
9988
9219
10896
9708
9569
13759
13340
11873
13410
12013
9429
9009
12292
10965
10895
10127
11384
10406
10965
10476
9569
10477
9499
9498
9428
9638
9499
9429
9220
9498
12921
11384
9499
9429
9289
9639
9499
11035
9149
10965
9429
9638
10966
9010
9080
9429
9638
10616
8940
9498
9917
10616
11873
14388
15784
12292
13340
10755
12152
11315
12991
11315
15156
12781
11035
9987
9918
9917
10057
22909
9917
9498
10965
10406
10058
11105
11734
10476
22489
12362
11036
9149
10406
9010
8521
9149
9498
9499
9499
10965
10267
13131
12572
11454
9499
9988
9987
11454
10127
9499
9428
12991
10058
9080
11315
11873
11873
10895
11454
12502
9778
9219
10477
9988
9498
10127
9569
10965
12990
14736
11105
11594
12222
12432
11873
15156
9289
9009
9359
9498
10546
10407
9848
10896
9638
9638
9150
9499
9499
9429
11874
10407
9499
10617
9429
10895
9639
9568
10755
10057
9917
12572
9498
9429
9569
9079
10755
9219
10616
9080
9010
9987
11105
10896
9917
9638
9987
10127
9848
10616
10546
9079
9358
9987
9708
10336
10127
11943
9568
10127
10547
11175
9079
9219
9568
10546
10477
9569
9080
9219
9010
9009
10546
9010
9149
12432
9079
9498
9499
9568
18229
17531
16204
11803
14458
14876
12013
13410
12013
11105
11384
12432
15644
13339
12781
14248
11454
12990
12013
16552
12432
10965
13829
13200
10895
11873
11594
13131
11036
15365
13829
11803
13829
13339
13828
12012
11594
12083
11455
19207
20464
16134
12013
10755
10406
11384
11385
11314
10337
11105
11943
11664
12432
16762
15784
13550
14248
10547
11385
12502
13479
11943
15435
11524
11384
15784
11804
12711
11524
11524
9918
9917
10057
11105
18788
10058
9079
