1885
2375
1886
1956
1956
1956
1885
1816
2304
1816
1886
1886
1955
1886
1886
1955
1886
1886
1886
1467
1956
1886
1886
1886
1886
1886
1886
1885
1955
2305
1956
1886
2374
6216
6146
6636
6146
6076
7124
7054
6146
7125
5867
6216
6355
6286
6146
5797
7194
6216
7613
8102
6147
5727
6076
6286
6146
6285
6286
5797
5798
6705
6216
7194
6077
5727
6077
6147
6635
7194
6216
6705
7264
7054
7194
6146
6286
6216
7264
6077
7194
6286
6216
6147
5727
6216
5797
6216
6146
6146
6146
6146
5797
7054
6217
5797
7194
6216
6147
6077
7124
6705
5727
6635
6076
6146
6146
6775
6006
6216
6286
6216
6216
6146
6077
6077
6216
6147
6076
6286
6216
6705
6147
5797
6146
5866
5797
6146
6286
6286
5797
6146
6146
6286
5728
6216
6146
6077
6286
5797
7124
6286
6146
6076
6216
7124
6286
5727
6147
6705
6286
6076
7683
5797
7124
7194
6076
7054
7124
6147
6216
6217
6147
6356
6705
6356
5867
6285
6286
5797
6216
6146
6775
6216
7264
7124
7124
6286
7124
6146
5727
6635
6635
7124
6146
5727
6286
7194
7125
6146
6216
6077
5797
5658
7124
5657
6286
5727
14877
5657
6286
6496
6775
6146
6286
6217
5657
6775
6147
6007
7194
6007
6705
6216
6216
6286
5588
6286
6147
5657
6146
6775
6147
6146
7264
6216
5797
6286
6216
6147
6217
6147
6216
7055
6147
6984
6147
6216
5797
6146
6146
6146
6076
6286
6216
6076
12851
6216
7054
6146
6077
6705
7194
6146
5797
7194
6705
7124
5797
6286
6216
6775
6146
7054
6146
5727
7194
7124
6635
6216
6146
6216
6636
5797
7054
6286
5727
7124
7054
5797
5797
6146
6216
5727
5797
6216
6566
6775
6216
6216
7194
6286
6146
6216
6635
5797
6635
5797
6286
6217
6286
6286
6216
6286
5867
14248
6775
6705
6286
7054
6146
6216
5727
6146
6216
6146
6984
6146
6635
6147
7194
6076
6775
6076
7054
7613
5797
7124
7194
5378
6077
6286
5797
6286
7124
5657
6286
6216
6286
5727
5657
6216
5727
6216
6984
6077
6216
6635
6356
6216
6076
6286
7054
7124
7264
6216
6077
7264
7054
7124
7054
6077
14947
6286
6216
6216
6286
6076
5797
6216
6286
6286
6146
6216
5728
7194
6286
7264
7264
6146
5588
7125
6076
5727
6286
6355
7054
7124
6146
5727
6146
6216
6076
6566
6705
6077
6705
6216
6845
7263
7054
6775
6217
6146
5657
6705
6775
6146
6146
6216
5727
6076
6286
6216
6076
6146
6285
6147
6216
6286
6147
7194
5797
6216
6216
6216
7054
6286
5727
7124
6146
7264
6216
7054
6077
5727
7124
6146
6217
5238
15994
6146
7054
6216
6146
6076
6705
6146
6286
6286
5797
6286
5727
6146
6077
5308
5727
6286
6216
6146
6146
6705
7124
5797
6216
6216
6216
6217
7054
6217
6077
6286
6216
6147
5797
6355
6147
7054
5797
6216
5657
6705
6216
6216
5308
6635
6217
6077
8102
6007
6146
5657
7194
6216
5797
6146
6147
7194
6216
6146
6705
6076
5797
6217
6216
6146
5657
5797
7264
7054
6146
5727
6146
6355
6146
6216
5727
6076
7054
5797
6216
6216
6216
6635
6147
6216
6286
6636
7125
7194
6636
6077
6147
5798
7124
6146
7124
6635
6565
6217
5797
7124
6146
6076
6076
6635
6146
6216
5727
6077
6286
7263
6146
6286
5797
6216
6146
6146
6146
6775
6216
5657
6146
6705
7054
7264
6076
5797
7124
5727
6146
6636
7124
5728
6985
6077
5867
6635
5727
7193
6635
6147
5797
6147
6216
6146
6077
7055
6146
6147
6775
6216
6146
6216
6216
6216
6216
6146
5658
6286
5797
7264
6216
7264
5727
6216
5727
5727
6146
6146
6635
6356
6146
5658
7124
7054
7054
6146
5727
7054
6635
6216
5658
6146
6565
6216
6705
7054
7124
6216
7264
6635
6635
6636
6077
6217
5727
5588
6146
6984
7194
8451
5657
6216
6146
6705
6216
6147
6775
6216
6216
6356
7055
5867
5797
6705
6146
6775
6705
6216
5727
6216
6286
6076
6146
6216
6216
5657
6286
5588
6216
6146
7264
6216
5727
6146
6076
6216
7054
7124
6705
5727
6286
6286
6146
6147
6146
6006
6286
6146
5797
6774
6147
7055
6984
6147
6217
5728
6286
6775
6286
5308
6216
7054
5727
6216
6775
7125
7124
6147
5797
6775
6216
6147
6775
6636
6077
5657
6286
6146
7124
7055
6635
5658
6286
6146
6146
6985
7194
7124
6286
5727
7124
6286
6147
6146
6635
5867
6076
6216
6006
6147
5797
6146
6705
6775
6216
6216
6705
6146
6216
6216
6076
6216
5657
6566
5658
6775
6286
7055
6496
6147
7124
6076
7194
6635
6285
6775
6286
6147
6147
5657
6984
7193
5727
6216
7124
7264
6844
6286
6216
5727
6146
7054
6147
6146
5797
6147
6216
7124
6775
6146
7054
6076
6286
6076
6216
5797
6286
6216
6216
7054
6146
5727
6077
7055
6217
5797
6705
6146
5797
5797
6146
6216
6146
6286
3842
3772
4260
3841
3772
3422
3352
3911
3841
4190
3352
3701
4331
3352
3353
3353
3841
3772
3283
3772
3353
3841
3422
3772
3283
3771
3772
3842
3282
3842
3772
3772
3701
3772
3771
3842
3841
3283
3911
3771
3772
3422
3283
3283
3772
3353
3841
3772
3283
3912
3702
3841
3283
3352
3842
3283
3911
3353
3842
3911
3841
3842
3771
3353
3842
3772
3841
3702
3842
3282
3352
4260
3772
3841
3772
3702
3353
3422
3911
4331
3702
2444
2374
2375
2445
2374
2794
2933
2375
2933
2933
2794
2305
2375
2863
2445
2375
2864
2794
2933
2933
2375
2444
2864
2794
2863
2445
2305
2374
2864
2864
2375
2375
2375
2863
2863
2305
2794
2374
2864
2864
2375
2445
2864
2793
2374
2375
2445
2445
2864
2864
2863
2374
2864
2444
2375
2864
2304
2444
2375
2864
2863
2375
2305
2444
2375
2375
2863
2374
2864
2374
2863
2374
2375
2375
2375
2864
2445
2864
2864
2375
2934
6146
5727
5798
7124
7264
5797
6216
6077
6216
5797
5797
6636
5727
6147
7124
7194
7054
6146
6216
6286
5727
6216
