1466
1467
1396
1397
1397
1397
1397
1396
1397
1397
1467
977
1396
1467
1467
1396
978
1466
1467
1466
1397
1397
1955
1467
2375
1397
1956
1466
1397
1886
1815
1886
1466
1886
2794
1467
1396
2375
1397
1955
1466
1396
1397
1886
1397
1886
2444
1467
1397
978
1396
978
1886
1466
1467
1467
1466
1397
1397
1467
1467
1466
1397
1467
1467
1396
1397
1396
1397
1397
1467
1467
1467
1467
1397
1466
1467
1396
1397
978
1397
1885
1466
1886
1397
1396
1396
1397
1467
1467
1467
1466
1396
908
1467
1397
1397
1466
1397
1466
1886
1467
1397
978
1467
1397
1466
1467
1467
1467
1467
1467
1466
1397
1396
2374
1467
1397
978
1467
1396
1397
1467
1397
1397
1397
1397
1397
1885
1397
1467
1885
1885
1397
1956
1886
1397
1955
1467
1886
1397
1466
1955
1397
1466
1885
1467
1886
1466
1885
1466
1397
978
1396
908
1956
1886
1397
1397
1397
1397
1396
978
1886
1467
1467
1466
1397
2444
1397
1956
978
1466
1397
1885
1397
1466
1886
1397
1397
1886
977
1397
978
2304
1397
1397
1397
1467
1397
1397
1886
1886
1397
908
908
1396
1956
1886
1885
1397
1397
1467
1397
1466
1466
1397
1467
1467
2863
1396
977
1397
1467
1885
978
1397
1397
1396
1885
1467
1397
1466
977
1397
1396
1886
1885
1397
1886
1397
978
1886
1397
1397
1397
1467
1467
1467
1467
1466
1885
1467
1467
1886
1467
1956
1955
1466
1397
1467
1397
1467
1467
1885
1467
1397
1885
1886
1467
1467
1397
1397
1885
1885
978
2444
1397
1466
1886
1466
1886
1466
1467
1467
1466
1885
1397
1397
977
1886
1467
1396
1886
1467
1396
1885
1955
978
1886
1397
1467
1396
1397
1885
1467
908
1397
1397
1397
1397
1467
978
1397
1396
1396
977
1467
1467
1467
1397
1397
1955
1467
1466
1397
978
1397
978
1397
1397
1885
1397
1467
1467
1466
1466
1885
1397
1886
1397
1396
1396
1467
1397
1467
1466
1397
1466
1396
1397
1466
1397
1466
1467
1397
1397
978
1396
1466
1397
1467
1466
978
1397
1467
1467
1396
978
1467
1397
1467
978
1467
1885
1466
1466
1397
908
1467
1396
1466
1467
1466
1466
908
1466
1397
1467
1466
1467
1466
1396
1467
1467
1467
1397
1397
1467
1467
1397
1467
1466
1466
1466
1396
1467
908
1466
1467
1466
1397
978
1467
1397
1396
977
1466
1467
1397
1467
1397
1327
978
1397
1466
1396
1397
1397
978
1467
1467
1886
1397
1466
1466
1397
1396
1466
1466
978
1396
1397
1397
1397
1396
1397
1397
1886
1466
1466
1396
1466
1397
1466
978
977
977
1397
1397
978
1467
908
1467
978
1467
1467
1467
1466
1466
1955
1467
1467
1397
1396
1467
1397
1396
978
1466
1397
1466
1396
1467
1397
1886
1397
1955
1466
1397
1396
1397
978
1396
1885
1467
1467
1467
1397
1397
1397
1467
1466
1397
1397
1467
1397
1396
1396
978
1467
1397
1466
1397
1466
1396
1467
1397
1467
1467
1397
1466
1396
1466
1397
1396
978
1467
1467
1397
1397
1886
1397
978
1397
1466
1397
1397
1466
1467
1397
978
1397
978
1397
1397
1467
1466
1467
977
1397
1397
1467
1466
1397
1396
1467
1467
7752
1397
978
1955
1397
1397
1467
1467
1396
1397
1397
1397
978
1397
1397
1466
1467
1467
1397
1886
1467
1466
977
1396
1467
1397
1467
1396
1467
1397
1397
1466
1956
1467
1467
1397
908
1466
1467
1396
1466
1466
1467
1397
1396
1397
1397
1466
1396
1466
978
1397
1466
978
1396
1397
1396
1467
1467
1466
978
1466
1397
1467
977
1397
1397
1397
978
1467
1396
1396
978
1467
1397
1467
1467
1466
1396
1467
1467
1467
908
1397
1397
1397
1466
1467
1466
978
1397
1396
8101
1466
1467
977
1397
977
1396
1396
1466
1467
1397
977
1886
1397
1397
1467
1397
1397
1397
1886
1885
1466
1467
1396
1467
1397
1397
977
1396
1467
1397
1466
1956
1466
1397
1467
1397
1397
1397
1397
1467
1467
1467
1467
978
1397
1467
1397
1467
1397
1397
1397
1396
1397
1397
1397
1397
1467
1397
1467
1467
1885
1397
1397
1467
1466
1466
1467
1466
1396
1467
1466
1467
1466
1466
1396
1467
1467
1467
1396
978
1466
1397
1397
1955
1466
1467
1467
1467
1467
1396
1466
1466
1466
1397
1397
1397
1397
1397
1955
1396
1397
1397
1397
1397
1397
1397
978
1466
1467
1467
1396
1396
978
908
977
1467
1397
978
978
1397
1396
1396
1467
1886
1397
1886
1466
1467
1467
1396
978
1466
1397
1397
1397
1467
1467
1396
1396
1397
1397
1466
1397
1885
1397
1467
977
1397
1886
978
1397
978
977
1397
1467
1466
1466
1467
1397
1886
1397
1397
1397
1397
1397
1466
1396
1467
1397
1397
1397
1467
977
1467
1397
908
1397
1467
1397
1886
1397
978
1467
1955
1466
1466
1886
1466
1397
1467
1397
1397
908
1397
1467
1467
1816
1467
1397
1467
1397
1397
1397
908
1466
1467
1467
1466
1466
1466
1397
1397
1396
1397
1397
908
1397
1467
1466
1397
1397
978
1467
1397
1466
1466
1397
1467
1466
1466
1466
1397
1466
1467
908
1396
1397
1466
1397
1885
977
1397
1397
1467
1467
1397
1467
978
1397
1467
1397
1466
1466
1397
1397
1816
1397
1466
1397
1397
1467
1396
1397
1396
1396
1397
978
1396
1397
977
1396
1397
1397
1397
1396
1397
978
978
1466
1397
1466
1397
1466
1467
977
1467
1467
1466
1467
1467
977
1397
908
1467
978
1397
978
1467
1466
1466
1886
1397
1466
1886
1397
908
1396
1466
1397
1467
1467
1396
1397
1466
1396
1467
1397
1397
1396
1466
1466
1956
1397
1396
1467
1466
1397
1467
1467
1466
1396
1467
977
978
1397
1467
1397
1467
977
1467
978
1467
977
977
1397
31916
1397
1396
1467
1467
1467
1467
1466
1466
1397
1397
977
1467
1397
