1467
1467
1397
1397
1466
1397
1467
1467
1886
1397
1397
1397
1467
1397
1397
1397
1397
1466
1467
8521
1397
1467
1397
1467
908
1467
1466
1466
1955
1886
1466
1397
1396
1397
1466
1467
1396
1886
1886
1397
1466
1467
1467
1467
1885
1816
1397
1886
1886
1886
1397
1816
1466
1397
1467
1397
1397
1467
1467
1467
1466
1466
1397
1467
1466
1466
1886
1467
1886
1816
1397
1397
2305
1956
1467
1467
1397
1956
1466
1467
1467
1467
1467
1397
1467
1397
1397
1467
1397
1397
1397
1466
1396
1396
1467
1397
1397
1886
1467
1886
1397
1466
1397
1467
1467
1885
1397
1886
1397
1397
1467
978
1397
1397
1467
1466
1815
1397
1397
1397
1467
1397
1467
1467
1466
1467
1955
1397
1397
1396
1397
1466
1397
1886
1467
1397
1955
1467
1397
1467
1397
1467
1397
1466
1397
1397
1396
1397
1466
1466
1467
1466
1397
1397
1466
1396
1396
1886
1397
1466
1886
1467
1885
1886
1397
1397
1396
1397
1397
1467
1467
1397
1397
1397
1886
1467
1397
1396
1397
1467
1397
1467
1467
1397
1397
1397
1466
1885
1886
1397
1467
1396
1885
1397
1467
1466
1886
1396
1467
1397
1397
1397
1466
1467
1467
1467
1397
1397
1397
1397
1397
1396
1396
1467
1397
1466
1467
1397
1397
1397
1396
1466
1467
1466
1397
1397
1397
1397
1467
1396
1397
1885
1467
1397
1955
1466
1397
1397
1397
1396
1397
1956
1466
1397
1467
1397
1467
1956
1397
1467
1467
1886
1467
1397
1886
1397
1467
1466
1396
1397
1467
1327
1397
1397
1816
1397
1397
1467
1466
1396
1466
1397
1397
1397
1397
1885
1466
1397
1466
1467
1397
1397
1397
1397
1466
1397
1467
1466
1467
1467
1467
1397
1466
1816
1886
1885
1467
1397
1467
1467
1467
1397
1397
1885
1466
1397
1466
1397
1886
1397
1397
1397
1397
1466
1397
1397
1467
1885
1466
1467
1467
1396
1397
1886
1397
1466
1466
1816
1397
1467
1397
1397
1397
1397
1397
1886
1886
978
1397
1467
1397
1397
1467
1467
1467
1397
1397
1885
1467
1397
1955
1466
1397
1397
1397
1467
1955
1397
1397
1396
1467
1467
1396
1467
1466
1397
1955
1467
1466
1397
1886
1396
1467
1397
1467
1886
1397
1397
1886
1886
1466
1467
1397
1397
1397
1467
1467
1466
1397
1466
1397
1397
1397
1397
1467
1467
1397
1815
1467
1467
1397
1467
1886
1467
1466
1397
1397
1397
1466
1467
1467
1466
1466
1886
1397
1467
1397
1886
1886
1466
1467
1886
1466
1396
1396
1397
1397
1397
1397
1466
1397
1467
1397
1397
1397
1396
1467
1467
1397
1397
1467
1397
1955
1885
1886
1397
1466
1397
1396
1467
1467
1466
1467
1815
1467
1396
1397
1816
1397
1467
1885
1467
1467
1886
1886
1467
1397
1467
1467
1397
1467
1886
908
1885
1397
1955
1466
1397
1467
1467
1397
1397
1397
1955
1396
1396
1467
978
1886
1467
1466
1466
1886
1396
1397
1466
1467
1885
1396
1397
1397
1397
1467
1467
1466
1397
1467
1467
1816
1397
1466
1885
1466
1886
1397
1397
1397
1885
1397
1397
1396
1467
1397
1397
1396
1396
1397
1397
1396
1467
1397
1886
1467
1397
1397
1397
1397
1397
1397
1466
1397
1955
1886
1955
1397
1466
1816
1467
1886
1396
1397
1466
1397
1397
1956
1467
1466
1467
1397
1397
1396
1397
1467
1466
1467
1467
1885
1886
1397
1397
1466
1397
1467
1467
1397
1397
1886
1956
1397
1397
1467
1397
1467
1467
1397
1397
1467
1396
1467
1466
1397
1397
1397
1466
1397
1466
1397
1467
1467
1466
1467
1397
1397
1467
1955
1467
1886
1467
1397
1397
1885
1396
1467
1467
1396
1467
1466
1467
1467
1397
1956
1816
1466
1396
1397
1467
1885
1886
1467
1467
1467
1397
1466
1396
1467
1467
1397
1397
1396
1397
1397
1467
1396
1397
1396
1467
1397
1397
1397
1467
1956
1397
1466
1467
1397
1466
1466
1467
1886
1467
1467
1397
1397
1397
1886
1467
1466
1466
1396
1397
1397
1397
1467
1885
1397
1467
1466
1467
1467
1466
1467
1886
1886
1397
1396
1397
1955
1886
1466
1886
1467
1467
1467
1397
1467
1467
1396
1397
1397
1955
1396
1397
1396
1466
1467
1466
1886
1467
1467
1396
1467
1466
1955
1397
1466
1466
1397
1397
1886
1466
1397
1397
1886
1815
1815
1886
1396
1397
1397
1467
1886
1467
1886
1467
1396
1397
978
1397
1467
1956
1396
1467
1467
1397
1397
978
1397
1467
1396
1466
1466
1397
1467
1466
1467
1886
1466
1396
1467
1886
1397
1467
1397
1467
1467
1396
1466
1466
1466
1397
1397
1467
1466
1397
1816
1467
1396
1886
1466
1397
1886
1396
1467
1397
1466
1397
1467
1467
1396
8660
1886
1885
1396
1955
1396
1466
1467
1466
1885
1467
1466
1886
1466
1885
1466
978
1956
8870
1396
1397
1397
1467
1816
1886
1396
1467
1397
1466
1396
1886
1467
1467
1396
1396
1886
1467
1885
1886
1886
1397
1466
1397
1466
1467
1467
1467
1467
1466
1397
1396
1466
1886
1467
1955
978
1397
1466
1466
1956
1467
1396
1466
3771
1397
978
1466
1397
1397
1466
1886
1397
1466
1466
1467
1466
1466
1466
1886
1466
1467
1467
977
1467
1397
1466
1955
1467
13828
1467
1397
978
1956
1467
1885
1886
1467
1467
1467
1886
1467
1466
1397
1466
1466
1397
1466
1397
1397
1467
1397
1397
1466
1467
1397
1955
1397
1467
1397
1467
1467
1397
1397
1886
1397
1397
1397
1397
1467
1397
1467
1466
1397
1397
1885
1396
1466
1466
1956
1397
1886
1397
1397
1467
1467
1956
1397
1397
1885
1396
1397
1397
1467
1467
1397
1467
1397
1467
1397
1397
1886
1397
1466
1467
1397
1886
1327
1397
1467
1397
1467
1397
1885
1467
1885
1397
1466
1467
1397
1886
1397
1467
1466
1466
1397
1397
1466
1467
1467
1467
1467
1956
1467
1397
1397
1466
1466
1886
1396
1955
1467
1397
1467
1466
1467
1466
1886
1397
1955
1466
1397
