908
1396
1467
1397
1397
1467
1397
1467
1397
1467
1466
2375
1397
1886
1467
1467
1467
1466
1466
1467
978
1466
1467
1397
1397
1467
1886
2374
1467
1397
1466
977
1467
1816
1885
1396
1816
1467
1886
908
1467
1955
1467
1956
1466
1397
1886
1467
1397
1397
1467
1466
1466
1397
1466
1885
1467
977
1467
908
1467
2375
1467
1397
1397
1397
1467
1466
1467
908
1397
1397
1466
1397
1885
1886
1396
1397
1397
1955
1466
1886
1467
2444
1955
1886
1886
1886
1397
1886
2934
2375
1886
6635
2864
2444
2445
9010
2375
2794
1886
2375
2444
1816
1955
1955
1886
1886
1816
1397
1397
2305
3353
1816
2933
1886
1886
2375
1397
1886
2933
1467
1956
1397
978
1886
1397
1886
1956
1397
1467
1397
1886
1886
908
1955
1397
2864
1467
1466
3213
1397
1956
1886
1956
2375
1466
1397
1886
1397
1886
1955
2375
1885
1956
1467
1397
1886
1397
1467
1467
1885
1467
1397
1397
2374
1397
1397
1397
1397
1467
1467
1885
1886
1956
1467
1397
1886
1955
1466
1886
1467
1397
1467
1397
1886
1467
1397
1885
978
1886
1397
1886
1466
1396
1397
1467
1467
1397
1467
1466
1886
1467
1467
1955
1397
1467
1466
1467
1467
978
1396
1467
1396
1467
1955
1955
1885
1467
1397
1397
1886
1467
3352
1467
1466
978
1886
1397
1396
1886
1397
1466
1466
1886
1956
1397
1885
1466
977
1886
1397
1397
1886
1397
1466
1397
977
1886
1466
978
1886
1397
1955
1956
1885
1885
1397
1885
1886
1955
1396
1467
978
1956
1397
1467
1885
1396
1467
1397
1886
1467
1885
1466
1397
2374
978
1467
2444
1397
1886
1955
1397
2375
1467
1466
1466
1397
1467
2444
1467
1397
1886
1886
1397
1886
1397
1886
1466
1397
1466
1956
1467
1397
1397
1885
1467
8940
1397
1467
1466
1467
1467
1885
1397
1467
1397
1466
1467
1397
1467
1886
1466
1466
1466
1397
1397
1467
1397
1886
1396
1467
1397
1467
1397
1956
978
1467
1467
1467
1466
1466
1397
1467
1467
1397
1396
978
1956
1397
1886
1396
1396
1467
1467
1396
1885
1885
1397
1397
1467
1397
1467
1886
1466
1397
2305
1397
1467
1467
1397
978
1466
1885
1466
978
1467
978
1466
1397
1886
1397
1466
978
1467
1397
2445
1397
1466
1467
1886
1467
1397
2445
1955
1397
1397
1466
1466
1467
1956
1956
1466
1955
1466
1467
1886
1467
1956
1467
1466
1397
1397
1397
1397
2375
1466
1466
1397
1467
1397
1396
2375
1396
1467
1397
1466
1467
1396
1467
2445
1467
1886
1467
1397
1467
1397
1397
908
1467
1396
1466
1956
1397
1467
1885
1397
1397
978
1397
1467
1397
1397
1467
1397
1956
1467
1397
1397
1467
1467
1397
1397
1397
1397
1467
9010
1396
1886
1886
1467
1466
1956
1397
2863
1467
1397
1397
1885
978
1886
2375
1466
1397
1956
1467
1396
1956
1467
1886
1467
1816
1466
1466
1397
1466
1467
1816
1397
1397
1467
1397
1397
1815
2794
1397
908
1467
1466
1397
1397
1467
1467
977
1467
1396
1396
1396
1886
1467
2863
1397
1956
1886
1467
1397
1467
1396
1467
978
1397
1886
1397
1467
1466
908
1397
1397
1885
1397
1397
1396
1467
1956
1466
1886
1467
978
1466
1467
1396
1397
1467
978
1467
1956
1396
1397
1397
1467
1467
1467
1397
978
977
1397
1397
1467
1397
1886
1397
1467
1886
1466
1467
1467
1327
1397
1397
978
1397
1467
1397
1397
1886
1397
8172
908
978
1816
1397
1397
1467
1466
1397
1886
2444
978
1466
1396
1956
1467
1816
1886
1397
1397
1467
1397
1885
1467
1397
1466
1886
1397
1397
1467
1467
1397
1397
1956
1886
978
1955
1885
1467
1397
1955
1956
1467
1466
1467
1886
1466
1397
1467
1396
1397
2375
1886
1467
1467
1956
1397
1467
1466
1466
1467
1955
978
1816
1886
1467
1885
978
1467
1466
1397
1466
1397
1886
1956
1397
1467
1397
1467
1885
1467
1397
1397
1397
978
1397
1467
1397
1466
1467
1955
1397
1816
1397
1816
1397
1397
907
1397
1466
1397
1467
1397
1397
978
1467
1397
1397
1397
1466
2375
1397
1466
1397
1396
1956
1397
1397
1886
1397
1467
1467
1397
908
1397
1886
1467
1397
2794
1397
1467
1397
1955
1467
1956
1397
1467
1397
1397
1397
1397
977
1397
1886
1397
1397
1397
1397
1397
1466
1885
1397
1467
1397
1397
1397
1397
1397
1466
1466
1397
1956
1397
1397
1886
1467
1886
1467
1466
1466
1397
1397
1885
1467
1466
1467
1397
1397
1397
1467
2375
978
1886
1886
1397
1885
1397
1886
1396
1467
1396
1397
1886
1397
1397
1397
1397
1956
1397
1885
1466
1396
1397
1955
2305
1467
1466
1396
1396
1886
1397
978
1396
1886
1397
1467
1467
1466
1397
1886
1396
1397
1466
1397
1466
1397
1396
978
1467
1467
1466
1397
1467
1467
1397
1467
1467
1397
1397
1396
978
1397
1467
1466
1397
1396
1397
1466
1466
1396
1467
1467
1466
1397
1466
1467
1397
1466
1397
1466
1467
1397
978
1467
1956
1397
1397
1396
1396
1467
1397
1955
1466
1397
1467
1886
1467
1397
1816
1885
1397
1397
1886
1467
1467
1886
1397
1467
1397
1467
1397
1467
978
1466
1396
1885
1397
1466
1885
1466
1397
1397
1886
1467
1956
1396
1956
1397
1397
1397
1467
1467
1397
1397
1397
1466
1886
977
1467
1397
1886
1466
1467
1467
2445
1467
1466
1886
1397
1467
1956
1467
1397
1467
2863
1466
1397
1886
1397
1397
1886
1397
1467
1885
1956
1397
1397
1467
1396
1397
1396
1397
1467
1467
1397
1885
1467
1397
1467
1397
1467
1397
1397
1397
1396
1396
1467
1467
978
1466
1466
1886
1397
1467
1396
1467
1397
1397
1466
1397
1396
1956
1466
1466
978
1467
1397
1397
1397
1886
1397
1396
1466
1397
1396
1397
1397
1886
1467
1466
1397
1886
1397
1397
1467
1467
1467
908
1956
1397
2375
1956
1886
