1466
1396
1466
1467
1397
1397
1885
1816
1956
1467
978
1397
1397
1396
1397
1467
1397
1467
1397
1397
1397
1396
1397
1396
1886
1466
1467
978
1816
1467
1466
1467
1397
1396
1467
978
1466
1467
1396
1327
1467
1397
1467
1396
1397
1466
1397
1466
1397
1466
1466
908
1397
908
1396
1397
1397
1397
1467
1397
1397
1397
1466
1396
1397
1397
1467
1397
1467
1396
1467
1397
1886
1397
1466
1467
1396
1467
1467
1885
1467
1396
1886
1396
2375
1466
1955
1886
1467
1397
1397
1955
1467
977
1396
1397
1816
1467
1397
1467
1467
1466
1886
1397
1467
1886
1466
1397
1466
1886
1467
1397
1955
1467
978
1397
1396
1886
1397
1466
1397
1466
1467
978
1397
1886
1397
1466
978
978
977
1466
977
1396
1466
1397
1397
1396
1466
978
1466
1397
1467
1397
1467
1396
1397
1397
1397
1396
978
1397
1466
1396
1467
1397
1396
978
1466
977
1397
1397
1397
1466
1397
1466
1885
1397
1467
1466
1466
1466
1397
12361
1466
1466
1466
1397
1467
1397
1397
1396
1466
1467
1467
1397
1397
1397
1397
1397
977
1467
1467
978
1397
1397
1396
1396
1467
1396
1396
1467
978
1467
1467
1397
1397
1397
1397
978
1467
1397
1397
1397
1397
1466
1397
908
1396
1397
1396
977
1397
1886
1396
1397
1466
1467
1466
1327
1397
1885
1396
1397
1467
1886
1397
1466
1397
1467
1397
1397
1467
1886
1396
1466
1885
1397
1886
1886
1467
1466
1397
1396
1466
978
1886
1467
1467
1466
1467
1466
1397
1397
1396
1467
1397
1885
1467
1466
1396
1466
1397
1396
977
1886
1956
1886
1955
1816
1466
1397
1396
1816
977
1397
1397
18158
1397
1396
1467
1396
1956
1885
1397
977
1397
1466
1466
1467
1886
1466
1397
1397
1397
1396
1397
1397
1397
1397
1397
1467
1397
1397
1466
1397
1466
1466
1396
1467
1467
1397
1466
1466
1397
1397
1466
1955
1466
1466
1396
1885
1397
1397
1467
1886
1397
1467
1397
1397
2374
1467
1397
1396
1466
1816
1956
1396
1466
1397
1397
1466
1885
1397
1397
1955
1466
1467
1467
1467
1397
978
1467
1466
1397
1467
2374
1467
1467
1396
1397
1396
1467
1397
1885
1466
2375
1396
1815
1397
1396
1467
1397
1397
1467
1466
1397
1886
1956
1397
1397
1396
1397
1396
1467
1397
1885
1467
1397
1396
1816
1467
1466
1397
1886
1397
907
1397
1466
1396
978
1397
977
1396
1467
1955
1397
1467
1396
1886
1396
1397
1397
1467
1397
1397
1467
1467
1466
1397
978
1397
1466
1397
1955
1886
1467
1397
978
1466
1956
1466
1955
1467
1467
1467
1397
1955
1466
1886
1396
1956
1397
1397
1397
1396
977
1397
1397
978
1466
1467
1466
1397
1397
1397
1397
1397
1397
1397
978
1467
1397
977
1466
1816
1886
977
1397
1396
1397
1467
1397
1885
1467
1397
1466
1466
1466
978
1467
1467
978
1397
977
1466
1397
1396
1885
1956
978
1466
1885
1397
1467
1466
1397
1466
1397
1886
1467
1467
1466
1466
3282
1955
1467
977
1885
1397
1397
1397
1467
1467
1397
1467
978
1467
1467
1466
1397
1397
1466
978
1397
1466
908
1397
1886
1466
1466
1397
978
1397
1886
1397
1397
1397
977
1397
908
1397
978
978
1885
1397
1955
977
1466
1815
1397
1396
1397
978
1396
1396
1467
1396
1397
1396
1397
1397
1397
1397
908
1467
1397
978
1397
1397
1466
1816
1397
978
1466
1397
1466
1396
1397
1466
1397
1466
978
1397
1397
1467
1397
1397
1397
1466
1467
1886
1466
1397
1396
1397
1467
1397
1466
1397
1467
978
1396
1397
978
1467
1397
1397
1397
1815
1466
1467
1466
1466
1886
1397
1397
1466
1467
1397
1397
1816
1466
1397
1397
908
1397
1397
1466
1397
1466
1396
1466
908
1467
1397
1397
1397
1466
1397
1466
1397
1467
978
1397
1397
1467
977
1397
1467
978
1885
1467
1397
978
1466
1955
1397
1466
977
1396
1396
1467
1396
1466
1467
1467
1467
1467
1466
1466
1466
1466
1397
908
1397
908
1467
1466
1467
1397
978
1467
1466
907
1466
1467
1467
1467
1815
978
1397
978
978
1467
1396
1396
1466
1396
977
1397
1467
1467
1466
1397
1397
1397
1397
978
1397
978
1397
978
978
1397
1397
1397
977
1397
1467
1885
1397
1466
1397
1396
1397
1467
1467
908
1466
1467
1467
1397
1396
978
1397
1467
1886
1397
1467
1466
1397
1397
1397
1396
1467
1397
1397
1397
1467
1396
1397
1397
1397
1467
1396
1466
1397
1397
978
1397
1466
1467
1397
978
1397
1397
1467
1467
1396
1956
1466
1467
1955
1466
1466
1397
978
1467
1397
1466
1467
1397
1466
978
978
1397
1466
1397
1397
1396
1467
1466
1396
1467
978
1397
1466
1467
1885
1397
1397
1397
1467
1466
1396
1466
977
1396
1397
978
1397
1467
1396
1467
977
1396
1397
1397
1467
1467
1466
1466
1397
1397
1467
978
1467
1397
1397
1397
1397
1467
1397
1466
1467
1397
1466
977
1466
978
1466
1467
978
1815
1885
1327
1467
977
1397
1397
978
1467
1397
1397
978
1397
14387
1466
1397
1466
1396
1466
1397
1397
1397
1467
1466
1397
1466
1397
1396
1397
1467
1397
1397
978
1397
1397
1396
1467
908
1467
977
1467
1466
1396
1397
1397
1467
1467
1467
1397
908
1396
1467
1467
1397
1467
1466
977
1397
1466
1466
1467
1466
1396
1397
1466
1397
1397
1466
1396
1466
1466
1397
1467
1396
1397
1467
1397
1467
1466
1467
1467
1396
978
1955
1397
1397
908
1467
1397
1397
1467
1397
1467
1397
1396
1397
1397
978
1467
1466
1397
1397
1397
9009
1467
1397
978
1466
1397
1397
1396
978
908
1467
1397
1397
1397
1397
1466
978
1396
1396
1397
1397
1396
1467
1467
1396
1467
1397
1467
1397
1885
1396
1466
1397
1397
1396
1467
1397
1397
1397
1396
1467
1816
1885
