977
1397
1397
1467
1466
1467
1886
1397
1397
1467
1467
1397
978
1466
1397
978
1397
1466
1397
1467
1397
1466
1397
1467
1467
1467
1466
1466
2444
1397
1397
1397
1467
1397
1886
1396
1466
1467
1955
1886
1466
1467
1466
1886
1467
1886
1886
1397
1955
1466
1886
1467
978
1396
1467
1955
1397
1886
1955
1466
1466
1397
1466
1397
1397
1467
1886
1886
1886
1886
1467
1467
1397
2305
1466
1396
1886
1467
1955
1956
1396
1397
1885
2304
1955
1886
1886
1396
1886
2305
978
1886
1885
1886
978
3771
1816
2375
1466
1397
1397
1397
1467
1467
1467
1466
1956
1467
1397
1397
1955
1467
1397
1467
1396
3352
1397
1886
1397
1397
1885
1815
2375
1397
1886
1886
1467
1467
2863
1956
1397
1955
1885
1955
1467
1467
1397
1396
1956
1466
1955
1467
1467
2445
2375
1397
1956
2375
978
1396
978
1397
1956
1397
978
1886
1467
1466
1886
1396
1397
2934
1467
1397
3352
978
1467
1885
1327
1467
1397
1885
2444
1467
1466
1397
1467
1886
1955
1397
1397
1396
1467
2445
1397
1466
1955
1956
2374
1397
1397
1467
1886
1467
908
1467
1467
1467
1886
1886
1466
1397
2375
1886
978
1467
1397
1397
1467
1397
1466
1397
1397
1397
1397
1816
908
2374
1886
978
1467
1396
1397
1886
1397
1397
1467
1467
1467
1467
1396
1886
1886
1467
1467
1956
1397
1886
1467
1886
1885
1886
1396
978
1397
1397
1467
1397
1886
1397
1397
1956
1467
1885
1397
1397
1396
1397
1397
1466
1886
1467
1956
1466
2863
1397
1956
1466
1397
1467
1467
1397
1397
1397
1815
1396
1886
1396
1397
1397
1467
1397
1467
1467
1397
1885
978
1467
1397
1467
1467
908
1466
1467
1397
978
1466
1397
1467
1815
1466
1397
1466
1467
1467
1886
1956
1956
1396
1466
1886
1467
1956
1886
977
1886
1886
1397
1467
1467
1466
1397
1397
1397
1396
1397
978
1886
1466
1396
1467
1467
1467
1886
977
1467
1397
1467
1467
1466
1886
908
1886
1886
7683
1816
1886
1396
1886
1397
1885
1956
1467
1816
1467
1396
1466
1466
1466
1886
1397
1397
1467
1397
1467
1955
1397
1397
1816
1467
1467
1466
1397
1466
1397
2444
1886
1466
1397
1466
1397
1467
1466
1397
1397
1397
1467
1397
2375
1397
1467
1396
1397
1467
908
1886
1397
1955
1397
1466
1397
1955
1467
977
1397
1467
1397
1467
1467
1397
1467
1467
1466
1886
1396
1397
1466
1467
1397
1955
1397
1467
1467
1396
1885
1396
1396
1397
1466
1466
1466
1467
1466
1467
1397
908
1467
1397
1467
1467
1886
2864
1467
1397
1467
1886
977
1397
1466
1397
1955
1815
1886
1397
1466
1466
1467
1467
1397
1467
1956
1466
1886
1467
1955
1467
1885
1397
1396
1467
1886
1397
1885
1885
1396
1397
1816
1396
1467
1886
1397
1466
1396
1397
1466
1885
1397
1466
1956
1467
1886
1397
978
1466
1886
1397
1956
1467
1467
1466
1397
1396
1397
1397
1467
1886
1397
1397
1397
1467
1397
1397
1397
1467
1467
1466
1397
1397
978
1956
1816
1467
1397
978
1467
1467
1397
1467
1397
1467
1467
1397
978
1467
1397
1467
1467
1397
1467
1955
1885
1467
1397
908
1467
1466
2305
1466
1396
1466
1397
1397
1955
1466
1467
1956
1397
1885
1467
1886
1886
1396
1397
1886
1467
2305
1397
1886
1396
1467
1397
1885
1397
1467
1467
1466
1397
1397
1397
1397
1466
1956
1467
978
1397
1466
1467
1396
1467
2375
908
1467
1397
1467
1466
1466
1467
1397
1397
1466
1467
1467
1467
1886
1397
1467
978
1466
1466
977
1467
978
1466
1396
1956
1466
1466
1467
1886
1467
1467
1397
1397
1396
1466
1467
1467
1397
2375
1397
1397
1467
1467
1956
1886
1397
1397
1467
1956
1956
1396
1886
977
1397
1467
2375
978
1397
1397
1886
1886
1466
1956
1467
1955
1397
1396
1466
1886
1467
2375
1885
1467
1886
1466
978
1467
1397
1397
1396
1467
1467
1396
1886
1467
1467
1467
978
1396
1397
1397
1397
1466
1885
1467
1397
1397
1397
1396
1397
1466
1396
1397
1397
1397
1397
1397
1397
1466
1466
1956
1466
1467
1467
1886
1956
1397
1397
1397
2305
978
1397
1397
1466
1397
1397
1466
1397
1397
1397
1467
1397
1466
1397
1397
1467
978
1466
1467
1467
1397
1397
1397
1466
1396
1467
1397
1396
1466
1466
1397
1396
1467
1397
1397
1467
2375
1397
1467
1397
1397
1397
1816
1467
1397
1397
1397
1886
1467
1886
1466
1397
1397
1886
978
1397
1467
1397
1397
1397
1397
907
1467
978
978
1396
1467
1397
1886
1397
1397
1467
1886
1956
1396
1886
1467
1396
1467
978
978
1397
1397
1466
2305
1396
978
1397
1397
1467
1956
1397
1397
1397
1397
1816
1467
1397
1397
1466
1467
1397
2305
1397
1396
1885
1467
1396
1886
1467
1886
1397
1467
1397
1886
1397
1467
1886
1397
1956
1397
1467
1467
1467
1397
1396
1467
1886
1467
1467
1466
1467
1467
978
1397
1467
1397
2794
1886
1397
1885
1886
1467
1956
1467
977
1885
1955
1886
1397
1397
1956
1397
1956
1467
1397
1886
2793
1886
1956
1886
1885
1397
1467
1397
1466
1466
1956
1466
1956
1467
2374
1467
1467
1467
1466
1885
1467
1397
1397
1397
2374
1467
1397
1397
1397
1886
1397
1397
1956
1397
1467
1467
1396
1956
1466
1397
1397
1816
1467
1396
1815
1466
1396
1886
1397
1397
1397
1467
978
1466
977
1467
2305
1955
978
1466
1956
1397
908
1397
978
1886
1467
1955
1467
1397
1466
1397
1885
1397
1397
1396
1397
1397
1397
1955
1397
977
1886
1467
1467
978
908
1466
1397
2375
1397
1467
1885
1467
1396
1467
1396
1466
978
1397
1397
1397
1467
1396
1467
1886
1397
1467
1397
1467
1397
1467
1466
1397
1466
1466
1467
1396
1396
1956
1467
1466
1467
1466
1397
1467
1467
1466
1397
1467
1467
1467
1397
