1396
1467
1397
1397
1467
1396
1397
1397
1467
1467
1467
1397
1397
978
1397
1396
1467
1397
978
978
977
1397
978
1466
1397
908
1396
1397
1886
1956
1885
1886
908
1467
1886
1397
1956
1886
2863
1467
1397
1467
1467
1466
977
1397
1466
1467
1397
1467
1397
1467
1397
1467
1467
1397
978
1396
1467
978
1397
1466
1815
978
1885
978
1466
1397
1467
1955
1396
1466
1397
1397
1467
978
1397
1467
1396
1467
1467
1396
1885
1886
1467
978
1396
1466
1467
1397
1885
1467
1467
1397
1467
977
978
977
1467
1466
1467
1466
1397
1397
977
1397
1467
1397
1397
978
1397
977
1397
977
1396
1467
1396
1396
1397
1466
1396
1466
1397
1397
1467
1397
1396
1956
1466
1467
1466
978
1467
1396
1467
1397
1397
1466
1397
1397
1397
978
1396
1397
1466
1885
1396
1397
978
10545
1467
977
1467
1397
1396
1466
1466
1467
978
1466
1467
1466
1886
1397
1397
1397
908
977
1466
977
1466
1886
1885
1397
1396
1397
1467
1397
978
1956
1467
1466
1467
978
1397
1466
1396
1396
1467
1467
1466
978
1396
1466
1397
1467
1467
1396
1466
2375
907
907
1467
1467
1397
1466
1397
1397
1467
1397
1466
1467
1467
1467
1397
1466
1466
1396
1956
1396
1397
1467
1467
1396
1467
1397
1397
1466
1467
908
1467
12292
1396
1396
1397
1397
1466
1467
1467
1397
1397
1467
1886
1397
1467
978
1397
978
1956
1396
1397
1396
1956
1467
1466
1467
978
1396
1467
1397
1467
1396
1397
1955
978
1397
1397
1886
1397
1466
1467
1886
1397
1397
1397
1397
1397
1396
1467
1466
1466
1466
1397
1467
978
1956
1467
1467
908
1466
1397
1955
1467
1885
1467
908
1396
977
1397
1397
1396
908
1467
1396
978
1466
1396
1886
1397
1397
1396
1397
1815
1466
1467
1397
1396
1396
1467
1397
1397
1397
1397
1397
1397
1397
1467
1396
978
1397
1397
1467
1466
1397
1466
1466
1956
1885
1466
1466
1397
1467
1397
1397
1396
1396
1396
1467
1466
1397
1466
1397
1397
1397
1397
1886
1397
1466
1397
1467
2444
1397
1467
978
1467
1467
1397
1466
1467
1397
1397
1397
1397
1466
1397
1467
1467
1397
1467
1396
1885
1397
1886
1466
1466
1955
1467
1467
1397
1467
1396
1397
1397
1886
977
1885
1466
1397
2304
1466
1467
1467
1467
1467
1467
1397
1955
1397
1397
1886
2375
1956
1396
908
1467
2374
1397
1397
1397
1466
1397
1467
1885
1396
1467
1396
1396
1466
1397
1467
1397
1885
1397
1397
1466
1397
1467
1397
1886
1886
1466
1885
978
1466
26119
1397
1467
1886
1955
1955
1466
978
1397
1467
1397
1467
1956
1397
908
1466
1467
1397
1397
978
1886
1397
1397
1396
978
1397
1467
2375
1467
1467
1397
1467
1467
1466
977
1467
1397
1467
1467
1466
1815
1397
1397
1467
908
1396
1885
1396
1397
1885
1397
977
1396
1396
1397
977
1396
1467
1466
1467
1397
1467
1467
1467
1467
908
1467
1396
1466
1466
1467
1467
1396
1397
1396
1397
1396
1467
1466
1397
978
1396
1886
978
1466
1397
1467
908
1956
1397
1815
1885
1397
1397
1397
1397
1467
1466
1397
1885
978
907
1816
1397
1397
1885
1397
1397
1397
1955
2374
1327
978
1397
1397
1397
1467
1396
1397
2444
1466
1397
1886
978
1397
1467
1467
1466
1397
1467
1467
978
1397
1397
1397
978
978
1467
977
1397
1397
978
1886
1397
1467
978
1467
1467
1397
1397
978
1396
908
1397
1466
1397
977
1885
1397
1396
1886
1466
2793
1956
1467
1467
1467
977
1397
1396
1396
1885
1466
11314
908
1467
2445
977
1467
1397
1396
1397
978
1956
1397
1466
1397
1397
1397
1467
1396
1396
1467
1956
1397
1397
1396
977
1467
1397
908
1467
1397
1396
1397
978
1467
1466
1467
1397
978
1886
1466
907
1397
978
1466
1467
1397
1397
1467
1397
1397
978
977
1467
1466
1467
1886
1467
1397
1397
1467
1397
907
1467
1466
1396
978
1396
1397
1397
1886
1396
1397
1396
1397
1467
1467
1397
1397
1397
978
1467
1397
1397
1397
1885
1466
1397
1396
1397
1397
1467
1397
1467
1397
1397
1466
1467
977
1397
1467
1886
1466
1397
1467
1397
1467
1467
1396
1466
1466
1467
1396
1467
978
1886
1397
1396
1397
1397
1466
1466
1397
1396
1467
978
1467
1397
1467
1466
1397
1397
977
1467
978
978
1397
1466
978
1467
1466
1466
1396
1397
1886
1467
1397
1886
1885
1466
1467
1886
1467
977
1467
1466
1396
1886
1816
1397
1397
978
1466
1397
1467
1466
1466
1396
1466
1397
1397
1396
1467
1397
1396
1396
1396
908
1397
1467
1397
1466
1467
1397
1397
1396
1397
1955
1466
1397
1397
1466
1396
1397
1397
1397
1397
3772
978
1467
1397
1467
1397
1397
1885
1885
978
1466
1466
1466
1397
1396
1397
1467
1397
1466
1397
978
1397
1467
1397
1466
1397
1397
978
1466
1467
1466
1397
1467
1396
47630
1955
1885
978
1466
1466
1397
1467
1467
1467
1466
1466
1397
1396
1397
1467
1467
1466
907
1397
1397
1466
1397
1466
1467
1397
1467
1396
1397
1396
13758
978
1397
1397
1397
1397
1397
1467
1397
1397
1327
1467
1397
1396
8520
1467
1396
1467
1955
1396
1397
1397
1397
1466
1467
1397
978
1397
1397
1467
1397
1467
908
1467
1396
1397
1466
1397
1397
1396
1467
1467
1396
1396
1466
1397
1397
1397
1467
1466
1397
1397
1467
1397
1466
1396
1956
1396
1397
1397
1956
1397
1466
1467
1886
1466
1815
1397
1397
1397
7752
1396
1396
1396
978
1466
978
1466
1467
1886
1397
1397
1397
1467
1467
1397
978
1397
1397
1397
1467
978
1466
978
1396
1467
1397
1397
1466
1396
1397
1397
1466
1396
978
1467
1466
1467
1397
1466
978
1467
908
1396
1397
1885
1396
1466
1467
978
1466
1466
978
