1466
1467
1397
1467
1466
1467
1397
1397
1396
1815
1397
1467
1397
1397
1466
1466
1467
1466
908
1886
1467
1397
1397
1397
1396
1397
1467
1397
1466
978
1397
1396
1396
1397
1467
1397
1396
1466
978
1397
1396
1466
978
1467
5797
1467
1397
1886
1466
1466
1397
1466
1397
1397
1815
1397
1397
1397
978
7193
1397
1466
1886
978
1397
1885
908
1467
1397
1467
1816
1466
1466
1466
1397
1467
1397
1885
1466
5657
1327
1397
1396
1816
1886
1397
1467
1955
8590
1467
1466
1467
1396
1397
1467
978
1467
1397
1397
1886
1397
1467
1466
1397
1466
1886
1467
1397
1397
1397
1397
1467
1397
1466
1466
1397
1397
1467
1397
1396
1397
1886
1466
1886
1396
1467
908
1467
1955
1396
978
1466
1466
1397
1467
1466
978
1397
1956
978
1397
1467
1467
1885
1396
1397
1327
1397
1466
1396
1397
1956
1955
1467
1466
1397
1886
1466
1397
1396
1397
1955
1885
1885
977
2375
1467
1397
1467
1397
1396
1955
908
1467
908
1397
1396
1467
1397
978
1397
1467
978
1397
1466
1886
1467
1396
1397
1397
978
1397
1467
1397
1886
1467
1466
1396
1397
1466
1397
1466
1397
1885
1467
1467
1467
1467
1396
977
1396
978
1397
1397
1467
1397
1396
1466
1466
1467
1397
1466
1956
1397
1396
1466
1466
1397
1397
1467
1467
1886
2375
1886
908
1397
11523
1466
1885
1467
1886
1467
1886
1466
1467
1467
978
1466
1467
1466
1886
1397
1397
1467
1396
1467
1466
1955
1396
1396
1467
1467
1397
1396
1466
1397
1467
1396
1816
1397
1396
1397
1467
1397
1466
1467
1467
1396
1397
1397
1467
908
1397
1466
1397
1466
1466
1467
1467
1466
1466
1466
1467
1886
1956
978
3282
1397
1397
1885
1396
1397
1397
1467
1885
1396
978
1397
1396
1886
1397
1885
1466
908
1396
1467
1397
1396
978
1396
1467
1886
1467
1885
908
1466
978
1397
1397
1467
1397
1467
1397
1816
1397
1397
1397
1466
1466
978
1397
1396
1466
1466
1467
1397
1467
1467
1885
1956
1467
1396
1467
1396
1467
1396
1397
1466
1467
1467
1397
1467
1466
1467
1397
1466
1467
1397
1397
908
1397
908
1397
1466
1397
1397
1467
1397
1397
1467
1396
1397
1397
1467
978
1397
978
908
1467
1466
1467
978
1467
1467
978
1467
1397
1397
1886
1397
908
1467
1397
1397
1466
1467
1816
1467
1397
1467
1467
1397
1467
1397
1467
1397
1467
908
1397
1397
1397
1397
1397
1467
1397
1397
1397
1467
1466
1397
1397
1397
1467
1397
1397
1467
1397
1397
978
1467
978
978
1397
1467
1467
1397
1886
1397
1396
1467
1397
1467
1397
1467
1397
1397
977
1397
978
1397
978
1886
1467
1886
1467
1397
1466
1397
1466
1396
1397
1467
1467
1397
1467
1467
1467
1397
1466
1397
1397
1467
977
1956
1467
1397
978
1466
1397
1397
1467
1397
1467
1397
1467
1467
1467
1397
1467
1467
1467
1397
1816
1397
1397
1955
1886
978
1397
1467
1467
1397
1467
978
1397
1467
1397
1467
978
1397
1467
1397
1467
908
978
1467
1397
1397
1885
1397
1467
1397
1467
1397
1467
978
978
1397
1397
1397
1956
1397
1397
1397
1467
1467
1467
1467
1467
1467
1467
908
1467
1467
1467
1467
1467
1397
1397
1397
1467
1467
1467
977
1397
1397
1467
1397
7474
1467
1467
1327
1467
1397
1397
1397
1466
1397
1956
1466
978
1467
1397
1397
1467
1886
908
1886
1466
1467
978
1467
1397
1397
1467
1397
1467
1397
1467
1397
908
1397
1397
1467
1397
1467
1467
1467
1397
1467
1397
1467
1397
1816
1397
1467
1397
1467
1397
1397
1397
978
978
1397
1397
978
1397
1397
1956
1397
7684
1467
1397
909
1467
1397
1886
1397
1467
1467
1397
1397
1397
1467
1467
1397
1467
1466
1397
1467
1397
1467
1397
1467
1397
1397
1397
1397
1397
1467
1467
1397
1397
1397
1467
978
908
1466
978
1467
1397
1397
978
1397
1467
1397
978
1467
1397
1397
1397
1397
1466
978
1467
1397
1397
1955
1397
978
1467
1886
1467
1397
1397
1397
1467
1886
1467
1397
1397
1397
1467
1397
1467
1397
1397
1886
1466
1467
1467
1397
1467
1397
1397
1397
1467
1467
1467
1467
1397
1397
1467
1467
1397
978
1397
1467
1397
1467
1396
1467
1467
1467
1397
1885
1467
1467
1467
1467
1397
1467
1886
1397
1886
1397
1397
1955
1397
1397
1467
1397
1397
1397
1467
1467
978
1467
1886
1467
1397
1397
1397
1397
1467
1397
1397
1816
1397
1397
1467
1397
1467
1467
1467
1397
1467
1397
1466
1467
1467
1397
1397
1886
1956
1397
1886
1397
1397
1397
1397
1466
1397
1397
1397
1397
1467
1467
1467
1397
1467
1397
1467
1466
1396
1397
1397
1397
1397
1397
1467
978
1397
1327
1397
1397
1397
1397
1885
1467
1397
978
1397
1886
1397
1467
1397
978
1886
1467
1397
1467
1397
1467
1397
1467
1467
978
1397
1397
1397
1886
1397
1397
1467
1397
1467
1397
1466
1397
1886
1397
1467
1955
1467
1397
1397
1397
1397
1397
1467
1956
1397
1397
1467
1397
1467
1397
1467
1397
1397
1397
1397
1467
1397
1467
1397
908
1397
1397
977
1397
1397
1466
908
1397
1397
1397
1397
1467
1397
1397
1467
1467
1466
908
1397
1397
1886
1467
1886
1397
1397
1467
1467
1397
1397
1956
978
1467
1397
1397
1467
978
1886
1467
1467
1467
1886
1467
978
1397
1397
1397
1466
977
1397
1467
1466
1397
1885
1397
1816
978
1466
1467
978
1466
1467
1397
1467
1397
1467
1466
977
1467
1886
1467
1467
1397
1397
1466
1397
1397
1816
978
1466
1397
908
1397
1397
1466
1397
1397
1467
1467
7544
1397
1397
1467
908
1466
1466
1397
1886
1467
1397
1467
1397
1467
1397
1466
1397
1467
1396
977
908
1397
1397
1886
1397
1397
1467
1886
1327
1467
978
978
1397
1467
