2444
1397
1397
1467
1397
1956
1397
1397
1397
1886
1886
1466
1466
1397
1467
1397
1467
1397
1397
1467
1397
1466
1467
1397
1397
1397
1466
1467
1466
1397
1467
1397
1467
2375
1886
1397
1397
1397
1397
1397
1397
1467
1396
1467
1467
1396
1397
1396
1397
1467
1816
1397
1466
1466
1466
1397
1467
1397
1467
1397
1396
1397
1397
1466
1397
1396
1467
1397
1397
1466
1397
1467
1885
1467
1467
1467
1467
1397
1397
1397
1396
978
1886
1397
1397
1467
1327
1467
1397
1467
1397
1397
1467
1466
1467
1397
1397
1467
1397
1956
1467
1397
1467
1397
1397
1397
1466
1467
1466
1466
1397
1467
1466
1397
1467
1466
1467
1397
1885
1396
1396
1467
1397
1466
1397
1467
1467
1397
1467
1397
1466
1466
1396
1466
1397
1466
1396
978
1467
1397
1397
1397
1467
1467
1466
1397
1397
1467
1397
977
977
1397
1396
1467
1397
1397
1467
1886
1467
1467
1397
1467
1467
1396
1467
1397
1397
1396
1397
1397
1397
1466
1466
1397
1467
1467
1467
1466
1397
1397
1397
1397
1397
1467
1397
1467
1467
1397
1397
1397
1397
1397
1397
1466
1467
1397
1467
1397
1397
1467
1467
1467
1467
1467
1397
1886
1397
1467
1466
1467
1466
1955
1397
1396
1397
1466
1397
1397
1397
1466
1397
1467
1467
1397
1397
1467
1886
1467
1886
2305
1397
978
1397
1885
1466
1397
1466
1886
977
1466
1467
1397
1397
1466
1466
1467
1397
1467
1466
1466
1396
1397
1466
1466
1397
1397
1466
1466
1467
1466
1467
1466
1885
1886
1397
1466
1466
1396
978
1396
1397
1816
1397
1397
1467
1397
1397
1397
1467
1397
1886
1397
8870
1886
1467
978
1396
1466
1397
978
1397
1466
1396
1397
1466
1467
1397
1467
1885
977
1467
1467
1467
1397
1815
1396
1886
1396
1467
1397
1397
1885
1466
1815
1397
1886
1886
1466
1467
1466
1467
1466
1397
1467
1397
1467
1467
1396
1397
1467
1396
1886
1397
1396
1397
1397
1396
1467
1396
1467
1886
1327
1397
1466
1466
1467
1396
1466
1886
1397
1397
1467
1467
1397
1467
1466
1397
1467
1467
1466
1467
1397
1467
1467
1466
1397
1467
1467
1886
1467
1397
1467
1467
1397
978
1397
1397
1397
1467
1397
1396
1397
1467
1396
1397
1466
1466
1466
1467
1397
1397
1397
1397
1467
1466
1466
978
1397
1396
1466
1396
1955
1396
1466
1397
1886
1466
1397
1955
1466
1397
1466
1467
1466
1466
1466
1396
1397
1397
1467
1397
1396
1396
1467
1397
1397
1397
1816
1397
1397
1466
1396
1467
1397
1466
1396
1397
1396
1466
1467
1467
1886
1397
1397
1397
1397
1397
1467
1397
1467
1397
1467
1397
1397
1397
978
1467
1397
1467
1955
1467
1466
1397
1886
1467
1466
1467
1396
1886
1397
1467
1466
1466
1397
1886
1886
1397
1467
1886
1467
1886
1466
1467
1397
1956
1955
1396
978
1886
1467
1396
1466
1467
1396
1396
11384
1466
1397
1466
1467
1397
1397
1397
1886
1466
1466
1397
1467
1397
1397
1397
1397
1467
977
1466
1397
1467
1466
1466
1397
1397
1467
1397
1397
1397
1885
1467
1467
1397
1886
1886
1397
1467
1397
1467
1467
1467
14667
1467
1466
1397
1396
1397
1396
1467
1397
1467
1816
1397
1467
1396
1327
1886
1397
1466
1467
978
1397
1467
1396
1467
1397
1397
1397
1466
1886
1396
1397
1397
1467
1467
1397
1397
1396
1467
1886
1397
1397
1467
1396
1885
1467
1397
1397
1466
1467
1467
1466
1467
1396
1467
1467
978
1397
1397
1397
1397
1397
1397
1467
1397
1397
1396
1397
1397
1397
1467
1467
1886
1466
1397
1397
1467
1467
1397
1467
1397
1885
1467
1396
1467
1886
1397
1886
1397
1466
1885
1466
1466
1397
1466
1396
1467
1467
1397
1466
1467
1467
1396
1396
1397
1466
1466
1397
1397
1397
1467
978
1466
1467
1396
1397
1397
1467
1466
1886
1397
1467
1397
1396
1396
1467
1466
1397
978
1397
1397
1466
1397
1397
1466
1466
1886
1397
1396
1397
1467
1466
1885
1396
1396
1396
1467
1467
1466
1466
1397
1467
1467
1397
1397
1467
1397
1396
1466
1467
1397
1466
977
1397
1467
1467
1396
1467
9917
1466
1467
1816
1396
1466
978
1466
1466
1397
1397
1467
1467
1467
1466
1466
1397
1467
1467
1397
1467
1816
1886
1467
1397
1466
1397
1397
1397
1396
1886
1397
1466
1467
1397
1397
1886
1397
1396
1466
1466
1397
1397
1397
1397
1885
1397
1396
1396
1397
1396
1467
1466
1467
1397
1397
1396
1467
1467
1397
1396
1467
1466
1886
1466
1397
1886
1886
1466
1886
1397
1467
1466
1397
1467
1397
1397
1467
1467
1467
1466
1467
1397
978
1466
1885
1467
1397
1397
1397
2375
1397
1397
1397
1467
1466
1467
1397
1467
1467
1397
11384
1467
1397
1467
1397
1466
1467
1467
1397
1397
1397
1397
1397
1397
1467
1397
1467
1467
1397
1467
1467
1466
1815
1467
1466
1467
1466
1397
1467
1467
1396
1956
1467
1466
1397
1397
1467
1466
1397
1467
1466
977
1466
1467
1397
1466
1397
1467
1466
1466
1396
1467
1466
1955
1466
1397
1467
1467
1397
1397
1397
1466
1466
1466
978
1397
1397
1885
1467
1467
1397
1467
1467
1397
1397
1396
1397
1397
10057
1466
1397
1396
1396
1396
1397
1467
1397
1396
1467
1466
1397
1397
1397
1396
1466
1397
1397
1397
1886
1466
1466
1396
1396
1397
1466
1466
1467
1397
1886
1886
1467
1467
1886
1466
1396
1466
1467
1397
1396
978
1467
1467
1397
1886
1466
1397
1816
978
1467
1467
1467
1397
1467
1397
1397
1397
1885
1467
1466
1466
1466
1396
1396
1467
1397
1397
1396
1467
11733
1466
1397
1397
1396
1397
1466
1397
1466
1397
1397
1467
978
1397
1397
1397
1886
1397
1467
1397
1466
1885
977
1467
1466
1467
1467
1397
1816
1397
1397
1397
1467
1886
1397
1397
1397
1467
978
1397
1397
1397
1397
1397
1397
1397
1396
