1397
1397
1397
1397
1466
1466
1467
1397
1466
1397
1397
1466
978
908
1396
1397
1467
1396
1397
1467
1396
1397
1467
1466
1466
1466
1397
1396
1467
1397
1466
1467
1467
978
1466
1467
1396
1467
1397
1397
1955
1397
1397
1466
1466
1466
1396
1467
1397
1397
1467
1397
1396
1396
1467
1396
1397
908
1467
1467
978
977
1397
1467
1397
1396
1396
1885
1397
978
1397
1397
1397
1397
1396
1397
1397
1397
1396
1467
1467
1397
1467
1467
1466
1886
1396
1467
977
1955
1397
1467
2375
1396
1467
1886
1397
1466
978
1466
1466
1396
1397
1467
1467
1396
977
1397
1396
1466
1467
1467
1397
1467
1467
1397
1466
1397
1467
1466
1466
1397
1466
1396
1397
1397
1467
1467
1467
1466
1467
1467
1397
1397
1397
1466
1816
1467
1467
1467
1397
1467
1466
1466
1467
1397
1466
1397
1397
1396
1467
1397
1396
1397
1397
1397
1467
1466
1397
1396
1397
1396
1397
1466
1466
1397
1466
1467
1466
1467
1886
1816
1467
978
1397
1467
2794
1397
1466
1467
1397
1397
1467
1466
2304
1466
1886
1466
1467
977
1397
1886
1397
1956
1396
1955
1467
1466
1467
1467
1397
1955
1466
1397
1467
1397
1467
1397
1397
1466
1396
1466
1397
1467
1467
1397
3772
977
1397
1466
1396
1397
1397
1467
1397
1397
1467
1466
1397
1466
1885
1886
1885
1397
1397
1467
1467
1467
1327
1397
1466
1397
1466
1397
1467
1397
978
1466
1467
1397
1397
1397
1327
1397
1466
1466
1467
978
1466
1466
1466
1466
1466
977
1466
1467
1956
1467
1466
1397
1886
1397
1397
1396
1467
1467
1396
1885
1467
1397
1886
1466
1466
1397
1466
1467
1467
1397
1397
1467
1397
1886
1466
1467
1396
1396
1466
1466
1956
1397
1885
1886
1396
1466
977
1466
1396
1467
1397
1467
1466
1467
1467
1397
1396
1396
1466
977
1466
977
1397
1396
1466
1397
1397
1467
1467
1466
1886
1467
1396
1467
1397
1467
1466
1466
1885
1466
908
1467
1397
1466
1397
1397
1467
1397
1397
1466
1397
1886
1467
1467
1815
1397
1467
1467
1466
1327
1396
1396
1467
1467
1466
1885
1397
1467
1397
1396
1397
1886
1396
908
977
1466
1396
1467
1467
1467
1467
978
978
1397
978
1396
1397
1467
1396
1467
978
1885
1466
1467
1467
1397
1396
978
1397
1397
1466
1467
978
1466
1397
1466
1397
1467
1466
1466
1397
1397
1886
1467
1396
1396
1396
1467
1397
1467
1466
978
977
1397
1397
1397
1397
1397
1397
1397
1466
1397
1397
977
1467
1467
1886
1955
1466
1467
1467
1467
1885
1396
1467
1467
1467
1327
1396
1467
1467
1467
1467
1397
1467
1466
1396
908
1397
977
1397
1397
1467
1397
1467
1397
1397
1466
1467
1467
1466
1397
1397
978
1466
1397
1886
1467
1467
978
1467
1397
1467
1397
978
1397
978
1397
1396
1467
1466
1466
1467
1397
1467
1397
1396
1397
1467
1467
1466
1467
1396
1396
1467
1397
1467
1467
1467
1466
1467
1467
977
977
1397
1467
978
1467
1397
1886
1397
1467
977
977
1397
978
1396
1467
1466
1397
1397
1396
1397
1466
1886
1397
1397
1467
1466
1466
1467
1466
978
1397
1467
1397
1397
1466
1397
2374
1396
1397
1466
1396
1467
1397
1466
1467
1396
1396
1466
1397
1396
1467
1397
1397
1396
1397
1467
1467
1466
1397
1467
1397
1396
1467
1467
1466
1397
1467
1467
977
1397
1466
1467
1396
1467
1397
1467
1397
977
1396
1396
1397
1466
1467
1397
1467
1466
1886
1467
1466
1467
908
1467
1466
978
1467
1467
7682
1885
1396
1397
1467
1397
1467
1397
1467
8520
1467
1466
1396
1397
1467
1467
1396
978
1397
1467
1397
1396
1466
1467
1397
978
1397
1467
978
1467
1467
1397
1467
1467
977
1467
1396
1396
1397
1467
1467
1886
1397
1467
1466
1397
1467
1397
978
1467
1397
1397
1467
1467
1466
1397
1467
1815
1466
1397
1466
1397
1466
1466
1397
1397
1885
1467
1467
1397
1466
1397
1466
1466
1397
1397
1466
1396
1467
1397
1397
1397
1466
1467
977
1466
1467
1466
1396
1955
1466
1397
1396
978
1467
1885
908
1467
1397
1467
1396
1466
1467
1955
1466
1467
1467
1467
1467
1397
1397
1467
1396
1467
1397
1467
1467
1466
1886
1396
1955
1467
1467
1397
1466
1467
978
1396
1397
1467
1396
1397
1397
978
1466
1467
1467
977
978
1397
1955
1466
1397
1396
1467
1467
1886
1467
1467
977
908
1466
1397
1955
1466
1397
1397
1396
1397
1885
1467
1466
1956
1397
1397
1397
1886
978
1466
1467
1467
1886
1397
1467
1466
1467
1396
1397
1397
1397
1885
1467
1396
1885
978
1397
1467
978
8730
977
1466
1467
1815
1467
1397
1397
1396
1466
1397
1885
1466
1467
1466
1466
1467
1467
1396
1397
908
1397
978
978
1467
1466
1467
1397
1397
1397
1397
1467
908
1397
1397
978
1466
1466
1397
907
1397
1467
1397
1466
1467
1956
1396
1397
1397
1467
1466
1885
908
1397
1397
1397
1466
1466
1466
1467
1467
1467
1467
1397
1467
1467
1467
1467
1466
1467
1467
1467
1397
1396
1397
977
1397
1397
1467
978
1397
1397
1466
1396
1467
1467
1397
1467
1466
1397
1397
1397
1466
1397
1397
1467
1467
1467
1467
1467
1397
978
1396
978
1397
1467
1397
1886
1467
908
1397
1467
1956
1467
1397
1466
1956
1397
1467
1467
1397
1467
1466
1467
1397
1466
978
1886
908
1397
1397
908
1396
1885
1467
1467
1397
1466
978
1885
1955
907
1466
1397
1397
1396
1467
1467
978
1397
1467
1467
1397
1466
1397
1397
1467
1886
1885
1467
1466
1466
1396
1466
1467
1466
1397
1467
1397
1467
1466
1466
1466
1397
978
1467
1467
1397
908
1466
1466
978
1396
1396
908
1396
978
1397
1397
1467
1955
1955
1397
978
1397
1397
1397
1397
7752
1397
1396
1327
978
1466
1467
