978
1466
1397
1467
1396
1885
1466
1885
1466
1466
1467
1467
1396
978
978
1397
1396
1467
1467
1466
1466
1397
1467
1467
978
908
1397
1397
1467
1397
978
1467
978
1396
1397
1397
1466
978
1396
1885
1466
1397
2863
1397
1466
1396
1397
1467
1466
908
977
1397
1397
1397
1955
1467
1397
1397
978
1885
1467
1466
1397
1397
1467
1467
908
978
1397
1885
978
1397
1466
1467
1397
1466
978
1466
978
1466
1885
1886
1397
1466
1467
1397
1397
1396
1397
1955
1886
1397
1397
1467
1397
1467
1397
978
1397
1397
1467
1467
1466
1397
1467
908
1397
1397
978
1397
1396
1467
1466
977
1467
908
1397
1467
1397
1466
1886
1467
1467
1467
977
1397
1467
1466
1397
1397
1467
1467
1396
1467
1396
1397
1466
1396
1467
1466
1467
1467
1466
1397
1396
978
1466
1467
1397
1467
1397
908
1397
978
1396
1466
1467
1466
1397
1397
978
978
1467
1466
908
1466
1466
1466
1467
1397
1327
1397
1816
1466
1466
1397
1955
1955
1397
1467
1467
1886
1397
1397
1885
1397
1466
1397
1885
1955
1886
1397
1467
1397
1956
1467
1397
1955
1467
1467
1466
1955
1467
1886
1885
1397
1466
1397
1467
1397
978
1886
978
1886
1397
2375
1397
1396
1397
1467
1885
1397
1397
1466
1466
978
1955
1467
2864
8171
1397
1885
1397
1397
1467
1467
1466
978
1467
1397
1396
1466
1397
1466
1396
1397
1885
1397
1397
1397
1885
978
1466
1467
1397
1466
1466
1886
1397
1397
1886
1467
1397
1467
1885
1466
1466
1886
1397
1396
1467
1397
1885
1466
1397
1467
1886
1885
1466
1397
1397
1397
1466
2304
1467
1396
2375
1396
1466
1467
908
1886
1396
1466
1466
1397
1467
1886
908
1955
1467
1467
1956
2445
1886
1396
1467
1467
1396
1467
1467
1466
1886
1396
1396
1397
1956
1467
2444
1397
1397
1397
1397
1466
1467
1396
1467
8660
1396
1466
1397
1397
907
1396
1467
1885
1467
1397
1467
1397
1955
1466
1397
1397
1886
1396
1467
1467
978
1397
1466
978
1467
1397
1466
1466
1397
1467
1886
1467
1466
1816
1816
1396
1467
1397
1466
1397
1396
1886
1397
1467
1467
1396
1397
1467
1396
1816
1466
1396
1466
1467
1466
1397
1396
1467
1956
1396
1467
1397
1467
1397
1397
1397
1397
1467
1396
1397
1397
978
1955
1467
1885
1886
1466
1466
1396
1397
1397
1397
1467
1397
978
1466
1397
1397
1396
1466
1397
1397
1397
1397
1397
1397
1466
907
1466
1466
1397
1397
1467
1396
1397
1885
908
1397
1467
1467
1396
1397
908
1467
1886
1467
1466
1886
1467
1467
1397
978
1466
1397
1396
1397
1467
1466
1397
1397
1396
1467
1397
1467
1397
1467
1397
1397
1467
1396
1397
2375
2304
1467
1886
978
908
1397
1467
1886
1397
1397
1466
1397
8032
1466
1397
1397
1397
978
977
908
1467
1397
977
1467
1396
1397
1816
1467
1466
1467
1466
1397
1396
1466
1397
1467
977
1467
1397
1396
1397
978
1467
1397
1397
1397
1397
1466
1467
978
1467
1466
1396
1396
1397
1397
1397
1397
1396
1397
1396
1467
1467
1397
978
1466
1467
1466
1397
1466
1467
1397
908
1467
1397
1466
1466
1397
1397
1397
1396
1467
1397
1397
1885
1396
1396
1467
9079
1466
1397
1397
1955
1397
1397
1397
1396
1467
1467
1466
1466
1466
1397
1397
1466
2305
1397
1956
1467
1467
1885
977
1397
1466
1886
1467
1885
1396
1467
1467
1816
1397
1467
1467
1955
1396
1397
1397
1397
1467
1467
1467
1467
1467
1467
978
1327
978
1466
1396
1397
1467
977
1886
1467
1467
977
1467
1467
1397
1397
908
1397
1467
1467
1467
1885
1955
1466
1466
1466
978
978
1467
1397
1467
1397
1397
1466
1397
1467
1466
1396
1467
1397
1397
1467
1467
1467
1397
1397
1397
1396
1467
1466
1396
1466
1466
1467
1397
1327
978
1397
1397
978
1397
978
1467
1885
1396
1467
1397
1466
1467
1397
1467
1397
1467
978
1397
1397
1397
1467
1466
1397
1467
1466
1467
1885
1886
1396
1397
1955
1397
1397
1467
1397
1397
1397
1467
978
1397
1397
1466
1397
1467
1467
1466
1956
1397
1886
977
1467
1466
1397
1466
1397
978
1397
1467
978
1397
1467
1466
1396
1466
1467
1397
1467
1885
1466
1397
1396
1396
1467
1397
1397
1397
1467
1396
1466
1397
1467
1397
1467
1467
1885
1467
1397
1397
1397
1397
1885
1327
1397
1466
978
978
1397
1397
1467
1397
1397
1397
1397
1397
1467
1467
1397
978
1396
1466
1467
1396
1397
1885
978
1466
1397
978
908
1397
1397
1396
1397
908
978
1397
2444
1467
1466
978
1397
977
1397
1467
1886
1467
1466
1467
1466
977
1467
1467
1397
1467
1397
1396
1466
1397
1397
978
1467
1467
1886
1466
1396
1397
1396
978
908
1466
1397
1396
1397
1815
1885
1396
1466
1397
1396
1397
1467
1397
1467
1396
1397
1397
1397
1396
9917
1397
1396
1467
1397
1467
1466
1467
1467
1467
1397
977
1885
1397
1397
1396
1886
1886
1467
1396
1396
1467
1466
1885
1397
1397
1467
1467
1467
1466
1396
1397
1466
1397
1397
1396
1396
1397
908
978
1397
1886
1466
1467
1397
1466
1396
908
1397
1397
1467
1466
1397
1885
1466
1466
1467
1467
1396
1466
1397
1397
1397
1397
1397
1467
1397
1397
1396
1466
1397
1466
1397
1327
1466
1885
1955
1467
1396
1397
1467
1466
1397
1467
1886
977
1466
1467
1397
1397
1467
1467
1467
1467
1397
1466
1467
1466
978
1396
908
1396
1466
1396
1466
1467
1397
1886
1397
1885
978
978
1397
1397
1396
977
1396
1466
908
1397
1396
1467
1396
1467
1397
1466
1396
1467
1397
1397
1397
1467
1466
1467
1956
1467
1396
1467
1397
1397
908
1397
1396
1886
1397
1466
18298
1466
1397
908
1396
978
1397
1397
1397
1397
1467
1397
1467
1397
