1885
1885
1885
1467
1397
1886
1397
1467
2374
1885
1396
1885
1886
1467
1397
1466
1955
1816
1885
1886
1886
1467
1886
1886
1467
1396
1397
1397
1397
1466
1467
2374
1955
1397
1397
1397
1886
1466
1467
1886
1886
1886
1886
1466
1886
1466
1397
1885
1816
908
1467
1397
1467
1397
1397
1396
1397
1467
1466
1816
1885
1467
1396
1467
1956
1397
1956
1886
977
1885
1397
1955
978
1396
1467
1886
1886
1886
1467
978
1885
1886
1816
1886
1467
908
1955
1467
1397
1955
1886
2863
2444
1815
1956
1885
1397
2375
978
1467
1886
1466
1816
1396
978
1397
1816
1955
1955
1397
1467
1886
2374
1885
1397
1955
1467
1955
1815
1886
1886
1956
1886
1816
1397
1886
1467
1885
2305
1885
1956
1886
1886
1955
978
1955
1397
2375
1955
1955
1397
1466
1885
1886
1885
2375
1466
1886
1886
1467
1886
1956
1955
2864
1885
12570
1467
2305
2444
1886
978
1885
1467
1466
1956
1886
1886
1466
1956
2374
2374
1955
1955
1397
1886
1886
1467
2374
1956
2863
978
1956
1956
2374
2375
2793
4260
907
1397
1886
1956
1886
1885
1885
1397
1886
1397
1956
1955
1886
1397
1467
1396
1466
2793
908
1397
2444
1816
1467
1397
2375
1955
1397
2374
1467
1886
1955
1955
1885
1886
1886
2305
1396
1885
1816
1956
1816
2374
1886
1467
2374
1466
1885
1955
1397
1886
1885
2375
1955
2863
1397
1956
1886
1397
1886
1886
1466
1397
1956
1886
2444
2304
1397
1955
1397
2445
1956
2305
2375
2863
2863
3771
3282
1467
1955
1397
1397
1397
1886
1886
1955
1467
1886
1955
1955
1886
1956
1886
1886
1955
2864
1886
1467
1955
3283
1955
1885
1397
1397
1815
1956
1396
2445
1885
1886
1956
1467
1396
1396
1397
1396
1467
1467
1466
2375
1466
1467
1397
1885
1886
1886
1467
1467
1885
1815
3422
1397
1467
1467
1886
1466
1466
1886
1467
1956
1397
1466
1397
1467
1886
1467
1467
1886
1397
1956
1466
1886
1956
2374
1397
1396
1886
1956
1885
1955
2793
3282
1397
1955
1886
1466
2374
1956
1397
1885
1886
2375
1885
1885
2375
1397
1956
1885
1885
2445
1886
1885
1886
2375
2375
1886
1886
2375
1955
1467
1886
1955
1397
1956
1397
1467
1955
1956
1955
1885
1467
1886
1886
1885
1396
1397
1397
1467
1467
1466
1886
2374
4260
1885
1397
1466
1467
1466
1467
1886
1467
1885
2863
2375
1467
1885
2374
1956
1955
1816
1466
1956
1885
1467
1467
1885
1956
1467
1955
1886
1955
1955
1956
1886
1466
1956
1956
2445
1955
1955
1885
2375
1467
1467
1467
2374
1885
1397
1397
1397
1886
1397
1815
978
1885
1955
1886
1885
1397
1466
1397
1885
1397
1955
1467
9428
1885
1955
1466
1397
1885
1397
1397
1467
1397
1956
1956
1467
1886
1886
2445
1397
1886
1955
1396
1466
1397
1886
1815
1816
1886
2375
1886
1396
1885
1885
1816
2374
1885
1955
1886
1467
1397
1397
2305
1886
2374
1885
1396
1955
1956
1467
1886
1886
1956
1955
1956
1956
1886
2374
1956
1886
1467
1885
2445
1396
1466
1467
1956
1397
1885
1816
1885
1885
1467
1467
908
1956
1886
1396
1467
1467
978
978
1467
1886
1956
1467
1397
1467
1467
1397
1956
1467
1466
1466
1397
1466
1955
1886
1886
1466
1955
1955
1397
1397
2374
2374
1396
1886
1886
2374
1886
1886
978
1955
1885
1397
2305
2305
2375
1816
1397
1885
1886
1467
1886
1466
1885
1467
1956
1466
978
1886
1885
1886
2445
1885
1955
1886
1467
1955
1955
1955
2374
1466
1955
1816
1886
1886
1885
1396
1956
1885
1886
1885
1397
1955
1885
1955
1816
907
1467
1816
1885
2374
1397
1885
977
1886
1397
1397
1885
1956
1396
1467
1466
1956
1885
1466
978
1886
1955
908
1816
1955
1956
1885
1466
978
978
1397
1467
1467
1397
1956
2374
1467
1396
1885
2374
1397
1397
1467
1467
1467
1396
1397
1397
3771
1397
1886
1466
1886
1467
2374
2304
1397
1955
1397
1886
1466
1397
1466
1397
1397
1885
1396
1886
1956
1885
1397
1467
1397
1955
1396
1467
1885
1396
1397
1466
1955
1956
1396
1397
908
1397
1886
1886
1397
1466
2375
1396
1466
978
1467
2933
1815
1467
1397
1396
1886
1397
1397
1886
1955
1397
1397
1886
1885
1886
1467
1886
1956
1886
1467
1397
1396
1466
1467
1955
1467
1886
1886
1397
1397
1816
1397
1466
1397
1886
1886
2933
978
1955
1886
1466
1886
1397
1886
1396
908
1466
1885
1467
1467
1467
1467
1886
2305
1467
1397
1466
1467
1396
1466
1886
1886
1886
1397
1956
1955
1886
2375
2444
1885
1955
1886
1397
1885
1467
1886
1886
1397
1816
2375
1397
1886
978
1886
1467
1397
1956
1397
978
1397
1466
1885
1467
1467
1466
1886
1466
1397
1467
1885
1956
1886
1466
1466
1397
1397
1816
1956
1397
1397
1466
1397
1886
1397
1467
1886
1397
1397
1467
978
1467
1397
1397
1397
1396
1466
1397
1466
1886
1397
1467
1467
1467
1467
1466
1466
1466
1397
1466
1397
1466
1955
1467
1397
1396
1397
1396
1466
1467
978
1466
1466
1466
1396
1397
1397
1886
1955
1396
978
11383
1397
1467
1466
1885
1467
1885
1956
1466
1467
1467
1397
1466
1886
1396
1467
1396
1327
1396
1466
1397
1396
1885
1886
1885
2375
1466
1956
1396
1397
1467
1886
1886
1467
1467
1397
1467
1467
1396
1396
1397
1397
1397
1466
1397
1467
2375
1397
1397
1467
1466
1467
1466
1326
1467
1467
977
1467
1396
1466
1397
1467
1885
1396
908
977
1467
1397
1397
1466
1397
1467
1467
1396
1397
977
1467
1397
1396
1956
1466
1467
1467
977
1467
4400
1397
1467
1397
1467
5168
1396
1397
1466
1467
908
1466
1396
1955
1397
1466
977
1467
978
1466
908
1396
1885
1397
908
1397
2444
1466
1466
1466
1397
1397
1397
1397
1396
1397
1466
1466
1467
1397
1397
1396
1397
