1885
2373
1885
2374
2374
2863
1885
1955
1885
2373
1884
2373
1885
1885
2374
1885
1955
1954
1885
1954
1815
1954
1466
2373
1815
1955
1815
1885
1467
2374
2304
1396
1885
1396
2373
1884
1955
1955
1885
1466
1815
1955
1954
1885
1885
1885
1955
1954
2374
2932
1396
2444
1885
1466
2304
1885
1955
2374
1396
1816
1955
2373
3351
1954
1885
1885
1466
2304
1885
1885
1955
1466
1955
2374
1885
2374
2374
2304
2304
2304
2303
1466
1885
2792
44889
1396
1955
1954
1815
1885
2793
1396
1885
1467
1885
1885
1885
1954
1885
1885
1466
1885
2373
2374
2444
2444
2374
1955
1466
1955
1885
2444
2374
1885
2374
1885
1885
1885
1955
1397
1885
1885
1396
2303
1954
2373
1955
2443
1885
1885
1885
1466
1466
1885
1885
1396
1466
1885
2373
1885
1396
1885
1815
1885
1885
1885
1885
1466
1815
2374
1466
2862
2444
1955
1885
1466
1954
1885
1466
1815
1955
1955
1955
1466
1955
2374
1885
2374
2374
2303
1885
2373
1955
1396
1885
2373
1954
2374
1954
2373
2374
1396
1397
1885
1954
1885
1885
1466
1885
1396
1955
2374
1396
1466
1954
1954
1396
2374
2792
2444
1885
1885
2373
1955
1955
1885
2304
1885
1955
1955
1815
1885
2374
2304
1885
1885
1885
1955
1396
1885
1396
1885
2862
1466
1955
2374
1954
2443
2374
1955
1955
1954
1885
2374
1885
1396
1885
2373
1955
1955
1955
2373
1885
2303
1885
1955
978
2373
2932
2374
1885
1885
1954
2304
2373
1466
1815
2374
2374
1885
977
1885
2373
1466
1396
1466
2792
1466
1885
2304
1885
1885
1466
2444
1885
1815
1885
1954
1815
1955
1466
1885
1885
2303
1467
2444
2444
2443
1466
1396
1397
1466
1885
1885
1885
1885
2932
1466
1885
1885
1955
1955
1885
2374
2373
1954
2443
1885
1466
1955
2304
1884
1396
1397
1885
1885
1885
1885
2304
1816
1885
1955
1885
1955
1955
1885
1955
1885
1955
1885
1954
2443
1815
1955
1885
2374
1885
907
1954
1815
2374
1885
1815
1396
2374
1955
1885
1885
1885
1955
1885
1884
2303
1466
1396
1885
1885
1955
2444
2374
2373
1955
2374
1885
2374
1466
1955
2443
1885
1466
1396
1466
1466
2374
1815
1955
1955
1397
1885
1955
1885
1885
1885
1885
1954
1466
1885
1396
1396
1885
1885
1397
2303
1884
2374
1885
1885
2444
1885
1885
2373
1955
1955
1954
2304
1466
2374
1885
1884
1885
1884
1885
1396
1885
2304
1885
1885
2374
2374
1885
1955
1885
1954
1955
1885
1885
1885
1885
1885
1466
1466
1466
1397
1885
1885
1885
2444
1885
2374
1955
1885
1397
1466
1885
1955
1885
2304
2443
1885
1955
2304
1397
1955
1955
1955
1955
1885
1885
1885
1884
1885
2444
1955
1885
1466
1885
1885
1885
1885
1885
1815
1466
1466
1955
1885
1815
1816
1885
1955
1466
1885
1815
1885
1885
1885
1466
1884
1954
2374
2374
2374
1885
1885
1885
1466
1885
1885
1954
1885
1955
1466
1955
1885
1885
1955
1884
1954
1466
19618
1396
1466
1885
1885
1885
1885
2374
1885
1955
2373
2373
1885
1885
1466
102346
1885
1955
1955
1955
1885
1885
1466
1885
1885
1885
1466
1885
1885
1955
1955
1954
2374
1466
1955
1885
1397
1885
1815
1396
1466
1885
2304
1955
1885
1954
1397
1396
1466
2374
1955
1884
1885
1885
2374
2304
1885
1885
1884
1815
1885
1816
1884
1466
1885
1815
1885
1466
1885
1396
1885
1466
1885
1955
1885
2304
1885
1885
1885
1955
1955
1885
1396
1955
1397
1885
1396
1885
1885
1885
1955
1885
1466
1885
1954
1396
1885
1815
2373
1955
1885
1396
2373
1954
1815
1885
1466
1955
2444
1955
1885
1955
1396
1885
1955
1955
1885
1955
1885
1466
1955
1955
2303
1885
1885
1954
1815
1885
1885
1396
1885
1885
1396
1466
1955
1885
1466
1885
1955
1396
1955
1397
1397
1955
1885
1885
1885
1954
1885
1955
1466
1884
1885
1954
1955
1885
1885
1396
1955
1885
1815
1954
1954
1396
1955
1885
1885
1466
1885
1955
1466
1815
1955
1885
1955
1466
1466
1466
1885
1954
1885
1466
1815
1885
1885
1885
1885
1816
1466
1954
1885
1885
1466
1955
1955
1885
1466
1466
2303
1885
2373
1396
1955
1955
1955
1954
1885
1885
1955
1885
1885
1885
1885
1955
1885
1397
1396
1885
1955
1885
1885
1815
1466
1884
1955
1955
1885
1885
1885
1885
1885
1466
1885
1885
1955
1885
2374
1885
1885
1466
1885
1815
1955
2373
1885
1815
1815
1466
1396
1954
1955
1815
1885
2374
1884
1885
1466
1885
1885
1396
2374
1955
1815
2374
1885
2374
1954
2862
1885
1815
2373
1955
1885
2374
1396
977
2304
1815
1955
1885
1466
2374
1955
1885
1955
2374
1885
1397
1885
1885
1885
2303
2374
1467
1815
1885
1885
1885
1955
2374
1396
2374
1955
1885
1955
1396
1885
1396
1885
1885
1885
1396
1885
1885
1955
1885
1955
2374
1885
1885
1955
1954
1885
1885
1955
1885
1396
1815
1885
2303
1885
1955
1885
2374
2373
1885
1885
1955
2862
1815
1955
1955
2374
1396
1885
1885
1466
1397
1466
1885
1955
2373
1466
2862
1816
1467
1955
1955
1396
1885
1885
1396
1396
2374
1885
1885
1815
1885
1955
1885
2374
1885
2443
1885
2373
2304
1955
2373
1955
2443
1885
2374
1885
1955
2304
2374
1955
2374
1467
1467
2444
1885
1815
2374
1885
2374
1955
2373
1396
1397
2374
1885
1885
1815
1885
1885
1466
2374
1815
1955
1885
1885
1885
2863
2304
1885
1396
2374
1885
2444
1885
1466
1885
1885
1885
1954
1955
1397
1885
1396
1955
978
1885
1954
1955
1955
1885
2303
2444
1885
1885
2374
1885
1955
1885
2373
1466
2444
2373
1885
1396
1885
2862
1396
1955
1955
1885
1885
1885
1885
1466
1885
1955
1885
1466
1885
1466
1885
1955
1885
1885
1885
1815
2443
1466
1396
1396
1396
1885
2792
1815
1885
2443
1954
2443
1815
1885
1815
12706
1885
1885
1955
