1467
1397
1467
1467
1397
1467
1397
908
1397
1397
1466
1886
1886
1397
1396
1467
1886
1467
1397
1397
1467
1466
1467
1467
1397
1397
1397
1397
1397
1397
1467
1467
1397
1397
1467
1397
1397
1886
1397
977
1885
1467
1397
1397
1397
1886
1397
1816
978
1466
1397
1397
1397
978
1886
1956
1467
1397
1467
1467
1886
1886
1397
1886
1467
1467
1816
1467
1886
1467
1467
1467
1467
1397
1397
1886
1467
1816
1397
1397
978
1397
1397
1467
1466
1396
1467
1397
978
1886
2864
1397
1467
1397
1397
2794
1397
1467
1816
1886
1397
1956
1886
1467
1886
1397
1397
1467
1886
1466
1397
1397
1885
1397
1467
2863
1886
1956
1327
4749
1886
1886
1956
1886
1397
1956
1466
1467
1467
1397
1397
1397
1955
1467
1886
1397
1397
1886
1467
1816
1467
1397
1397
1886
1397
1467
2794
908
1467
1467
1467
1886
1467
1466
1397
1397
1886
1397
1886
1397
1397
1397
1466
1397
1467
10058
2305
1397
1397
1956
1397
1466
1886
2794
1885
1397
1397
1397
1886
1886
2305
2305
1886
1467
1886
1467
2864
1466
1886
2864
2864
1397
1397
1467
1885
4260
1466
1956
1467
1467
1397
2375
1397
1886
1466
1467
1397
1956
1397
1467
1467
1397
1467
1397
3842
1467
1886
1466
1467
1397
1397
1397
1397
1467
1886
1396
1467
977
1397
1886
1466
977
1467
1467
978
1397
1466
1467
1466
1397
1467
1467
2444
909
1467
1397
1467
1397
1886
1397
1397
1466
1397
1467
978
1467
1467
1397
1467
1397
1397
2444
1466
1397
1397
1886
1397
1467
1397
1397
1397
908
1397
1397
1886
1467
977
1467
1467
1397
1886
1397
1397
1466
1886
1467
1467
1397
1467
1397
1397
1886
1467
1397
1397
978
1397
1397
1397
1956
1466
1467
908
1467
2375
1467
908
1397
1886
1397
1467
1397
1397
977
1397
1467
1397
1467
1397
1467
1466
1397
1956
1397
1397
1467
978
1397
1466
1467
1467
1466
1397
1466
1467
1467
1466
1397
1467
1466
1467
1467
1397
1467
1396
1397
1397
1397
1397
1397
1397
1467
1467
1467
1466
978
1396
1886
1467
1397
1397
1467
1467
1396
1467
908
1467
1397
1886
1467
978
978
1886
1467
1397
1467
1397
1886
1396
1397
1396
1397
1397
1397
908
1397
1397
977
1467
1396
1397
1397
1467
1467
978
1397
1397
978
1397
1397
1397
1396
978
1467
1397
1467
1397
1397
1397
1397
1397
1397
1466
1467
1467
1467
1886
1886
1816
1886
1886
1886
1885
1397
978
1955
1397
1397
1397
1467
1397
1397
1466
1467
1397
1397
1467
1467
1397
1466
1467
908
1397
1397
1467
2375
978
1397
1397
1397
1467
1467
1466
1956
1397
1467
1886
1467
1467
1886
1397
1397
1886
1467
1467
1467
1397
978
1466
1397
1467
1397
1397
978
1467
1397
1397
978
1956
1467
1467
978
1397
1397
1467
1466
1467
1467
1467
1397
1397
1467
1467
1466
1885
1397
1397
978
1397
2934
1467
1397
1467
1466
1397
1467
1886
978
1467
1466
1397
1397
978
1467
1397
1467
1397
1397
1397
1466
978
1397
1397
1397
1466
1466
1467
1466
1886
1397
1466
1467
1397
1467
1397
1397
1397
1467
1397
1467
908
1397
1397
1466
1397
1397
1397
1397
1466
1397
1397
1466
1397
1397
1467
1467
1397
1886
1467
1467
1886
1397
1397
1397
1467
1956
1466
1886
1397
1467
1467
2305
1397
1397
1467
1397
1397
1886
1397
1397
1397
1397
978
1397
1397
1397
1467
1397
1397
1397
1886
1467
1397
1886
1397
1397
978
1467
1467
1467
1397
1396
1397
1397
1397
908
1466
1466
1886
978
1397
1397
1397
1955
13620
1467
1397
1397
1885
1397
1466
1886
1397
1467
1467
1886
1397
1397
1886
1467
1397
1397
1397
1885
1397
1397
1886
1467
1397
1397
1397
2375
1397
1467
1467
1885
1467
1956
1397
1397
1466
1467
1467
977
977
1397
1397
978
1467
1466
2375
978
1397
1886
908
1467
1397
1397
1397
1466
1886
1467
1466
977
1397
1886
1466
1466
1397
1467
1397
1397
1397
1467
1397
1397
1886
1397
1397
1397
1397
1467
1467
1467
1466
1397
1466
1466
1467
1397
978
1467
1466
1467
1467
1397
978
1466
1467
1467
1886
1885
1467
1467
1396
1467
1467
2445
1466
1397
1397
1397
1886
978
1467
1397
1467
1467
1397
978
1467
1467
1467
1397
1885
1397
1467
1466
1467
1467
1397
1467
1467
1467
1467
1886
978
1816
1467
1396
1467
1397
1397
1467
978
978
1467
1397
1397
1466
1956
1397
2375
1397
1467
1467
1956
1467
1467
1467
1397
1397
1397
1467
1397
1396
1397
1467
1397
1885
1397
1467
1397
1956
1397
1467
1397
978
978
1397
1397
1467
1397
1397
1886
1467
1397
1397
978
1467
1956
1397
1467
1397
1467
1397
1397
978
1397
1886
1467
1397
1397
1467
1397
1466
978
1397
1467
1886
1397
1467
1397
1397
1886
1397
1467
1886
1397
1397
1397
1397
1466
1397
1397
1467
1466
1885
1467
1397
1397
1886
1397
1397
1397
1467
1397
1467
1397
1466
1955
1467
1885
1466
1397
1397
1397
1467
1467
1467
1956
1397
1467
1467
1397
978
1886
1397
978
1886
1467
1466
1467
1886
2374
1397
1397
1466
1467
1397
1467
1397
1397
1467
1467
1397
1886
1397
1397
1396
1467
1956
1466
1466
1467
1467
1467
1467
1885
1397
1397
1397
1397
1397
1467
1397
1397
1397
1886
1467
1886
1467
1467
1467
1397
1397
1467
1397
1467
1467
1886
1397
1396
1467
1397
1397
1397
1467
1397
977
1397
1466
1886
1467
1466
1397
1467
1467
1396
978
1467
1397
1397
1397
1467
1886
1467
1467
9080
1466
1396
1467
9988
1396
978
978
1397
1467
1397
1466
1467
1396
1397
908
1397
1467
1467
11036
1397
1397
1397
1467
1467
1886
978
1467
1467
1467
1397
1466
1466
1956
1397
1397
1956
1467
1467
1397
908
1467
1467
1467
1397
1397
1397
1467
978
1886
1466
1467
