1467
1396
1397
978
1467
1397
1396
1397
1467
1467
1397
1467
1397
1467
1397
1397
1397
1467
1467
1467
1397
1396
7613
1467
1397
1397
1467
1397
1397
1396
1396
1467
1397
1467
1467
1956
1467
1467
1397
1885
1467
1816
1397
1467
977
1397
1397
978
978
1397
1396
1467
1466
1397
978
1956
1467
1467
1467
1397
1467
1467
1467
1396
1397
1886
1397
1467
1397
1466
1467
1397
1467
1397
1397
1397
1397
1467
1397
1397
978
1397
1396
1467
1397
1397
1397
1397
1397
1467
1467
1467
1466
977
1396
1467
1956
1955
2305
1886
1467
2305
1397
1397
1396
1956
1397
1886
1397
978
1397
1397
1397
1397
1397
977
1396
1397
1397
1886
1467
1397
977
1397
1886
1396
1467
1467
1886
1467
1397
1816
1397
1467
1467
1397
1467
1466
1467
1397
1397
1467
1467
1466
978
1467
1397
1397
1886
1467
1466
1467
1466
1467
978
1397
977
1466
1467
1467
1467
1397
1886
1396
908
978
908
1467
1467
1467
1466
1397
1397
1397
1396
1397
1467
1397
1466
1396
1467
1467
1397
1397
1467
1397
1397
1467
1886
1397
1397
1397
1466
978
1467
1397
1397
1466
1396
1397
1397
1397
1397
1886
1397
1467
1397
1885
1397
1467
1396
1467
1816
1397
1886
1397
1397
1467
1397
1466
1397
978
1397
1467
1467
1396
1467
1467
1466
1467
1397
978
1886
1886
1467
1397
978
1397
1467
1397
1886
1467
1467
1397
1956
1397
1396
1397
978
1397
1467
978
1467
1397
1397
1466
1397
1397
1397
1466
908
1466
1397
1397
1397
978
1397
1396
1397
1466
1397
1397
1396
1466
1397
1886
1397
1397
1397
7125
1397
1396
1397
1397
1886
1397
1467
1955
1467
1466
1397
1886
1397
1397
1396
1397
1467
1467
1396
1467
1397
978
1467
978
1467
1397
1396
1396
1397
1816
1467
1397
1397
1466
1397
1956
1397
1467
1956
908
1885
1885
1397
1397
1467
978
1397
1467
1467
1397
1467
1397
1397
1467
1396
1397
1467
1467
1397
1396
1397
1467
1397
1466
1956
2375
1397
1397
1467
908
908
1467
1397
1467
1397
1397
1467
977
1397
1397
1396
1956
1467
1466
977
1466
1397
1466
1956
1397
1396
1397
1466
1397
978
1467
1397
1397
1397
1467
1397
1397
1397
1397
1397
1467
1397
1467
1816
1467
1885
1397
1467
1467
1467
1397
1467
1397
1397
1397
978
1467
1397
978
1397
1396
1955
1397
1397
1397
11105
1397
1467
1397
1467
1467
1397
1397
1397
1397
1397
1397
1467
1397
1397
1397
1816
9499
1466
977
1397
1397
1397
1397
1466
1467
1397
1397
1397
1397
1397
1396
1467
1397
977
977
1467
1466
1467
1886
978
1467
1467
1467
1467
1467
1467
1956
1397
1467
1466
1886
1396
1397
1397
1467
1955
1397
1397
977
1956
908
1396
1466
1397
1396
1466
1397
1886
1397
1467
1467
1886
1397
1467
1467
1397
1466
1467
1396
1397
1397
1467
1466
1467
1397
1397
1396
1885
1467
1467
1467
1467
1397
1467
1467
1397
1467
978
978
1397
1467
1466
1467
1397
1467
978
10686
1397
1397
1397
978
908
908
978
1467
1397
1396
1816
1886
1466
1886
978
1397
1397
1885
1397
1397
1397
1397
1467
1885
1397
1397
978
1467
978
1467
1467
1397
978
1397
1466
1467
1467
978
1397
1467
1467
1397
1397
1467
1397
1467
1397
1467
1466
1397
1467
1466
908
1397
1397
1397
1467
1467
1397
1467
1397
1466
1397
1467
1467
1467
1397
1397
1467
908
1467
1397
978
1397
1396
1467
1327
1467
1466
1396
1467
1466
1397
1397
1396
1397
908
1397
1467
1886
1467
1397
1467
1467
1397
1467
1397
1466
1397
1397
1397
1397
1397
1467
1397
1397
1467
1397
1397
1397
1466
1467
1397
1397
1397
1396
1466
1885
1466
1397
1467
1467
1397
1397
1397
1397
1467
1397
1467
1467
1397
1466
1467
1467
1467
1467
1397
1467
1466
1396
1466
1396
1397
1397
1396
1466
1397
1467
1467
1466
1397
1467
1466
1397
1466
908
1397
1466
1397
1466
1467
1885
1397
1397
1467
978
1397
1397
1466
1397
1396
1467
1466
1466
1467
1466
1396
1886
1467
1397
1397
977
1397
1467
1467
1397
1397
1466
978
1397
1467
1466
1467
1397
1466
1467
1397
1397
1467
1466
1397
1397
1467
1397
1467
1396
1397
1397
1467
1397
1467
1397
1467
1466
1397
1396
1467
1467
1955
1467
1397
1396
1396
1397
1466
1397
1396
1397
1956
1466
908
1397
1467
908
1397
1397
978
908
978
1467
1397
1396
1397
1397
1466
908
1397
1466
1397
1397
1397
1397
1397
1467
1397
908
1467
1466
978
1397
1397
1397
1467
1397
1397
978
1816
1397
1397
1397
1397
1467
1467
1467
1467
1397
1397
1467
1397
1397
1397
1466
1396
1956
1467
1955
1467
1467
1397
1466
1397
1397
1467
1467
1397
1397
1466
1397
1397
1467
1467
1467
1397
1466
1396
1467
1886
1397
1396
1397
1467
1397
1467
1397
1396
1397
1467
1886
1397
978
978
1397
1396
978
1397
1396
1396
978
1397
978
1397
1397
1397
1397
1466
1467
1397
1467
1397
1397
1466
1397
1467
1467
1466
1466
908
1467
978
1397
1397
1397
1397
1397
977
908
1467
1396
1397
1397
1397
978
978
1467
1955
1467
1397
1466
1397
1397
1467
1466
1467
1467
1466
1466
1397
1397
1397
1886
1396
1467
908
1467
1397
1467
1397
1467
1397
1396
1467
1467
1397
908
1467
1396
1467
1397
1467
978
977
1467
1397
1397
1396
1397
1397
1396
1397
1397
1466
1397
1467
978
1466
1466
1467
1886
1397
1886
978
1396
1467
978
1816
978
978
1467
1467
1397
1397
1467
1467
1397
1396
1397
1467
1397
1467
2375
1467
1467
1467
1397
1886
1397
1466
1466
978
1466
1467
1397
1467
1466
1397
1397
1466
908
1397
1467
1467
1397
1955
1466
1467
1397
908
1397
1467
1467
1467
1397
1466
1466
1466
1397
1397
1397
1467
1397
1467
977
