1886
1885
1396
1955
2375
1955
2444
2375
1885
1955
2305
1816
2375
1956
1467
18578
2305
2374
1956
1886
1466
1466
2864
2375
1956
1885
2864
1397
1886
1886
2444
1886
2374
2444
1955
2864
1885
1397
1886
2375
1885
1886
1886
1886
2375
1956
3771
1467
2444
2375
2375
1816
1955
1885
1396
2444
1886
2374
2374
1886
1467
2864
2934
1955
1886
1956
2374
2445
2374
1816
1885
2374
2445
1886
2375
2375
1885
1886
1956
1467
2864
2863
1956
2305
1955
2445
1886
1885
1886
1885
2933
1396
1886
2305
1467
2444
1886
2864
2305
1397
1956
1885
1816
1466
1955
2375
2375
1886
1956
1886
1886
1955
2444
1886
1886
1885
2375
2375
1885
2374
1467
10965
1955
1396
2445
1955
2375
1886
1886
2375
1886
2374
2375
1885
2864
2375
1886
1956
2304
1956
2374
1886
1885
1956
2375
2444
1885
2375
1885
1886
2444
1955
2445
2374
1956
2374
2374
1816
2374
1955
2375
1466
1955
2374
2375
2445
1956
1886
1955
1397
1886
1816
2375
3352
1885
1466
2375
2375
1886
2444
2374
2375
2863
1886
2444
1467
2304
1886
2793
1955
1467
1885
1885
1955
1885
1886
1885
1886
1886
1886
1955
2444
2374
1885
2375
2375
1886
2375
1956
1886
2375
1885
1886
1955
1955
2375
1885
2374
1467
1467
2444
1956
2374
1397
2374
1885
2864
1955
1885
2374
1885
1955
1886
1886
1886
1886
2305
2374
2444
1955
1956
1886
1885
1885
1956
1956
2933
1816
1955
1955
1886
1956
1886
1397
1956
1886
1396
1885
1816
1886
1955
1955
1885
1885
1885
1397
2374
2375
2374
2305
2374
3352
1886
1397
1955
1885
2375
1956
1956
1885
1816
1886
1467
1396
1886
1886
1815
1956
1885
1886
2933
1886
1467
1956
1886
1956
1956
2374
1467
1956
1886
1885
1886
1467
1956
2374
1886
1816
1886
1955
1467
1886
2444
1467
1467
1466
1956
1467
1956
1467
1886
1886
1885
1886
1467
1886
1885
1886
1886
1956
2374
1885
2864
1955
1886
1886
1885
1956
2374
2304
1886
1886
1956
1466
1956
1956
1815
1885
1815
1397
1886
1886
2864
1956
1886
1886
1467
1885
2374
1886
1885
1467
1886
1886
1396
1886
1466
1886
1955
1886
1467
1955
2444
1816
1955
1467
1956
1955
1815
1886
1816
1955
1955
2375
1886
1886
1885
1886
1885
2375
1467
1396
1886
2374
1816
2374
2445
2375
2374
2374
2374
1397
1956
1885
1956
1396
1886
1956
2445
2374
2374
1816
2864
1885
1956
1886
1467
1816
2793
2794
2375
1955
1886
2305
1886
1885
2864
1466
1467
1466
1885
1885
1886
1885
1397
2375
1955
15853
1885
1886
1886
1466
2374
1396
1886
1886
1956
2375
1886
1956
2305
2375
1397
1885
1956
1466
1885
2444
1397
1885
1955
1956
1955
1397
1886
1955
2374
1816
2444
1466
1886
1955
1886
1885
1955
1886
1886
1956
2375
1815
1886
1885
1816
2305
1956
1955
2374
1956
1816
1955
1886
2374
1886
1816
2375
1886
2375
2793
1886
1885
1886
1886
1886
1885
1955
1886
1886
1467
1955
1885
1885
1956
1886
1955
2375
1885
1955
1886
1886
2444
1886
1956
2445
1885
1886
2375
1885
2374
1886
2375
1467
2374
1955
2304
1816
1956
1885
1397
1885
2444
2304
1886
2375
2375
1885
2375
2374
1886
1397
1956
1955
1956
1397
1466
1886
2375
1955
1956
2304
1956
2444
3352
2444
2304
1467
1956
1885
1816
1885
1956
1956
1885
1955
1886
1886
1956
1886
1885
1886
1886
1466
1885
1955
2375
1956
1955
2305
2374
1885
1886
1956
1886
2864
1956
1956
1885
1397
1956
1885
1956
2444
1955
1955
1956
1956
2375
1956
1886
1956
1886
1886
1886
1956
2375
1886
2375
2375
2444
1886
1397
1886
1956
1886
1955
1956
2374
2305
2794
1886
1955
1397
1956
1886
2375
2375
1467
1397
1956
1956
1955
1886
2793
2374
1956
2794
2375
2375
1886
2375
1885
1956
1397
1886
1886
2375
2375
1466
2374
1955
2374
1396
2305
1885
2444
1886
2305
1886
2374
1886
2305
2793
2375
2374
2375
1466
2375
2444
1886
1885
1886
2374
2374
1885
2863
1886
1956
1467
1886
1956
1467
1816
2445
2375
1885
2374
2445
1397
2375
2305
1955
1885
1467
1955
1885
1955
1956
1397
1886
1886
2375
1466
1886
1955
2375
2864
1885
14736
2305
2375
1397
2375
1955
1956
1886
2304
1886
2305
2444
1886
2374
1955
1467
1886
1886
1816
1466
2375
1956
2374
1886
1886
2375
2375
1956
2445
2375
1885
1886
1885
1886
1885
2305
1466
2445
2445
2374
2444
1885
1886
2374
1886
1886
1886
1956
1886
2863
2375
1886
1886
1886
2444
1955
2375
1956
2864
2305
1816
1886
1956
1396
1886
2864
1956
1886
1816
1886
1397
1397
1956
1886
2444
1956
2445
1885
1885
1467
1886
1886
1956
2863
1956
1886
2375
1886
1955
1816
1397
1955
1955
1816
1885
1467
2304
1885
2374
1397
2444
1886
2375
1956
1396
1815
2375
1816
1467
1955
1886
2375
1886
1467
1886
1885
2375
2863
1885
1886
1816
1955
2305
1955
1397
2445
1956
2375
1886
1467
1956
1955
1885
1467
1886
2374
2374
1885
1886
1816
1956
1886
1886
1955
2305
1885
1956
1885
1466
2374
1397
1886
1886
2305
1466
2374
1466
1955
1885
1886
1467
2304
1955
1397
1886
1466
1955
1885
1886
1467
1885
1885
1886
1886
1955
1886
1886
1955
2864
2374
1955
1886
1397
1886
1886
1467
1466
1886
1886
1886
1397
1886
1885
1886
1886
1955
1886
1956
2374
1886
2375
1886
1885
2445
1816
1885
1886
1955
1816
1956
2444
1955
1886
1886
1886
1816
1886
1886
1886
1885
1956
2444
1886
1886
1886
2374
1886
1886
1886
1886
1886
1886
1466
1956
1886
1885
1886
1397
1885
1955
1885
1886
2375
1955
1816
1955
1467
1885
1886
1885
2305
1397
1885
1956
2444
1886
1885
1886
1956
1886
2375
1886
1886
1886
1956
1885
1886
1886
1886
1816
1886
1886
1956
1955
1956
1886
1955
1886
1886
1956
2444
1955
1886
1467
