1397
1397
1885
1397
1397
1467
1397
1467
1397
1397
1397
1397
1467
1815
1397
1956
1396
1467
1466
1466
1396
1886
978
1397
1467
1467
1397
1467
1397
1816
1397
1397
1397
1467
1467
978
1397
1397
1886
1467
1396
1467
1397
1397
1397
1467
1397
1397
1397
1886
1886
1886
1816
1886
1396
1467
1396
1396
1467
1466
1467
1466
978
1467
1466
1466
1466
1397
1885
1397
1885
1467
1467
1396
1467
1396
1467
1397
1467
1467
1396
1397
1397
1397
9079
1466
1397
1466
1397
1467
1466
1397
1397
1467
1467
1396
1466
1955
1397
1466
1397
1397
978
1397
1397
1467
1466
1467
1466
1396
1396
1396
1327
1466
1397
1397
1885
1397
1397
1397
1397
1396
1397
1886
1397
1397
1397
1397
1397
1397
978
1466
1396
1467
1466
1397
1886
1397
1397
1397
1397
1396
1397
1397
1466
1396
1886
1467
1397
1467
1397
1466
1466
1397
1467
1397
1886
1467
1467
1467
1467
1467
1396
1466
1397
1815
1397
1467
1886
1467
1886
1397
1397
1466
1396
1885
1397
1467
1466
1396
1467
1885
1397
1397
1467
1466
1886
1466
1397
1467
1397
1396
1886
1396
1396
1397
1466
1466
1397
1397
1467
1886
1396
1396
1396
1467
1397
1886
1397
1397
1467
1466
1467
1396
1467
1397
1467
1397
1396
1397
1886
1466
1956
1885
1467
1397
1467
1467
1397
1397
1466
1397
1397
1397
1397
1396
1467
1466
1466
1397
1397
1467
1955
1467
1397
1397
1397
1467
1397
1956
1467
1466
2375
1397
1467
1397
1397
1467
1466
1397
1397
1955
1467
1467
1397
1397
1467
1466
1397
1955
1467
1397
1397
1396
1467
1886
1885
1886
1396
1886
1397
1397
1467
1397
1467
1396
1397
1396
1886
1397
1397
1396
1397
1467
1816
1397
1886
1466
1466
1816
1467
1397
1397
1397
1397
1397
1467
1467
1467
1886
1466
1397
1397
1466
1886
1397
1467
1467
1466
1466
1466
1397
1467
1886
1467
1466
1397
1466
1397
1397
1397
13479
1397
1467
1397
1397
1397
1397
1886
1397
1397
1396
1466
1397
1397
1467
1467
1397
1397
1397
1466
1956
1955
1397
1886
1396
1397
1466
1397
1397
1397
1397
1397
1397
1397
1396
1466
1467
1397
1467
1396
1886
1466
1396
1886
1397
1397
1467
1467
1467
1397
1467
1397
1467
1397
1467
1397
1397
1467
1397
1466
1467
1397
1397
1397
1466
1397
1397
1397
1397
1886
1466
1886
1467
1397
1397
1397
1467
1396
1397
1466
1467
1396
1466
1467
1396
1466
1815
1467
1466
1397
1467
1467
1467
1467
1467
1467
1815
1466
1397
1886
1397
1397
1467
1467
1397
1397
1396
1397
1397
1396
1955
1397
1467
1467
1397
1397
1396
1397
1397
1955
1467
1397
1397
1397
1467
1467
10057
1397
1396
1466
1467
1397
1397
1886
1397
1396
1396
1467
1397
1396
1397
1467
1885
1397
1886
1467
1397
1397
1466
1397
1397
1397
1886
1396
1466
1467
1466
1886
1397
1956
1467
1466
1467
1885
1397
1886
1396
1886
1397
1816
1885
1466
1815
1397
1466
1885
1467
1397
1467
1397
1397
1397
1397
1467
2794
1397
1467
1397
1397
1397
1397
977
1396
1397
1466
1467
1397
1397
1467
1397
1886
1886
1886
1467
1466
1397
1397
1396
1467
1886
1466
1466
1397
1467
1467
1466
1397
1396
1466
1397
1397
1397
1467
1396
1886
1886
1467
1467
1397
1886
1396
1955
1397
1467
1467
1467
1467
1397
1397
1467
1886
1396
1397
1467
1467
1467
1816
1886
1467
1466
1467
1467
1886
1397
1466
1396
1397
1467
1397
1467
1816
1815
1467
1397
1466
1397
1467
1397
1397
1467
1886
1397
1397
1467
1466
1397
1397
1397
1467
1466
1467
1397
1467
1467
1467
1466
1885
1397
1466
1396
1397
1397
1956
1467
1397
1397
1467
1397
1467
1397
1396
1886
1396
1397
1886
1397
1397
1467
1397
1466
1467
1886
1466
1397
1396
1467
1466
1396
1467
1396
1397
1397
1397
1397
977
1397
1397
1397
1466
1467
1397
1397
1396
9568
1466
1816
1467
1467
1885
1467
1396
978
1467
1955
1467
1466
1397
977
1467
1396
1467
1466
1397
1816
1397
1397
1467
1467
1396
1466
1397
1397
1956
1886
1955
1467
1956
1466
1396
1466
1397
1466
1397
1397
1397
1397
1467
1467
1466
1885
1397
1397
1885
1467
1466
1467
1397
1397
1396
1397
1467
1466
1397
1467
1397
1467
1467
1467
1466
1886
1397
1397
1466
1466
1397
1886
1396
1467
1467
1886
1397
1397
1397
1886
1397
1885
1397
1467
1397
1396
1397
1467
1397
1466
1397
1467
1397
1466
1397
1466
1397
1397
1466
1397
1397
1886
1467
1886
1467
1396
1397
1397
1466
1467
1396
1397
1467
1467
1815
1466
1397
1396
1397
10546
1396
1466
1396
1397
1397
1396
1466
1397
1397
1467
1397
1397
1886
1467
1466
1466
1397
1397
1396
1467
1397
1397
1396
1397
1955
1397
1467
1467
1397
1397
1466
1466
1885
1466
1467
1466
1467
1466
1466
1467
1886
1396
1397
1467
1467
1956
1396
1397
1397
1397
1397
1396
1397
1467
1396
1467
1397
1467
1467
1397
1466
1397
1397
1397
1467
1467
1466
1467
1397
1467
1467
1397
1466
1886
1466
1396
1467
1397
1467
1397
1467
1397
1467
1467
1397
1956
1397
1396
1396
1466
1397
1397
1397
1467
1885
1397
1466
908
1467
1397
1886
1397
1886
1396
1397
1466
1397
1466
1397
1397
1397
1956
1397
1397
978
1467
1397
1397
978
1397
1466
1396
1467
1466
1397
1397
1397
1397
1397
1886
1396
1397
1397
1467
1396
1397
1467
1467
1956
1397
1466
1397
1397
1467
1467
1397
1467
1467
1886
1397
1467
1396
1397
1466
1397
1467
1467
1397
1466
1956
1467
1397
1397
1467
1467
1467
1467
1397
1466
1397
1397
1397
1467
1397
1885
1397
1467
1467
1397
978
1466
1396
1397
1467
977
1467
1467
1467
978
1467
1466
1396
1397
1466
1397
1466
1466
1467
1396
1397
1467
1467
1397
1396
1466
1396
1466
1397
1886
1467
1886
1467
1397
1467
1886
