1885
1885
1885
1885
2443
1955
1396
2374
1885
1885
1466
1954
1885
15498
1885
2444
1815
2443
1396
1885
1397
1466
1955
1885
1885
1955
1955
1885
1396
1815
1885
2373
2443
1955
1885
1885
1396
2374
1885
977
1954
1815
1954
1955
1955
1954
1885
1885
2444
2373
1396
1955
1885
2932
1885
2373
1466
2444
1467
1885
1955
2374
1885
1885
1885
1885
1955
2374
1885
1885
1396
1955
2932
1466
1885
2374
1885
1955
1885
2374
1885
1885
1396
1885
1466
1954
1885
908
2373
2304
1955
1466
1955
2304
1954
1885
1885
1885
2862
1885
1466
2443
2234
1885
1466
1885
2374
1466
2373
2374
1954
2374
1885
1885
1955
2862
1466
1816
2932
1885
1466
1396
2374
1466
1954
2374
1885
1885
1885
1885
1466
1885
1885
1885
1885
1885
1885
1885
1397
2374
1955
1885
1885
1885
2443
1955
2374
1885
1954
1467
2373
1955
2863
977
1885
1955
2373
1466
1467
2304
1466
2374
1885
1466
1885
1955
1466
2303
1885
1885
1885
1885
2374
1954
1885
1885
1954
1955
1955
1885
1466
1466
1396
1396
1466
2374
1955
2374
1815
1885
1466
1955
1955
1955
1466
3211
1955
1885
1885
1885
1396
1955
1466
2373
2443
1955
1955
1885
1466
1466
1955
2863
1885
1955
1885
2374
1397
1954
2374
1396
1885
1396
2443
1955
1466
1885
1466
1955
2373
2792
2444
1955
1885
1397
1885
1885
2304
2303
2443
1885
1885
1955
1885
1885
1885
1466
1397
2304
1396
1466
2304
1955
2374
1466
1955
1954
2374
1885
1885
1955
1955
1885
1955
1955
1885
2444
1955
1955
1955
2444
1955
1885
2933
1955
1955
1466
1955
1466
1885
2374
2374
1955
1396
2374
1955
1885
1885
1396
1885
1885
1885
1396
2862
1885
1885
1955
1885
1885
1955
1816
1815
1467
1885
2863
1885
1885
1955
1885
1885
2374
1885
1955
1466
1885
1885
1955
1955
1955
1885
2373
1885
1955
2304
2443
1955
21992
2374
2373
1885
1885
1885
1955
1955
1955
2374
1955
1955
1885
1885
1885
1955
1955
2793
1885
1885
1885
1955
1885
1955
1955
1885
1815
1885
1955
2304
1885
1885
1885
1885
1955
1885
1466
2374
1815
1955
1955
1885
2373
1885
1955
2304
2374
1885
1886
1466
1885
1954
2374
1396
1815
1955
1885
1397
1885
1816
1955
1955
2374
2374
1885
1955
1885
2374
1466
1815
1955
1885
1955
2444
1954
1885
1885
1885
1885
2373
1396
1885
1885
2373
1885
1885
1955
1955
1955
2374
1396
2374
1466
1885
1885
2793
1885
2373
1955
2374
1885
2374
1466
1466
1885
2444
2374
1885
1885
1885
1466
1466
1397
2792
1955
1955
1885
1396
2374
1955
1885
1955
1955
1955
1885
1885
1885
2863
2304
1886
1885
1955
1955
2304
1955
2373
1885
1885
1397
1466
1885
3281
2304
1466
1885
1955
2374
2374
1396
2373
1885
1466
2304
1815
1885
1885
1955
977
1885
1955
1885
1885
1885
2374
1885
1955
1396
1466
1955
1885
1954
2374
1955
1885
1467
1885
2862
2374
1954
1466
1396
1885
1467
1885
1885
1815
1815
2792
908
1885
1885
1885
1397
1885
1885
1885
1885
1885
1955
2374
2374
1885
1397
2443
2793
1885
1955
2374
1954
1885
1885
1885
1955
2932
2373
2374
1955
1885
2443
1885
2374
1885
2304
1885
2374
1955
1885
1885
1955
2444
1397
1885
1397
2374
2443
1885
1885
1885
1955
1954
1955
1885
1815
1955
2444
2374
2374
1466
1815
2444
1955
1885
2304
1885
1815
1955
1955
1466
2304
1885
1885
1885
1885
1396
2373
1466
2374
1885
2374
1885
1885
2374
1885
2304
1885
1885
1885
2304
2374
1885
1955
1885
1885
2373
1885
1885
1396
2374
1955
1885
2443
2373
3351
2862
1885
1885
1954
1955
1885
2374
2374
2374
1815
1396
1954
2304
2304
2234
1955
1885
1955
1885
1955
1885
1885
1885
1955
2373
1885
1885
1467
1955
2374
1955
1955
1955
1885
1816
1885
1885
1955
1885
1466
2304
1955
1885
1955
1885
1815
1955
1955
1955
1954
2374
44681
1886
1816
1466
1885
1955
1885
1955
1396
1815
2304
1954
1955
1885
1815
1955
2373
1955
1885
1885
1885
1885
2304
1955
2304
1954
1885
1885
1885
1885
1466
1955
1885
1885
1885
1955
3351
1955
1885
1955
1955
1397
1815
1816
1955
1955
1955
1955
1885
3281
1885
2374
1955
1885
1885
1885
1885
1397
2374
1955
1885
1955
1955
1467
2374
1955
2373
15360
1885
1955
1955
1955
2374
1885
1955
2374
1885
1954
1955
1885
1955
1885
1885
1466
1885
1885
1955
1885
1954
1955
2374
1466
1955
1815
2373
1954
2304
2374
1886
1466
1885
1885
2443
1885
1397
1466
1466
1885
1955
2374
1397
1955
1885
2373
1955
1466
1396
1886
1885
1955
1954
1885
1396
1885
1885
1885
1885
2443
1955
1955
1955
2374
1954
2374
1885
1466
1885
1885
2374
2374
1815
2373
2374
1885
1466
1885
1955
1396
1466
1885
2444
1466
1815
1885
1885
2304
1885
1885
1396
1885
2443
1885
1885
1396
1885
1885
1397
1885
1885
1955
1885
1885
1954
1885
2932
1467
1885
1885
1885
1815
1885
1885
1885
2304
1396
1885
1396
2304
1955
2443
1885
1885
1885
1466
1885
1397
1885
1466
2374
2374
1467
2863
1815
2374
1955
1816
1886
1885
1885
1396
1885
1955
1954
1885
1396
2444
1396
1955
1885
1955
1954
1954
1885
1467
1885
1885
2374
1885
2374
1815
1466
1955
2444
1885
1885
1466
1885
1955
1885
1885
1955
1885
1885
2443
1885
1955
2303
1955
1954
1885
1885
2793
1885
1885
2374
1955
1955
1885
1885
2373
1467
1885
1885
5236
2374
2444
1885
2374
1885
1955
2304
1955
1955
1955
1885
30928
1955
1885
2374
1954
1466
1397
1885
1885
1955
1397
1885
1886
1955
1885
1466
1885
1815
1955
1955
1955
1815
1885
1954
1954
1396
2373
1885
1885
2304
1815
2374
1885
1954
2374
1955
1885
2374
1954
1955
1885
1396
1885
1885
1885
1955
2443
2862
2373
1466
1885
1396
1885
2374
1396
1885
