2304
2374
978
1885
2374
1885
1467
1955
1466
2374
1885
1466
1815
1955
1955
1885
1885
2374
2443
1885
2304
1885
1955
1954
1466
1397
1954
1885
1885
1955
1955
1885
1885
1885
1467
1466
1815
1955
1467
1816
1886
1954
1955
1885
1885
2374
1885
1885
1886
1396
1815
1885
2862
1466
2862
1885
1885
1467
1396
1885
1885
1955
1885
1955
1885
1885
1396
1815
1885
1466
1885
1466
1955
1955
1396
1885
1467
1955
2863
1954
1466
1885
1396
1396
1467
2374
1466
1955
1886
2863
1885
1885
1885
2304
1397
1815
1466
1955
1955
1955
1815
1885
1885
1816
1815
1885
1885
2374
1885
1885
1396
2304
2374
1815
1466
1885
1885
1466
2374
1955
1885
1955
1885
978
1466
1815
1815
2443
2444
1885
2374
1397
2373
1466
1955
1397
1885
1885
1815
1885
1886
2793
2374
1397
2374
2374
1955
2374
1885
1466
1885
1885
2373
1955
1885
1955
1466
1885
1955
1885
1955
1885
1955
1885
1815
1886
1815
2373
2304
2374
1466
1396
2304
1885
1955
1885
1885
1885
1466
2443
1397
2444
1885
1815
1955
1955
1955
1954
1885
1885
1885
1885
2444
2373
2374
2374
1885
1396
1955
2374
1885
2443
1816
1466
1466
1955
2374
1466
1815
1815
1885
1955
1885
2373
2374
1885
1885
1885
2444
1885
1466
1396
1885
1955
2443
1397
1885
1885
1466
1885
1397
1885
1466
1466
1885
1885
1955
1886
2443
1955
2374
1885
2792
1885
1955
1955
1815
1954
1885
1955
1885
2373
1955
1955
1885
1885
1955
1955
1885
1885
1885
2304
1885
2374
2444
1885
2792
1397
1955
1955
1955
1885
1885
1396
2793
1955
1955
1885
1466
2304
1885
1815
1885
2374
1955
2374
1396
1885
1885
1885
2374
1815
1955
1466
1955
1955
1815
1954
1467
1955
1955
1885
2304
1955
2374
1815
2374
1885
2443
1885
1885
1885
1466
2304
2374
1955
2374
2374
1885
1885
1955
1885
1886
1885
2374
1466
2304
2304
2374
1885
2444
1885
1467
1396
2374
1885
1954
2304
1885
2444
1885
1815
1466
1466
2374
1885
1954
1815
3421
1954
1885
1885
1885
1955
1955
2374
1885
2374
1885
18920
1885
1885
2374
1955
1955
1467
2374
1885
1885
1396
1955
1886
1397
1885
1815
2304
1885
1466
1955
1885
1467
1466
2374
1955
2374
1955
2374
1467
1955
1466
1955
1885
1885
978
1885
1885
1815
1955
1955
1816
1885
1397
1886
1885
1397
1885
2374
2444
1466
2374
1885
3212
1885
1397
1885
1396
1885
1955
1955
1886
1955
1886
2373
2374
2374
2374
2374
1885
1885
1885
1955
978
1885
1396
1885
1955
2374
2304
1886
1885
1885
1885
2374
1885
1466
1885
1396
3770
1955
2374
1885
2304
2374
1815
1955
1397
1885
1396
1955
1885
2374
2374
1885
2374
1885
1885
1885
1396
2444
1885
1955
2373
1397
1886
1885
2374
1885
1466
1885
1885
1955
2443
1886
1885
1955
2443
2863
1396
3840
1885
1885
1955
1885
2932
1885
1886
1396
2792
2374
1885
2304
1955
1397
1955
1466
1885
2374
2444
1885
1815
1885
2374
1885
1955
1885
1466
1467
1816
1885
2374
1885
1885
1955
2863
1885
1885
1885
1466
1885
1466
1396
1885
1885
1885
1885
1886
1885
1885
1885
1955
1815
1885
1467
1467
1955
1885
1815
1885
2374
1467
1466
1885
1885
1396
1397
1885
1885
1885
1955
1955
1885
2793
1955
1816
1885
1885
1466
1396
1885
1885
1885
1467
2374
1885
1885
1885
1955
1467
1885
1467
1396
1955
1885
2374
1466
2374
1886
1955
1955
1955
1886
2374
1466
1466
1397
1955
1466
1467
1885
1885
1885
1885
1955
1955
1886
1955
1466
1396
1885
1955
1955
1955
1885
1885
1955
1955
1885
1885
1955
1954
1466
1885
2304
1955
1396
1886
2863
1885
1815
1885
12288
1885
1955
1396
1396
2374
1466
1955
1885
1886
1885
1885
1885
2374
2374
1955
2373
1885
1466
1955
1466
1466
1885
1466
1886
1885
1815
1885
1885
1955
1885
1397
1885
1955
1885
1886
1397
1885
1955
1885
1955
1955
1955
1885
2444
1885
2374
1396
1886
1466
1955
1886
1885
1885
1885
1467
1466
1885
1397
1885
1885
1815
1885
1885
1885
1466
1955
1885
1955
1885
1396
1955
1466
1466
1955
1885
1885
1885
2374
1466
1885
1885
1396
1466
1955
1397
1396
1816
1885
1955
2444
1885
978
1955
1955
2933
1885
1816
1955
1885
1885
1466
1955
1886
1396
1955
1466
1467
1955
1816
1466
1885
1885
1815
1885
1955
1955
1885
11729
1885
1885
1885
1885
1885
1885
1466
1885
1885
1885
2373
1885
2374
1397
1885
1466
1886
1816
1466
1885
1885
1955
1466
1885
1955
1885
1955
1885
1885
1885
1815
1885
1885
1955
1885
1466
1955
1886
1885
1955
16826
1885
1885
1396
2234
1955
1396
1955
1955
1466
1885
1886
1815
2374
1396
1885
2444
2374
1885
1885
2374
907
1955
977
1885
1885
1466
978
2373
1955
1466
1467
1954
1396
1955
1885
1466
1466
1955
1396
2374
1885
1955
1396
17245
1955
1955
1466
1886
1885
1885
1466
1955
1885
1885
1955
1466
1467
1396
1955
1397
1885
1466
1955
1885
1885
1815
2443
1885
1955
1954
1885
1397
1955
1885
1955
1885
1885
1885
1955
1885
1955
1885
1466
1885
1885
1955
1885
1885
1885
1396
1885
1467
1885
1396
1955
1955
1397
1955
2374
1885
2374
1885
1885
1885
1885
1885
1467
1885
1955
1396
1955
1885
2304
1885
1954
1466
1885
1396
1955
1955
1885
2373
1466
1397
1885
1885
1815
1885
1885
1885
1885
1815
1885
2374
1885
1954
1885
1955
1816
1885
1885
1955
1885
1885
1885
1885
1955
1955
1466
1955
1466
1955
1885
1885
1396
1955
1815
1397
1955
1815
1955
1466
1885
1397
1467
1396
2304
1955
1885
1466
1886
1885
1885
1466
1396
1466
2304
1885
12288
1885
1466
1885
1466
1955
1396
1955
1955
1396
2373
1885
1885
2374
1885
1885
1467
1467
2304
1955
2374
1955
1885
1885
1885
1466
1467
2374
1955
1397
1885
1467
