2444
2444
1885
1885
2444
1885
1815
1955
1396
1815
1885
1955
1885
1885
1885
1954
1885
1955
1815
1885
1885
1815
1466
1954
1815
2444
1885
1955
1955
1885
1885
1885
1885
1885
1954
1884
1954
2373
1955
1466
1954
1885
1885
1885
1885
1885
1397
1885
1885
1885
1955
2443
2303
2374
1885
2374
1954
2373
1955
977
1885
1885
1815
2374
1885
1954
1885
1815
1885
1955
1885
1884
1885
1954
1954
2373
1955
2444
2374
1397
2374
1955
2373
2444
1955
2373
1885
1955
1815
1885
1884
1955
1885
1885
1955
1884
1885
1885
4259
2443
1885
1815
1885
1885
1955
1885
2373
1884
1954
1954
1954
1885
1885
1885
1815
1955
1884
17592
1955
1954
1885
1885
1955
1885
1885
1885
1955
1466
1466
1955
1885
1885
1885
1885
1885
1954
1885
1885
1466
1885
1885
2373
1955
1955
1955
1396
1885
1885
1885
1885
1954
1885
1885
1885
1884
1885
1885
1815
1466
1885
1885
1954
1954
1815
1885
1885
1466
1885
1884
1396
1954
1955
1955
1815
2303
1955
1954
1466
1885
1884
1954
1954
1884
1396
1954
2374
1954
1885
1955
1396
1885
1466
1955
1884
1885
1955
1885
1954
1955
1954
1885
1885
1885
1885
1884
1885
1885
1466
1885
1815
1885
1955
1885
2374
2443
2443
1885
1885
1884
1885
1955
1885
1815
2374
1816
1885
1885
1815
1885
1954
1954
1466
1396
1955
1885
1466
1816
1397
1815
1885
1815
1885
1885
1885
1885
1954
1396
1885
1885
1884
1884
1954
1885
1955
1955
1885
1885
1955
1815
1466
1885
1955
2373
1466
1884
1955
1885
1954
1954
1884
1954
2444
2374
1885
1466
2304
1885
1466
1955
1885
1885
1954
1885
1885
1885
1885
1885
1885
1955
1885
1955
1466
1885
1884
1815
1885
1885
1954
1466
1885
1466
1885
1816
1885
1954
1885
1466
1954
2373
2932
2374
1954
1815
1466
2374
2862
1954
1885
1885
1885
1954
1885
1885
1815
2373
1955
1885
1954
1955
1885
1885
1954
1885
1884
1885
1885
1885
1466
1955
1884
1955
1885
1884
1955
2303
1955
1955
1955
1885
1885
1885
132638
1466
1955
1466
1885
1885
1885
1954
1815
1885
1815
1884
1885
1885
1954
1397
1954
1885
1815
1397
1466
1815
1885
1955
2373
1954
1885
1466
1955
1885
1884
1884
1466
1885
1955
1885
1885
1885
1955
1954
1885
1955
2862
2373
1815
1885
1885
1955
1466
18639
1884
1885
1466
1466
1885
2374
1885
1954
1397
1885
1885
2374
1815
2373
1954
1954
2304
2304
1885
1885
1955
1954
1884
1466
1955
1885
1885
1955
2862
1885
1885
1954
1815
1955
2304
2444
1955
1955
1954
1466
1466
1466
1815
1466
1884
1885
1885
1885
1885
1885
1885
2374
1955
1955
2374
2374
2443
1466
2373
1955
1885
2374
1955
1885
2862
1955
1885
1884
1955
1815
1955
1885
1885
1815
1885
1885
1885
1955
1955
1955
2373
1815
1955
1955
1885
1885
1955
1396
1955
1954
2374
1885
2444
2374
1955
1954
1885
1885
1954
1885
1955
1954
1885
2862
2374
1885
1815
2374
2303
2932
2444
2374
2443
2792
2373
1815
2374
1885
1955
1955
1885
2374
1954
1466
1885
1885
1885
2373
2374
1885
1955
2444
2304
2373
1396
2373
2304
1815
2444
1955
1885
1885
1955
1954
1466
1885
1885
1885
2373
1885
1396
2792
1955
1885
2373
1955
1885
1396
2373
1885
1815
2374
1466
1885
1955
2304
1954
1955
2443
1885
1885
2373
2862
1955
2863
1955
1885
51590
1884
2373
2374
2304
1885
2304
1815
1954
2373
1885
1885
1885
1885
2374
1885
2373
1885
1885
1955
1954
2443
1954
1466
2373
1885
1885
1466
1885
1885
1955
2374
1955
1885
1885
1885
1885
1885
2373
2932
1885
1884
2443
1885
1466
2374
2374
1466
2443
2793
2443
1955
1466
1954
1885
1885
1396
1885
1955
2373
1884
1885
1885
1955
2373
1885
2444
1885
1396
1885
1955
1816
1885
1885
1885
2373
1955
1955
2373
1884
1885
1885
1815
2373
1955
1885
1954
1885
1885
1885
1885
1885
1885
1466
1885
1885
1955
1955
1955
1954
1885
1885
1885
1885
1955
1466
1954
1885
1885
2374
1955
1885
1885
1885
1955
1955
1884
1396
1955
1954
1466
1885
1955
1885
1885
1955
1815
1396
1885
1954
1885
1885
1955
1885
1885
1885
1885
2443
1884
1466
1885
1955
1885
1955
1955
1396
1955
1885
1954
1396
1885
1815
1885
1954
1955
1954
1954
2373
1955
1955
1885
2443
1884
1885
1885
1955
1954
1885
1885
1955
1396
1885
1885
1815
1885
1885
1885
1955
1955
1885
2304
2374
1396
1955
1954
1955
1466
1885
1954
1885
1885
1955
1954
1885
1884
1885
2373
1954
1885
1885
1885
1955
1885
1885
1885
1955
1885
1396
1815
1955
1954
1396
1885
1885
2444
1885
1954
1885
1955
1885
1466
1954
2374
1885
1885
1955
1884
1884
1885
1885
1885
1885
1466
1955
1885
1885
1954
1885
1955
1884
1955
1885
1885
1955
1885
1396
1396
1955
1954
1885
1885
1885
1466
1885
1885
1885
1466
2374
1955
1885
1954
1885
1885
1955
1885
1955
2373
1885
21851
2862
1885
1397
1466
1885
1885
1885
1954
1954
1885
1955
1955
1885
1466
1955
1954
1466
1885
1466
1885
1954
1815
1954
1885
1884
1815
1885
1954
2374
2932
1885
2443
1954
1954
1467
1955
1885
1885
1955
1955
1815
1885
1885
1955
2304
1954
1955
1885
1885
1815
1885
1885
1885
1885
1884
1955
1885
1955
1955
2373
1955
1955
1955
1955
1955
1396
2373
2373
1885
1885
1885
2374
1885
1885
1955
1955
1955
1884
1884
1885
1815
1815
1396
1885
1955
1396
2374
1885
1885
1466
1955
1885
1885
1885
2303
1954
1885
1955
1466
1885
1955
1955
1954
1466
1396
1885
2373
1954
1466
1815
1885
1954
1955
1885
1954
1955
1885
1885
1955
1466
1885
2373
2373
1396
1885
1815
1954
1955
1816
1466
1885
1885
1885
2304
1466
1396
1885
1815
1885
1815
1884
1954
1885
1885
1885
1885
1397
1885
1955
1815
2374
1885
1885
