1467
1397
1467
1397
1467
1466
1396
1397
1467
1886
1397
1467
1466
1397
978
1467
978
1396
1397
1886
1467
1397
1397
1467
1397
1956
1397
2864
1397
1466
1397
1467
1467
1467
1466
1886
1886
1816
1467
16134
1466
1467
1396
1467
1397
1466
1396
1956
1467
1466
1466
1397
978
1956
1397
1467
1466
1397
1467
1886
1466
1397
1956
1397
1467
1397
1397
1466
1397
1397
1397
1397
1466
1397
1397
1467
978
1467
1397
978
1467
1397
1397
1886
1816
1396
1886
978
1886
1886
1397
1886
1396
2374
1956
1467
1397
1956
1885
1397
1885
1466
1397
1466
1397
1955
1467
1466
1467
1396
1396
1886
978
1397
1467
1397
908
1467
1397
1466
1467
1955
1466
1886
1467
1467
1467
978
1397
1467
1467
2305
1397
1467
1397
1466
1467
1467
1886
1467
1397
1466
1466
1397
1467
2375
1466
1397
1467
1396
1467
1467
1397
1816
1467
1467
1397
1886
1397
1397
1467
1956
1397
1397
1466
1886
978
1467
1397
1886
1467
1397
1886
1467
1467
1466
1397
1467
1397
1885
1397
1885
1467
1466
1467
1467
1397
1467
1466
1467
1956
1467
1397
1955
1397
1467
1816
1467
1397
1397
1397
1467
1466
1397
1397
1467
1397
1397
1466
1886
978
1956
1956
1956
1397
1466
1397
1397
1467
1397
1467
978
1467
1467
1397
1397
1467
1467
1467
1886
1397
1467
1396
1397
1467
1816
1397
1327
1397
1467
1397
1467
1467
908
1467
1397
1397
1467
1467
1397
1467
1467
1467
1397
1397
1397
1466
1467
1397
1397
1466
1396
1885
1466
1466
1397
1397
1397
1397
1955
1467
1397
1467
1397
908
1466
1396
1467
1466
1397
1467
977
1886
978
1466
1397
1467
1886
1467
1467
1466
1466
1397
1466
1397
1396
1397
1467
1397
1467
1397
1467
1397
1467
1956
1397
1467
1397
1397
1466
1467
1397
1467
1396
1886
1466
1816
908
1467
1467
1397
1397
1466
1397
1396
1467
1397
1397
1397
1885
1467
1397
1397
1466
1397
1397
1467
1466
1396
1466
978
1466
1397
1397
1397
1397
977
1397
1467
1397
1396
1467
1466
1397
1886
1397
1886
1397
1886
1956
1397
1397
1397
978
1886
1467
1397
1397
1467
1886
1397
1397
978
1467
1397
1467
1467
1397
1396
1466
1397
1397
1397
1396
1466
1397
1397
1397
1466
1466
1396
1467
1397
1397
1467
1467
1397
1467
1467
1397
1886
1397
1466
1397
1466
1466
1397
1397
1467
1467
1467
1397
1467
1955
1956
1816
1956
1397
1466
1396
1397
1397
1397
1467
1467
1397
1397
1467
1467
1466
1466
978
978
1467
1397
1397
1466
1397
1397
1397
1397
1397
1467
2375
908
978
1466
1397
1396
1397
1396
1397
1396
978
1397
1397
1816
1396
1886
1397
1956
1397
1467
1467
1397
978
1467
1467
978
1467
1467
1885
1396
1397
1816
1467
1956
1467
1397
1397
1816
1397
1397
908
1956
1886
978
2794
908
1397
1885
1885
908
1397
1467
1396
3422
1955
1397
1396
1466
1956
1466
1396
978
1467
1467
1816
1886
977
1886
1467
1397
1467
1396
1397
1396
1397
1466
1886
1397
1467
2793
1467
1467
1467
1397
2445
1397
2375
1467
1397
1886
978
1397
1397
1397
1466
1467
1396
1956
1886
1397
1467
1816
1467
1397
1956
1467
1886
1397
1466
1467
1466
1467
1886
1397
1467
1886
1396
1397
1467
1956
1397
1466
1886
1467
1466
1397
1467
1886
1467
1397
2305
1885
1397
1397
1956
1956
1467
908
1397
1955
1885
1397
1956
1397
1956
977
978
2863
1467
1885
1955
1467
1816
1397
1397
2375
1397
1397
1886
1397
1886
1397
1397
1397
1397
1397
1466
1467
1466
1467
1397
1397
1816
1466
1466
1885
3282
1467
978
1885
1955
1886
1397
1327
1886
1467
1886
1955
1467
1466
1466
1396
1467
1956
1467
1885
1397
1467
1466
1955
1397
1466
1886
1467
1397
1467
1885
1397
1397
1397
1467
1886
1467
1397
1467
1467
1467
1397
978
1885
1886
1467
1397
1397
1886
1886
1885
1466
1467
1885
1466
1397
1397
1467
1466
1397
1397
1886
1397
978
1397
1467
1955
1396
978
1956
1467
1467
1397
1467
1467
1955
1397
1467
1466
1467
1467
908
1467
1397
1955
1466
2444
977
1397
1397
1886
1886
1467
1397
1886
1397
1397
1397
1397
2375
1886
1466
1886
1467
1466
1466
1467
1397
1397
1467
1956
1467
1397
1467
1886
978
1467
1467
1466
1956
1397
1466
1397
1886
1397
1397
1397
1397
1467
1397
1397
1467
1885
2374
1397
1397
908
1397
1466
1886
1467
2375
1816
1397
977
1397
1466
1467
1397
1467
1886
1397
1397
1815
2375
1816
1397
1956
1466
1397
1956
2305
1886
2375
1467
1397
1885
1397
1396
1397
1467
978
1397
3772
1466
1397
1956
1397
1466
1466
1886
1466
1466
1467
1467
1397
1467
1467
1397
1467
1397
1397
1397
1397
1467
1397
1397
1397
1885
1467
1467
1467
1466
1467
1397
1397
1886
1466
1397
1397
1467
1886
1467
978
1396
1397
1397
1466
1466
1397
1467
1467
1396
1396
1397
1886
1467
1467
1467
1886
1397
1396
1467
1955
1467
978
1956
1397
1467
1467
1467
1397
1886
1886
1466
1955
1467
1467
1397
1467
978
1956
977
1466
1397
1466
1397
1397
1955
1467
1467
1467
1397
1467
978
1467
1467
1466
1467
1397
1467
1886
1466
1397
1467
1397
1467
1467
1397
1467
1397
1397
1467
1397
1886
1467
1467
1397
1397
1397
1467
1397
1397
1466
1467
1956
1467
1956
1467
1467
1467
1397
1397
1467
1467
1466
978
978
1466
1397
1815
1397
1397
2375
1467
1466
1397
1886
1397
1467
1467
1467
1397
1397
1467
1397
1397
1397
1327
1467
1467
1467
978
1886
1467
1467
1397
1397
1467
1467
978
1467
1397
1886
2305
1397
1886
1396
1397
1466
2375
1466
2375
1467
1466
1885
2375
1955
1886
1816
1466
1956
1397
1467
1886
1955
978
1885
1397
978
1467
1467
908
1467
1886
1886
1466
1886
1467
1466
1397
