1397
1397
1397
1397
1955
1397
978
1886
1466
1397
1467
1397
908
1816
1467
1886
1467
1466
1956
1467
1467
1467
1397
1466
1397
1397
1466
978
1397
1397
1886
1397
1466
1955
1466
1396
1466
1885
1397
1397
1885
1467
1397
1466
1397
1396
1467
1467
1397
1396
1397
1396
1466
1397
1467
1467
1467
1885
1466
1466
1397
1466
1397
1467
1397
1396
1467
1397
1397
1466
1397
1467
1467
1467
1466
1397
1397
1467
1466
1467
978
1397
1467
1467
1397
1397
1397
1397
1816
1466
1397
1397
1397
1467
1886
1397
1466
908
1467
1397
1467
1397
1467
1467
1396
978
1397
1466
1397
1396
1467
1467
1467
1396
1397
1467
1396
1396
1467
1467
1886
1397
1466
1467
1467
1466
1397
1397
1467
978
1466
1467
1397
1467
1397
1467
1467
1397
1397
8590
1815
1397
1467
1397
1466
1467
1467
1466
1397
1397
1467
1397
1467
1397
1397
1467
1467
1397
1467
1467
1396
1397
1396
1467
1816
1397
1466
1886
1397
1467
1396
1466
1466
1397
1467
1886
1466
1886
1467
1396
1396
1467
1396
1397
1396
1956
1467
1886
1466
1397
1397
1466
1396
1886
1466
1886
1466
1397
1397
1396
1397
1397
1466
1467
1467
1466
1466
1397
1397
1467
1467
1397
1467
1327
1467
1396
1467
1466
1467
1885
1397
1397
1467
1467
1467
1396
1397
1397
1885
1397
1466
1397
1467
1396
1397
1397
1466
1467
1466
1467
1396
1397
1397
1397
1397
1467
1397
1886
1466
1397
1886
1467
1467
1467
1397
1816
1396
1397
1466
1397
1466
1397
1466
1467
1397
1466
1397
1397
1467
1886
1466
1467
1397
1397
1466
1466
1885
1816
1397
1397
1397
1397
1466
1467
1467
1396
1886
1466
1397
1397
2375
1397
1467
1397
1467
1396
1397
1466
1466
1397
978
1397
1397
1466
1397
1397
1467
1397
1466
1466
1467
1467
1396
1397
1397
1467
1397
2445
1466
1397
1397
1467
1397
1397
1467
1467
1886
1886
1397
1955
1467
1467
1397
1466
1886
1467
1466
1467
1885
1397
1397
1397
1467
8171
1397
1885
1397
1466
1397
1467
1397
1816
1467
1397
1396
1397
1396
1396
1886
1467
1467
1467
1886
1466
1397
2374
1397
1467
1467
1397
1397
1396
1397
1397
1397
1397
1467
1397
1396
1397
1397
1397
1467
1886
1397
1466
1397
1467
1466
1467
1467
1397
1397
1397
1397
1466
1956
1467
1397
1467
1467
1466
1396
11594
1397
1467
1397
1397
1397
1467
1397
1466
1397
1397
1467
1467
1397
1885
1467
1397
1397
1397
1467
1397
1466
1467
1397
1466
1467
1467
1467
1397
978
1397
1397
1467
1466
1467
1467
1397
1467
1467
1467
1397
1397
1397
1397
1397
1396
1466
1886
1397
1397
1467
1466
1466
1397
1397
1397
1467
1397
1467
1466
1466
1396
1467
1397
1397
1396
1466
1397
1466
1397
1396
1397
1397
1466
1397
1397
1397
977
1397
1466
1466
908
1397
1467
1466
1397
1466
1397
1396
1397
1466
1397
1396
1886
1467
1467
1466
1467
1885
1397
1466
1467
1467
1467
1467
1467
1466
1467
1466
1396
1467
1397
1467
1467
908
1397
1466
1467
1397
1397
1955
1467
1886
1467
1467
1396
1466
1467
1397
1397
1467
1397
1397
1466
1467
1886
1397
1467
1397
1396
1397
1467
1396
1396
1466
1397
1466
1467
1467
1397
1467
1467
1466
1397
1467
1396
1467
1467
1397
1397
1396
1467
1397
1397
1467
1466
1397
1467
1466
1397
1466
1467
1396
1467
1397
1466
1467
1467
1397
1467
1467
1816
2445
1397
1467
1467
1397
1397
1397
1396
1466
1885
1466
1397
1467
1466
1396
1886
1397
977
1466
1816
1466
1397
1397
1397
1397
1397
1467
1467
978
1397
1467
1397
1886
1467
1396
1397
1397
1956
1397
1467
1467
1396
1886
1397
1397
1467
1467
1397
1467
1397
1466
1396
1396
1466
1816
1466
1396
1396
1467
1397
1466
978
1886
1467
1397
1397
1396
1467
1467
1467
1467
1397
1466
1467
1467
1467
1396
1396
1397
1886
1396
1397
1397
1467
1467
1396
1467
1466
1467
1397
1397
1466
1397
1467
1467
1467
1397
1467
1466
1886
1956
1397
1467
1467
1885
1466
1467
1466
1466
1467
1467
1397
1467
978
1397
1466
1397
1467
1397
1467
1467
1396
1397
1397
1397
1397
1467
1397
1885
1956
1466
1885
907
1397
1955
1467
1397
1396
978
1885
1467
1397
1467
1397
1396
1397
1397
1467
1396
1397
1397
1467
1467
1397
1466
1397
1397
1466
1467
1466
1467
1397
1886
1397
978
1466
1467
1397
1397
1466
1467
1467
1467
1397
1885
908
1397
1397
1397
1397
1467
1467
1397
977
1816
978
1466
1396
1466
1886
1397
1397
1396
1397
1397
1466
1886
1397
1397
1467
1885
1397
1396
1397
1467
1466
1467
1397
1397
1397
1397
1397
1396
1467
1466
1397
1396
1397
1466
1397
1467
1396
1467
1466
1397
1397
1467
1467
1467
1397
1467
1467
1467
1397
1467
1467
1397
1467
1955
1467
1397
1467
1467
1396
1956
1467
1467
1397
1467
1396
1397
1396
978
1397
1397
1397
1885
1397
1397
1397
1397
1397
1467
1467
1886
1396
1396
1397
1397
1397
1467
1397
1397
1397
1396
1467
1396
1467
1886
1467
1397
1466
1397
1397
1397
1467
1396
1467
1397
1396
1467
1397
1466
1466
1467
1467
1396
8590
1397
1466
1396
1467
1467
1397
1397
1397
1955
978
1885
1467
1466
1467
1397
1397
1397
1396
1397
1467
1397
1397
1467
1466
1467
1467
1397
1955
1397
1466
1466
1397
1467
1397
1397
1397
1397
1397
1397
1467
1397
1397
1397
1397
1397
1467
1467
1467
1467
1397
1467
1466
977
1397
1397
1885
1466
1467
1466
1467
1397
1397
1885
1397
1397
1467
1886
1467
1466
1397
1466
1396
1397
1467
1885
1466
1397
1396
1396
1396
1397
12711
1466
1467
1397
1467
1397
1396
1466
1467
1397
1467
1466
1397
1467
1466
1467
1955
1397
1397
1467
1397
1467
1466
1466
1467
1816
1466
1467
1466
1397
1467
1467
1397
1397
1466
1886
