1397
1396
1955
1885
1956
1396
1467
908
1886
1397
1397
2375
1886
1956
1397
1467
1467
1467
1397
1467
1467
1886
1467
1397
978
1886
1886
1886
1467
1886
1467
1466
1467
1467
1886
1956
1886
1816
1466
1397
1467
1955
1467
1396
1886
977
1467
977
1466
1396
1467
1955
978
19694
1816
1956
1467
1816
1885
1886
1885
1886
1397
2375
2375
1466
1396
1467
1466
2305
1466
1886
1467
1956
1955
1467
1396
1885
1466
1467
1886
907
3352
1955
1467
1886
1885
1886
1467
1885
977
1886
1886
1467
1885
1886
1885
1816
1396
1466
1466
1467
1467
1397
1397
1467
1816
2794
1885
1886
1397
1397
1467
1886
1886
1885
1467
1467
1397
1886
1467
1886
1885
1955
1397
1885
908
1466
2375
1466
1886
1467
1956
2375
1885
1886
1955
1955
1955
1467
1467
1885
1956
2793
1886
1955
2863
1397
1885
1816
1397
2444
1396
1397
1886
1886
1467
1467
1886
1886
2374
1956
1885
1467
2374
1886
1397
16062
978
908
1955
1956
1466
908
1885
978
1466
1956
1467
1885
1886
1467
1467
1397
1467
1885
1467
1397
1467
1885
1466
1886
1885
1816
1467
1467
1466
1955
1816
2375
1886
1816
1396
1815
1397
1886
2375
2374
1397
1886
2375
1816
1396
1467
978
1467
1956
2445
1467
1886
1886
2374
1956
1886
1467
1466
1885
1397
1466
1467
2375
1886
1397
1466
1397
1886
1816
1886
1956
1886
1885
1885
1397
1816
1956
1466
1885
1397
1466
1397
1956
2374
1397
1955
1885
2444
2444
1397
1466
1466
2863
1397
1397
2374
1886
1886
1816
977
1956
1885
1397
1397
1885
1397
1955
1886
1816
1886
1886
1886
1955
1885
1955
1397
1955
1397
1397
2375
1886
1397
2375
1396
1956
1955
2863
1885
1467
1885
1886
1885
1885
1955
1955
1885
1886
1885
5656
1466
1885
1397
1956
1466
1886
1466
1467
1886
1956
1956
978
1466
1886
1397
1886
1886
1467
1466
1397
1466
1955
1467
1397
2375
1467
1467
1467
2304
1467
1397
1467
1466
977
1396
978
1885
1886
1956
1955
1397
1955
908
1397
1397
978
978
1397
1397
1467
1467
1467
1397
1466
1886
1467
1467
1467
9498
1466
1397
1397
1467
1397
1886
1467
1956
1467
1886
1466
1396
1397
1885
1397
1396
1885
1397
1467
978
908
1396
1467
1886
1955
1467
1886
1397
1397
1397
1467
1467
1397
1397
1886
1397
1466
1397
1886
1466
3282
1466
978
1466
1467
1397
1467
1397
2375
1467
1956
2374
1956
1397
1886
2863
1886
13339
1397
1396
1955
1396
1397
1467
1886
1397
1397
1955
1886
1397
1396
1955
1885
1396
1397
2375
1397
1885
1955
908
1397
1886
1886
1396
1396
1885
1466
1886
2374
1956
1886
1467
1466
1886
978
1396
1466
1466
1397
1955
1397
1467
1396
1956
1886
1467
1397
1886
1397
1397
1396
1396
1396
1397
1466
1467
1816
1885
1397
1397
1886
1467
1467
1886
1467
1467
1956
2375
1396
1955
1467
1467
1397
1397
1467
2374
1886
1955
1397
1397
1466
1886
1886
1397
1396
1955
1886
1466
1886
1397
1397
1816
1397
978
1467
1397
1397
1955
2864
1397
1466
1397
1885
1467
1886
1886
1397
1396
1397
1885
1397
1955
11942
1467
1466
1466
2374
908
1886
1466
1815
1886
1467
1466
1886
1885
1467
1467
1956
1886
1466
1885
1467
1397
1467
1396
1397
1955
2305
1955
1467
1885
1467
1885
1397
1955
1396
1885
1956
1397
1886
1885
3772
1886
1885
1886
1466
1886
1885
1466
1955
1955
1885
2374
1397
1467
1466
1886
1885
1886
1886
1397
1955
1816
1886
1816
1396
1397
2793
1885
1467
1886
1467
2375
1467
1467
2375
908
1397
1466
1886
1886
1467
1396
1397
1886
1466
1397
1397
1956
1886
1955
1397
1467
1397
1886
1885
1885
2375
1956
1467
1885
1885
1467
1956
1466
1886
2445
1886
1955
1816
1885
1885
2375
1396
1956
1886
1885
1397
1955
1885
1956
2375
1885
1885
1886
1885
2375
2794
1955
1886
1955
1397
1397
2444
1397
1886
1816
1955
1886
1886
1886
2375
1885
1397
1467
1467
1956
1956
1955
1886
1955
1956
1886
1956
1886
1955
1467
1397
1886
1886
1397
1956
1467
1886
1955
1467
1466
1467
1886
1886
1466
1886
1886
1466
1885
1467
1886
1467
1466
1467
1396
1397
977
1886
1886
1467
1467
1955
908
1466
1466
1397
1397
1397
1396
1397
1397
1397
978
1467
1466
1397
1466
1397
1886
1397
1886
1467
1466
1466
1886
1397
1955
1397
1467
1467
1467
1467
1396
1467
1956
1397
1326
1886
1467
1466
1397
1886
1397
978
1467
1467
1466
1397
1885
1466
1397
978
1467
1397
1467
1886
1396
1466
1467
977
1467
1396
1466
1396
1467
1467
1397
1467
1886
1466
1396
978
1397
1397
1956
1397
1467
1397
1467
978
978
1467
1886
1397
1467
1396
1886
1397
1816
1397
1397
1466
1397
1397
1397
1467
1467
1397
1466
1956
1397
1467
1467
1886
1396
1467
1397
1397
1956
1955
1886
1397
1467
1885
1467
1466
1397
907
1397
1885
1886
977
1467
1396
1397
1466
1955
1466
1466
1397
1886
1886
977
1955
1885
1885
1956
1886
1396
1397
1466
1467
1885
1467
1467
1396
1467
1956
1885
1467
1467
1885
1885
1885
1396
1886
1467
1886
2374
1886
1396
1886
1886
2374
1397
1396
1397
1885
1467
1467
1467
1467
1955
1467
1886
1816
1886
1396
1467
1467
1956
1886
1886
1886
1466
1467
977
1466
1397
1885
1955
1397
1816
1467
1467
1397
1956
1397
1397
1397
1397
1885
1955
1396
1467
1466
1397
1467
1467
1467
1397
1466
1467
1397
1467
1466
1815
1397
1955
1467
1397
1397
1466
1886
1466
1466
1466
1955
1956
1397
1886
1466
1466
1886
838
1467
1885
978
1396
1396
2375
1467
1467
1467
1955
1467
1467
1886
1397
1467
1397
1886
978
1467
1956
1397
1397
1886
1397
1467
1885
1886
1467
1467
1466
1466
978
1466
1397
1816
1397
1397
1466
1397
1397
1467
978
