1466
1467
2374
1886
2305
1397
1467
1816
1885
1956
1955
1816
1886
1466
1397
1886
1816
1397
1397
1396
1397
1397
1396
1467
1886
1467
1886
1956
1466
1397
1397
1467
1397
1467
1886
1466
1467
1886
1886
1886
1886
1466
1396
1397
1397
1886
1885
1397
1466
1467
1956
1886
1886
1467
1886
1467
978
1397
1886
1886
1886
1886
1397
1397
1397
1396
1397
1397
1467
1956
1466
1816
1467
1955
1396
1397
1397
1396
1467
1955
1956
1397
1886
1466
1397
1467
1397
1956
1396
1396
1885
1467
1466
1886
1955
1816
1397
1466
1886
1885
1467
1397
1885
1956
1397
908
1885
1397
1886
2304
1886
1397
1956
1886
1397
1467
1886
1955
1886
1396
1467
1467
1886
1467
1397
1886
1886
1885
1956
1466
1397
1466
1467
1885
1397
1466
1885
1466
1955
1955
1816
2375
1397
1886
1885
2374
1886
1396
2933
1466
1885
1886
1466
1886
1885
1397
1885
2374
1955
1956
1956
1956
2863
1467
2305
1885
1956
1397
1466
1397
1885
1885
1885
1397
1466
1886
1816
2304
1816
1397
1956
1955
1466
1816
2375
908
1466
1886
1885
1956
1886
1886
2374
1955
1466
1886
1885
1886
1886
1956
1886
978
1955
978
3771
1955
1397
1885
1396
1886
1396
1467
2305
1397
1467
1886
1886
1886
1885
1885
1956
1956
1956
1886
1955
1885
2375
1885
1397
1886
1397
2374
1886
1886
1886
1467
1816
1885
1885
1885
1886
1956
1886
1885
1886
1886
1955
1397
1885
1956
1467
1467
1816
1886
1886
2374
1886
2445
1955
1815
1816
1396
1467
1956
1886
1885
1886
1466
2375
1397
1886
1397
1886
1886
2374
2374
1886
2444
1397
2304
1956
1956
1886
1886
1956
1397
1466
1886
1955
1467
1397
1397
1955
1886
1396
1397
1397
1467
1397
1467
1886
2374
2304
1886
1467
1886
1885
1886
1467
1466
1886
2444
1955
1956
1885
977
1886
1467
1397
1886
1956
1886
1816
1885
1956
1466
1955
1397
1816
1886
1956
1886
1885
1886
1885
2863
2375
1467
2375
2863
1886
1955
1886
1885
1466
1467
1886
1886
1886
2444
1886
1955
1816
1886
2375
1397
1885
3841
1467
2794
2794
1955
1397
1886
1886
1886
1886
1886
1886
1955
1956
1466
1886
1886
1886
1467
1397
1886
1956
1956
1886
1466
1396
1885
2375
1955
2864
1885
1886
1467
1397
2374
978
1956
2375
2374
2375
1396
1886
1886
2375
1956
1956
1397
1886
1886
1886
1396
1885
1885
1886
1955
1397
1466
1886
1956
1396
1956
1956
1955
6635
1467
1467
978
1955
1955
1397
1397
2304
2375
1466
1397
3282
1885
1955
1955
1886
1466
1397
1396
1816
1397
1955
1886
1885
1885
1955
1466
1886
1955
1397
1955
1885
1397
1396
1886
1467
1397
2374
1886
2374
6704
1397
1397
1397
1396
1396
1397
1467
1397
1886
1886
1956
1397
1396
1397
1466
1466
1466
1466
1466
1397
2793
1466
1467
1397
1467
1396
2374
1397
2933
1467
1886
1397
1955
1886
1885
1886
908
1466
1956
1955
1397
1886
1466
1885
1396
1467
1955
1886
2305
1956
2933
1956
2374
1467
1466
1956
1466
1467
1886
1886
1467
1397
1467
1397
1397
1396
1397
1397
1397
1397
1885
1885
1397
2863
1466
1955
1885
1886
1886
1397
2304
1955
1886
1466
1467
1397
2375
1467
1466
1956
1467
1466
1397
908
1467
1397
1886
1886
1397
1955
1885
1886
1397
1466
1467
1467
1397
1956
1397
1397
1467
1466
1467
1467
1467
1466
1396
1397
1886
2444
1397
1467
1886
2444
1816
1467
1886
1885
1396
1885
1397
1396
1467
1397
1955
1955
1886
1397
1956
1396
1466
1886
1956
1956
1886
3352
1396
1886
1466
1396
1816
1816
1397
1885
1886
1885
1466
1396
1467
1466
2445
1886
1815
1956
1467
1885
1397
1886
1397
1397
1886
1885
2305
1956
1397
1467
1397
1397
977
1397
1885
1956
1886
1955
1955
1886
1886
1467
1467
1397
1396
1466
1956
1397
1886
1467
1467
1396
1955
1397
1886
1467
1397
1467
1956
1885
1467
1466
1466
908
1397
1466
1467
1397
1886
1467
1396
1396
1397
1467
1886
1885
1886
1955
1886
1466
1397
3841
1397
1955
1955
1816
1467
1397
1956
1886
1466
1885
1886
1397
1467
1396
1466
1467
1467
1467
1467
1397
1466
1886
1396
1467
1397
1467
1396
1397
1467
1397
1885
1885
1467
1467
1396
1466
1466
1467
1466
1467
1396
1397
1397
2375
1397
2444
1816
1956
1396
1466
2374
1956
1955
1467
1885
1396
1466
1397
978
2374
1397
2304
1396
2794
1885
2445
1467
1397
1397
1397
1396
2374
1467
1397
1396
1397
1467
1467
1885
1956
1956
1885
1397
978
1467
1467
1397
1396
1396
1397
1397
1466
1397
1956
1467
1467
1466
1466
1466
1397
1396
1397
1467
1397
1466
1397
1397
978
1397
1885
1885
1467
1885
1397
1397
1466
1467
1396
1397
1397
1466
1467
1397
1397
2305
1886
1397
1466
1397
1466
1396
1955
1956
1466
1397
1397
1467
1886
1467
1397
1397
1466
1886
1885
1397
1467
1397
1397
1467
1467
1396
1466
1955
1397
1397
1886
978
1397
1886
1467
1397
1397
1956
2304
1396
1886
1467
1467
1396
1886
1886
1397
1466
2305
1956
3283
978
1466
1467
1397
1396
1956
1397
978
1397
1396
1397
1956
1467
1886
1466
1397
1886
1467
1467
1396
1397
1886
1886
1467
1397
1397
1397
978
1955
1886
1397
1396
1397
1397
1397
6146
1467
1886
1467
978
1397
1956
1956
1467
1467
907
1397
1466
1886
1886
1467
1397
1467
1467
2375
1816
978
1886
2864
2444
1467
2305
978
1466
1397
1816
1397
977
2375
1397
2933
1467
978
978
978
1397
2375
1397
1467
1467
1397
1956
1397
1886
1885
1466
908
1396
1397
1467
1396
1886
1397
1467
2794
1886
1956
1396
1467
1886
1466
978
977
1467
1397
1396
1397
1397
1467
1885
1467
1397
978
978
1466
977
1396
1327
1466
1397
1397
1885
1467
1467
1955
1956
1466
2375
1885
1885
1467
1397
1467
1467
