1397
1886
1466
1397
1396
1397
1467
978
1397
1467
1886
1467
1397
1397
1467
1885
1467
1885
1397
1397
1886
1466
1467
1466
1467
1816
908
1886
1397
1397
1397
1467
2374
1885
1397
1397
1397
1397
1885
1886
1955
1886
2445
1466
1397
1396
1397
1397
1467
1885
1397
1397
1816
1397
1467
1467
1467
1397
1397
1467
1397
1467
1466
1466
1467
1397
1397
1886
1397
1467
1886
1397
1467
1397
1886
1397
1396
1466
978
1467
1397
1397
1467
977
1886
40159
1467
1956
1885
1956
1885
1467
1467
1956
1467
1886
1467
1327
1396
1397
1467
34712
2374
1397
1396
1397
1467
1886
1885
1466
1885
1397
2863
2375
1397
1886
1886
1886
1397
1467
2863
1397
1956
1955
1886
1886
1886
1397
1397
2305
1397
1467
1955
1397
2305
1467
1467
1466
1467
1397
1467
1885
1956
1397
1956
1397
1956
978
1467
1397
2375
1397
1397
1397
2934
1397
1397
1466
1467
1397
1397
1956
1466
1886
1885
1397
1886
1466
1467
1397
1955
1397
1467
1467
1955
1467
1886
1885
1397
978
1397
1466
1467
1397
1467
1397
1467
1397
1886
1397
1466
1467
1467
1397
1467
1397
1467
1467
1467
1955
978
1397
1466
1397
1397
1467
1467
9009
1467
1467
1397
1397
1467
1397
1886
1467
1396
1397
1467
1467
1886
1467
1397
1396
1397
1396
1396
1466
2863
1956
1397
908
977
908
1885
1397
1466
1397
1467
1397
1886
1467
1397
1466
1397
1397
1816
1396
1397
1397
1467
1396
1397
1886
1397
1397
1397
1466
1466
978
1886
1886
1467
1397
1396
1466
1397
1956
1397
1397
1885
1467
978
1466
1467
1397
1397
1955
1397
1466
1467
1886
1397
2794
1397
1397
1397
1467
1956
1397
1396
1397
1466
1396
1466
1467
1886
1397
978
1955
2375
1397
1955
1467
1886
1886
1816
1396
1467
1397
1886
1886
1466
1467
1397
1397
1886
1955
1886
3283
1956
1396
1397
1955
1397
1397
1886
1885
1397
1886
1397
1397
1466
1467
977
1886
1467
1467
1467
1886
1885
1467
1397
2933
1467
1886
1397
1397
1466
1397
1397
1397
1397
1397
1397
1397
1397
1886
1467
1466
1397
1886
1886
1466
1467
908
1956
1466
1466
1467
1397
1467
1467
1396
1466
1397
1397
1397
908
1396
1467
1466
2374
1956
1397
1466
1466
1397
1397
1397
1397
1396
977
1467
1467
2375
1397
1467
1397
1956
1467
1886
1397
2863
1886
1397
1955
1467
1396
908
1467
1397
7963
1886
1397
1467
1467
1886
1467
1467
1397
1886
1397
1396
1956
1397
1397
1397
1397
1397
1397
1886
1397
1397
978
1467
1397
1467
978
1397
1397
1466
1466
978
1397
1397
1467
1397
1466
1467
1397
1397
1467
1467
1397
1467
1397
1467
1467
1467
1397
1816
1467
1886
1397
1466
1397
1466
1397
1467
1397
1396
1397
1886
1397
1396
1467
1466
1467
1396
1467
1886
1467
2375
1467
1397
1397
1397
1886
1467
1467
1886
1397
1467
1397
978
1467
1397
1397
1467
31010
1397
1397
1886
1466
1397
1397
1467
1467
1467
1467
1396
1397
1886
1955
1466
1467
1467
1397
1467
1467
1467
2375
977
1466
2863
1466
1955
1467
1397
1397
1397
1397
978
1467
1466
1397
1397
1397
1886
1397
1467
1397
2375
1886
1397
1467
1397
1397
1886
1397
1397
1397
3352
978
1467
1397
1467
1467
1885
1955
1397
1466
1467
1397
1397
1955
1397
1466
1396
1397
1467
1467
1397
1397
1886
1466
1467
1466
1955
1467
1955
1886
1397
1467
1466
1956
1467
1886
1466
1396
1886
1397
1956
1397
1467
1467
1397
977
1397
1397
1886
1397
1397
1467
1466
1467
1467
1397
978
1467
1467
1396
1397
1397
978
1886
1467
1397
977
1466
1467
1885
1956
1886
1467
1467
978
1397
1467
1397
1466
1886
1397
1397
1397
1886
1396
1397
1397
1885
978
1467
2444
1397
1467
1466
1467
978
977
1467
1467
1397
1467
1397
1956
1467
1397
1397
1956
1397
1397
1397
1397
1886
1885
1397
1467
1467
1886
1466
1397
1397
2374
1397
1396
1397
1467
1886
908
1397
1467
1467
1466
1466
1397
1467
1397
1397
1397
1397
1467
1467
1956
1885
1397
1396
1466
1467
1816
1467
1886
1886
1397
2933
1397
1396
1397
1397
978
978
1396
1467
1397
1396
1397
1955
1467
1466
1397
1397
1397
1397
978
1955
1397
1955
1397
1886
1397
1955
1397
1397
1816
1397
1955
977
1397
1886
1467
2375
1467
1467
1397
1467
1396
1397
1397
1327
978
1467
1466
1397
1886
1466
1466
3772
1467
1466
2375
1397
1397
1886
1886
3772
1397
1397
1397
1886
1467
977
1397
1467
1397
1397
1467
908
1397
1397
1885
1467
1396
1466
1327
1466
1397
1397
1886
1467
1886
1955
1467
1397
1397
1467
1885
1467
1816
1466
1467
1396
1956
1467
1397
1467
1886
1466
1467
1397
1397
1466
1467
978
1397
1467
1397
1467
1397
1955
1396
1397
1397
1396
1956
978
1397
1467
1886
1396
1886
1467
1397
1467
1467
1397
1466
1396
1886
1467
1397
1467
1467
1397
1886
1467
1467
1467
1467
1956
1397
977
1467
978
1466
978
1397
1397
1467
1397
1885
1467
1397
1397
1397
1397
1467
1397
978
1467
1396
1955
1955
1397
1397
1397
1955
2375
1467
1397
1397
1886
1397
1886
1397
1397
1397
1467
1397
1467
1886
1955
1397
1396
978
1397
908
1955
978
1397
1467
1397
1397
1397
1397
1467
1397
1397
1397
1467
978
2375
1885
1467
1396
1396
1397
1467
1397
1466
1467
1467
1886
1397
2305
1397
1466
1467
1955
978
1397
1467
978
1397
1396
1466
978
1466
1466
1397
1467
1467
1396
1956
1886
1466
1956
1396
1466
1397
1397
2374
1466
1467
1467
1467
1397
1397
978
1467
1397
1955
1466
1467
1397
1397
1396
2933
1467
1956
1955
1467
1397
1397
1955
1816
1397
1466
1956
1397
1467
1886
1886
1397
1396
1815
1397
1466
2794
1466
978
1466
1467
1397
1397
1467
1886
1397
908
1886
1886
