1956
1467
1397
1397
1885
1467
1886
1955
1397
1397
1467
1467
1467
1466
1886
1397
1397
1467
1467
1467
1397
1467
1466
1396
1466
1396
1397
1467
1397
1467
1467
1397
1466
1467
1886
2445
1467
1467
1466
1816
1886
1466
1467
1467
1397
1467
1466
1396
1886
1886
1396
1816
1886
1397
1397
1885
1467
1396
1467
1397
1467
1467
1397
1397
1467
978
1397
1397
1886
1397
1466
1397
1397
1467
1467
1467
1467
1466
1466
1467
1467
1466
1467
1397
1397
1397
1397
1467
1397
1466
1885
1885
1466
1885
1467
1397
1397
1397
1467
1466
1397
1467
978
1466
1466
1466
1467
1467
1397
1397
1885
1467
1397
1467
1466
1397
1397
1885
1397
1397
1397
1467
1397
1466
1466
1397
1397
1397
1467
1396
1397
1396
1466
1466
1397
1396
1466
1397
1397
1885
1397
1466
1467
1816
1886
1397
1397
1466
1467
1466
1467
1885
1467
1397
1467
1466
1467
1397
1467
1397
1955
1397
1397
1397
1397
1396
1397
1886
1397
1397
1467
1467
1396
1466
1396
1397
1397
1467
1397
1397
1397
1397
1467
1397
1467
1816
1955
1466
1396
978
1467
1467
1816
1396
1466
1397
1466
1397
1397
1467
1467
1397
1396
1397
1467
1397
1466
1396
978
1397
1816
1467
1467
1467
1467
1397
1466
1466
1397
1397
1397
1467
1397
1397
1466
1466
1466
1466
1397
1397
1396
1396
1467
1467
1396
1467
1467
1397
977
1397
1886
1467
1396
1396
1397
1467
1396
1816
1397
1397
1397
1397
1467
11384
1467
1466
1466
1397
1397
1467
977
1466
1466
1397
1466
1397
1815
1467
1397
1956
1466
1467
1467
9428
1396
1466
1955
1396
1467
1467
1397
1466
1397
1466
1397
1467
1466
1467
1886
1397
1397
1466
1397
1397
1396
1467
1397
1397
1397
1466
1397
1467
1467
1397
1397
1396
1397
978
1467
1396
1886
1466
1885
1397
1467
1397
1467
1397
1467
1467
1397
1396
1467
1466
1467
1397
1397
1397
1397
1467
1467
1467
1397
1886
1467
1397
1467
1466
1956
978
1397
1466
1397
1467
1955
1397
1466
1467
1467
1467
1396
1886
1397
1396
1886
1397
1467
1396
1467
1467
1955
1886
1397
1467
1397
1886
1397
1886
1466
1396
1467
1467
1886
1397
1816
1397
1466
1397
1397
1466
1886
1886
1397
1397
1397
1467
1397
1467
1397
1397
1467
1886
1467
1396
1466
1397
1955
1466
1467
1467
908
978
1396
1467
1467
1886
1397
1397
978
1397
1466
1396
1397
1467
1466
1956
1466
1466
1466
1466
1397
1885
1467
1467
1397
1466
1396
1397
1397
1397
1466
1466
1396
1467
1397
1955
1886
1397
1886
1397
1467
1397
1467
1886
1397
1467
1397
1397
1467
1396
1397
1886
1467
1467
1466
1397
1397
1467
1467
1467
1397
1467
1466
1467
1885
1397
1885
1886
1885
1467
1396
1397
1396
1397
1397
1396
1397
1396
1397
1397
1466
1467
978
1467
1397
1397
1466
1466
1886
1397
1397
1397
1397
1397
1467
1467
1467
1467
1397
1397
1466
1816
1467
1466
1467
1397
1396
1467
1467
1886
1397
1397
1396
1396
1467
1467
1466
1467
1397
1885
1886
1466
1397
1467
1397
1467
1397
1397
1397
1466
1466
1396
1396
1467
1466
1466
1397
1467
1467
1886
1467
1467
1396
1396
1397
1466
1466
1467
1467
1397
1397
1397
1816
1467
1466
1816
1397
1396
1397
1467
1466
1466
1886
1467
1885
1327
1467
1396
1467
1397
908
1396
1467
1397
1467
1396
1466
1396
1397
1886
1397
1466
1397
1397
1886
1397
1397
1466
1396
1397
1956
1467
1466
1397
1397
1397
1397
1397
1396
1397
1397
1467
1467
1885
1397
1397
1955
1467
1466
1467
1466
1955
1955
1466
1466
1396
1397
1816
1886
1956
1467
1885
1467
1397
1466
1467
1396
1466
1956
1816
1467
1886
1397
1467
1466
1396
1886
1886
1466
1467
1466
1397
1467
1467
1467
1886
1397
1467
1467
1397
1397
1886
1467
1397
1397
1397
1467
1886
1886
1397
1467
1397
1467
1396
1886
1466
1467
1396
1397
1467
1466
1397
1466
1886
1397
1396
1397
1397
1397
1467
1397
1467
1397
1886
1397
1397
1467
1467
1397
1397
1467
1467
1397
1397
1466
1397
1397
1467
1466
1886
1397
1885
1466
1467
1885
1467
1466
1467
1467
1397
1466
9010
2445
1397
1467
1466
1397
1467
1466
1397
1467
1397
1396
1397
1466
1885
1467
1885
1397
1467
1467
1467
1467
1467
1397
1885
1886
1466
1397
1397
1885
1466
1886
1397
1885
1396
1397
1397
1397
1956
1467
1397
977
1397
1397
1397
1397
1397
1397
1467
1397
1397
1397
1397
1816
1397
1396
1886
1467
1397
1466
1467
1396
1397
1397
1886
1397
1886
1955
1466
8730
1467
1397
1396
1466
1396
1397
1467
1397
1467
1467
1467
1397
1397
1466
1466
1886
1397
1467
1397
1397
1397
1466
1466
1397
1467
1467
1886
1956
1397
1466
1467
1467
1466
1955
1466
1467
1886
1467
1466
1886
1397
1467
1467
1466
1397
1467
1467
1467
1467
1397
1467
1467
1956
1885
1397
12013
1467
978
1397
1397
1467
1396
1397
1886
1396
1397
1397
1397
1467
1397
1466
1397
1467
1467
1466
22908
1466
1467
1397
1467
1467
1466
1396
1397
1955
1467
1397
1397
1816
1397
1397
1397
1467
1397
1397
1466
1467
1466
1466
1466
1396
1467
1466
1397
1466
1816
1467
1397
1885
1396
1397
1466
1396
1397
1466
1467
1397
1467
1397
1467
1397
1816
1396
1467
1397
1397
1397
1886
1397
1816
1397
1466
1397
1397
1466
1466
1397
1397
1397
1397
1396
1397
1397
1397
1467
1467
1467
1467
1397
1886
1397
1397
1397
1467
1467
1397
1466
1816
1397
1466
1397
1467
1397
1397
1886
1397
1397
1467
1397
1396
1886
1397
1466
1466
1397
1397
1397
1467
1466
1467
1466
1955
1396
2375
1397
1397
1397
1467
1397
1397
1467
1397
1956
908
1397
1396
1397
1466
1397
1397
1467
1466
1466
1467
978
1886
1467
1397
978
1397
1466
978
1397
1396
1397
1467
1397
1955
1467
