1467
1397
1466
1467
1467
1955
1956
1467
1397
1886
1396
1466
1467
1886
1396
1467
1466
1397
1397
1397
978
1397
1467
1397
1397
1396
1397
1397
1397
1885
1397
1397
1467
1466
1397
1397
1466
1466
1397
1466
1397
1467
1397
1467
1397
1396
1397
1466
1397
1397
1396
1397
1466
1397
1396
1397
1886
1397
1466
1397
1396
1466
1467
1467
1467
1466
1467
1466
1397
1397
1467
1397
1396
1467
1397
1397
1397
1397
1466
1467
1467
1397
1467
1397
1467
1397
1396
1397
1466
1397
1466
1467
1397
1397
1467
1397
1396
1397
1397
1816
1396
1466
1466
1886
1467
1397
1397
1467
1466
1466
1467
1467
1397
1397
1397
977
1397
1397
1467
978
1467
1816
1397
1397
1467
1467
1396
1466
1885
1467
1467
1466
1397
1886
1396
1466
1397
1467
1466
1466
1396
1467
1397
1397
1397
1397
1397
1886
908
1466
1397
1397
1467
1397
1397
1467
1397
1397
1397
1466
1885
1397
1466
1397
1397
1397
1397
1466
1397
1397
1467
1467
1397
1396
1466
1467
1397
1397
1397
1466
1397
1467
1467
1467
1397
1886
1397
1397
1467
1467
1467
1397
1467
1397
1466
1397
1397
1466
1467
1467
1396
1397
1397
1467
1396
1396
1397
1397
1397
1397
1956
1467
1467
1397
1397
1397
1396
1467
1885
1397
1397
1467
1397
1467
1467
1467
1467
1467
1396
1467
1396
1467
1886
1816
1396
1396
1467
1466
1397
1397
1885
1466
1397
1397
1396
1886
1397
978
1886
1397
1467
1885
1467
1467
1397
1397
1397
1467
1467
1466
1466
1397
1397
1467
1466
1467
1397
1956
1467
1466
1397
1467
1467
1466
1397
1397
1397
1397
1467
1397
1397
1886
1397
1886
1467
1467
1466
1397
1466
1467
1466
978
1467
1467
1397
1466
1467
1397
1397
1396
1467
1467
978
1467
1396
1816
1467
1467
1467
1397
1956
1885
1467
1466
1467
1467
1467
1467
1396
1397
1396
1467
1396
1467
1397
1397
1396
1397
1397
1466
1467
1397
1467
1466
8940
1467
1466
1467
1466
1467
1397
1397
1467
1397
1467
1886
1397
1397
1467
1397
1886
1397
1466
1467
1467
1397
1466
1467
1467
1466
1397
1397
1397
1397
1466
978
1467
1397
1467
1467
1397
1466
1467
1397
1466
1397
1397
1397
1467
1397
1467
1397
1467
1467
1397
978
1466
1466
1467
1396
1466
1467
1466
1886
1466
1397
1397
1397
1397
1467
1467
1397
1467
1467
1886
1467
1397
1466
1397
1466
1397
1467
1467
1397
1467
1397
1397
1467
1467
978
1397
1467
1466
1396
1397
1467
2375
1396
1467
1397
1467
1396
1397
1397
1886
1397
1397
1397
1397
1397
1466
1396
1467
1466
1467
1397
1466
1397
1397
1885
1397
1467
1467
1397
1397
1467
1466
1397
1397
1885
1956
1886
1467
1467
1467
1396
1885
1467
1397
1466
1466
1466
1397
1466
1397
1397
1467
1397
1396
1397
1397
1396
1466
1466
1816
1886
1467
1397
18089
1467
978
1466
1397
1396
1397
978
1467
1466
1467
1466
1397
1467
1467
1466
1397
1467
1397
1397
1396
1466
1466
1467
977
1397
1397
1397
1397
1466
1467
1397
1396
978
1467
1397
1467
1397
1397
1396
1467
1466
1467
1397
1886
1467
1396
1885
1467
1467
1397
1467
1466
1397
1886
1466
1396
1397
1396
1396
1397
1397
1467
1397
1397
1466
1396
1397
1397
1396
1466
1466
1467
1467
1467
1397
1467
1396
1397
1466
1396
1397
1397
1885
1467
1466
1397
1397
1467
1467
1397
1466
1397
1466
1886
1886
1397
1467
1397
1467
1397
1397
1467
1467
1467
1397
1886
1397
1885
1886
1466
1397
1467
1397
1467
1886
1816
1886
1467
1397
1397
1396
1466
1886
1816
1466
1397
1467
1397
1466
1397
1397
1397
1397
1397
1466
1397
1467
1397
1886
1467
1467
1397
1397
1467
9358
1467
1956
1467
1886
1816
1397
1397
1466
1955
1467
1885
1396
1397
1397
1885
1956
1467
1466
1467
1467
1467
1397
1396
1466
1467
1397
1396
1397
1466
1467
1467
1466
1397
1467
1397
1397
1396
1397
1467
1397
1466
1467
1397
1956
1397
8451
1397
978
1467
1466
1466
1467
1955
1397
1466
1397
1397
1466
1397
1955
1397
1467
1885
1466
1955
1885
2305
1467
1467
1467
1327
1396
1397
1466
1397
1467
1466
1467
1397
1467
1467
1466
1467
1397
1886
1396
1397
1397
1397
1886
1467
1467
1397
1885
1885
1467
1956
1397
1467
1397
1886
1467
1396
1397
1397
1467
1397
1397
9568
1397
1397
1397
1397
1467
8591
1397
1466
1467
1816
1467
1466
1466
1397
1815
1467
1396
1397
1467
1466
1955
1466
1886
1397
1397
1467
1467
978
1467
1467
1467
1956
1885
1886
1467
1467
1466
1467
1467
1397
1466
1397
1467
1467
1397
1467
1467
1397
1467
1397
1467
1466
1397
1397
1396
1397
1467
1955
1397
1396
1467
1467
1397
1396
1397
1466
1396
1467
1886
1886
1467
1467
1467
1397
1956
1467
1886
1397
1886
1467
2444
1467
1886
1467
1886
1467
2863
1397
1466
1885
1397
978
1397
1397
1885
1467
1397
1467
1396
1397
1397
1397
1396
1397
1886
1467
1467
978
1397
1397
1397
1396
1397
1396
1467
1396
1397
1467
1397
1397
1466
1397
1466
1466
1397
1397
1467
1397
1396
1466
1396
1396
1397
1955
1467
1467
1886
1396
978
1397
977
1397
1466
1467
1466
1397
1467
908
1886
1397
1467
1397
1397
1467
1467
1466
1886
1466
1397
1466
1467
1396
1397
1397
1397
1467
1467
1396
1467
1466
1467
1886
1397
1467
1955
1956
1397
1396
978
1397
1467
1886
1396
1466
1466
1397
1397
1467
1397
1397
1467
1397
1886
1467
1397
1397
1397
1397
1397
1466
1397
1467
1467
1886
1467
1397
1886
1467
1467
1467
1397
1397
1467
1397
1397
1397
1467
1886
1397
1466
1467
1885
1466
1467
1397
1397
1396
1397
1467
1397
1396
1397
1397
1397
1397
1466
1397
1886
1467
1467
1396
1466
1466
1397
977
1396
1396
1467
1397
1467
1466
1466
1956
1397
1397
1467
1467
