2375
2444
1886
1397
2375
1955
1886
1885
1886
1956
1886
1955
1886
1886
1956
1886
1956
1886
2375
1886
1885
1885
1956
1956
1955
1886
1886
1886
1886
1816
1886
1955
1886
2375
1956
1467
1467
2445
14387
1886
1886
1886
1885
1955
1955
1956
1397
1956
1886
1815
1816
1955
2375
1886
2374
1397
1397
1886
1886
1956
2794
1396
1885
1396
2374
2444
1467
1396
2375
1467
1956
1886
1886
1886
1396
1955
1955
1467
1885
2375
1885
1885
1397
1885
1886
1886
1886
1467
1816
3771
1956
1886
1955
1396
1885
1886
2375
1956
1886
1466
1886
1885
1886
2375
2375
1956
1886
1885
1956
2863
1816
1466
1955
1885
1466
1886
1886
1886
1956
1886
1886
1885
1466
1956
1397
2445
1467
1956
1955
1956
1815
1885
1466
1886
1885
1955
1397
1886
1956
1886
1955
1397
1397
2375
1885
1886
1886
1886
1956
1886
1885
2375
1467
1955
1885
1886
1886
1886
1885
1397
1886
1956
2375
1955
2445
2374
1885
1885
1466
1816
1886
1955
1885
1955
1886
1956
1885
1885
1885
1886
1955
1885
1815
2304
1955
1955
1467
1467
1886
1885
1955
1886
1397
1886
1466
1885
1886
1886
1397
1885
1886
1956
1956
1956
1955
2374
2304
1886
1886
1466
1956
1816
1815
1396
1885
1397
1955
1956
1885
1396
1955
34221
1886
1956
1816
2444
2793
1886
1955
2375
1886
1466
2375
2375
1885
1955
1955
1955
1955
13689
1886
1885
1955
1885
2444
2375
2375
2375
1885
2374
1955
1886
1886
1466
1885
1955
1397
1885
1885
1885
1886
1956
2444
2375
2374
1886
2375
1466
1886
1467
1397
1886
1956
1886
1886
1956
1886
2305
1886
2864
1955
1886
1816
1886
1956
1886
1956
1886
1886
1955
1886
1955
1885
1466
1886
1886
1397
2305
1467
2305
1886
1467
1886
1885
1885
2304
1397
1886
1816
1885
1885
1885
1885
2374
2375
1956
1955
2445
1956
1956
1955
1466
1467
1466
2305
1886
2375
1956
1885
1885
1956
1886
2374
1815
1886
1886
1956
1397
1955
2375
1885
1885
1956
1955
1955
2374
1886
1885
1956
1467
2864
1397
1956
1886
1886
1956
1397
1955
1396
1886
1886
2375
2863
1885
1955
1397
1886
1885
1956
1955
1886
1886
1956
1956
1955
1886
1886
1886
2305
1885
2304
1397
1955
1885
1816
1885
1886
1886
1886
1397
1467
1816
1397
1886
1396
1886
1885
1956
1885
1886
2863
1885
1396
1816
1956
2374
1885
1956
1885
1886
1397
1955
2374
1886
1397
4261
1886
1816
2444
1886
2445
2375
1885
2375
2304
1886
1466
1956
1886
1956
1886
1886
2374
1886
1886
1885
2374
2374
2375
1885
1955
2444
2374
1816
2444
2444
2445
1956
1955
2864
1956
2374
1466
1885
2374
3283
1467
1956
1466
1886
1396
1886
1886
1467
1955
2375
1886
1885
1886
2445
2305
1886
1396
1397
1467
1956
1397
1956
2793
1886
1955
1467
1886
1885
1886
1886
1955
1955
1886
1885
1956
1816
2375
2444
1816
1886
1886
1885
1816
1955
1886
1885
1816
1956
1397
1886
1816
1955
1886
1886
1886
1955
1886
1886
1885
1956
1955
1955
1467
1885
1955
1467
1956
1956
1885
1886
1816
1886
1397
1885
1955
1886
1886
1885
1886
1816
1886
1885
1885
2863
1885
1885
1956
1886
2444
1466
1955
2375
1886
1885
1955
1466
1886
2793
1886
1886
1886
1956
1397
1956
1886
1886
1886
1956
1467
1886
1886
1885
1467
2375
1886
1885
1886
1467
1885
1886
1956
1886
1956
1886
1955
2305
1885
1885
1886
1885
1467
1466
1956
1956
1886
2374
1886
1886
3772
1886
1467
1955
1885
1885
1885
1886
1397
1955
1955
1397
1886
1396
1466
1397
1885
1956
1885
1397
1397
1467
1467
1886
1397
1886
1885
1467
1886
1816
1885
1816
1956
1886
2375
1397
2304
1886
1885
1955
1885
1466
1956
1886
1885
1396
1886
2445
1886
1886
1955
1956
1955
1886
1396
1816
1886
1886
1886
1886
1885
1467
1955
1396
1886
1885
1886
1885
2445
1885
1885
1397
1886
1885
2305
1815
1886
1956
1885
1397
1885
2305
1816
1886
1886
1955
1886
2305
1885
2304
1886
1956
2375
2444
1885
1397
1885
1466
1955
1886
1886
1885
1886
1885
1956
1467
1886
1886
1956
1956
1885
1885
1816
1397
1885
1885
1886
1956
1885
1886
1955
1955
1885
1885
1396
1886
1885
1885
1886
1886
1885
1816
1885
2305
1955
1885
1885
1466
1467
1885
1956
2374
1955
1467
2374
1886
1466
2375
1955
1886
1956
1886
1956
2444
1956
1955
1466
1886
2375
1886
1885
1886
1956
1885
1885
1886
2305
1885
1956
1467
1886
1885
1396
1886
1816
16901
1886
1886
2374
1886
1885
2445
2374
1816
2305
2305
1956
1885
2375
1886
1886
1955
2375
1956
1886
1886
1397
2445
1885
1955
1956
1467
1955
1886
1397
1816
2444
1467
908
1467
1466
2444
2444
2374
2444
2374
1956
1885
1955
2375
1886
2375
18926
1886
2375
1467
1886
1955
1466
2374
1886
1397
1956
1815
1885
2375
1466
1886
1956
1466
1886
1886
1956
2445
2375
2375
2793
1886
1886
2375
1467
15644
908
1885
2864
1886
1467
1467
1885
1816
2374
1955
1885
1955
1955
1955
1397
1886
1885
1467
1467
1886
1885
2444
1886
1885
2374
1397
1396
1885
1815
1955
2374
2375
1955
1956
1885
1886
2933
2375
1466
2374
1956
1955
1886
1885
1467
1886
1956
1885
1886
1956
1886
1886
1467
1466
1396
1956
1886
1397
2305
11454
2375
1886
1467
1956
1886
2374
1397
1955
1886
2305
1956
1886
1816
2375
1885
2375
1885
1885
1956
2375
1886
1955
1955
1816
1886
1955
2374
1885
2444
1886
2374
1397
2375
1886
1467
1886
1886
1955
1467
2374
1956
1885
1467
2444
2375
1397
2444
1885
2375
1956
1956
1886
1955
2444
1397
2374
1886
2374
1396
2374
2305
1886
1397
1885
1886
2305
1466
1886
1885
1886
2374
2304
3772
1956
2374
1885
1956
1466
1955
1467
1397
1397
2305
1816
1885
1815
2375
1886
1816
2375
1885
2444
1397
1885
