1466
1886
1467
1397
1886
1397
1886
1397
1467
1466
1397
1467
1397
17670
1466
1467
1397
1467
1397
1397
1467
1467
1397
1467
1397
1467
1466
1466
1397
1466
1397
1397
1396
1466
1467
1466
1466
1467
1466
1467
1466
1397
977
11594
1467
1466
1466
1397
1397
1397
1397
1397
2375
1466
1397
1467
1396
1955
1467
1467
1396
1886
1397
1397
1467
1397
1886
1467
1886
1467
1397
1886
1397
1397
1397
1397
1467
1397
1397
1397
1397
1467
1466
1396
1396
1397
1397
1466
1397
1397
1886
1467
1466
1466
1467
1397
1397
1885
977
1397
1467
1397
1467
1396
1396
1396
1397
1885
1885
1885
1467
1397
1397
1886
1397
1467
1467
1467
1467
1467
1467
1467
1396
1397
1397
1466
1467
1886
1397
1466
1467
1397
1397
1466
1397
1815
1466
1955
1397
1467
1466
1467
1397
1396
1467
1466
1397
1397
1467
1467
1396
1396
1397
1397
1467
1467
1467
1467
1397
1467
1466
1466
1467
1467
1397
1397
1886
1397
1397
1397
1886
1886
1397
1466
1467
1397
1397
1467
1397
1467
1886
1467
1467
1396
1886
1466
1397
1397
1466
1816
1396
1396
1397
1466
1466
1397
1467
1397
1467
1397
1467
1466
1397
1397
1397
1397
1466
978
1397
1397
1396
1397
1467
1397
1466
1397
1466
1886
1886
1397
1397
1397
1397
1396
1397
1466
1396
1466
1886
1397
1886
1397
1467
1397
1397
1467
1397
1466
1397
1467
1397
1397
1397
1466
1886
1397
1397
1466
1466
1467
1397
1397
1397
1886
1397
1466
1467
1397
1886
1467
1397
1466
1397
1396
1886
1397
1466
1466
1397
1396
1467
1397
1397
1397
1467
1397
1396
1885
1467
1397
1467
1397
1396
1466
1467
1467
1466
1397
1467
1955
1886
1397
1467
1467
1466
978
1467
1466
1467
1397
1466
1466
1466
1397
1467
1397
1466
1466
1396
1466
1467
1397
1466
1955
1396
1397
1397
1397
1396
1467
1816
1397
1467
1397
1397
1467
1467
1396
1466
1886
1397
1397
1467
1467
1396
1467
1397
1467
1467
1397
1396
1397
1467
1467
1467
1816
1397
1467
1467
978
1467
1885
1397
1467
1397
1467
2444
1397
1397
1885
1467
1467
1467
1397
1396
1397
1397
1397
1397
1466
1467
1467
1466
1467
1467
1397
1397
1886
1397
1396
1467
1466
1466
978
1397
1397
1816
1397
1397
1397
1886
1466
1397
1396
1397
1467
1397
1466
1886
1397
1466
1467
1397
1466
1397
1466
1466
1397
978
1397
1397
1467
1467
1397
1467
1466
1397
1467
1467
1467
1467
1397
1397
1467
1397
978
1886
1396
1397
1956
1397
1467
978
1396
1466
1467
1466
1886
1397
1466
1397
1397
1466
1467
1467
1466
1886
1397
1467
1885
1396
1396
1886
1397
1466
1397
8661
1467
1397
1397
1397
1885
1397
1467
1467
1467
1397
1467
1397
1467
1397
1467
1397
1397
1886
1467
978
1466
1467
1956
1467
1467
1397
1467
1397
1467
1466
1396
1467
1397
1816
1397
1397
1885
1397
1467
1467
1397
1397
1397
1397
977
1397
1397
978
1467
1397
1467
1466
1466
1466
1397
1397
1467
1397
1467
1467
1397
1467
1397
1467
1466
1396
1956
1396
1397
1467
1467
1467
1955
1466
1467
1467
1466
1397
1397
1467
1467
1466
1467
1397
1467
1886
1466
1397
1397
1397
1397
1397
1467
1397
1885
1397
1886
1467
1396
1397
1396
1467
1396
1467
1467
1467
1466
1467
1397
1466
1396
1397
1397
1467
1397
1467
1466
1397
1467
1886
1467
1467
1885
1397
1467
1397
1466
1467
1397
1467
1397
1815
978
977
1467
1466
1467
1886
1467
1397
1466
1886
1397
1397
1466
1467
1397
1466
1466
1396
1466
1466
1467
1467
1396
1467
1467
1467
1397
1467
1467
1397
1396
1466
1467
1397
1467
1467
1467
1397
1467
1397
1886
1467
1467
1396
1886
1467
1467
1467
1467
1885
1397
1397
1467
1397
1467
1396
1397
1397
1396
1467
1396
1467
1397
1467
1467
1467
1467
1396
1397
1397
1397
1467
1467
1467
1467
1397
1467
1467
978
1397
1467
1466
1466
1885
1397
1467
1397
1397
1886
1467
1467
1466
1466
1467
1397
1467
1956
1467
1397
1466
1886
1397
1397
1397
1396
1467
1466
978
1467
1467
1396
1816
1816
1397
978
1955
1816
1467
1397
1397
1397
1886
1466
1467
1396
1885
1816
1397
1467
1397
1397
1885
1397
1886
1327
1467
1466
1397
1397
1467
1396
1467
1396
1467
1466
1467
1466
1467
1467
1397
1397
1397
1467
1467
1467
1467
1397
1815
1467
1467
1467
1466
1466
1397
1885
1886
1397
908
1397
1886
1397
1886
1467
1397
1397
1396
1397
1467
1467
1397
1397
1467
1397
1467
1397
1886
1397
1397
1467
1886
1886
1467
1397
1396
1466
1467
1466
1886
1886
1397
1886
1466
1397
1466
1397
1466
1466
1396
1467
1467
1466
1397
1397
1397
1397
1397
1396
1467
1397
1467
1885
1397
1467
1886
1466
1397
1885
1397
1396
1397
1466
1467
1396
1885
1467
1397
1467
1467
1397
1466
1397
1466
1466
1396
1886
1397
1397
1397
977
1886
1397
1467
1467
1467
907
1885
977
1397
1397
1467
1467
1397
1466
1396
1885
1397
1397
1467
1816
1467
1397
1397
1396
1885
1397
1397
1467
1397
1397
1397
1466
1467
1466
1467
1467
1397
977
1397
1466
1396
1397
1466
1467
1467
1955
1466
1466
1955
1466
1397
1466
1886
1467
1955
1467
1397
1397
1467
1397
1396
1397
1886
1397
1467
1397
1397
1397
1467
1467
1467
1886
1886
1466
1397
1886
1467
1397
1467
1397
1956
1467
1396
1466
1467
1397
1467
1397
1467
1466
1467
1886
1467
19905
1397
1466
1397
1466
1397
1397
1397
1397
1885
1397
1467
1886
1466
1466
1467
1397
1466
1466
1467
1397
1466
1467
1466
1467
1397
1467
1396
1397
1396
1466
1397
1886
1397
1397
1397
1466
1467
1886
1886
1397
978
1397
1467
1467
1396
1466
1396
1467
1397
1397
1397
1396
1396
1396
1397
1467
1467
1466
1396
1397
1466
1885
1396
1467
1466
1466
1397
1466
