1397
1467
978
1396
1467
1397
978
1467
1397
1397
1397
1397
1397
1397
1466
1466
1467
1467
1467
1467
1397
1467
1886
1467
1397
1466
1467
1397
1466
1397
1397
1466
1467
1397
1467
1397
977
1397
1885
1396
1397
978
908
1467
1466
1467
1467
1886
1397
1467
978
1396
1396
1467
1467
1885
1885
1815
1396
1467
1886
1467
1816
1397
1397
1467
978
1397
1397
1397
1397
1397
1397
1466
1467
1397
1396
1396
1955
1466
1397
1397
1397
1397
1397
1397
1397
1467
1467
1396
1467
1467
1467
1466
1397
977
1467
1397
978
1466
978
1397
1396
1467
1467
1396
1466
1467
1466
1467
1396
1467
1467
1397
1886
1467
1397
1466
1397
1397
1396
1466
1886
1397
1397
1397
1467
1397
1956
1397
1396
1397
1467
977
1397
1885
1397
1466
1397
1397
1397
2864
2374
1956
1466
1396
1397
1816
1956
1956
1467
1466
1467
1466
1956
1397
1467
1397
1397
1467
1955
1396
1397
1397
1397
1397
1467
1396
1467
1466
1467
1397
1466
1466
1397
1885
1886
1467
1467
1396
1397
1397
1467
1467
1396
1396
1955
1397
1467
1955
1397
1397
1396
1466
1397
1467
1397
1467
2863
1886
1397
978
978
1396
1397
2375
1467
1955
2375
1397
1467
3352
1397
1396
1397
1397
1886
978
1397
1397
1467
1885
1397
1396
1397
1467
908
1886
1396
1885
1327
1956
1467
1885
1467
978
1467
1956
1397
1467
1397
1467
1397
1886
1467
1396
1955
1397
1886
1886
1397
1397
978
1396
1397
1397
1885
1467
1397
1397
1467
908
1885
1396
1397
1396
1466
1396
1886
978
1397
1466
1397
1397
1397
1397
1397
1397
1467
1466
1466
56638
1886
1956
1467
1397
1397
978
1956
1467
1467
1466
1397
1955
1466
908
1466
1467
1467
1466
1467
1467
1466
1467
1467
1397
1397
1467
1397
1466
1466
1467
1466
1397
1886
1396
977
1397
1397
1467
1397
1397
1397
1397
1466
1467
1397
1955
1885
1467
1466
1467
1397
908
1397
1396
1466
1886
1397
1466
977
1885
977
1397
1397
1396
1397
1467
1397
1466
1467
1396
1397
1396
978
1466
1886
1396
1396
1885
1397
1467
1397
1466
1397
1397
1397
1397
1397
1467
1467
10894
1955
1397
1467
1397
978
1467
1885
977
1466
1955
1886
1397
978
1886
1467
1466
1885
1397
978
1396
1466
1467
1467
1397
907
1467
1397
1467
1955
1397
1397
1467
1466
1466
1886
1397
1397
1397
978
1397
1467
1466
1466
1397
1397
1396
978
1466
1397
1396
1955
1886
977
1397
1467
908
1466
1397
1396
1397
1466
1467
1397
1886
1397
1396
1397
1467
1886
7682
1466
1397
978
1397
1467
1467
1467
1467
1396
1466
1397
1397
977
1886
1397
1467
1466
1396
977
1397
1397
1467
1397
1467
1466
1886
1467
1397
1466
1397
1397
1467
1397
1467
1397
1467
1467
1885
1396
1397
1886
1397
1397
1396
1467
1397
978
1467
1397
1467
8521
1396
1467
1467
1397
1467
1467
1467
1396
1397
1467
1466
977
978
1397
1396
908
1396
1396
1397
1396
1467
1467
908
1396
1467
1466
1397
1467
1397
1466
1396
1466
1466
1467
1397
1467
1397
1396
1466
1397
1467
1397
1467
1396
1397
1466
1466
978
1396
1466
1396
978
1397
1466
977
1397
1397
1396
1466
1955
1397
1397
1396
1467
1467
978
1467
1467
1397
1467
1397
1467
1397
1397
1396
1466
1466
1397
1466
1467
978
1397
1396
1396
1466
1466
1397
1467
1396
1397
977
1467
1397
1467
977
1467
1326
1397
1397
1467
1396
1397
978
1466
1466
1467
1396
1396
1397
1467
1397
1466
1396
1467
1396
1466
1815
1467
1397
1885
1466
1885
1467
1397
1467
978
1396
1396
1467
1467
1467
1397
1397
1466
1397
1467
1397
1467
1397
1397
1326
1467
1396
1467
1397
1466
1397
1467
1467
1466
1397
1467
908
1397
1397
1397
978
978
1467
1396
1397
1396
978
1397
1397
1397
1397
978
908
1396
1397
1397
908
1396
1397
978
1397
978
1467
978
1397
1396
1466
1466
1467
1467
1397
1467
1466
1397
1396
1955
1466
1466
1397
1397
1466
1955
1397
1466
1466
1466
1885
1885
1466
1467
1467
1397
1467
1466
1396
1397
1467
1397
1467
1467
1467
978
1466
1397
1467
1397
1397
1467
1397
1397
1397
1397
1886
1397
1397
1466
1397
1467
1467
1467
1467
1397
1397
1396
1397
1397
1397
1466
1397
1397
1396
1466
1467
1467
1467
1397
1467
1466
1397
1466
1466
1397
1467
1396
1396
1397
1397
1396
1467
1397
1397
1886
1397
1955
1466
1467
9986
908
1397
1467
1397
1467
1397
1886
1397
1956
1466
1397
1467
1467
1396
1397
978
1397
1466
1885
1467
1397
1467
1467
1467
1467
1467
1467
1397
1885
1467
1467
1397
1397
1466
1467
1886
1467
1397
1396
1397
1396
1466
1466
1467
1397
1397
1396
1397
1396
908
1467
1466
1467
1467
1466
1327
1397
1466
1466
1397
1956
1466
1397
1396
1397
1396
1397
978
1467
1397
1467
1396
1466
1397
1466
1396
1396
1886
1467
1397
1466
1397
978
1466
1467
1467
1467
1467
1466
1466
1396
1397
1466
1397
978
1397
1397
1886
1956
1467
1397
1466
1466
1467
1467
1397
1886
1396
978
1397
1466
1397
1466
1396
1397
1466
1397
978
1397
8241
1397
1466
1466
1397
1397
1396
1466
1397
1397
1467
1397
1467
1397
1396
1467
1397
1466
978
1466
1397
1466
1815
1397
1397
1886
1467
1467
1397
1396
1397
1466
1397
1397
978
978
1397
8031
1466
1397
1396
1396
1466
978
1466
1396
1397
1396
908
978
977
1466
1467
1397
1397
1467
1885
1467
1466
2374
1466
1397
1467
1397
1466
1466
1467
1396
1397
1466
978
1397
1467
1397
1467
1467
1956
1396
1397
1467
1466
1466
978
1396
1396
1467
1466
1397
1466
1467
1885
1397
978
1466
908
1466
1467
1467
1396
1397
1466
1397
1397
1466
1397
1396
1466
1466
1466
1397
1397
7682
1466
978
1397
