1466
1466
1467
1466
1396
1467
1397
1467
1466
1956
1467
1466
1396
1327
1396
1955
1397
1886
1397
1466
1397
1467
1816
1467
1397
1466
1467
1397
1885
1396
1886
1467
1397
1467
1467
1886
1397
1467
1397
1956
1397
1467
1467
1397
1467
1397
1467
1466
1397
1886
1467
1467
1467
1397
1397
1397
1467
1886
1396
1397
1467
978
1396
1397
1467
1397
1466
908
1397
1396
1467
1467
1396
1886
1467
1467
1466
1396
1886
1466
1466
1467
1467
1467
1396
1467
1467
1885
1397
1467
1396
1397
1885
1466
1397
1397
1397
1466
1886
1396
1467
1396
1467
1956
1885
1467
1467
1816
1397
1467
1397
1886
1467
1466
1397
1467
1397
1397
1467
1397
1397
1397
1467
1397
1466
1466
1467
1466
1467
1397
1886
1467
1397
1397
1397
1466
1467
1467
1397
1466
1397
1466
1467
1397
1396
1397
1396
1397
1397
1467
1396
1467
1467
1396
1396
1396
1467
1467
1396
1885
1397
1467
1467
1467
2375
1467
1397
1396
1466
1466
1397
1397
1397
1466
1467
1396
1466
1397
1397
1397
1397
1466
1467
1466
1397
1397
1396
978
1886
1397
1467
1397
1397
1467
1397
1467
1397
1467
1466
1397
1466
1467
1397
1467
1397
1466
1397
1396
1816
1397
1467
1396
1467
1397
1467
1397
1397
1397
1396
1885
1467
1467
1955
1396
1467
1467
1397
1397
1466
1467
1466
978
1396
1396
1467
1397
1956
1397
1397
1466
1397
1885
1885
1397
1467
1397
1466
1397
1467
1467
1467
1397
1955
1956
1396
1466
1397
1397
1467
1467
1396
1466
1886
1397
1397
1397
1397
1466
1467
1397
1886
1397
1467
1467
1886
1467
1467
1397
1397
1467
978
1397
1886
1397
1397
1466
1396
978
1955
1956
1467
1467
1467
1956
1886
1397
1467
977
1815
1327
1466
1466
1886
1396
1397
1397
1397
1397
1886
1467
1397
1466
1396
1466
1466
1955
978
1467
1467
1467
1397
1467
1396
1467
1466
1467
1397
1467
1397
1816
1467
1466
1467
1956
1885
1467
1816
1466
1467
1886
1886
1466
1397
1467
1466
1466
1467
1886
1466
1466
1466
1397
1397
1467
1886
1397
1397
1397
1397
1885
1816
1466
23466
1467
1466
1397
1467
1467
1467
1396
1467
1397
1886
1467
1886
1397
1466
1397
1396
1397
1397
1397
1397
1466
1886
1466
1467
1397
1396
1467
1467
1397
1397
1885
1396
1467
1466
1466
1397
1885
1467
1467
1467
1816
1467
1467
1397
1397
1397
1396
1467
1397
1467
1397
1397
1467
1467
1885
1397
1397
1397
1397
1467
1466
1397
1886
1397
1466
1397
1956
1466
1397
1467
1466
1467
1466
1397
1466
1397
1396
1397
1466
1396
1466
1467
1816
1396
1467
1396
1466
1466
1467
1467
1886
1397
1397
1467
1886
1816
1327
1816
1467
1397
1466
1886
1397
1397
1886
1397
1816
1396
1467
1397
1397
1397
1397
1397
1885
1397
1396
1467
1467
1397
1467
1397
1466
1467
1467
1466
1467
1397
1467
1886
1397
1466
1955
1397
1467
1467
1467
8940
1886
1467
1886
1466
1397
1467
1397
1466
1397
1467
1397
1397
1397
1467
1396
1397
1886
1886
1466
1886
1327
1956
1956
1466
1466
1397
2304
1885
1397
1397
1467
1886
1397
1885
1327
1467
1397
1397
1467
1397
1467
1886
1886
8172
1886
1467
1886
1396
1397
1467
1467
1467
1396
1396
1397
1467
1397
1397
1397
977
1397
978
1467
1397
1466
1396
1466
1396
9009
1467
1397
1397
1397
1467
1467
1397
1397
1956
1396
1467
1467
1466
1886
1396
1886
1467
1467
1466
1397
1956
1885
1466
1886
1397
1467
1886
1886
1466
1466
1396
1397
1396
1397
1466
1397
1397
1467
1466
1467
1396
1466
1397
1886
1467
13480
1397
1397
1467
1467
1397
1467
1397
978
1397
1466
1956
1397
1397
1956
1886
1397
1397
1467
1885
1467
1397
1397
1397
1467
1397
1397
1397
1956
1816
1397
1816
1816
1397
1886
1467
1397
1467
1466
1466
1397
1397
1397
1397
1816
1467
1467
1397
1467
1397
1397
1397
1396
1467
1466
1467
1397
1397
1397
1886
1397
1397
1467
1466
1397
1467
1397
1467
1467
1466
1466
1466
1466
1397
1397
1397
1396
1467
1396
1397
1397
1466
1397
1467
1886
1397
1467
1396
1397
1397
1397
1397
1467
1955
1885
1467
1885
1886
1467
1466
1397
1397
1466
1467
1467
1397
1886
1467
1466
1397
1397
1397
1397
1397
1466
1467
1886
1396
1466
1956
1397
1397
1397
1467
1466
1397
1397
1396
1886
1467
1396
1397
1885
1396
1397
1886
1397
1397
1467
977
1397
1467
1397
1466
1956
1396
1467
3283
1467
1467
1397
1396
1467
1396
1885
1467
1886
1397
1467
1466
1397
1466
1397
1396
1466
1397
1466
1886
1885
1466
1467
1886
1466
1467
1886
1467
1956
1397
1397
1467
1396
1956
1397
1956
1397
1466
1467
1467
1397
1816
1885
1467
1467
1886
1397
1397
1885
1397
1467
1885
978
1397
1396
1396
1397
1886
1467
1396
1397
1466
1466
1397
1397
1466
1956
1327
1397
1466
1467
1397
1466
1886
1397
1466
1467
1397
1467
1467
1397
1885
1467
1397
1467
1885
1396
1467
1466
1397
1467
1885
1885
1466
1886
1466
1397
1956
1467
1466
1467
1397
1396
1397
1467
1467
1885
1397
1467
1397
1397
1885
978
1397
1397
1467
1467
1397
1466
1466
1396
1467
1397
1466
1397
1396
1397
1466
1397
1956
1467
1396
1467
1397
1396
1397
1467
1397
1885
1467
1397
1467
1397
1466
1397
1467
1397
1396
1467
1886
1467
1886
1466
1397
1397
1397
1886
1397
1886
1466
1467
1816
1467
1467
1886
1397
1397
1397
1397
1956
1467
1466
1396
1397
1467
1397
1467
1396
1955
1396
1397
1397
1397
1467
1886
1886
1397
1467
978
1397
1397
1396
1816
1397
1397
1397
1467
1397
1397
1397
1397
1397
1816
1467
1467
1466
1467
1397
1396
1467
1956
1397
1397
1396
1467
1466
1466
1397
1397
1397
1467
1886
1886
1466
1397
1886
1397
1886
1467
1397
1397
1467
1466
1886
1467
1467
1466
