8940
1467
977
1397
1397
1397
1467
1467
1397
1397
1886
977
1467
1397
1397
1467
1467
1397
1397
1956
1467
1397
1397
1955
1467
1397
1397
977
1467
1397
1397
1397
1397
1467
1467
1886
1396
1466
977
1397
1397
1955
1467
1397
1397
1467
1397
1397
1956
1886
978
1396
978
1396
1397
1397
1467
1397
1467
1466
1886
1955
1886
1397
1397
1886
1467
1397
1397
1955
1397
1816
1397
908
1467
1397
1467
1467
1467
1467
1886
1467
1397
1467
1397
1467
1397
1397
1466
1466
1397
1467
1397
1397
1397
1397
1467
1397
1886
1467
1397
1466
1886
1467
1885
1467
1467
1467
1467
1467
1956
1397
1396
1886
1467
1467
1467
977
1467
1886
1886
1466
1956
2444
2444
1886
1397
1885
1467
908
3422
1397
1956
978
1397
1397
1467
1467
1467
1397
1886
1397
1397
1397
1467
1397
1816
1397
978
1467
1467
1886
1396
1956
2444
1397
1397
1466
1886
1467
1397
1886
1467
1886
1397
1467
1397
1956
1397
1397
1467
13480
1467
1397
1397
1467
978
1396
1397
1467
1886
1467
1467
1886
1397
1397
1467
1467
1467
1885
1467
908
1467
1956
1397
2374
1467
1886
1466
1467
1467
1956
1467
1396
1467
1467
1397
1466
1467
1886
1466
1397
1397
1467
1467
1467
1467
1397
1467
1397
1467
1467
1467
1397
1397
1397
1397
1397
1397
1886
1397
1466
1396
1466
978
1396
1397
1467
1397
1397
1397
1396
1955
1396
1467
1396
1397
1397
1467
1467
1467
1397
1466
1467
1397
1466
1397
1397
1397
1396
978
1467
1467
1397
1397
1466
1467
978
1466
1466
1397
1397
1397
1467
1466
1397
1397
1467
1397
1886
1467
1397
908
1397
1466
1397
1467
1397
1466
1466
1397
1397
1886
1886
1397
908
1466
1397
1886
1397
1396
1885
1886
1397
1467
1466
1397
1397
1396
1467
1886
1467
1397
1397
1467
978
1397
1466
1327
1396
1397
1397
978
978
1397
978
1397
1397
1397
1397
1397
1397
1397
1397
1886
1396
1467
1467
1397
1397
1886
1397
1397
1397
1467
1467
1467
1397
1397
1397
1466
1327
1467
1955
1466
1466
1955
978
978
1396
1886
1467
1396
1397
1467
1467
1467
1396
1397
1397
1467
1466
1397
1467
1396
1467
1397
1397
1466
1467
1397
1397
1397
1467
1397
1466
1467
1396
1397
1467
978
1885
1397
1397
977
908
1956
978
1397
1467
1396
978
1397
1397
1397
1397
1466
1397
1816
1467
1397
1886
1467
1467
1397
1397
1397
1886
1397
1397
1397
1397
1467
978
1467
1397
1397
1397
1466
1467
1466
2375
1396
978
1886
1467
1885
1886
1397
1467
1466
1397
1397
1467
1397
1467
1467
1397
1397
1397
1467
1397
1467
978
1466
1467
1466
1397
1956
1956
1467
908
1397
1466
1397
978
1396
1396
1397
1467
1397
1396
1396
1397
1466
978
1396
1397
1467
1397
1397
1397
1467
977
1397
978
978
1467
1396
1466
1955
1886
1396
978
1467
1467
1885
1955
1397
1467
1397
1397
1397
1467
1467
1397
908
1956
1397
1397
1397
978
1466
908
1397
1397
1396
1885
1466
1397
1397
1397
1467
1397
1886
1885
1397
1397
1466
2304
1397
1467
1886
1397
1397
1397
1466
1466
1467
8451
1397
1397
1396
1397
1466
1397
1397
1467
1466
1467
1467
978
1397
1397
1466
978
978
1397
1397
1397
1466
1886
1397
1396
1397
1397
1467
1397
1467
1327
1466
1397
1885
1467
1397
908
1397
1467
1397
1467
1397
1397
1467
1397
1397
1397
1397
1396
1467
1397
1396
1397
1397
1466
1397
2374
1397
1397
977
1397
978
1466
1397
1396
1466
1397
1397
1886
1467
1467
1396
978
1467
1466
1397
978
1467
1466
1397
1396
1886
1397
1467
1467
1397
1886
1397
1886
978
1466
1467
1397
1467
1397
978
1467
1956
1467
1397
1886
1397
1467
1467
1397
1397
1397
1397
1397
1397
1397
1466
1886
1397
978
1397
1467
1397
1466
1397
1397
1466
1467
1397
1466
1397
1466
1397
1467
1396
908
1466
1467
1467
1885
1467
1467
1397
977
1397
1397
1816
1467
1467
1467
977
1397
1467
978
1397
1467
1466
1396
1397
1886
1397
1397
1397
1466
1397
1397
1397
1397
1397
1467
978
1397
1467
1885
1396
1467
1467
1467
908
1467
1397
1397
1397
1397
1467
1397
1466
1397
1397
1397
1467
1397
1467
1397
1397
1467
1466
1467
1466
1397
1467
1397
1467
1467
1466
1467
908
1467
1467
1467
1397
1397
1397
1467
1397
1466
1397
1466
1397
1396
1397
1397
1397
1467
1466
1466
15645
978
1397
1466
1467
1467
1886
1397
1816
1467
908
1956
1397
1397
1396
1467
1396
1466
1466
1397
1397
1467
1397
1396
1467
1397
1467
1397
1467
1397
1397
1397
1815
1397
1396
978
1466
978
908
1397
1397
1397
1467
1467
1397
1467
1467
1397
978
1397
1467
1467
1816
1467
978
1467
1397
1397
1397
1886
1886
1397
1467
977
1397
977
1467
1467
1886
1467
1467
1397
1397
1466
1466
1397
1467
1466
1397
1397
1466
1467
1397
1467
1956
1397
1397
1467
1956
1397
1466
1397
1397
1397
1467
1397
2375
1956
1397
1466
1886
1397
1397
1466
1397
1816
1956
1467
1397
1886
1466
1467
1396
1885
1885
1885
1955
1397
1397
1397
1397
1397
908
1885
1467
1396
2374
1397
1467
1467
1397
1885
1396
908
1467
1466
1397
1956
1886
908
1467
1397
1467
908
908
1467
1467
1397
1467
1885
1397
1396
1397
1467
1956
1467
1955
1467
1396
1467
1397
1467
1467
1397
1885
1467
1886
1467
1467
1886
1886
1467
1397
1886
1466
1397
1397
1467
1396
1886
1397
1467
1886
1466
978
1467
1397
1397
1886
1396
1397
1886
1467
1397
1956
1467
1397
1815
1467
1466
1886
1886
1815
1397
1885
1956
1467
1816
1467
1467
1396
978
1397
1467
977
1885
1397
1466
1886
1396
1397
1397
1816
1885
1466
1886
1886
1467
1886
1886
1397
1466
1886
1397
1467
1886
1397
1397
1886
1397
