1955
1955
1885
1885
1467
1466
2373
1955
1955
1954
2374
1815
1466
2373
978
1885
1955
1885
2374
1885
1396
2443
1955
2443
1885
1467
1885
2374
1955
1885
1955
1466
2863
1885
1466
1885
2444
1885
1815
1466
1396
1885
2304
1467
2933
2373
1885
1397
1955
1885
1955
1955
2444
1466
1466
1396
1955
1466
1955
1955
1885
1466
1954
1885
1885
1885
1885
1466
1815
2373
1955
2304
1885
1885
2374
2374
2304
1955
1885
1885
1466
1815
2304
1397
1885
2304
1466
2374
1885
1885
1466
1885
1885
2374
2444
2444
1885
1955
2444
2443
1885
2373
1816
2374
1955
1885
1396
1954
3281
977
1885
2373
1885
1955
1885
1885
1885
1885
1466
2304
2304
1396
1466
1815
1397
1885
1885
1955
1885
1885
1885
1954
1466
2444
1885
1885
1885
2443
1885
2373
1955
1955
1955
1885
1885
1885
2374
2374
1466
1885
1396
1955
1466
1466
1466
1815
1885
1885
1885
1815
2374
1955
1955
1955
1885
1815
2862
2374
1397
1885
2374
1885
1885
2374
2444
2374
1885
2373
907
1885
1955
2443
1885
1955
1885
2374
1466
1954
1815
1955
2444
1396
1885
1955
1885
1885
1885
1326
3351
1955
2374
1886
1955
1955
1885
1885
2374
1885
1885
2374
1885
1466
1885
1885
2374
2374
1885
16267
1885
2373
1466
1955
1885
1466
2304
1885
2443
1954
1396
1885
1885
1466
1885
1885
2374
1885
1885
2444
1466
1885
1396
2863
1955
1396
1466
1397
1954
1955
2443
1885
1885
1885
1885
1396
1885
2304
1955
1885
1466
1954
1955
1955
2374
1885
2373
1885
1885
1955
1397
1885
1955
1885
1466
1885
1466
1885
1955
1955
1885
1885
1815
1955
1885
1955
1885
2374
2374
1955
1885
2374
3281
1816
1397
1955
1955
1885
1466
1954
1955
2374
1815
2374
2932
1955
1885
2234
1885
1955
2374
1466
1885
2374
1885
1396
1396
2443
1955
1885
1955
2374
1955
2374
2444
1466
2303
2374
1467
1885
1955
1885
1815
1885
2374
1397
2373
1954
1886
1885
1885
1397
1396
1885
2374
2444
1955
2443
1955
1955
1396
2374
1885
1885
1955
1885
2374
1955
2374
2793
2304
1466
2374
2374
2444
1466
1466
2374
2374
1885
1885
2373
1954
2374
1885
1396
1885
1466
2304
1885
2933
1955
1955
1815
1885
1885
1466
1885
2374
2373
2374
1396
3351
1954
2444
1885
1466
1885
1885
2374
1885
1955
2374
2792
1955
1815
1885
1466
1397
2373
2374
1955
1466
1954
1885
2863
1886
1954
1466
1885
1816
2304
2443
2444
1885
2373
1955
1885
2443
1466
1466
2374
1955
1885
1466
1954
1885
1885
1955
1466
1955
1955
1467
1885
2444
2374
1885
1955
1396
2793
2374
2443
2374
2304
1815
1885
2374
1954
1955
2374
2374
3282
2374
2374
2863
2374
2304
2373
2374
1955
1466
1885
1955
2374
1885
2444
2374
1954
1466
1955
1885
2304
2444
1885
1885
1466
2374
2793
1885
1885
2374
1955
2444
2374
1885
1885
1397
1885
2444
1816
1396
2444
1466
1466
2443
2374
1955
1955
1815
2444
1885
2444
1955
1955
1885
1954
1954
1466
1396
1955
1815
1955
1955
1815
1397
1885
2374
1885
1885
2933
1885
1885
1815
1955
1955
2444
2443
1955
2304
1885
1885
1955
1885
1815
1955
1885
1885
2304
2304
2374
3281
2373
1885
1955
1885
2443
2443
2304
1466
1955
1885
1885
2374
1885
1397
1397
1396
1396
2373
1466
2374
1885
1466
1885
2304
1955
1955
2443
1885
1885
1885
1955
1954
1885
1466
1885
1955
2373
1466
1397
1466
1885
2374
1955
1466
1955
1397
1466
1885
1815
1954
1885
1885
1885
1955
1396
1955
1885
2862
1885
1885
2304
1954
1396
1885
1885
1466
1885
1396
1466
1886
1396
1885
1955
1955
1885
1396
1815
1885
1955
1885
1885
1955
1885
1885
1396
1955
1954
1955
12357
1466
2443
1466
1396
1397
2932
1467
1816
1885
1396
1885
1885
2443
1955
1885
2304
1885
1955
1885
2373
1885
1885
1466
2304
1885
1885
42448
2373
1885
1466
2933
2304
1885
1885
1885
2304
1955
1954
1955
2444
1467
1466
1955
2373
1396
2374
1397
1885
1885
1885
1885
2862
1885
1955
1466
1955
1885
1955
1885
1955
1397
1955
1396
1466
1955
1955
2374
1955
2304
1885
2374
1885
1955
1955
1885
1466
16547
2373
1955
1885
1885
1396
1815
1955
1885
1885
1885
1885
1885
1885
1955
1885
1885
1885
1955
2374
1954
1466
2374
1885
1466
1885
1396
1955
1954
1955
1955
2373
1885
2444
2304
1955
1955
1955
2792
1885
2373
2444
1885
1955
1955
1885
2304
1396
1885
1815
1955
1885
907
2374
1396
1886
1885
1397
1955
2444
1885
2373
1885
1955
2932
1885
1815
1954
1954
1397
1466
2304
3351
1885
2444
2374
1885
1815
2863
1885
1885
1466
2793
1885
1885
1885
1955
1466
1955
1955
1885
1885
2374
1954
1885
1885
2373
1885
1885
1955
1885
2374
1396
2374
1955
1885
1885
1885
1397
1396
1885
1396
1885
2374
1466
1885
1955
1886
1955
1886
977
1955
2373
1955
1466
1885
1885
1466
1397
1466
2863
1955
1955
1815
1955
1885
1885
1396
1955
2444
1885
1466
1815
1396
2862
1885
1955
1885
1885
1955
1955
1815
1885
1885
1466
1955
1885
1466
1885
2303
1955
1396
1815
1885
1815
2304
2373
2374
1885
1885
2862
2304
1885
1955
1954
1955
1815
1815
1885
1885
1885
1466
1396
1885
1885
1396
1466
1815
1396
2374
1466
1885
1955
1466
1955
1954
1466
1466
1397
1885
1886
1885
1885
1466
1396
1397
1396
1885
1885
1885
977
1885
1885
1396
1955
1885
1955
1955
1466
1466
1396
1467
1885
1885
1815
1885
1885
1955
1955
1955
1955
1885
1396
1885
1466
1885
1885
1396
1466
1885
1885
1885
1885
1885
1886
2374
1815
2374
1885
1396
1955
1955
1886
1955
2304
2374
1885
1885
1397
1954
1885
1885
1955
1397
1885
2373
1885
1885
1955
1885
1885
1955
1396
1466
1815
1955
1815
1955
1885
1885
2374
1885
1885
1466
2374
1955
