1955
1954
1885
1466
1885
2374
1955
1885
1955
1955
1885
1955
1885
1885
1954
1397
1885
1954
1396
1954
1885
1885
1885
2304
907
1885
1885
1885
1885
1955
1397
2374
1955
1885
1885
1466
908
1885
977
1885
1885
1885
1955
1885
1885
1885
1885
1466
1885
1885
1955
1885
1885
2303
1466
1466
1466
1955
1466
1466
1885
2373
2793
1885
1955
1885
2863
1396
1396
1815
1885
1885
2863
1396
2373
1955
1815
1466
1885
2862
1885
1885
1396
1396
1955
1466
1466
1885
1885
1885
2373
1396
2374
2374
1816
1885
1885
1885
2374
1954
1815
1954
2443
1955
1816
2862
1885
1815
1885
2373
1815
1885
1885
1885
1885
1885
1885
1396
1885
1397
1955
1955
1466
1885
1885
1466
2304
1885
1397
1885
1466
1885
1396
2374
1884
1955
1885
1885
2862
1466
1955
2373
1885
1466
1815
2374
2443
2792
1955
1885
1955
978
1885
1955
2374
1954
1954
1396
2374
1885
2374
1885
1955
2374
1885
1885
2304
1816
1955
1885
1466
1955
1885
1885
1885
1885
1885
1396
2374
3700
1885
1885
2863
2792
2374
1885
2304
1885
1955
1885
1885
1955
1885
1885
1955
2373
1885
1885
1954
1885
2373
1466
1885
1885
1885
1955
1885
2374
16825
2374
1885
1815
1466
1466
2373
1885
1396
1816
1955
1955
1466
1466
1954
1885
1885
1885
1885
1955
1396
1885
1466
1955
1466
1885
1816
2373
1955
2444
1955
1885
1885
1397
2304
2373
1885
1955
1885
1816
1955
1955
1396
2374
1396
1885
1396
2373
1955
1885
1955
1885
1885
1397
1885
1955
1885
1955
1816
1466
1954
1466
1816
1955
2304
1885
2373
1885
2932
1955
1885
1885
1885
1885
1885
1955
1954
1396
1885
1396
1955
2304
1955
1466
1885
1885
1815
2373
1885
1885
1885
1885
1466
1955
1815
2374
1885
1885
1954
1955
1885
1466
1885
1955
15359
1955
1815
1885
1955
1885
2444
1885
1955
1885
1885
1955
1954
1955
2443
1396
2793
3281
2374
1955
2374
1955
1885
1955
1466
1885
1885
1885
1885
1954
1885
1955
1885
2374
1815
1955
1955
1955
1815
2374
1954
2933
2444
1885
1955
1955
1955
1885
1885
1885
2374
1885
1955
1955
1396
1955
1885
1885
1396
1885
1466
2373
1815
1885
1396
1466
1884
1954
1397
1396
1885
1466
1466
1954
1467
1815
2443
1885
2444
2374
1885
2373
1466
1816
1954
1885
1396
1955
1397
2373
1955
1396
1885
1955
1885
1885
2374
1885
1885
1954
1955
1955
2374
1885
1954
1955
2374
1955
1396
1815
1955
1955
1885
1954
1885
1885
1954
1955
1466
1885
2443
1885
1885
1885
1955
1885
1466
2374
1955
2374
1467
1954
1885
1885
1885
2374
1885
1955
1955
1955
1885
1955
1396
1955
1885
2793
2443
1955
1885
1955
1954
1885
2443
1955
2374
1955
1466
1955
1885
1885
1885
1885
1466
1396
2862
1954
1885
1885
1885
2374
1885
1815
1955
1396
1885
1885
1955
1885
2304
2373
1885
18641
1885
1885
1885
1955
1885
1954
1954
1885
2304
1955
1885
1396
1885
2374
1885
1885
1885
1955
2304
1885
1885
1466
1885
1885
1466
1466
1954
1885
1885
1466
1396
1815
977
2374
1955
2374
1885
1885
1885
1884
2374
1816
1955
1885
1885
2374
1885
1955
2444
1885
1396
1396
1885
1466
1466
1466
1466
2444
1466
1396
1954
1466
1885
2374
1397
1885
1885
2443
1885
2373
1466
1885
1885
1885
2443
2444
1954
1955
1885
1396
1885
1885
2374
2374
1955
2373
1466
1885
1466
3351
2374
1815
1955
2374
1885
1885
1885
1885
2374
1955
1955
1885
1885
1885
1885
1885
1954
1955
2304
1885
1466
1885
2373
2443
1885
2373
1815
1466
1955
1885
2374
2374
1885
1955
1885
1954
1955
1885
1885
1885
1885
1955
1885
1885
2373
1955
1885
1885
1885
1885
1885
2304
1955
1955
1885
1885
2373
1466
1955
1885
1954
2373
1885
1885
2374
1885
2443
1884
2374
1885
1885
1885
1815
1396
1885
1885
2863
1885
1885
1955
2932
1954
1397
2792
1955
1955
1885
1885
1885
1885
1955
1954
2304
1885
1885
1885
1885
1955
1466
1885
1885
1466
1466
1396
2304
1885
2304
1955
1396
1955
1466
1955
1955
1466
1396
2443
1885
1885
1396
1954
1884
1885
1885
1885
2374
1885
1885
1885
1885
1885
1885
1885
1396
2304
2374
1885
1885
2374
2444
1885
1885
1466
1955
1396
1885
1885
1955
1466
1954
1885
1955
1955
1466
1955
1954
2444
2374
1885
2374
2443
1815
1885
2443
1955
1885
1885
1885
1885
1885
1885
1815
1954
1955
1885
1954
1467
1467
1885
1955
1885
1885
1397
2374
1885
1885
1955
1954
1885
1466
2444
1466
1955
1466
1885
1885
3351
1815
1955
1815
1885
1885
1885
1885
2374
1885
1955
1466
1885
1885
1885
1397
1816
2304
1955
1954
1885
1955
1955
1885
1955
1955
1885
1466
1885
1885
1466
1885
1885
1885
2443
1885
1955
2373
1884
1815
1885
1885
2373
1466
1885
1466
1955
1885
1885
1955
1955
1885
1885
1954
1955
1955
2303
1885
2373
1885
1885
2374
1885
1885
1955
1885
1885
908
4189
1885
2304
1955
1885
1815
1955
2304
1885
2373
1467
1885
1815
1885
1466
1885
1397
2443
1885
1885
1885
1955
3281
1885
1885
1885
1815
1885
1954
1885
1885
1885
1885
1815
2374
1954
1885
1885
1467
1885
2373
1466
2444
1885
1466
2443
2374
1815
1885
1955
1955
1397
1955
1885
1466
1955
1396
977
1885
1466
1955
2373
2304
1466
1885
1466
1815
1955
1396
1885
1885
1885
2374
1885
1885
1885
1885
1396
1397
1955
1954
1396
1466
2373
1885
1466
1885
1466
2863
1955
1466
1885
1954
1396
1955
1885
1885
2444
1955
1954
1885
1815
1885
2374
2374
2304
1885
1885
1885
1954
1954
1885
1955
20526
1396
1885
1885
1397
1885
1466
1466
1466
1885
1954
2443
2373
2444
1885
1885
1885
1955
1885
1885
1955
2444
1885
1955
1885
1885
1955
2444
1885
1397
2374
2373
1955
1955
1954
2444
1885
1885
1885
2374
