1956
1885
1815
1955
1955
1886
1886
2374
2375
1466
1885
2305
1816
1955
1467
1886
1815
1886
1885
1885
1885
2374
2445
2444
2445
1885
2444
1886
2305
2863
1955
1886
1955
1886
1956
1885
1886
2863
2863
1886
1886
1396
1955
2374
1885
1886
2375
1467
1397
1955
1467
2374
1886
2444
1956
1956
1397
1886
1815
1955
1467
2374
1955
1885
1886
2304
1885
2444
1816
1466
1886
2375
2445
1467
1885
1886
1886
1467
1885
908
2445
1467
1816
1886
2304
1885
1886
1886
1397
1956
2375
2863
1396
1466
1956
1886
1467
1955
2375
1886
1955
1885
2444
2375
1466
1886
1885
1886
1886
1885
2374
1955
1886
1885
1955
1955
1886
1955
1955
1955
2444
1886
1886
1886
2374
1886
2374
2305
1467
1885
1885
1466
1955
1886
2375
1956
1886
1956
1886
2374
2305
2863
1396
2375
2374
1956
1397
1886
1886
1886
1956
2374
1956
1955
2305
1886
2305
1885
1816
1397
1886
2375
1955
1886
1466
1956
2444
1955
1886
1886
1466
1956
2374
1956
1886
25841
2305
1886
1886
1816
1886
1886
1956
1816
1466
1886
1816
1955
1886
1886
1467
1466
1955
1955
1397
1885
2375
1956
1885
2374
2375
1955
1886
1886
1816
1956
1886
1886
1886
1955
1886
1885
2444
1886
2305
2444
1955
1955
1885
2375
1816
1955
1886
1886
1467
1885
2374
1886
1955
1955
1886
2863
1886
1397
1956
2305
1885
1886
2305
1886
2374
2445
1885
1955
1886
2374
1816
1956
1955
1886
1886
1886
1886
2375
1955
2375
1886
1886
1956
2374
2374
1885
2374
1885
2933
2375
1886
1956
1885
1956
1886
1956
2304
1886
1885
1886
1955
6635
1885
1397
1886
1886
1886
2374
1955
1955
1886
1886
1886
2374
3353
2375
1955
1397
2375
1886
1886
1886
1816
1956
2374
2375
1955
1397
1467
1886
1955
1886
1885
1955
1956
1885
1886
1955
1467
2375
1816
1816
1466
1816
1956
1886
1885
2375
1886
1956
2304
977
1885
1956
1397
1956
2444
1956
1467
2374
2375
2374
2375
2374
1885
1885
1885
1885
1956
1956
2374
2863
2375
1956
1955
2304
2374
2374
1886
2375
1885
2375
1886
1885
1885
1886
1886
2444
1955
1885
1885
1885
1885
2375
1886
1466
978
1955
2305
1956
2305
1955
1885
2374
2374
2375
2374
2374
2305
1467
2374
1886
1955
1955
1885
1955
1886
2934
2444
1885
1956
1956
1886
1885
1956
1885
1885
2374
1956
1955
1816
1885
1955
1886
1885
2863
1816
1885
2445
1956
2304
1886
1886
2375
2305
1956
1466
1885
1886
1956
1955
2375
1885
1886
1955
2304
1886
1886
2304
2304
1885
1815
1955
1467
1885
1467
2445
1466
1886
1466
1955
1956
1886
1885
1886
2374
2374
1955
1886
1886
1885
1886
2375
1816
1467
1467
2305
1886
1955
1955
1886
1886
1816
2445
1816
2445
1397
1885
1955
1886
1466
1886
1886
1956
1886
1955
1467
1467
1816
1885
1886
2375
1885
1885
1886
1955
2444
1467
2305
1885
2305
1955
1886
1885
1467
1816
1397
1467
1886
2305
2374
1886
2863
1466
1885
1466
1885
1885
1955
1885
1956
2444
1886
1467
1955
1955
1397
1955
1886
2304
1886
1956
2863
2374
1955
1816
1955
1886
2375
2374
1955
1955
1885
1955
1885
1956
2375
1956
1466
2864
1885
1956
1396
1886
1816
1886
1886
1956
1886
1956
1955
1956
1885
1467
1886
1886
2374
2374
1397
1956
1886
1885
1886
1886
1885
1956
1886
2374
1886
1956
1885
1886
2375
2375
908
1955
1885
1886
2375
1886
2374
1886
1467
1886
1956
1956
1886
2375
2445
1956
2374
1886
2375
1886
1885
1885
1886
1956
1397
2794
2444
2374
1955
1397
1467
1885
2375
1886
1956
1886
2375
1467
1885
1886
1886
1955
1956
1396
1886
2444
1886
1886
1886
2863
1956
2374
1396
1886
1886
2374
1885
1955
1886
1885
1885
1956
1886
1955
1397
1955
1886
1816
2374
1956
2374
1886
1956
1886
1955
2374
1886
2304
1885
1885
1956
1467
1885
1885
1886
1956
2933
1956
1397
1886
1397
1956
1955
1886
1956
1886
1955
1956
1466
2374
1816
1397
1955
1956
1956
1885
1955
1886
1956
1885
1397
1885
1886
1885
2375
1955
1886
1397
1886
1886
1886
3283
1886
2304
1886
2374
1886
1885
1955
2863
2375
1886
1885
2375
1885
1885
1886
1886
2863
1466
1816
2375
1886
1956
1885
2304
3353
1955
1956
2374
1815
1885
3282
1885
1956
1955
2444
2375
1886
1466
2794
1886
1886
1956
1467
1886
13340
2375
1886
1886
1956
1885
1886
1886
1955
1955
1955
1816
2793
1886
1816
1886
1956
2375
2864
1955
1956
1886
2374
1886
1886
1466
1886
1955
1955
1466
2375
1886
2375
1885
1467
1885
1467
1885
1955
1886
2305
1955
1886
1886
1956
1886
1467
2444
2375
1467
1886
1956
2794
1886
1885
1886
2793
1886
1886
1397
4819
2305
1467
9428
1886
1886
1886
908
2934
1816
1886
1955
1885
1466
977
15365
1885
1885
2375
1886
1956
2374
1466
1885
1467
2375
1886
1886
2374
1955
1886
1886
1467
1466
1955
1467
1885
1467
1816
2304
1885
1885
1955
2444
1886
978
2374
1886
1886
1815
1956
908
2863
1886
1955
2444
1397
1956
1467
1955
1956
2375
2375
1397
1886
1816
1886
1885
2375
1956
2304
1955
1466
2444
1956
1955
1955
1885
2864
1467
1885
2374
16342
2375
1885
2374
1397
1955
2374
2375
1815
1886
1955
1886
1956
1885
2375
1956
2444
2794
1886
1816
1956
1397
1816
1885
1885
1956
2374
1956
1955
2374
1886
2444
1886
1885
1397
1955
2444
1886
1886
1956
2375
1886
1885
1467
1886
1467
2374
3282
2375
1885
1885
1815
2375
1886
2374
2305
1956
1885
1886
1955
1467
1886
1816
1956
1886
2444
1886
1467
1886
1956
1886
2375
1885
1397
1397
1886
1886
1955
1886
2374
1956
1955
1955
1886
1956
1885
1467
1886
1886
1955
2374
1885
1467
2374
1886
1886
2863
1956
1956
1886
2375
1956
2445
1396
1467
1886
11733
2375
1816
1886
1885
1466
