1956
2445
1396
1467
1886
1886
1397
1396
1397
1397
1397
1397
978
1397
1397
1397
1467
1467
1397
978
1467
1466
1885
1397
1886
1886
1397
1886
1886
1397
1886
1956
1886
1955
1396
2375
1397
1886
1467
1467
978
1956
908
1397
1467
1886
1397
1467
1397
1467
1397
1397
2375
1397
1397
1397
1467
978
1397
1397
1467
1467
1886
1886
1397
1397
1397
1397
1467
1397
1397
1397
1467
1397
1467
1816
1397
1467
1467
1466
1397
1467
1956
1467
1886
1467
1397
1397
1397
1397
1467
1885
1466
908
1886
1397
1466
1397
2375
2305
1397
1467
1397
1396
1467
1955
1396
1466
1467
1956
1397
1467
1956
978
1886
1467
1886
1956
1467
1886
1397
1397
1816
1397
1467
1467
1397
1467
1467
1397
1886
1886
1397
1956
1467
1886
978
1886
1466
1397
1886
1467
1956
1467
2375
1466
1397
1467
1397
1466
1886
1886
1397
1397
1397
1886
2445
1467
1886
1467
1397
1816
2864
1886
1955
1886
1397
978
1956
1885
1467
1397
978
1886
1467
1397
1466
1397
1466
1397
1886
1397
1467
1886
1397
1397
1467
1397
1816
1397
2864
1955
1886
1955
1955
1955
1886
1397
2375
1397
1816
1467
1886
1886
1467
1886
1886
1466
1886
1956
1886
1397
1467
1397
1467
1467
1397
1956
1467
908
1397
1397
1397
2375
2305
1466
1397
1467
3353
1467
1397
1397
1467
978
1467
1886
1467
1467
1397
1467
1467
1467
1397
1467
1397
1397
1467
1397
1467
908
1467
1467
1956
978
1467
978
1467
1467
1467
1467
1467
1467
1397
1397
1466
1467
1886
978
1467
2375
2863
1397
1467
1886
1956
1467
1955
1885
1956
1466
1466
2305
1397
1466
1816
1467
1886
1956
977
1467
1885
1397
978
1466
1397
1816
1397
1467
1467
1397
1397
1397
1397
1467
1886
1467
1886
1397
1397
1397
2864
1397
1397
1397
1467
1886
978
1886
1467
1886
1397
1467
1397
1467
1467
1397
1466
1397
1397
1466
1467
1397
1397
1816
1397
1886
1397
1956
2305
978
1467
1397
1397
1397
1467
1885
908
2445
1397
1886
1886
1397
1886
1397
1886
1466
1467
1397
1886
1396
1886
1397
1397
1397
1397
1467
908
1397
978
1397
1955
1467
1397
1327
1467
2445
1466
1397
1467
1956
1886
1956
1467
1886
1886
1397
1397
1397
1397
1467
1467
1397
1467
1397
1467
1397
1466
1397
1466
1397
1467
1466
1467
1467
1397
1397
1467
978
1467
1467
1397
1466
1397
1467
1885
908
1956
1467
1886
1397
978
1467
1467
1397
1397
1397
1466
1397
1466
1886
1397
1467
1397
1956
1467
1397
1955
1955
1397
1466
1397
1397
978
1397
1467
1466
978
1467
1397
1467
1466
1467
1816
1467
1466
2305
1466
1885
1397
1397
1956
1397
1397
1467
1467
1397
1397
1466
1397
1397
1886
1397
1467
1467
1466
1466
1466
1397
1397
1466
1467
1956
908
1397
1397
1467
1467
1397
1467
1467
1467
1885
978
908
1397
1397
1397
1956
1397
1397
1467
1397
978
1886
1397
1397
1467
1397
1397
1397
1467
1467
1397
1397
1397
908
1397
1467
1467
1397
1467
978
2375
1467
1397
1397
1397
2793
1397
1467
1467
2375
1397
1467
1397
1466
1397
1467
1397
1397
1397
1886
1816
1467
1467
1397
1396
1397
1397
1397
1397
1397
1397
1397
1397
1397
1397
977
1466
1956
1467
1467
1397
1397
1816
1467
1956
1886
1397
1467
2375
1397
978
1397
978
1397
1467
1397
1467
1886
1816
978
1467
1467
1397
1397
978
1467
1886
1466
1397
1816
1467
1397
1397
1467
1397
1467
1397
1467
1467
1397
1397
978
1886
1397
1466
1886
1467
1397
1397
1467
1467
1397
1397
1467
1467
1397
1397
1466
978
1886
1397
1397
1397
1397
1467
1467
1886
1467
1467
1397
1397
1397
1886
1397
1466
1467
1397
1397
1397
1467
978
1397
1397
1396
908
1467
1397
1397
1467
1397
1397
1396
1397
1466
1467
1467
1397
1467
908
1466
1466
978
1466
1397
1397
1467
1466
1467
1397
1397
1467
1467
978
1397
1886
1467
1466
1397
1397
978
1397
1467
1466
1466
1397
978
1466
1397
1466
1886
1397
8172
1397
1397
1467
1467
1467
1886
1397
1397
1467
1397
1467
1466
1397
1886
1886
1886
1397
1397
1467
1397
1467
1466
978
1467
1397
1397
1467
1467
1397
1466
1467
1466
1955
1467
1397
908
1397
1397
1397
1467
1397
1397
1397
1397
1397
1397
1467
1397
1397
977
1466
1886
1886
1396
1397
1467
978
1467
1397
1397
1397
978
1397
1397
1467
1466
1397
908
1467
1467
1397
1397
1397
1397
1886
1467
1955
1396
1467
1467
1467
1467
1886
1955
1886
1885
1885
1467
1397
1397
1397
1397
1886
1886
1397
1397
1466
1886
1396
908
1396
1397
1467
1396
1397
1396
1397
1397
1397
1467
1397
1467
1467
1397
1397
978
1397
1886
1886
1466
1397
1397
1397
1467
1397
1467
1397
1467
1397
1397
1397
1397
1397
1467
1397
1467
1466
1467
1466
1956
1466
1397
1397
1397
1397
1467
1397
1467
1397
1397
1467
1397
1397
1467
1397
1886
1467
1467
1397
978
1397
1466
1466
1466
978
1466
1886
1466
1466
1467
1467
2375
1467
1397
1397
1397
1467
1397
1397
1397
1397
1467
1397
1397
1397
1397
1397
1397
978
1467
978
1467
978
1467
1397
1397
1467
1467
1397
908
1397
1397
1467
1397
1466
1466
1467
1397
1467
1467
1467
1397
1467
1886
1467
20675
1397
1467
1397
1397
1956
1397
1467
1467
1467
1397
1467
1467
1397
1467
1397
1397
1397
1467
1466
1466
1466
977
1396
1467
1397
1467
1397
1397
978
1397
1397
2375
1397
1466
1886
1397
2934
1397
1397
1956
978
1886
1397
1397
1397
1397
1397
978
1397
1467
978
1467
1467
1467
1397
1467
908
1397
1397
1397
1397
1467
1397
1467
1397
1397
1397
1397
1397
1397
1396
1886
1467
1467
1397
1397
1397
1466
1886
1397
977
1467
1397
1397
1466
1466
1467
1397
1467
1397
