1397
1466
1397
1466
1397
1466
1397
1397
1397
1955
1467
1397
1396
1396
1467
978
1467
977
1397
1397
1467
1396
1397
1397
1397
1326
1467
1396
1397
978
978
1397
1397
1397
1397
977
907
1467
1466
1467
1466
1397
1955
1466
1466
1466
1467
1396
1467
1466
1466
1397
1397
1466
1397
1467
1467
1397
908
978
978
1397
1396
1467
1397
908
1396
1396
1466
1466
1955
1466
1467
1467
1885
1396
1816
1397
1467
1396
1397
1466
1466
1397
1397
1397
1467
978
1466
1397
1397
1466
1466
1886
1397
1467
1396
1397
1397
1466
1467
1467
1467
1886
1397
1956
1885
1466
1397
1397
1816
1467
1467
1467
1885
1466
1397
1886
1397
1467
1886
1397
1467
2374
1397
1397
1466
1886
1466
1467
1956
1466
1886
1396
907
1466
1396
978
1396
1885
1466
1397
1466
1467
1396
1396
978
1397
1397
908
978
1467
1397
1466
1396
1467
1397
1466
1955
1396
1397
1466
1467
1467
1467
1467
1467
908
1886
2374
908
1397
1397
1397
1396
1397
977
1397
978
1467
978
1467
1397
1467
1466
978
1467
1467
1466
1467
1397
1466
1467
1466
1397
1467
1397
1467
1886
1886
1886
1397
1396
1466
1467
1467
1397
1815
1397
908
1396
1467
1397
978
1467
1397
1466
1886
1467
1466
977
1885
1397
1466
1467
1467
1396
1816
2864
1397
1466
1885
1397
1885
1467
1955
1886
1886
1467
1816
1955
1467
1397
1397
1467
1397
1397
978
1397
1886
1467
1886
1397
1955
1397
1885
1467
1955
1397
1885
1466
908
1397
1466
1467
1885
1396
1397
2305
1396
1397
1397
1397
1955
1397
1885
1466
1886
1467
1396
1397
1955
2375
1396
1467
1397
2374
1886
11872
2374
1397
1397
1466
1466
2304
1396
1466
1466
1467
1466
1467
1397
1396
1466
1467
1397
1396
1466
1397
1396
1816
2375
1397
1466
1397
1397
1466
1397
1467
1467
2374
1467
1886
1886
1466
1466
1886
1467
1397
1397
1397
1886
1397
1467
1397
1466
2305
1397
1467
1886
1466
1397
1396
1466
1397
1467
1466
1955
1467
1886
1955
1397
1466
978
1397
1466
1397
1816
1466
1886
1467
1397
1466
1396
1467
1397
978
1397
1466
1397
1466
1397
1397
1885
1466
1466
1397
978
1397
1397
1397
1886
1467
1886
1467
1397
1397
1397
1396
1886
1397
1397
1466
1397
908
1886
1467
1397
1396
1397
1397
1466
1467
1397
1467
1397
1396
1955
1467
1466
1467
1397
1396
1397
1397
1397
1397
908
1885
1466
978
1466
1467
1397
978
1466
1397
1397
977
1467
1466
1397
1397
1466
1467
908
1466
1466
1396
1396
1467
1956
1397
1466
1396
1397
978
1397
1467
1467
1397
1466
1466
1466
1397
1467
1467
1397
1467
1467
1466
1467
908
1466
1396
1956
1397
1466
1466
1467
1396
1396
1467
1467
1467
1396
1467
7263
1467
1397
1397
1396
1466
1885
1397
1956
1396
1466
1397
1466
1467
1467
1466
1886
1396
1466
1466
1397
1397
978
1396
1397
1466
1467
978
908
1397
1397
1466
1885
978
1467
1467
1397
978
1466
1467
1467
1467
1397
1396
1397
1467
1467
1397
1466
1397
1467
1467
1397
1467
1397
7752
1396
1467
1466
1397
1466
1466
1396
1397
1885
978
1397
1396
1886
1396
1885
1467
1467
1397
1396
977
978
1956
1397
1397
1467
1466
1886
1466
977
1396
1397
1397
1467
1397
1467
1466
1397
1466
908
1466
1397
1397
1467
1467
1396
1396
1467
1396
1397
1466
1466
907
1397
1397
1396
908
1397
1396
1467
1397
1466
1466
1396
1397
1397
1466
1467
7263
1397
1467
1467
1397
1396
1467
1396
1397
1467
1467
1397
1397
1397
1396
1397
1397
1886
1397
1467
1397
1397
978
977
1467
1397
1397
1396
978
1396
1397
1466
1396
1466
1466
1467
1466
1886
1466
1397
1466
1467
1397
1466
1467
1397
1467
1467
1956
978
1467
1397
1396
1397
1467
1397
1397
1466
977
1397
1467
1956
1397
1467
978
1885
978
1397
1466
1397
1397
1466
1467
1467
1886
978
1397
1466
1397
1467
1397
1397
1396
908
1397
1397
1467
978
978
1397
1466
1397
1467
977
1397
1466
1467
1467
1467
1467
1466
1467
1397
1886
1467
1396
1397
1466
1466
2375
1466
977
1396
1397
1467
1466
908
1467
1466
1466
1467
1397
1466
1397
1396
1466
1397
1467
1397
1467
1466
1396
1397
1396
1397
1466
1397
1467
1396
2374
1466
1467
1466
1397
1466
1467
1466
1467
1396
1956
1397
1396
1396
1467
1397
1466
1397
1467
1466
1397
1467
2444
1956
1467
1466
1396
1397
1886
1327
1397
1397
908
1466
1467
1467
1467
1397
1885
1397
1467
1397
1467
1467
1397
1466
1327
1466
1467
978
1466
1467
907
1467
1397
1397
1466
1397
1467
908
1397
1396
1397
1467
1467
1886
977
1397
908
1396
1467
978
1397
1467
1397
1955
1466
1466
978
1466
1397
1397
1816
1467
1466
1467
1397
1885
1396
1466
1396
1467
1467
1397
1886
1397
1466
1466
1397
1397
1397
10406
1397
1397
1396
1396
977
1397
978
1397
1885
1466
1467
1466
1397
1397
1466
1467
1467
1466
1397
977
1467
1396
1815
1397
1397
1467
1397
1466
1396
1397
1396
1466
1955
1885
1467
1467
1397
1466
1466
1467
1397
1467
1886
1467
1397
977
1466
1397
1396
1397
1396
1466
1466
1397
1397
1466
1396
1466
1397
1397
1466
1396
1396
1467
1396
1397
1467
978
1466
1397
1397
1466
1397
1955
1397
1467
2445
977
978
1467
1397
1397
1396
1396
1397
1397
978
1466
1467
1467
1397
1466
1397
1397
1397
908
977
1397
978
1397
978
1397
1467
1467
1467
1396
908
1397
1397
1467
1467
1397
1397
1466
1396
1397
1885
1466
1396
1397
1467
978
1397
1886
1397
1466
1467
1467
1397
1466
977
1397
1397
1466
1467
1466
1467
1467
1467
978
1466
1396
1467
1397
1466
1396
1467
1885
1467
908
1397
1467
1397
1467
1467
1396
1397
1467
1397
