1886
1886
1886
1885
1397
1467
1466
978
1467
1396
1467
1955
3283
1886
1816
1886
1956
1467
1467
1397
1956
1467
1397
2444
1466
1396
1467
1397
978
1467
1886
1885
2304
978
1467
1397
1466
2375
1885
1466
1397
978
1467
1397
1397
1956
1955
1956
1955
1886
1955
1466
1397
1467
1397
1467
1467
1467
1467
1955
1467
1956
978
1467
1467
1397
1467
1886
1466
1396
1816
1467
1397
13409
908
1397
1466
1886
1467
1816
1955
1955
1885
1467
1886
1467
1397
1467
1396
1467
1886
1466
1396
1466
1467
1466
1886
1466
1466
1397
1397
1396
1396
1397
1397
1397
908
1466
1397
1467
1955
1467
1397
1397
1397
2375
1466
1886
1466
1886
1885
1886
1397
1467
1397
1466
2444
1396
1397
1466
1886
1886
978
1397
2374
1397
1886
10197
1885
1886
1397
1466
1466
1466
1956
1955
1397
1396
978
10825
1397
2375
8241
978
1397
1466
1467
978
1397
2374
1397
2375
1397
1396
1467
1397
1467
1397
1466
1466
1397
1816
1467
1396
1397
1396
1886
1396
1397
978
1396
1397
908
1885
1467
1397
1397
1397
11803
978
1396
978
1397
1466
1396
1886
1466
1397
978
1397
978
1955
1466
1467
1466
977
1467
1467
1466
1886
1467
1885
1956
1396
1886
1467
1467
1467
1396
11524
1956
1885
1885
1956
1396
1466
1886
1397
1397
1397
1467
1466
1955
1956
1886
1466
1886
1886
1467
1885
1885
1815
1956
1397
1886
838
1396
1397
1467
1467
1885
1886
1397
1396
1397
1466
1397
11034
1466
1397
978
1396
1956
1466
1327
1467
1466
1397
1885
1466
1396
1397
1956
978
1885
1467
908
1397
1956
1467
1885
1397
1956
1956
1466
1466
1396
1397
978
1397
1467
1466
1397
1467
1466
1397
1467
1467
1397
1466
1467
2445
1815
978
1397
1955
1886
1467
1397
1397
1396
1886
1466
1397
1397
1466
1467
1397
1466
1466
1467
1466
1396
1815
2445
1397
1397
1397
1466
1466
1467
1886
1956
1467
1397
1396
1397
1396
1466
1885
2375
1466
1397
1397
2374
1466
1466
978
1396
1397
1885
1816
1885
1466
1467
1467
908
1467
1467
1885
1396
1466
1396
1397
1467
1397
1466
1467
1397
1397
1397
978
1467
1467
1397
1467
1397
1467
1396
1397
1397
1956
1397
1396
1397
1397
1397
2374
1466
1956
1886
1956
1466
1397
1885
1467
1467
1955
1467
1885
1885
1956
1466
1886
1467
1885
1396
1397
1955
1886
1885
1955
1955
1467
2445
1467
1886
2374
1396
1886
1466
978
1467
1467
1397
1467
1396
1467
1396
2794
1955
1886
1955
978
1397
977
1466
1397
1466
977
1466
1396
978
1467
1397
1397
1885
1886
1397
1886
1467
2305
1816
1816
1467
1397
1397
1397
978
978
1396
1467
2793
1397
2375
1466
908
1956
1886
1397
1886
1467
1397
1396
1467
1467
1397
1397
1467
1816
1886
1886
1466
1956
1397
1397
1397
2375
1397
1466
1397
1467
1396
1397
1396
1467
1397
1886
1397
2375
1886
1466
1397
1396
1397
2375
1956
978
1397
908
1466
1466
1397
977
1885
1396
1467
1396
978
978
1397
978
1397
1467
2375
1396
1397
1397
977
977
1885
1467
1956
1886
1467
1886
978
1467
1955
1396
1397
2445
1885
1467
1467
908
908
1467
1397
978
1886
1466
978
1467
1397
1397
1886
2375
1885
1396
1397
1397
1955
1397
1467
1466
1955
1885
1467
1397
1467
2375
2305
1955
1955
1397
1955
1886
1885
1467
1396
1467
1467
977
1956
1885
1886
1396
1466
2444
1467
1885
1397
1467
1467
1466
1466
1467
1397
1467
1397
1466
978
1397
1397
1397
1466
977
1397
1466
1397
1466
1466
1886
1886
2444
1466
1397
1466
978
1955
1397
1955
2444
1886
1397
1397
1886
1466
1467
1466
1397
1397
1397
1396
1467
1397
1467
1397
1467
1467
1466
1467
978
1397
1397
1397
1467
1466
1466
1467
1467
2444
1397
1466
1396
1397
1467
1397
977
1816
1466
1467
1397
1885
1397
1397
908
1396
1466
1396
1397
978
1396
978
1955
1467
978
1955
1397
1397
1397
1467
1397
1467
1397
1397
1467
1955
1885
1397
1397
1397
1467
1467
977
2305
1396
1956
978
1886
977
1466
1467
1397
1397
1397
1467
1886
1397
1396
978
1397
2864
2375
1397
1397
1886
1466
1955
1955
1886
2374
1467
1467
1467
1955
1886
1885
1466
1466
1886
1466
1886
16761
1466
1885
1397
1397
1397
1886
1397
1956
1397
1397
1885
1397
1397
2374
1467
1467
1955
1397
1397
1397
1397
1466
1397
1397
1467
1397
1886
1886
1397
1396
1467
1397
1467
1397
977
1397
978
1397
2374
1466
1956
1467
1397
1397
1397
1397
1467
1396
1466
1397
1397
1397
1466
1397
1886
1466
1467
908
1956
2374
1397
1396
1397
1467
1467
1467
1956
1466
1397
1467
1397
908
1466
908
1955
978
1467
1397
977
1397
1467
1397
1467
5238
1466
1467
1885
978
1396
1466
9708
1397
1467
1467
1396
1467
1467
1397
1397
1467
978
1885
1467
1396
1396
1397
2305
978
1397
1467
1467
1397
1397
1886
978
1467
1397
2374
1886
1397
1396
1467
1466
1397
1397
1397
1467
1396
1886
1396
2374
1397
1467
1885
1397
1467
1466
1466
1467
1396
1397
1467
1467
1886
1467
908
1397
1396
1467
1397
978
1396
1397
1466
1956
1467
1397
2863
1815
1885
978
1466
1397
1886
1397
1815
1466
1467
1886
1467
1467
1885
1885
1816
908
1467
2375
1885
1885
1886
1466
1467
1466
1396
1397
1466
1466
1886
1886
1955
1466
1955
1466
908
1397
1397
2305
1885
1397
1397
978
1886
1467
1886
1397
1466
1886
1396
1466
1467
1397
1396
1397
1467
2444
1396
1397
1396
1816
978
908
978
1466
2304
1397
1396
1396
1815
1397
1956
1955
1467
1397
1956
1396
1466
1397
978
1466
1327
1467
1396
1467
1397
1467
2374
2375
1397
1466
1955
1956
1397
1466
978
1466
1397
1886
1886
978
1467
1397
1467
1467
977
1397
