1885
1396
2304
1885
1955
1885
2374
2374
2444
2304
1955
1396
2304
2373
2374
1885
2373
2304
1885
2444
1955
1466
1396
1885
2374
1816
2374
1885
1397
1466
2374
1396
1466
1955
1397
2374
1885
1885
1466
1955
1885
1466
2374
1885
1816
1885
2443
1467
1396
1466
1886
1955
1396
1396
2374
2373
2374
1397
1885
1885
1885
1955
1955
2374
1955
1396
1955
2374
13406
2374
1885
1955
1955
1466
1885
1466
1885
1885
1885
2374
2374
1466
2444
1885
1955
1467
1955
1885
1396
1466
2374
1885
1885
1955
1955
1885
1885
2444
1955
2374
1955
2444
1885
1885
2443
1885
1396
2444
2374
2374
1955
1955
1955
1955
2374
1397
2374
1885
1467
1466
1885
1396
1885
1885
1955
1885
1955
1885
1955
1885
1885
1885
1955
1885
1955
1885
1955
2374
1885
1955
1885
2374
2374
2374
1955
978
2374
1466
1466
1955
1396
1885
1885
1885
1467
1885
1885
2373
2374
1466
1885
1885
1467
1885
2374
1466
2793
2443
1885
1955
1885
1885
1885
1955
1467
1885
1955
1955
1885
1955
1815
1885
17106
1815
1466
1955
1885
1885
1886
1955
1815
1466
1466
2374
1955
1815
2373
2374
2304
1885
1397
2374
1885
1815
2374
1955
1885
2374
2374
1955
1396
1955
1885
2374
1885
1885
1955
1467
1815
1466
1885
1886
2444
1885
2373
1885
2374
1886
2444
1466
1955
2304
1467
2374
2374
1466
2444
1466
2444
1955
1885
2304
1397
1885
2374
2374
2374
2374
1955
2374
2373
2374
1467
2374
1955
1885
2444
1955
2444
1466
1885
2374
1886
1885
1885
1466
1886
1955
1396
2374
2374
1885
2374
1396
1955
1885
2305
2444
17664
2373
1955
1885
908
1955
1885
1396
1816
1815
1885
1885
1885
1885
1885
2374
1885
1885
1466
1466
1397
2374
1885
2374
1955
1885
1467
2374
2793
1955
1885
1885
1955
2304
1885
1886
1885
2374
1885
2792
1885
1885
1886
1885
1885
2374
1885
1467
1955
1396
1885
1885
1815
2444
1885
1885
2444
2373
2374
1886
2374
1885
1467
1467
1955
2374
1955
1955
1885
1885
2793
1955
1397
1885
1955
1885
2862
2304
1955
1955
1816
2374
1885
1466
2444
1955
1466
1955
1466
1886
2374
1885
1885
1954
1885
1815
1886
1885
1815
2374
1397
1466
1885
1396
1397
1885
1955
1955
1955
1815
1955
2443
1396
1885
1885
1397
1955
1885
1955
1885
1397
1885
1885
2793
1815
1885
1955
1885
2374
2304
2443
2444
1886
1815
1885
1466
2374
1885
1466
2373
1885
1885
2933
1885
1885
1885
1397
1886
2304
2374
2374
1955
1885
1955
2444
2304
1397
1885
1397
1816
1466
2443
1955
1955
1885
1955
1885
2374
1815
1467
1954
1886
1466
2304
1885
1885
1885
1885
2374
1955
1466
1397
1955
1885
1955
977
1885
1885
1955
1397
2374
2374
2374
1885
1885
1955
1885
1885
1885
1954
1955
1885
2304
1954
1466
2304
1885
1466
2304
2304
1885
1885
1886
1955
1885
1955
1885
1955
1397
1955
1885
1466
2444
2374
1955
1885
1885
1955
1885
1886
1955
2932
1955
1955
2444
1885
1885
1885
1885
2374
1885
2373
1885
1396
1955
1885
1396
1955
1886
1955
1466
1885
1885
1885
1885
1885
1955
2374
1886
1885
2304
1886
1886
2374
1955
2444
1955
2793
1396
1955
1955
1886
2304
1885
1467
1885
1955
1396
1955
1885
1466
2373
1466
1885
1397
1885
1885
1885
1885
1954
1955
1467
1397
1955
1955
1886
1466
1886
1886
1466
1885
18851
1885
1885
1955
1885
1886
1886
1396
1885
18781
1955
1815
1466
1955
1955
1955
2863
2374
1955
1885
2374
1885
1466
1467
1885
2374
2374
1816
1885
1466
1955
2863
1885
2374
1885
1466
1885
1885
1885
1886
1466
1885
1955
1467
2374
1885
2374
2304
1954
1955
1816
1885
1955
1467
2374
1885
2374
1466
1396
2374
1815
1955
1955
1885
1955
2374
1885
1885
2373
1396
1885
1885
1396
2304
1955
1955
1466
1885
1885
1955
1885
1885
1815
1467
1885
1886
1955
1466
2304
1885
2374
2374
1885
1885
1466
2304
1885
1885
1955
1396
1955
2374
1955
1885
1955
2374
2374
1885
1466
1955
1885
1955
1397
1954
1397
2374
2374
1885
1885
1885
3282
2374
1885
1885
1885
1885
1885
1885
1955
1955
1397
1396
1397
1955
1886
2444
2374
2374
1816
1955
1885
2304
1954
1885
1466
1955
1885
1467
1885
1885
2863
1955
1955
1885
1885
1886
1885
1955
1955
1885
1815
1885
1885
1466
1396
2792
1955
1955
1396
1396
1886
1466
1955
3351
2373
2863
26253
1885
1955
2304
1885
1396
1955
1955
2374
1955
2863
1885
2374
1885
1955
1885
1955
1885
1466
1955
1885
1885
1885
2374
1886
1885
1885
1885
1885
1886
1885
1955
2374
1886
1955
1955
1955
1955
1885
1885
1885
2443
1396
1885
1955
1397
1466
1466
1397
1955
1885
1467
1955
1885
2374
1955
1955
1885
1885
1885
1955
1886
1885
1397
1885
1396
1955
1466
1955
1885
1955
1885
1885
1955
2305
1955
1466
1467
1885
2304
1396
1397
1885
1885
1885
1467
1955
1885
1466
1885
1955
1397
1885
1466
1955
1885
13266
1955
1466
1466
1955
1886
1955
2374
1397
1955
1885
2373
1815
1466
1885
1396
1885
1816
1815
1396
1816
1955
2304
1885
1885
1885
1885
2374
2374
1955
1396
1885
1885
1466
1396
1885
1955
1886
1955
1955
1885
1885
1396
1885
1885
1885
1885
2374
1396
1885
1955
2374
1885
1815
1886
1816
1885
1955
1396
1396
1885
1955
1886
1955
1885
1885
1955
1466
1885
1885
1955
1397
1955
1397
1885
1885
1466
2374
1397
1955
1885
1885
1885
1885
1467
1885
1466
1466
1397
1466
1466
1467
1955
2443
1885
1886
1396
1815
1467
1467
1885
2862
2444
2374
2374
1466
1886
1955
1885
1955
1955
1467
1955
1885
1885
1466
1886
1955
2373
1955
1396
1955
1955
1885
1466
1885
1885
2373
2374
2374
1885
2374
1885
1466
1955
44057
1885
1954
2373
1885
1885
1466
1954
1885
1955
1885
1955
2374
2443
