1467
1467
1467
978
1466
1397
1886
1467
1467
1467
1886
1397
1466
978
1886
1397
1466
1466
1397
1467
1467
978
1396
1956
977
1397
1397
1467
1885
1467
1467
1397
1397
1467
1397
1397
1466
1467
1467
17462
1397
1816
1397
1397
1466
1467
1886
1467
1397
1467
1397
1397
1466
1467
1397
1397
1467
1885
1396
1397
1466
1397
1397
1467
1397
1466
978
1397
908
1397
1956
1397
1397
1397
3353
1886
1886
1397
1466
1397
1467
1397
1467
908
1956
1467
1466
1467
1397
1466
1397
1886
1467
1397
1466
1397
1466
1397
1467
1396
1467
1397
1466
1886
1397
1467
978
1397
908
1467
1397
1467
1397
1467
1467
1955
1397
2375
1397
10896
1397
1397
1396
978
1396
1397
1466
1956
1467
1397
1886
1397
1397
1467
1397
10966
1397
1467
1466
1397
1467
978
1467
1397
1886
1397
1886
1397
1467
1886
2445
1886
1467
2375
1397
1956
1886
1467
2375
1466
1396
1467
1467
978
1886
1467
1886
1397
1397
1397
1397
1396
1886
1397
1397
1955
1397
1467
1467
1466
1397
978
1397
1397
1467
1467
1885
978
1467
1467
1397
1397
1467
1397
1466
1467
1397
1397
1396
1397
1397
1886
1397
1466
978
1397
1467
1467
1956
1467
1397
1467
1955
1885
1396
1466
1956
1397
1886
1397
1397
1885
1467
1886
1886
1466
978
1886
908
1467
1466
1397
1467
1955
1397
1397
1397
1467
1397
1467
1467
1886
1467
1397
1956
9080
1816
1886
1466
1467
1467
26961
1466
978
1466
1397
1816
1397
39952
1396
1466
1467
1467
1956
1397
1397
1397
1816
1397
1467
1886
1956
978
1467
1397
1397
1956
1466
1397
1397
1886
1886
1467
1397
1466
1467
1956
1955
1397
977
1467
1397
1955
1396
1397
2374
978
2305
1886
1397
1886
1467
1467
1886
1467
1467
908
1397
1467
908
1467
1467
1467
908
1397
1397
1397
1467
1397
1467
1467
1467
1467
1397
1397
1886
1466
1397
1397
1886
1955
1466
1397
1467
1467
1396
1397
1397
1467
1467
1397
1397
1397
1467
1397
1397
2374
1397
9430
1467
1397
1397
1467
1396
1397
1885
1467
1397
1466
1397
1467
1467
1467
1467
1466
1397
1467
1886
1467
978
1886
1397
1397
1885
1397
1467
1397
1396
1397
1397
1886
1397
1397
1466
978
978
978
1397
1397
1467
978
1886
1397
1886
1397
1467
1467
1467
1397
1397
1467
1397
1885
1397
1467
1397
1467
977
978
1397
1467
1397
1467
978
1396
1467
1396
1886
1397
978
977
1885
1466
1397
908
1397
1397
1397
1397
978
1886
1956
1397
1467
1466
1397
1397
1397
1466
1467
1886
1467
1467
1397
1397
1467
1397
1467
1396
1467
1467
978
1397
1467
1466
1397
1396
978
1467
1397
1397
1467
978
1467
1467
1397
1397
1466
1467
1397
1397
1467
1397
1397
1467
1396
1397
1467
1397
1467
1397
1397
978
1467
1467
1467
1956
978
1885
1397
1886
908
1397
1397
1397
1396
1397
1397
1885
1397
908
1467
1466
1397
1397
1397
1956
1397
1397
1467
1397
1397
1467
1886
1397
1466
1396
978
1397
1467
1466
1397
1467
1397
1467
1467
1397
1397
1467
1467
1467
1467
1466
1397
1816
1397
1467
1467
977
1467
1467
1397
1467
1467
1397
1886
2374
1956
1396
1397
1885
1397
1467
1467
1467
1397
1467
1886
1467
1397
1397
1886
978
978
1397
1467
1467
1397
1397
1397
1397
1397
1467
1397
1397
1816
1886
1397
1397
1397
1466
978
1397
1816
1397
1397
1467
978
1467
1467
1397
1467
1397
1397
1467
1397
1397
1467
1467
977
1955
1467
1467
1467
1397
1466
1467
977
1397
1466
1467
1467
1397
1956
908
1397
1467
1397
1466
1397
978
1467
1956
1397
1955
1397
1397
2864
1397
1397
1467
1467
1886
1467
1466
978
1397
1467
1397
1467
1467
1886
1886
1467
1467
1467
1466
1397
1397
978
1397
1397
1397
1397
1397
1397
1397
1467
1397
1467
1955
1397
1467
1397
1467
1397
1396
1467
1397
1467
1956
1956
1467
1886
1397
1397
1467
1397
1466
1467
1397
1397
1397
978
1467
1467
1467
1467
1467
1956
1467
1397
1467
978
978
1466
1397
1886
1467
1396
1397
1467
1467
1886
1467
6147
1467
1467
978
1466
1466
1467
1397
1397
1397
1467
1886
1397
978
977
1397
1885
978
1466
1467
1397
1466
1397
1467
1467
1397
1467
1467
1397
1397
1886
1816
1397
1466
1467
1467
1467
1397
1467
1956
1467
1467
1397
1885
978
1397
1397
978
1397
1467
1816
1397
1467
978
1467
1397
1397
1397
1467
1467
1397
1467
1397
978
1397
978
1467
1886
1467
1397
1886
1466
1397
1467
1467
1467
1467
1397
1397
1886
1397
1955
1467
1397
1397
1397
1397
1397
1397
1467
1466
1466
1467
1467
1467
1467
1397
1397
1467
1466
1467
908
1397
1955
1467
1467
978
1956
1397
1397
1467
1886
1397
1397
1397
1397
1397
1397
1467
1397
1397
1466
1397
1466
1397
1467
1397
1467
1467
1397
1397
1397
1466
1397
1466
1397
1467
1397
1886
1397
1397
1397
1466
1397
1397
1467
1397
977
1396
1397
1886
1467
1396
11385
1397
1886
1886
1397
1397
1467
1397
1466
1397
1397
1397
1467
1886
1397
1466
1467
1467
1467
1466
1397
978
1397
1397
1397
1886
1397
978
1397
1466
1397
1397
978
1397
1397
1467
1956
1397
1397
1886
1397
1467
1397
1467
1397
1467
1467
1956
1397
1397
1397
1397
1396
1397
1466
1466
1397
1467
1397
1467
1467
1396
1467
1396
1467
2375
1397
1886
1397
1397
1396
1886
1397
1397
1467
1467
1467
1397
1397
1397
1397
1397
1396
1397
1467
1467
1467
1397
1397
1397
1467
1397
978
1466
1397
1467
1396
1396
1397
1467
1396
1397
977
1397
1466
1397
1466
1397
1397
1397
1397
1466
1397
1397
1397
978
1397
1397
1886
1956
1466
1397
1467
1956
1466
908
1467
1396
1397
1397
1467
1467
1467
1397
1886
908
1467
1467
1397
1467
977
978
