1886
1397
1466
1467
1396
1397
1467
1885
1466
1397
1397
1467
1397
1397
1397
1466
1396
1397
1467
1886
1466
1467
1397
1885
1885
908
1467
1467
1466
1396
1396
1397
1886
1885
1816
1397
1467
1396
908
1466
1397
1466
1886
1467
1467
1467
1886
1397
1466
1466
1467
1467
1466
1397
1467
1467
1956
1467
1396
1466
1397
1467
978
1397
1467
1396
1467
1397
1396
1397
1885
1397
1397
1467
1396
1397
1466
1397
1885
1885
2304
1397
1397
1467
1466
4330
1397
1397
1396
1467
1397
1397
1397
1467
1396
1467
1396
1397
1467
1885
1396
1466
1397
1467
1397
1397
1466
1397
1466
1466
1467
1466
1467
1397
1396
1397
1885
1467
1396
1397
1467
1397
1397
1396
1886
1467
978
1397
1467
1467
1466
1466
1886
1397
2304
1467
1396
1396
1467
1467
1467
1397
978
1467
1397
1397
1397
1397
1397
1397
1815
1466
1885
1466
977
1397
1886
1397
1466
1466
1467
1886
1466
1396
1955
1886
1467
1467
977
1955
1956
1886
1397
2444
1397
1397
1396
1396
1886
1886
1466
1886
1886
1397
1397
1397
1397
1397
1466
1397
1955
1466
1466
1397
1396
1886
1886
1885
2375
1466
1397
1467
1397
1466
1467
1397
1466
2933
1467
1885
1885
1466
1396
1397
1397
1397
1397
978
1396
1467
1396
1467
1886
1397
1886
1466
1466
1466
1956
1467
1396
1956
1467
1886
1886
2444
1467
1466
1816
2375
1955
1397
1885
2375
1955
1955
1816
1886
1885
1816
1397
1396
1816
1397
1397
1467
1467
1397
1886
1397
1396
978
1396
1467
1885
1886
1396
1397
1466
1397
1467
1396
1466
2203
2445
1397
1397
1397
1467
1397
1467
1955
1885
1885
1467
1396
1397
1396
1396
1955
1467
1886
1397
1467
978
978
1397
1396
1397
1885
1467
1397
1466
1466
1397
1397
1466
1466
1886
1956
1886
1466
1397
1397
1467
1466
1397
1886
1466
1467
1396
1466
1467
1397
1397
1396
1396
978
1885
1466
1467
1397
1467
1466
1956
1956
1956
1397
1886
1397
1396
1397
1397
1885
1397
978
2305
1466
1466
1467
1397
978
1397
1397
1467
1466
1466
1886
1885
2374
1466
1956
1397
1466
1955
1885
1886
1467
1885
1956
1396
1467
1397
1466
1955
1397
1956
1396
1815
1885
1885
1397
1397
1955
1885
2375
1955
1467
1467
1467
1955
2375
1397
1956
1956
977
977
2444
1886
1397
1397
1397
1885
12780
1955
1467
1466
1886
1467
1466
1397
1886
1396
16342
1886
1397
1956
1467
1467
978
1886
1886
1397
1886
1396
1886
1397
2374
1816
978
1467
1467
1956
1886
1467
1885
1466
1466
1466
1885
1467
1397
1467
1466
1466
1466
1397
1467
1886
1467
1956
1397
1397
1467
908
1397
1397
1955
1397
908
1466
1885
1466
1397
1397
1466
1397
1466
1397
1886
1397
1397
1466
1397
1466
1466
1955
1886
1396
1467
1397
1466
1467
1467
1397
1397
1397
1885
1466
1397
977
1396
1397
1397
1397
1885
1466
1467
2305
908
1397
1397
1466
977
1467
1397
1466
1466
1467
1397
1397
1467
1397
1816
1467
1397
1467
1396
1956
1816
1886
1397
1397
1816
1397
1396
1467
1466
1885
1396
1397
1397
1467
1466
1396
1886
1467
1467
1467
1397
1886
1815
1956
1467
1467
1466
1396
1886
1467
1467
1466
1397
1466
1396
978
1397
1885
978
1397
1467
1467
978
1466
1466
1397
1397
1397
1955
1886
1467
1466
1885
1467
1397
1467
1467
1467
1397
1397
1466
1467
1466
1956
1397
1397
1467
1467
1467
1885
1467
1396
1885
1396
1396
1466
1396
1467
1396
1467
978
1886
1397
1466
1397
1466
1467
1397
1467
978
1467
1467
1886
1397
1466
1467
1955
1397
1397
1397
1466
1885
1396
977
1467
1396
1466
1396
1956
1397
1397
1816
1466
1397
2375
1885
1466
1467
977
1397
1467
978
977
1396
1885
1397
1397
1816
1396
1467
978
1886
1467
1397
1467
1397
1397
1397
1397
1397
978
1397
1466
1397
1885
977
978
1467
1397
1397
1467
1467
1466
978
1397
1327
1466
1396
1886
1816
1396
1467
1467
1397
1466
1397
978
978
1467
1397
1397
1396
1396
1466
1467
1397
1397
1397
1467
1397
1955
1955
1885
1397
1467
1397
1467
1886
1956
1955
1397
1397
978
1467
977
1397
1467
1397
1397
1397
1466
1467
978
977
1397
1466
977
1466
1397
1467
1396
1466
1466
1467
1467
1397
1397
1397
1886
1396
1467
1467
1396
1397
977
1466
1467
1467
1815
1467
977
1396
1396
977
1466
1397
1397
1397
1467
1466
1466
1397
1466
978
1956
1397
1397
977
1467
1397
1397
1396
1397
1397
1467
977
1396
1397
1467
1397
1396
1885
1466
1467
1397
978
1397
1466
1396
1397
1397
1397
1397
1467
1467
1397
977
978
1397
1467
1396
1397
1467
1955
1397
1397
1397
1397
1885
1466
978
1466
1397
1466
1397
1467
1397
1397
1397
1886
1396
1467
1396
1397
1396
1466
1397
1885
1397
1466
1397
1397
1466
1467
978
1885
1397
1467
1396
1397
1396
1467
1467
1466
2374
1396
1397
1397
1885
1466
1397
1466
1397
978
978
1885
1397
1886
1467
1397
1467
1467
1397
1396
1885
1397
1467
1397
1397
1397
1397
1397
1886
1396
1396
1397
1396
1467
1467
1397
1466
1466
1397
2863
1466
1467
1466
1396
1396
1396
978
1467
1397
1467
1467
1466
1955
1397
1466
978
1397
1397
1396
1397
1396
1466
1397
1397
1466
1467
908
1467
1467
1467
1397
1466
1397
1397
1467
1396
1397
1397
1397
978
1467
1466
1397
1396
1397
1397
1397
1397
1397
1467
1397
1397
908
1467
1397
1397
977
978
1886
1397
1397
1466
1467
1466
1466
1396
1467
1396
978
1397
1467
978
1466
1886
1466
15993
1467
1467
1397
978
1397
1397
1467
1396
977
1467
1466
1397
1397
1466
1396
1467
1467
1397
1397
978
978
1955
1397
1467
1397
1396
1467
1466
1466
1397
978
1467
1397
1396
1397
1397
1397
1467
1397
1466
1466
