1397
1397
1955
1396
1466
1397
978
1466
1397
1397
1467
1467
1467
1397
1466
1397
1397
1397
1396
1397
1885
1397
1397
1467
1886
978
1397
1397
978
1397
1466
1467
1467
1466
1397
1466
1397
1467
2374
1397
1396
1467
977
1397
1397
978
1397
1397
908
1397
1396
908
1466
1467
908
1397
1466
1396
1397
1467
1467
1467
1397
1397
1466
1467
1956
1396
1396
1466
1397
1467
978
907
1396
1466
1466
1467
978
1467
1886
1955
1466
1467
1956
1397
1397
1885
1955
1955
1886
2304
1396
1886
977
1466
1886
1955
1397
1397
1816
1886
1886
1397
2305
908
1467
1397
2863
1397
1885
1397
1467
1885
1467
1886
1886
1885
1886
1397
1956
977
1467
1396
1466
1466
1467
1397
1466
1397
1885
1467
1466
1467
1467
1886
1467
1955
1466
2374
1956
977
1886
1467
1467
1886
1397
1466
1886
1467
1397
1397
977
1956
1467
1467
1885
1396
978
1886
1397
1885
1467
1396
1886
977
1886
1467
1466
2304
1396
1467
1886
1467
2305
1396
1955
1467
1886
1886
1885
1397
1956
1885
978
1466
1467
1466
1397
1467
1397
1397
1397
6705
1885
1956
3841
1466
1467
1397
2374
1397
1396
1885
1397
1396
2374
1397
1886
1886
1885
1886
1886
1956
1816
1397
1956
2864
1956
1886
1885
1397
1467
1467
1467
1467
2374
1466
1397
1886
1396
1885
1886
1955
1816
1467
1466
1955
1886
1885
1955
1397
1397
1396
978
1955
1467
1956
1955
2864
2444
1886
1885
1467
3283
1467
1467
1885
1885
1397
1466
1956
1956
1397
1955
1396
1466
1955
978
1466
1397
1397
1466
1886
1955
1467
1467
1885
1466
1467
1397
1396
1467
1886
1467
1467
1955
1467
1886
1397
1397
1467
1396
1397
1397
1467
1467
1816
1467
1396
1396
1397
908
1396
1886
1397
1397
1466
978
1397
1886
1886
1467
1397
1397
1397
1885
3282
1397
1396
1467
1397
1397
1886
1397
978
1466
1467
1397
1397
1466
1886
1467
1397
2375
1467
1467
1467
1397
1397
1397
1397
1396
1885
978
1466
1397
908
1467
1396
1886
1467
1397
908
978
1397
908
1815
1886
1397
1886
1397
1467
2374
1397
2444
978
1467
1396
977
1396
1467
977
1467
977
1466
1467
908
1396
1467
1885
1955
978
1885
978
1397
1466
2375
1956
1886
908
1466
1886
1886
1885
1466
1466
1467
1397
1466
1397
1466
1466
1396
1885
1397
977
1397
1467
1396
978
1397
1397
1467
1467
1467
1397
1886
1466
1396
1397
1467
1396
1397
1397
1886
1397
1886
1396
1397
1467
1396
1397
1397
1397
1396
1467
1467
1397
1397
1466
1466
1467
1397
1466
1466
1397
1397
1466
1885
1886
1956
1886
1397
1467
1397
1885
1955
1396
1467
1327
1886
1397
1467
1466
1396
1396
1886
1467
1467
1396
1466
1397
1466
908
1396
908
1467
1466
2374
1466
1466
1396
1466
1956
1397
1955
1467
1397
1397
1955
1397
1466
1466
978
1467
978
1467
1467
1397
1396
1467
1466
1467
1397
1397
1397
1467
2375
1396
1397
908
1466
1396
1466
1467
1396
1396
1467
1885
1397
1466
1397
1397
1397
978
1397
1396
1467
1397
978
1466
1396
978
1397
2794
1397
977
1397
1397
1397
978
1466
1467
1466
1466
1397
1397
1466
1397
1467
1466
1397
1467
908
1396
1467
1467
1466
978
2305
1397
1397
1397
1397
977
1397
5238
1396
1397
1467
1397
1467
978
1397
1466
9987
1397
1397
1397
1397
1467
1466
1397
977
1955
1467
1396
1885
1467
978
1467
1467
1396
1397
1467
1466
1396
1397
1466
1396
1466
978
1397
1467
1467
1397
1397
978
908
1466
1396
1397
1466
1397
2374
1467
1467
1466
1397
1467
1467
1397
1397
1397
1396
1397
1467
1885
1397
1467
1397
1396
1467
1397
1397
1397
1816
1397
1886
1955
1466
1397
1397
1397
1397
1397
1397
1467
1397
978
1467
908
1885
1467
1397
1396
1466
1467
1396
1397
1467
1466
1397
1467
1397
1397
1397
1397
1466
1466
1467
1466
1396
1466
1885
1885
1885
2305
1467
1397
1466
1886
1397
1397
1466
977
1466
1396
1397
1467
1396
1466
1467
1467
1397
1397
1466
1467
978
1397
1397
978
1467
1466
1467
1397
1885
1397
1397
1397
1466
1397
1397
1466
978
1397
1397
1397
1397
1397
1397
1396
1397
1397
1467
1396
1397
1467
1397
1397
978
1396
1396
1886
1397
1397
1467
1467
978
1397
1467
1397
1397
1467
1397
1397
1397
1397
1397
1467
1397
1467
1397
1467
1467
1396
908
1467
1397
1397
978
1467
1397
1397
1397
1886
1466
1467
977
1467
1397
1397
1955
978
1467
1397
1466
1397
1885
1396
1466
1396
1466
1886
1467
908
978
1397
1466
1397
1397
1955
1467
1466
1467
1466
1466
1397
1396
1397
1467
1397
1467
1397
1397
1467
7542
1396
1397
1396
1397
1467
1466
1886
1396
1466
1397
978
1466
1396
1467
1397
1886
1886
1397
1397
1466
1397
1466
1467
1467
1397
1467
1466
1397
1466
1466
1885
1397
1467
1467
1467
1397
1396
1466
1396
1397
1466
1397
978
1466
1397
1467
1397
1397
1466
1396
1467
1467
1397
1397
1466
977
977
1467
1397
1886
1397
1397
1467
1397
1396
1396
978
1397
1397
1397
1397
978
1886
1397
1397
1467
1397
1886
1396
2375
978
1467
1397
1397
1397
1467
1466
1397
1397
1396
1467
1397
1397
1885
1466
1396
1397
1466
1397
1467
1397
977
1396
1466
1467
1397
1397
1397
1467
1467
1397
978
1397
1397
1466
1397
1397
1397
1466
1886
1466
1467
1467
1396
1467
1397
1466
1397
1466
978
1397
1397
1467
1397
1397
1397
1397
1397
1397
1466
978
1397
1397
1397
1397
1466
1397
1396
1466
1397
908
1885
1397
1466
1396
1397
1467
1466
1467
1467
1397
1397
1397
978
1397
978
1466
1397
1467
1396
1467
1467
1397
977
1397
1397
3282
1397
1466
1397
1467
1467
1397
1467
1397
1397
977
1466
1466
1397
1397
1396
