1885
2374
1955
1885
1955
1955
1886
1885
1955
1467
1885
1955
2374
1955
1886
2374
1815
1816
1885
1955
1955
1885
1955
1885
2374
2374
1954
2444
1885
1885
2793
1886
1955
1955
1885
1885
1885
1885
1955
1955
1885
2374
2443
1885
2374
1396
2374
2374
1885
2373
1955
1955
2374
1885
2374
2373
1885
1885
2374
2374
1955
2374
1885
1397
1466
2304
1885
2444
1396
1885
1885
2793
1885
2374
1466
1885
2374
1885
2373
1885
1885
2304
1885
2304
1885
2863
1467
2304
1885
1955
1955
2304
1396
2304
2374
1885
2374
1955
1885
2374
1885
1885
2304
2374
1885
1886
1886
1466
1396
2374
1397
1815
2304
1955
1886
1955
2444
1466
2374
1955
1885
1815
1885
1885
1955
1955
1955
1955
1955
1466
1955
2374
2443
1955
1885
1885
1885
2374
1955
1885
1466
1885
1816
2374
1885
1955
2304
1467
1885
1955
1466
2374
2374
1885
2374
1955
2374
1885
1885
1815
13336
1396
1885
2373
2374
1885
1955
1955
1885
1885
1466
2374
1955
1885
1885
1885
1886
1397
1885
1885
1885
1955
1466
1955
1885
1885
1955
1397
1885
2444
1886
1885
2374
1885
1466
1397
2443
1815
1396
2444
2374
2304
2374
1885
1885
2304
2444
1885
1955
2374
1885
1885
2304
2374
2444
1885
2444
1885
1886
1885
1886
1886
1397
1886
1885
1466
1885
1955
1885
1396
1885
1885
2374
2374
1955
1885
2374
1815
1955
1397
1955
1955
1885
2374
2374
2374
1885
1955
2374
2374
2374
1885
2374
1885
2793
1885
1955
1466
1955
2374
1885
1885
1885
1885
1885
1885
1886
1885
1955
1466
1885
1885
2374
1885
1466
1396
1885
1466
1885
1885
1885
1885
1955
1466
1885
1885
1467
2304
1885
1885
1885
1955
2374
1955
2304
1955
1885
1955
1815
1955
1886
2374
1885
1885
1885
1955
1955
1885
2304
1886
1885
1885
1466
2374
1885
1885
1885
1955
1397
1886
1885
1885
1397
1885
2304
1396
1885
2444
1885
1467
1955
2443
1885
1886
1885
1885
1955
1466
1955
1815
2374
1466
1885
1885
1955
1955
1466
1885
1885
1466
1955
1885
1466
1955
1955
2304
1885
1885
1886
1397
2374
1466
1954
1885
1396
1396
1396
1885
1885
1955
2444
1955
1396
1885
1955
2443
1955
1466
1955
2304
1885
1816
1955
1885
1467
1885
2862
1885
1397
1955
1955
1955
1885
1816
2374
1466
1954
1955
1886
1816
1885
1396
1885
1885
1955
1885
1955
2304
1886
2374
1885
1885
1955
1955
1885
1466
1466
1955
1955
1885
1466
1885
1885
2304
1955
1466
1955
1885
1885
1955
1955
1885
1955
1467
1885
1885
1885
1885
1466
2374
1886
1466
1397
1885
1396
1885
1885
1955
1955
1885
1955
1955
1885
1955
1885
1955
1955
1955
2374
1885
1396
1885
1467
1955
1955
1955
1955
1885
1885
1885
1466
1885
1885
1955
1885
2374
2443
1886
1815
1886
1466
1885
1815
1885
1885
1955
1955
1885
1396
2304
1955
1816
1396
1955
1815
1885
1885
1885
1955
1955
1955
1955
1955
1885
1955
2863
1885
1885
1885
1396
1885
1815
1885
2374
1885
3281
1885
2374
2304
1397
1955
1885
1815
1467
1885
1397
1885
1885
1955
1885
1885
1466
1885
1885
1467
1466
1955
1954
1885
1955
1885
1815
1955
1955
1955
2374
1955
2374
1885
2374
2374
1396
2374
1955
1885
2374
1396
1466
1955
1466
1955
1396
1885
1885
1885
1885
1397
1955
1397
1955
1885
1885
1955
1885
1466
1815
1885
1886
1885
1885
1467
1397
1886
2443
1466
1955
1955
1885
2444
1885
2374
2374
1955
2374
2374
2374
2374
1955
1885
2374
1885
1885
1885
2444
1955
1467
2374
2373
2863
1885
1885
1396
2374
2443
1955
2374
2374
1885
2304
2374
1466
1397
1955
1467
2374
2374
1885
1955
1815
1397
1815
8937
1955
1955
1885
1955
1955
2444
1815
2304
1955
1885
1466
2374
1885
1396
1467
1885
1885
1955
1885
1885
1466
1397
1955
2444
2304
1886
1955
2374
1885
1885
1885
2444
1885
1885
2374
2374
1885
2374
2792
1397
1886
2444
2723
1885
2373
978
2374
1886
1885
2304
1885
1885
2304
2444
1955
2374
1885
2373
1396
2374
1955
2304
1885
1885
2443
1955
1955
1885
1885
1885
1886
1955
2444
2933
2374
1885
1886
1396
1955
1396
2863
1885
2304
2374
2444
1885
2374
2374
2444
1955
2374
1885
1955
2373
2444
1816
977
2863
1955
1885
2374
1885
2304
1885
2443
1466
3421
1885
1955
2374
2443
1885
2373
1886
1815
2374
1466
1955
1955
2444
1885
1955
2793
1467
1467
1815
1396
1886
1955
2863
1885
2444
1955
1396
1885
1955
1885
1885
1815
1955
1886
1466
1886
1466
1955
1815
1886
1885
2374
1885
2374
2443
2444
2374
1885
2444
1955
2444
1885
1885
1955
1955
1955
1885
2374
1885
2304
1886
2374
1885
2304
19062
2374
1955
2374
1396
2304
1885
2374
1955
2374
2374
1955
1885
1955
2374
1396
2374
2374
2304
2374
1885
2374
1886
2373
1885
1885
1397
2374
1466
2444
1955
1885
1885
1396
2374
1466
1885
1885
1885
1885
1885
2374
1885
1885
1955
1885
1885
2374
1397
1955
1467
1885
1885
1885
1885
1467
1467
1955
1955
1885
1886
1815
2374
1466
1886
1467
2374
1466
2374
1885
1885
1885
2374
1885
1885
2304
1885
1885
1955
1815
1885
1886
2374
1886
1955
1955
1886
1885
1885
1885
1396
1955
1885
2305
1885
1955
1885
1815
1885
2443
1885
1955
1885
2444
1467
2374
1397
1955
1955
2374
1885
1885
1955
1885
1886
2444
1467
2443
1885
2374
1885
2374
1885
1885
1955
1885
1885
2373
1885
2444
1885
1885
2374
1396
1396
1885
1466
1885
1885
2374
1885
1955
1885
2374
1885
1885
2374
2444
2443
1885
1955
2374
1955
1955
2374
1466
2373
1886
2374
1466
1397
1885
1885
1885
1397
2374
1885
1955
2444
1466
1886
1955
2374
1466
1466
1885
1885
2304
1816
2374
1466
1955
2374
1466
1885
2444
1816
1885
2304
2374
2374
1466
1885
2374
1885
2374
2443
