1467
1397
1886
1397
1955
1467
908
1816
1956
1397
1467
1886
1886
1467
1397
1397
1396
1397
1397
1466
1397
1467
1886
1397
1886
1396
1466
1467
1955
1467
1397
1466
1956
1397
1885
1816
1467
1467
1397
1397
1467
1885
1467
1466
1397
1467
1397
1397
1816
1885
1397
1466
1466
1466
1397
1955
1467
1886
1466
1466
1467
1466
1466
1467
1886
1397
1466
1397
1466
1466
1466
1467
1467
1397
1885
1886
1397
1397
1466
1397
1467
1397
1397
1466
1466
1467
1396
1397
1397
1397
1466
1397
1397
1396
1397
1397
1327
1396
978
1467
1467
1466
1397
1466
1886
1466
1396
1397
1396
1397
1886
1397
1467
1467
1397
1886
1467
1466
1397
1397
1467
1397
1397
1885
1467
1397
1397
1467
1466
1467
1397
1397
1467
1397
1397
1397
1397
1467
1466
1885
1397
1397
1466
1466
1397
1467
1396
1397
1397
1397
1467
1396
1397
1886
1467
1397
1467
1397
1467
1397
1396
1466
1467
1396
1466
1467
1467
1466
1396
1467
1397
1467
1397
1397
1467
1397
1397
1467
1466
1397
1397
1397
978
1467
1397
1467
1397
1397
1396
1397
1397
1466
1467
1466
977
1467
1397
1397
1397
1886
1467
1886
1397
1467
1397
1466
1467
1467
1886
1886
8591
1886
1397
1397
1396
1397
1467
1467
1467
1466
1467
1467
1397
1886
1466
1467
1397
1397
1467
978
1466
1466
977
1397
1886
1467
1467
1397
2445
1467
1466
1467
1397
1397
1886
1397
1886
1886
1886
1396
1467
1467
1397
1397
1467
1396
1467
1397
1397
1397
1396
1467
977
1467
1886
1466
1885
1466
1467
1396
1397
1467
1467
1467
1467
1397
1466
1397
1467
1397
1467
1467
1397
1467
1397
1466
1397
1467
1397
1397
1397
1467
1466
1396
1397
1397
1467
1467
1397
1397
1397
1397
1397
1467
1397
1397
1397
1467
1467
1467
1467
1467
1397
1397
1397
1397
1397
1397
1397
1396
1466
1816
1466
1467
1466
1396
1397
1955
1466
1466
1397
1396
1467
1397
1397
1467
1466
978
1397
1466
1466
1886
1397
1467
978
1397
1397
1467
1466
1466
1467
1886
1467
1466
978
1397
1397
1467
1466
1466
1396
1467
1397
1466
1886
1467
1816
978
1397
1396
1397
1466
1886
1886
1467
1467
1397
1466
1397
1467
1396
1886
1466
1397
1886
1397
1467
1467
1886
1886
1466
1886
1886
1466
1396
1467
1467
1466
1886
1397
1885
1816
1396
1397
1467
1955
1397
1397
1466
1466
1466
1466
1956
1467
1467
1955
1886
1467
1397
1467
1886
1397
1466
1396
1397
1467
1886
1397
1397
1396
1466
1467
1397
1397
1816
1467
1397
1466
1955
1397
1467
1396
1466
1467
1467
1885
1816
1816
1397
1397
1467
1467
1397
1467
1955
1397
1397
1816
1955
1885
1816
1955
1467
1467
1397
1397
1467
1397
1466
1467
1467
1885
1956
1816
1467
1397
1397
1956
1467
1396
1466
1467
1397
1466
1397
1467
1467
1397
1397
1397
1466
1397
1397
1397
1397
1397
1467
1466
1397
1397
1467
1467
1467
1397
1397
1466
1466
1397
1397
1397
1397
1396
1467
1467
1466
1467
1396
1467
1397
1397
1397
1397
1466
1466
1397
1397
1397
1397
1467
1397
1396
1467
1467
1955
1467
1397
1396
1466
1816
1466
1467
1467
1467
1397
1466
1886
1886
1886
1886
978
1466
1397
1396
1467
1397
1886
978
1397
1467
1467
1467
1397
1467
1467
1885
1397
1396
1885
1466
2374
1397
1467
1466
1397
1397
1397
1467
1397
1816
1397
1467
1397
1396
1466
1397
1397
1397
1397
1397
1397
1397
1466
1397
1467
1397
1467
1397
1467
1466
1886
1467
1396
1397
1397
1956
1467
1467
1397
1397
1397
1466
1397
1467
1467
1396
1397
1397
1397
1466
1466
1467
1397
1466
1397
1397
1467
1397
1397
1886
1397
1467
1956
1467
1397
1467
1467
1467
1397
1466
1397
1466
1467
10057
1466
1467
1467
1466
1467
978
1397
1886
1397
1397
1466
1886
1396
1885
1467
1467
1396
1396
1397
1397
1467
1466
1396
1397
1467
1467
1466
1396
1397
1467
1467
1467
1466
1397
1886
1467
1396
1396
1467
1396
1467
1396
1397
1467
1397
1467
1397
1467
1466
1397
1466
977
1397
1467
1467
1397
1396
1466
1396
1397
1397
1397
1467
1397
1397
1466
1467
1467
1397
978
1467
1467
1397
1467
1397
1886
1397
1467
1397
1467
1397
1397
1467
1955
1467
1886
1466
1397
1397
1397
1397
1397
1397
1467
1397
1397
1396
1397
1396
1467
1467
1467
1397
1397
1467
1885
1397
1467
1397
1397
1466
1956
1397
1397
1397
1396
1467
1396
1396
1397
1886
1397
1466
1467
1397
1466
10895
1467
1467
1397
1397
1466
1397
1467
1466
1467
1397
1466
1397
1815
1466
1956
1397
1397
1397
1956
1397
1397
1397
1397
1467
1467
1397
1466
1466
1886
1397
1396
1397
1886
1467
1397
1397
1466
1467
1467
1397
1886
1396
1397
1816
1396
1396
1397
1466
1467
1466
1466
1397
1466
1397
1467
1466
1466
1466
1396
1397
1466
1397
1397
1467
1467
1467
1397
1467
1466
1397
1466
1397
1397
1397
978
1397
1397
1467
1466
1397
1466
1466
1466
1397
1397
1397
1397
1467
1467
1467
1327
1397
1466
1397
1396
1397
1467
1397
1466
1396
1397
1466
1397
1397
978
1397
1397
1956
1467
1467
1467
977
1467
1467
1397
1467
978
1467
1467
1956
1467
1467
1397
1397
1397
1397
1885
1397
1467
1467
2305
1956
1397
1466
1467
1397
2375
1467
1397
1397
1956
1397
1467
1397
1885
1466
1396
1397
1466
1397
1397
1397
1467
1886
1467
1955
1466
1396
1467
1397
1397
1466
1886
1466
1466
1397
1466
1397
1466
1397
1397
1467
1397
1466
1885
1886
1467
1816
1396
1467
1467
1396
1467
1466
1886
1467
1397
1956
1397
1466
1466
1956
1467
1466
1886
1466
1396
1397
1396
1467
1467
1397
1466
1815
1397
1397
1467
1397
1466
1396
1397
1886
1466
1397
1396
1397
1466
1466
1467
1886
1397
1397
1467
1396
1397
1466
1467
1397
1886
1466
