1396
1466
1467
1397
1467
1397
1396
2375
1467
1886
1396
1467
2445
1886
1885
11663
2375
1467
1886
1466
1397
1885
1467
1396
1466
1466
1886
1396
1467
1467
1397
1467
1467
1466
1466
1467
1397
1397
1467
1466
1466
1467
1397
1467
1466
1885
1467
1397
1955
1396
1466
1466
1466
1955
1397
1397
1467
1886
1466
1467
1396
1397
1467
1886
1397
1886
1397
1467
1467
1466
1397
1467
1397
1467
1467
1397
1467
1396
1396
1397
1885
1397
1397
1467
1397
1396
1396
1397
1466
1466
1397
1466
1466
1397
1396
1467
1467
1397
1467
1467
1885
1467
1467
1466
1885
1397
1397
1397
1956
1467
1397
1467
978
1396
1397
1955
1466
1397
1467
1886
1397
1467
1466
1397
1396
1397
1397
1396
1467
1466
1396
1397
1397
1397
1886
1397
1396
1397
1397
1467
977
1397
1466
1466
1396
1956
1397
1466
1397
1466
1466
1396
1397
1397
1396
1396
1467
1397
1467
1397
1396
1467
1466
1467
1466
1396
1467
1397
1397
1396
1397
1397
1397
1397
1886
1396
1396
1396
1397
1467
1467
1467
1396
1397
1397
1467
1467
1467
1466
1466
1467
1397
1467
1467
1397
1466
1467
1396
1467
1397
1467
1397
1467
1467
1397
1397
1885
1397
1467
1397
1467
1396
1466
1467
1467
1397
1467
1397
1467
1397
1467
1467
1467
1467
1397
1397
1397
1466
1397
1396
1467
1466
1397
1466
1396
1397
978
1397
1397
1466
1885
1397
1397
1467
1397
1467
1397
1466
1467
1467
1397
1397
1886
1467
1956
1466
1467
978
1466
1397
1466
1397
1397
1886
1467
1467
1397
1397
1397
1466
1466
1397
1466
1397
1397
1467
1397
1396
1397
8521
1467
1397
978
1397
1467
1466
1466
1397
1397
1396
1467
1397
1397
1467
1467
1467
1397
1397
1466
1396
1466
1466
1397
1397
1397
1397
1397
1397
1397
1467
1467
1397
1466
1397
1467
1327
1467
1397
1886
1467
1397
1467
1466
1467
1467
1467
1467
1397
1397
1397
1397
1886
1885
1397
1397
1467
1467
1466
1467
1397
1396
1397
1397
1467
1397
1467
1396
1397
1467
1466
1396
1816
1466
1466
1467
1467
1466
1397
1397
1467
1397
1397
1956
1397
1397
1397
1397
1397
1467
978
1397
1466
1466
1466
1466
1886
1397
1396
1467
1396
1397
1885
1466
1397
1397
1396
1816
1397
1397
1396
1397
1396
1396
1467
1467
1467
1466
1467
1396
1466
1467
1467
1397
1397
1397
1397
1467
1396
1467
1466
978
1397
1396
1397
1397
1886
1467
1467
1467
1397
1397
1816
1397
1466
1467
1467
1397
1467
1466
1467
1467
1397
1467
977
1886
1885
1467
1397
978
1397
1397
1397
1397
1466
1956
1396
1466
1397
1397
1396
1397
1466
1466
1466
1397
1397
1397
1397
1397
1467
1467
1396
1397
1397
1466
1397
1467
1467
1397
1466
1467
1467
1466
1397
1397
1396
1467
1397
1397
1397
1467
1396
1397
1466
1467
1397
1397
908
978
1885
8241
1467
1397
1397
1397
1467
1467
1397
1396
1467
1466
1467
1397
1467
1397
1397
1397
1397
1467
1397
1466
1396
1397
1467
1397
1397
1885
1885
1467
1885
1396
1466
1467
1397
1397
1885
1466
1886
1467
1467
1397
1397
1396
1396
1467
1397
1396
1466
1397
1397
1396
1467
1397
1397
1467
1467
1396
1467
1467
1397
1396
1467
1467
1466
977
1956
1466
1397
1885
1885
1886
1397
1396
1397
1397
1397
1467
1397
1467
1885
1467
1467
1397
1467
1397
1466
2375
1467
978
1397
1397
1397
1397
1466
1466
1396
1885
1886
1466
1467
1466
1466
1397
1467
1466
1467
1397
1466
1467
1396
1467
1466
1396
1466
1467
1397
1397
1396
1466
1466
1467
1396
1396
1467
1396
1397
1327
1467
1886
1467
1397
1956
1397
1886
1466
1397
1397
1397
1466
1467
1885
1466
1397
1397
1397
1886
1396
1397
1397
1397
1466
1467
1397
1466
1467
1466
1466
1397
1397
1467
1397
1467
1397
1397
1397
1397
1397
1397
1466
1397
1397
1397
1467
1396
1397
1397
1396
17669
1467
1467
1466
1397
1466
1467
1467
977
1397
1467
1396
1397
1397
1397
1397
1467
1397
1397
1466
1397
1397
1467
1396
1886
1467
1467
1955
1397
1397
1396
1467
1885
1467
1886
1466
1886
1397
1397
1397
1397
1397
1886
1467
1467
1466
1467
1466
1397
1397
1397
1397
1467
1816
1467
1466
1396
1397
1466
1467
1885
1396
978
1467
1466
1467
1467
1397
1396
1397
1466
1397
978
1886
1467
1467
1397
1467
1466
1397
1886
1466
1467
1397
1397
1397
1467
1467
1397
1466
1886
1397
1467
1466
1467
1467
1396
1397
1466
1886
1466
1467
978
1467
1397
978
1467
1467
1397
1467
1397
1397
1816
1956
1466
1397
1397
1886
1467
1467
1467
1467
1466
1397
1397
1397
1397
1397
1396
1397
1467
1467
1467
1467
1467
1397
1467
1886
1466
1886
1397
1467
1467
1397
1397
1396
1467
1886
1397
1397
1397
1466
1397
1886
1397
1396
1467
1466
1467
1466
1467
1397
1396
1467
1397
1396
1396
1467
1397
1397
1397
1467
1397
1467
1885
1397
978
1956
1467
1397
1467
1467
1466
1467
1397
1467
1467
1466
1397
1397
1397
1397
1467
1467
1397
1397
1397
1466
1397
1397
1815
1397
1466
1397
1467
1467
1397
1467
1397
1467
1397
1885
1467
1467
1397
1396
1397
1397
1397
1397
1397
1886
1397
1396
1466
1397
1397
1466
1467
1885
1467
1886
978
1397
1467
1397
1886
1397
1467
1396
1466
1396
1397
1397
1397
1396
1467
1466
1467
977
1396
1397
1397
1397
1467
1467
1397
1466
1466
1467
1467
1466
1466
1467
1397
1467
1467
1886
1397
1467
1466
1467
1397
1396
1397
1466
1397
1467
1397
1955
1466
1466
1397
1397
1467
1397
1467
1467
1397
1467
1956
1467
1466
1397
1467
1467
1466
1396
1397
1397
1397
1466
1467
1467
1467
1397
1466
1466
1886
978
1397
1397
1467
1397
1397
1885
1397
1466
1467
1466
1397
1397
1466
1397
1397
1397
1467
1397
1467
1466
908
1396
1466
