1466
1467
1397
1397
1886
1467
1397
1396
1467
1397
1467
1466
1397
1886
1397
1466
1815
1466
1397
1467
1396
1885
1467
1397
1467
1397
1467
1396
1397
978
908
1397
1397
978
1467
1466
1467
1397
1397
1466
1397
1397
1467
1467
1397
1397
1467
977
1396
1467
1327
1397
1466
1397
978
1466
978
1397
1397
1467
1467
1466
1397
1885
1397
1397
1397
1467
1466
1397
1816
1397
1397
1396
1397
1397
1397
978
978
1396
1467
1467
1397
1396
1885
1397
1956
1886
1467
1466
1397
1396
1397
1397
1397
1397
1886
1396
1397
1467
1397
1396
1397
1467
1397
1397
1397
1466
1467
1397
1397
1467
1467
1397
1397
908
1397
1467
1886
1467
1886
1396
1396
978
1885
1397
1466
1885
1466
1467
1886
978
1396
977
1467
1466
978
977
1397
1466
1467
1396
978
1326
908
1397
1396
1397
1886
908
1467
1397
1397
1467
978
1467
1886
1886
1397
1467
1466
1397
1467
1396
1466
1467
1466
1816
1885
1466
1397
1396
1466
1466
1886
1467
1396
1397
978
1397
1466
1397
1467
1466
1397
1396
908
1397
1397
1466
1397
1467
1467
1466
1396
1467
1467
1397
1396
1467
1467
1466
1397
1397
1397
978
1397
1397
1397
1397
1467
1397
1467
1397
908
1467
1397
1467
1466
1397
978
1467
1397
1397
1466
1397
1397
1396
1467
1397
1466
1886
1396
1467
1396
1397
1396
978
1397
1466
1956
978
1466
977
1397
1467
978
977
1467
1396
1396
1396
1886
1467
1397
1397
1397
1397
1467
1397
1396
1397
1467
1397
1466
1396
1467
978
1466
1397
1886
1467
1396
1467
1397
1397
1467
1886
1396
1396
1466
1397
978
1396
1397
1467
1885
1396
1466
1467
1397
1466
1467
1396
1466
1467
1396
1397
1397
1466
1397
1467
978
1467
1397
1397
1397
1466
1397
1397
1396
1466
1397
1397
977
1886
1466
1466
1467
1467
1815
1397
1397
1955
1397
1396
1466
1885
1466
2375
1397
1397
1466
1397
1466
1816
1885
978
1886
1466
1467
1886
1886
1467
1886
1885
1956
1397
978
1396
1396
1397
1397
1467
2375
1397
1397
1816
1397
1466
1886
1955
1396
1466
908
1466
2374
978
978
907
978
978
1397
1397
1397
977
977
18228
1466
1397
978
1396
1397
977
1396
1886
977
1885
1467
1397
1466
978
1466
1396
1467
977
1397
1467
1467
978
907
1396
978
1396
1396
1397
1396
1397
1397
1467
978
1467
1466
1467
908
1467
1396
978
1397
1466
1466
1466
1885
1466
1467
1397
977
1397
1467
1397
1467
1467
1467
1397
1397
1397
1467
1886
1396
1397
1467
1955
1396
1397
1397
1466
1466
1397
978
1467
1397
1397
1885
1396
1396
978
1467
1467
1467
1955
1467
1397
1466
1397
1956
1886
1466
978
1886
1396
978
1467
1397
1327
1467
1467
978
1466
1467
1885
1397
1397
1466
978
1397
1886
2375
1467
978
1955
978
1466
1397
1397
1885
1397
1467
978
1396
1955
1397
1466
1467
1467
1396
1956
1467
1816
1397
1467
1885
1886
1397
1396
1397
1466
1816
1886
1466
1397
3911
2374
1886
1397
1886
1467
1397
1397
1886
1397
1397
1397
1397
1467
1397
1396
1397
1466
1467
1397
1397
978
1467
1467
1396
1467
1397
1397
1397
1397
1396
1467
1467
1467
1397
1397
1397
1397
1397
1466
1397
978
1885
1467
1466
1397
1397
1466
1467
1955
1397
1396
1467
1467
1397
1467
1467
1467
1467
1396
1467
1466
977
1396
1397
1397
1397
908
978
1397
1397
1467
1467
1396
1396
1396
1396
1467
1466
1466
1467
1397
1467
1396
978
1467
1467
1467
1396
1467
1886
1466
1396
1816
1397
1466
1467
1467
1467
1397
1467
1397
1397
1467
1467
1397
1467
1397
1467
977
1956
1467
1466
1467
1467
1397
1397
978
1816
1466
1467
977
1397
3352
1397
1815
1397
978
1467
1466
908
1397
1467
1397
1467
1467
1397
1467
1396
1396
1397
977
1397
1397
1886
1466
1467
1396
1466
1396
1886
1466
1466
1397
1397
1467
1466
1327
1397
907
1466
1397
1466
1467
1467
1886
1467
1396
1397
1397
1397
978
977
977
1467
1466
1397
1397
1466
1396
1397
1397
1397
1397
978
1467
1396
1396
977
1886
1396
1467
977
1467
1466
1397
1466
978
978
1467
1466
1396
1467
1397
1467
978
1466
1397
1466
1466
1467
1467
977
1467
1466
1467
1396
1467
1467
1466
9568
1396
1397
977
1467
1397
1467
1466
1397
1397
1466
1466
1397
1397
977
977
1397
1467
1397
1396
1397
1466
1396
1956
1885
1396
1467
1885
1467
978
1397
1397
1467
1397
1467
1397
1466
1467
1397
978
977
1397
1467
1467
1396
908
978
908
2445
1467
1397
978
977
1467
1466
1466
1397
1397
1886
1466
1467
1467
1397
1396
1397
1397
1467
1397
1467
977
908
1466
1467
1467
1397
1816
977
1466
1397
1466
1397
1467
1467
1397
1886
1885
1397
1467
1466
978
1397
1466
1466
1467
1397
1467
1397
1397
1397
1396
1467
977
1467
1397
1467
978
1467
1467
1397
1397
1467
908
1467
1397
1397
1466
1467
1467
1397
908
1467
977
1467
1397
1396
1885
1397
1396
1397
1397
1467
1467
978
1397
1397
1466
1396
978
1397
1956
1467
1397
1396
1397
1397
1397
1956
1397
1397
978
1397
1466
1467
1466
1397
1397
1396
1466
1467
1466
1466
1467
1466
1397
1466
1397
1886
1467
1466
1466
1466
978
1466
978
1467
1467
1397
1397
1466
978
1397
1397
1466
1396
1467
978
1397
1397
1397
978
1397
1466
1467
1467
978
1466
1396
1466
1397
1466
1466
978
1397
978
1466
978
1396
1396
1467
1466
1397
2375
1397
1466
1396
1397
1397
1467
1467
1467
1466
1467
1466
1466
1886
908
1466
1466
1397
1466
978
1885
1397
1397
1466
1397
1467
1885
1396
1466
1397
1467
1886
1886
1397
977
1467
1396
978
1397
1396
1467
1467
1466
1396
1397
1397
1466
1467
1396
