1467
1467
1396
1397
1885
1467
1956
1397
1397
1397
1397
1396
1467
978
1467
978
1397
1397
1466
1886
1467
1397
1397
1467
977
908
1397
978
1397
1886
1885
1396
1467
1397
1396
1955
1886
1396
1886
1397
1396
978
1886
1397
1397
1955
1467
908
1466
1466
1467
1397
1397
1397
1396
1397
978
1466
1397
1396
1397
978
1467
1467
1466
1886
1397
1467
1397
1467
1396
1397
1467
1397
1467
978
978
1467
1885
1466
1397
1466
1397
1467
1397
1467
1466
1466
1396
1397
1397
1397
1397
977
1816
1466
1467
1397
1397
1467
1467
1467
908
1466
1396
1397
1397
1467
1467
1886
1466
1397
1397
1466
1397
977
1396
1466
1396
1397
977
977
1467
1397
1467
1397
1396
1466
1466
1467
977
1397
1466
1467
1397
1396
1397
1885
1466
1467
978
1467
1886
1467
1886
1396
1955
1397
1885
1467
1955
978
1885
1397
1396
1885
3352
1466
1467
1885
1397
1955
1956
1397
6285
1885
1885
1466
1886
1397
1397
1885
1397
1397
1466
1396
1956
978
1467
1397
1397
1397
2375
1467
1396
1885
1886
908
1397
1397
1397
1396
1397
1955
1886
1467
1467
1467
1467
1397
1396
978
1397
1466
1397
1397
1885
1466
1467
2444
1467
1397
1397
1466
1466
1466
1467
977
1396
1955
1397
1467
1466
1396
1816
1397
1467
1397
1397
1397
1397
1396
1396
1397
1397
1467
1397
1397
1886
1466
1397
1467
1397
2304
1396
1397
1397
1467
1466
1466
1466
1397
1886
1397
1466
1467
1467
1396
1466
1396
1956
1397
1466
1466
2374
1397
1397
1396
1956
1467
1467
1467
1397
1816
977
1397
1467
1396
1467
1396
1397
1397
1885
1467
1396
1467
1956
9987
1885
1396
1466
1397
1397
1396
1467
1397
1956
1466
1397
1885
1467
1397
1466
1886
1396
1397
1396
1397
1466
1886
1397
1467
1466
1955
1396
1397
1397
1397
1397
1397
1397
908
1466
1397
1397
1467
1396
1397
1467
1466
1467
1397
1396
1467
1397
1397
1397
908
1397
978
978
1397
1397
1466
1396
1467
1467
1886
1466
1467
1816
1467
1397
1397
1397
1466
1467
1397
1467
1466
2374
1467
1397
1956
1466
1396
1467
1397
1397
1397
1467
1466
1467
1466
1466
1397
978
1466
1956
1396
1397
1397
1466
1467
1466
1396
1886
1466
1397
1397
1956
1396
1467
1466
1467
1396
1467
1396
1397
1466
978
1396
1466
1466
1397
1467
1397
1397
1466
1397
1467
1396
1466
1466
1397
978
1396
978
1397
1397
1396
1397
1396
1397
1466
1397
978
1397
1467
1396
1397
1396
978
1396
1467
1466
1467
1397
1397
1466
1467
1467
1886
1396
1397
978
1466
1467
1467
1466
1397
1397
1467
978
1397
1467
978
1397
1467
1466
1467
978
1466
1466
978
1397
1396
1466
1397
1397
1466
1397
1956
1467
1886
1397
1467
1467
1397
1396
1467
1467
1466
1467
1467
1397
1466
1467
1467
1467
1885
1467
1397
1467
1885
1467
1397
977
1467
1466
1397
1467
1397
1397
1467
1397
1397
1397
1397
1397
1466
1397
1467
1467
1467
1397
1397
1397
1397
1467
978
1467
1466
1885
1397
1467
1467
1467
1467
1397
1467
1466
1397
978
1397
1886
1397
1397
1467
1466
1466
1397
1886
1467
1396
1467
1466
1397
1397
2375
1397
1396
1467
1467
1397
1467
1467
1467
1397
1466
1397
1397
1397
1396
1886
1397
1396
1466
908
1397
1467
1326
1397
1397
1466
1397
1397
1466
1467
1885
1397
1466
1467
1956
1397
1467
1396
1397
1466
1466
1397
1467
1467
1397
1396
1466
1397
1467
1467
1397
1397
1396
1396
1397
1466
1397
1397
1467
1467
1886
1397
1467
1397
1467
1396
1467
1396
1466
1467
978
1396
1466
1396
1467
1397
1466
1467
1466
1397
1397
1467
1397
908
1466
978
1466
1397
1396
1467
1397
1467
1466
978
1467
1467
1396
1467
1466
1467
1466
1885
1467
1397
1397
1397
1397
1466
1396
1397
977
1396
1466
1466
1397
1396
1397
1397
1467
1467
1397
1885
1467
1466
977
1467
1466
1397
1466
1396
1467
1467
1816
1466
1466
1396
978
1467
1397
978
1466
1397
1397
1886
978
1397
1397
1466
978
1397
908
1467
1396
1467
1466
1467
977
1396
1466
1467
977
1396
1467
1397
1467
1396
1397
1466
1397
1397
1397
1885
1466
1467
978
1397
1397
1467
1397
1467
1466
1396
1396
1397
1886
1466
1397
1885
1466
977
978
908
1397
1466
1397
978
1466
1466
1466
1467
1467
1397
1397
1397
1396
1467
1467
1397
1467
1397
1466
1396
1397
1397
1466
1467
1396
1886
1397
1467
1466
1466
1467
1466
1397
1397
1886
1397
1397
978
1397
1467
978
1466
1396
1397
1466
1467
977
1397
1397
1397
1955
1397
1467
1397
1466
1467
1467
1397
1466
1396
1467
1397
1466
1885
1397
1467
1396
1397
1397
1467
1467
1396
1886
977
1397
1467
1396
977
978
1467
1396
1397
977
978
977
1397
1466
1467
1467
1397
1397
1397
1467
1886
1467
1397
978
1466
1397
1396
1467
1467
1466
1467
1397
1467
978
1885
1397
1467
1397
1466
1815
1886
1466
1397
1955
1466
1467
1467
1467
1397
908
1396
977
1396
1397
1397
1956
1467
978
1397
1467
978
908
1466
978
1467
1467
1397
1397
1467
1467
1955
1397
978
1467
1397
1816
1466
1397
1397
1397
1397
1396
1467
1397
1397
1467
1397
1466
978
1397
1396
1397
1466
978
1396
1396
1397
1397
1467
1467
1396
1396
1397
1397
1886
1397
1397
978
978
1397
1397
1467
1397
2374
1467
978
1467
1397
1397
978
1466
1396
1467
1397
1466
1467
1467
1397
1397
1466
1467
1397
1397
978
1397
1467
1397
1466
1397
1396
1466
1397
1397
1466
1397
1466
977
907
977
1467
1467
1396
1397
1397
1397
1466
1466
1815
978
1397
1397
1397
1467
1397
1466
1466
1396
1466
1397
978
1397
1396
1467
1397
978
908
1886
1466
1397
1396
1467
1467
1467
1397
1397
1397
