1467
1467
1886
1467
1466
1397
1467
1467
1886
1397
1397
1886
1885
1397
1397
1466
1466
1467
1467
1397
1397
1466
1467
1467
1467
1467
1466
1327
1396
1397
1397
1467
1466
1467
1466
1956
1396
1886
1956
1397
1467
1397
1467
1467
1467
1467
1466
1467
1397
1397
1815
1955
1956
908
1396
1397
1397
1467
1885
1467
1467
1397
1397
1467
1397
1466
1397
1397
1396
1956
1396
1397
1467
1467
1467
1467
1466
1396
1397
1466
1886
1467
1397
1467
1397
1466
1467
1397
1397
1397
1397
1886
2375
1466
1956
1397
1886
1467
1396
1397
1956
1397
1396
1397
1467
1397
1467
1467
1467
1397
1397
1466
1467
1886
1467
1886
1467
1467
1397
1466
1397
1397
1397
1397
1466
1397
1467
1397
1467
1396
1467
1467
1466
1397
1397
1397
1397
1467
1396
1466
978
1397
1397
1397
1396
7683
1397
1397
1886
1467
1466
1397
1886
1886
1467
1886
1467
1397
1397
1467
1467
1467
1467
1467
1397
1397
1397
1467
1396
1397
1397
1397
1466
1467
1397
1397
1467
1467
1467
1397
1396
1467
1467
1466
1397
1397
1397
1886
1466
1885
1397
1467
1466
1466
1397
1467
1397
1467
1816
1397
1466
1467
1466
1467
1466
1397
1466
1397
1397
1467
1466
1466
1397
1397
1466
1397
1467
1397
1467
1467
1467
1397
1467
1397
1816
1397
1816
1467
978
1397
1467
1467
2374
1397
1397
1885
1397
1467
1466
1466
1467
1816
1397
1467
1466
1467
1466
1466
1466
1466
1397
1397
1397
1397
1466
1816
1397
1467
1397
1467
1467
1467
1467
1466
1885
1467
1397
978
1397
1467
1466
1397
1467
1397
1467
1466
1397
1397
1397
1397
1886
1467
1467
1467
1397
1397
1466
1467
1396
1467
1885
1397
1467
1467
1466
1396
1467
1397
1467
1397
1397
1467
1467
1886
1886
1397
1467
1466
1397
1466
1466
1956
1466
3282
1397
1397
1467
1397
2864
1397
1886
1467
1467
1467
1467
1397
1397
1397
1397
1467
1397
977
1467
1467
1396
1397
1466
1397
1397
1467
1466
1467
1397
1467
1466
1397
1396
1397
1397
1466
1886
1467
1467
1397
1397
1466
1466
1397
1467
1397
1397
1397
908
1397
1397
1396
1397
1397
1886
1466
1467
1397
1397
1397
1397
1467
1397
1397
1466
1397
1397
1397
1397
1396
1397
1467
1466
1396
1397
1397
1397
978
1396
1397
1466
1466
1397
1886
1397
1467
1885
1467
1396
1397
1467
1466
1466
1397
1467
1397
1396
1466
1467
1397
1397
1467
1397
1467
1467
1467
1466
1467
1467
1467
1397
1397
1886
1467
1396
1397
1397
1467
1467
1886
1396
1397
1886
1397
1397
1467
1397
1467
1397
1397
1397
1466
1466
1466
1466
1466
1397
1466
1467
1397
1397
1466
1397
1886
1397
1467
1466
1466
1397
1466
1466
1397
978
1397
1397
1396
1396
1467
1397
1396
1466
1397
1396
1467
1397
1397
1396
1397
1467
1467
1466
1397
1467
1467
1466
1886
1466
1886
1396
1397
1397
1466
1397
1397
1396
1467
1886
1396
1467
8451
1466
1397
1466
1467
1467
1467
1467
1396
1467
978
1397
1397
1397
1397
1467
1397
1467
1466
1466
1467
1397
1467
1396
1397
1466
1397
1397
1397
1397
1397
978
1397
1467
1397
1396
1397
1397
1467
1466
977
1466
1397
1466
1397
1466
1396
1397
1397
1397
1466
1467
1467
1955
1397
1396
1466
1886
1397
1397
1886
1397
1397
1467
1467
1467
978
1397
1467
1396
1397
1467
1885
978
1397
1397
1467
1397
1397
1396
1466
1467
1397
1397
1467
1397
1396
1397
1397
1396
1885
1467
1467
1886
1886
908
8521
1467
1397
1467
977
1467
1467
1467
1467
8870
978
1467
1397
1466
1467
977
1467
1467
1397
1397
1397
1467
1397
1396
1397
1397
1397
1467
1467
1397
1467
1955
1397
1467
1397
1467
1397
1466
1327
977
1397
1397
1467
1467
1397
1397
1467
1466
1397
1397
1397
1397
1466
1397
1397
1467
1396
1885
1467
1467
1397
1397
1467
1397
1955
1397
1397
1466
1397
1397
1467
1466
1467
1397
1886
1467
1397
1467
1396
1397
1396
1467
1396
1397
1466
1397
1467
1397
1396
1397
1467
1467
1467
1467
1397
1466
1397
908
1397
1467
1467
1397
1397
1467
1467
1397
1466
1467
1467
1467
1397
1397
1397
1397
1466
1397
1397
1397
1397
1466
1467
1467
1396
1466
1467
1467
1466
1467
1397
1396
1397
1397
1397
1397
1397
1397
1397
1956
1467
1397
1397
1397
1397
1467
1397
1466
1466
1467
1397
1397
1397
1816
1397
1396
908
1886
1327
1397
1467
1467
1397
1466
1466
1466
1396
1467
1397
1466
1956
1397
1397
1885
1466
1467
1955
1885
1397
1466
1397
1885
1467
1397
1397
1467
1396
8660
1397
1397
1466
1466
1397
1466
1397
1466
1467
1886
1396
1396
1467
1467
1816
1886
1885
1397
1466
1466
1467
1397
1397
1397
1397
1397
1467
1466
1396
1397
1397
1466
1397
978
1467
1886
1886
1397
1397
1396
977
1397
1466
1397
1397
1886
1397
1397
1397
1397
1397
1397
1397
1397
1467
1467
1397
1886
1397
1397
1397
1396
1886
1396
1397
1396
1466
1955
1396
1467
1466
1396
1467
1886
1466
1467
1397
1886
1397
1886
1397
1467
1467
1396
1467
1466
1397
1397
1397
1397
1466
1397
1397
1467
1467
1397
1466
1397
1467
1466
1466
1396
1467
1397
1396
1467
1467
1467
1397
1886
1467
1396
1467
1886
1467
1467
1397
1397
1886
1467
1886
1396
1467
1886
1466
1466
1467
978
1467
1397
1467
1467
1466
1466
3422
1467
1885
1397
1467
1467
1886
1397
1466
1467
1467
1397
1397
1397
1397
1397
1467
1466
1397
1466
1467
1466
1886
1396
1886
1397
1467
1885
1397
1467
1466
1467
1397
978
1466
1467
1396
1466
1885
1466
1467
1397
1397
1397
1467
1467
1886
1396
1397
1467
1466
1397
1396
1397
1397
1397
1467
1466
1886
1467
1397
1466
1397
1397
1466
1466
1396
1466
1397
1396
1397
1397
1466
1467
1467
1886
1467
1397
1396
1397
1397
