2374
1885
2374
1955
1466
1885
1885
1886
1955
1955
1885
1396
1885
1885
2373
2933
1885
1885
2374
1955
2304
2443
1955
1396
1466
2444
1815
2443
2304
1885
1467
2374
2304
2444
1466
2374
1955
16547
1885
1397
1466
1467
1885
1326
2933
1955
1885
2304
1885
2304
1466
1885
2374
2374
2374
1397
1955
1467
1885
2444
1466
2374
1885
2374
1467
2234
1955
2374
1885
1885
1886
1466
1396
1886
1466
2304
1885
1397
1885
1466
1885
1886
1885
1466
1885
1816
1955
2863
2374
2444
1466
2304
1955
1955
1466
1886
1885
1885
1885
1955
1466
1885
2374
1955
1467
1816
1885
1955
1885
1885
1886
1955
2304
1955
2374
1886
1955
6353
1886
1955
2373
1466
1954
1954
1885
1815
1885
2304
1885
2304
1886
1955
1955
2374
1955
1955
1955
1885
2374
1397
1885
1955
1885
1815
2374
1466
908
1396
2374
2373
1885
1955
1885
1885
1466
1955
1955
1885
1885
1955
2374
1396
1886
1955
1885
1397
2793
1885
2373
1467
1466
1955
1885
1397
1885
1885
1885
1886
1885
1885
1886
1955
1466
1885
1815
1885
1466
1955
1886
1466
2304
1885
1885
2444
2304
1397
1466
1396
1885
1396
1885
1955
1816
2374
1955
1466
1955
1955
1466
1396
1885
1396
908
1885
1955
1955
1885
1885
1955
2374
1466
1885
1886
1885
1955
2304
1955
2374
1467
1397
1885
1885
1885
1466
1885
1885
1955
1955
21016
1955
1955
977
1955
2374
2444
1885
2304
1955
1955
2374
1885
2374
1885
1466
1955
2304
1886
1885
1466
1815
2373
2374
1955
1885
1466
1955
1885
1885
1955
1885
1885
1885
1885
1955
2443
1955
1886
1885
2863
2373
1885
1955
2374
1815
1885
1815
2374
1886
1885
1816
1886
1397
1885
1397
1467
1885
1955
2304
2304
1885
1886
1885
1466
1955
1885
1885
1396
1816
1955
2862
1955
2304
2374
2374
978
1885
1955
1955
1955
1885
1955
1466
2863
1955
1955
1885
2374
1886
1397
1885
1885
1955
1886
1955
1885
1885
1885
1815
1885
1885
1885
1955
1466
1467
1815
1815
1885
1955
2374
2374
1885
1886
1466
1886
1396
1885
1955
2374
1955
2374
1466
1396
1955
1955
1885
1955
2444
1396
1885
1885
2374
1955
1955
1466
2443
2374
2444
2444
1397
2304
2374
2374
2373
1885
1885
1466
1955
2444
2444
1885
2444
1885
2932
1466
1466
1466
2374
1886
2792
2374
2862
2863
1816
1885
1466
1885
1885
2304
2304
2863
1955
2374
1955
1955
2374
2374
1466
1885
2304
2374
1885
1885
2863
1955
1397
1955
1466
1885
1886
3282
2374
1397
1396
1396
2863
2374
1885
1396
1397
1955
1955
1396
1885
1955
1885
1885
2374
1955
1955
1396
1885
1885
1397
1954
1886
1955
1885
1885
2444
2443
1955
1886
1815
2374
1955
2304
2374
1885
1397
977
2444
1955
2862
1466
2374
1885
2373
2374
1886
1955
2304
2793
1815
1955
1396
1955
1885
2374
1396
1955
1466
1397
1885
1885
1466
1885
1955
2374
1885
1955
1885
1885
2443
1886
1885
1885
1885
1396
2444
2443
1885
1885
1885
24717
1815
1466
2304
1955
1955
1885
1396
1885
1955
2793
1955
2374
1955
1955
1885
1955
1955
1885
2444
1885
2373
1885
1885
1466
1885
2374
1955
1955
1885
1885
1885
1886
1885
2374
2444
1815
2444
2374
1955
1954
1955
2374
1467
2444
1885
1955
1886
1955
1955
1885
2863
1396
1397
1955
1954
1816
1886
1955
2444
2374
1955
1467
1885
1885
1885
1955
1955
1885
1885
1885
2374
1466
1815
1885
1885
1955
1885
1466
1885
1885
1885
2374
1955
1885
1955
1466
1885
1885
1466
2374
2374
1466
2374
1955
1885
1885
1885
1955
1466
1955
1885
1885
1955
2374
1955
1885
1955
2863
1955
1885
1815
1885
1886
1886
1886
1396
1885
1885
2374
2443
6284
2304
2374
1955
1955
2862
1466
2304
1955
1397
1466
1955
1885
1466
1955
1955
1955
1815
1955
1886
1955
1955
2444
2793
1885
1885
1396
1955
1955
1885
1885
1396
1885
1396
1885
1885
1955
1885
1885
1885
1396
1397
1396
1885
1885
2374
1955
1955
1885
1396
1955
1955
1885
1396
1955
1885
1885
1885
2443
2444
1466
1396
1885
1885
1886
1396
1885
1885
1885
2374
1954
908
1885
2443
1955
1466
2374
1885
1885
1885
1467
2932
2374
1885
1955
1467
1955
1466
2374
1885
1885
1955
1955
1885
1885
1885
1815
1396
1466
1955
1397
1955
1955
1885
2374
1396
2793
2374
1955
1467
1886
1467
2374
1955
1467
1466
1396
1396
1955
1885
1955
1885
1886
1885
1397
1885
1396
1955
1955
1396
1816
1885
1815
1885
1885
1955
1885
1955
1886
1885
1885
1885
1816
1955
1955
1955
1466
1955
1955
1885
1885
1955
1466
1885
2373
2304
1955
1955
1955
1885
1955
2304
1955
1885
1955
1955
1955
1467
1466
1885
1885
1466
1885
1885
2793
1955
1815
1885
1955
1885
1885
2443
1885
1885
2304
1885
3770
1955
1955
1396
1885
2374
1885
1885
1885
1955
2444
1466
1885
1397
1815
1467
1955
2374
1955
1885
2374
1885
1397
1955
1955
1955
1885
1885
2374
2374
2374
1955
1886
2373
1885
1466
2444
1955
1397
1885
1396
2374
1886
2374
1885
1955
1885
1466
2863
1955
1955
2444
2374
2444
1885
1954
1955
1885
1955
2374
2304
1885
1396
2374
1955
1885
1955
1955
2863
2304
1885
25624
1955
1955
1955
1467
1955
1466
1955
2304
1467
1955
1885
1885
1885
1955
1815
1467
1397
2304
1955
2444
1955
1885
1815
1955
1885
1955
1885
1885
1955
1885
1885
2374
1396
1466
1885
1466
2373
1885
1396
2374
1816
1955
1885
1955
1467
1466
1397
2443
1885
1885
12497
1885
1885
1886
1886
1885
1955
2374
1885
1885
1955
1954
11869
1885
2374
1466
2374
1466
1955
1467
1885
2444
2373
2863
1886
2374
1466
2374
1955
2374
2304
2374
1466
2863
1885
1955
1885
1885
1955
1955
1886
1955
2443
2374
2374
1467
1885
1955
2374
1886
1816
2373
1955
1955
1885
2374
2444
2444
