1397
2375
2793
1396
1886
1885
1886
1886
1397
1397
1466
1885
1885
1816
1467
1467
1955
978
1397
1466
1886
1886
1956
1885
1816
1885
1886
1886
1467
1397
1467
1886
1467
1467
1886
1956
1466
1466
1397
1467
1397
1397
1467
1396
2374
1466
1885
1886
1397
1397
1886
1886
1886
1956
1886
1955
1467
1466
1886
1397
1467
2374
8520
1396
1467
1466
1466
1885
1885
1885
1955
1397
1467
1466
1397
1397
1886
1956
2374
1886
1955
1885
1397
1466
1397
1467
1467
1885
1885
1956
1816
1885
1397
2375
1396
1397
1397
1397
1886
1466
1955
1397
1466
1397
1397
1886
1467
1397
1886
1886
1885
1885
1397
1956
1956
1397
1467
1466
1397
2445
908
1397
2445
1886
1397
1885
1397
1956
1466
1956
1886
1466
1397
1397
1816
1886
1885
1886
1885
1397
1397
2375
1956
1397
1397
1886
1886
1886
1467
1397
978
978
1886
2374
1886
1886
1397
1466
1467
1397
1885
1467
1397
1397
1466
1466
1955
1467
1467
1466
1955
1466
1396
1956
1397
978
1466
1397
1397
1397
1397
978
978
1466
1466
908
1466
1466
1397
978
1466
1466
1886
1467
908
2375
1397
1467
1397
1467
1397
977
977
1467
1397
1397
1466
1467
1467
1956
1467
1467
1396
1397
1466
1466
1816
1467
1886
1396
1397
1956
1466
1397
1397
977
1466
1397
17739
1397
1397
1397
2375
1467
1956
1956
1397
1397
1956
1466
1467
1397
1885
1886
1397
1467
1397
1466
1397
1397
1397
1466
1467
1397
1955
1956
1886
1886
1956
2305
1397
1467
1816
1466
1886
1466
1397
1885
1885
1397
1397
1397
1955
978
1467
1466
977
1467
1886
977
1397
1467
908
1466
1885
2374
1955
1886
1466
1815
1397
1886
1886
1466
1956
1397
1955
1467
1466
1885
1885
1467
2304
1885
1885
978
1886
1466
1397
1466
1886
2375
1886
1886
1397
1467
978
1466
1466
1885
1466
1467
1466
978
1397
1466
977
978
1467
1397
1466
1396
1955
1467
1885
1396
1466
1396
1467
1396
1467
1886
1397
1397
978
1397
1397
1467
1397
908
978
1397
1466
1467
1467
1816
1397
1467
1466
1397
1397
1956
1956
1885
1466
1397
1467
1466
1397
1467
1396
1397
1466
908
908
1467
1397
1397
1467
1467
1466
1467
1396
1467
1396
978
1396
2304
1886
1886
2374
1956
1397
1466
1886
1886
2374
1467
2305
1956
1467
1467
1397
1815
1956
1885
1885
1956
1467
978
1885
1466
1466
2375
1885
908
1397
1885
1396
1397
2375
1956
1397
1397
1466
1396
1816
1956
1886
1885
2375
1467
1466
1955
1467
1467
1397
1397
1397
1467
1467
1397
1397
1466
1466
1396
1466
1466
1956
1397
2794
1885
1885
1466
1396
1396
1397
1396
1397
1466
1466
1397
1397
1467
1816
978
1397
1397
1467
1397
1885
1467
1397
1885
1467
978
1467
1886
1397
1885
1396
1396
1886
1886
1955
1885
1396
1396
1886
1397
1397
1956
1466
1886
1467
2864
1467
1466
2374
1955
978
1955
908
908
1956
1466
1397
2305
1397
1955
1397
1467
1467
1955
1466
1397
1396
1886
1466
1886
1467
1816
1886
1815
1397
1886
1885
1467
1955
908
1467
1397
1397
1885
1956
1886
1885
1955
1885
1886
1467
1397
2374
1955
1956
1886
1396
978
978
1885
1467
2374
1955
1396
2444
1885
1885
1815
1397
977
1397
1956
1397
908
1466
2374
1956
1955
1886
1397
1466
1885
977
1816
1467
1886
1397
2374
1467
2375
1397
1886
1886
1466
1467
1467
978
1886
2444
978
1886
1397
1956
1466
1955
1886
1467
1396
1816
1397
1397
1396
1956
1955
1885
1467
1885
1886
1397
1397
1397
1466
1955
1397
1886
1467
1886
1467
978
2375
1816
2863
1816
1886
1885
1885
1886
1885
1886
978
1886
2375
908
1466
1886
1955
1955
2444
1886
1467
2375
1886
1886
1955
2933
1885
1397
1886
1466
3841
1397
2374
1956
1956
2375
1886
2374
2444
1886
1467
1466
978
1886
1886
1396
1886
1886
1955
1815
2375
1955
1397
2444
2794
1886
1955
1886
1467
1397
1885
1886
1956
2444
978
978
1886
5168
2863
1956
1955
1816
1396
1955
1886
3282
2374
1397
2304
1886
3352
1885
1467
2375
1886
1886
1885
1956
1885
1397
1955
1466
2305
1397
1397
1886
2304
1397
1956
1466
2375
2374
1955
1956
2375
1816
1397
1955
1396
1397
1955
1956
1467
1885
1466
1955
2444
2445
1886
1466
1955
1886
2794
1396
5169
4819
1886
2864
2375
1955
1885
1886
1467
908
1466
1886
978
1886
1955
1467
1886
1885
1956
1397
1885
1886
2374
1886
1467
1467
4330
3353
1955
2375
1467
1466
1466
4889
1467
1397
4749
2864
1886
1885
1956
1467
1956
2305
3701
908
2864
1956
1886
1467
1466
1397
3353
1956
2374
1886
1955
1886
1466
1396
1467
1467
1467
1886
2863
1397
1955
1886
1886
1885
2304
1467
2374
1886
1396
2864
1397
3352
2375
1886
2445
2444
1956
2375
2305
1467
1397
1467
1397
1466
1886
1396
1467
2863
1467
1397
1956
1397
1397
2305
1955
1955
2375
2863
1466
2304
2375
2375
1955
1397
1886
2374
1886
1956
1397
2375
978
1467
1397
1397
1885
1885
1956
1396
1886
1886
908
1955
1467
1886
1956
1886
1885
1886
1885
1886
1955
1467
1955
1397
2305
1886
2444
1467
908
1955
1466
1397
1467
1955
978
1886
1397
1886
1397
1467
1886
1397
1467
1397
978
1397
1396
1467
1467
978
2374
2375
1397
1397
1397
1467
1396
1467
1397
1397
1467
1467
1397
1397
1396
1467
1466
1396
1886
1886
1466
978
1467
1466
1466
1886
1396
1467
1886
1886
2375
1955
1397
1396
1397
1466
1956
1815
1955
1466
2863
1886
2375
1886
2374
1397
978
1466
1886
1467
1886
1397
1397
1467
2305
1886
1885
1467
908
1466
1886
1466
978
1955
2375
1397
1955
1956
1466
1466
1467
1816
1467
1886
1467
1397
1397
1397
1467
1397
1885
1396
2305
1466
1886
1886
1955
1396
1467
1397
1955
