1956
1886
1885
1886
1886
2374
1467
1886
1886
1885
1886
1396
1466
1955
1885
1886
1886
2375
1397
1886
1885
1397
1886
1955
1955
1467
1885
1885
1956
1956
1886
2375
1956
2375
1397
1885
1885
1886
1956
1885
1955
1816
1885
1885
1955
1886
1955
1467
1397
1955
1886
2375
1466
2374
1886
1886
2304
1886
1886
2374
1467
2375
2374
2375
1885
1955
1886
1956
1886
2374
1886
1956
2375
1955
1955
1466
1886
1885
1956
1885
2375
1886
1397
1886
1885
1956
1886
1396
1886
1397
1886
1467
1466
1885
1886
1886
1397
1467
1397
1956
1397
1886
1955
1885
1885
1397
1955
1885
1886
1885
1466
1397
2444
1886
1885
1885
1955
1956
1955
1885
1886
2794
1886
1885
1955
1885
1886
1886
1886
1956
1886
1885
1886
2444
1886
1886
1886
1886
1467
1886
2444
2374
1886
1955
1885
1886
2375
1467
1955
1955
1885
1886
1955
1956
1816
978
1955
1816
1886
1396
1956
1466
1956
1956
1885
1885
1397
1885
1816
1886
1886
2375
1955
2445
1886
1956
1886
2304
1886
1885
2304
2304
1956
1886
1955
1885
1885
1397
2375
2304
1886
1886
1886
1886
2304
1886
1886
2305
1467
1886
1886
1955
1956
1886
1885
2375
1885
1885
2305
2444
2374
1955
1816
2375
1885
1466
1955
1955
2375
1886
1885
1956
2444
1955
2374
1397
2374
2374
2375
1397
2375
13479
2374
2375
1956
2374
2375
1886
2375
1467
2374
1885
1886
2444
1956
1955
2375
1886
1955
1467
1816
1886
2863
2375
2304
2375
1886
2374
1886
2375
2375
1955
1886
1886
2445
1956
1955
1956
1885
1885
2375
1466
2305
1886
1955
1816
1466
2375
1885
2444
1956
1816
2375
2374
1956
1885
1397
2375
1816
1885
1886
2793
1886
1886
1885
1955
1956
2375
1886
2445
1885
1956
1955
1466
1886
2375
1886
1397
1466
2375
1886
1955
1885
2374
1956
1886
2444
1955
1886
1955
1886
1886
2444
1886
1467
1955
1886
1886
1956
1886
2444
2374
1956
1886
2374
1885
2444
2304
1467
1885
2444
1955
2374
1956
1886
2444
1885
1955
1955
1466
1886
1885
1886
2374
1955
2445
2304
2375
2375
1956
1955
1886
1886
2375
1466
1816
2374
1955
2375
2445
2445
2305
2374
2374
2375
1816
1886
3282
2444
1956
1886
2375
2374
1885
1885
2933
1886
1467
2444
1956
1886
1956
1955
2305
1886
2374
1955
1885
1956
2374
1956
2374
2374
1885
1956
2374
2374
2375
2445
1886
2445
1885
1467
2305
1886
1886
1955
1816
1886
2375
1886
1956
1956
2375
1886
1815
1467
1885
1956
1955
2374
1886
1955
1885
2444
1956
1956
1955
1955
1397
1885
1885
1466
1886
2374
2375
1886
1955
2305
1955
1467
2445
1466
1885
1886
1397
1886
2375
1956
2374
908
2375
2374
3352
1396
1886
2305
1397
1885
15853
1956
1886
1956
1396
978
1955
2304
1886
1956
1466
1885
2375
978
2375
1955
1886
2375
1956
1885
1885
1886
1955
1396
1886
2375
1885
1467
1885
1956
1816
1467
1956
1885
1886
1955
1956
1955
1886
2375
1816
1885
1886
1885
1885
2863
1885
2444
1956
1885
2305
1397
2374
1955
2444
1955
1466
1955
1396
1886
1886
2374
2794
1955
1886
2793
2444
2305
1886
1886
1955
2375
2304
2374
1955
1885
1886
1885
1397
1955
1467
1886
1885
1886
1885
1955
1955
1816
1955
1885
1885
1955
1885
1886
1956
1886
1956
1886
1467
1885
2863
1397
1955
1886
1816
908
1956
1885
1885
1466
2444
1955
1955
4330
1885
2375
14736
2374
1886
2863
1955
1886
1955
1956
2375
1467
1886
1885
1885
1885
1955
1956
1956
1956
1886
1396
1886
1885
1397
1886
1886
1885
1886
1886
1466
1885
1816
2444
1885
1956
1886
1956
2444
2374
2374
1886
2445
1397
1467
1886
1885
1396
1885
1467
1885
2375
1956
1885
1397
1816
2445
1885
1886
1397
1885
2444
2444
1956
1467
1955
2444
1467
1885
1815
2445
1466
1467
1956
1885
1396
1955
1885
1886
1956
1885
2445
1886
1886
12920
1396
2374
1886
1886
1396
978
1466
1886
1885
2374
2444
1956
2305
1956
2374
1886
2304
1397
1816
2375
1956
1955
1955
1955
1885
1886
1886
1467
1467
1956
1956
1397
1885
1886
1885
1885
1886
1955
1886
1885
1886
1467
1956
2863
2304
1885
1396
2375
1886
1956
1886
1955
1467
1956
1467
1885
2375
1886
1886
1955
1886
1816
1885
1956
2375
1886
2445
1467
2374
1886
1956
1955
1885
2375
1955
2374
1955
1886
1955
1886
1886
2305
2444
1886
1397
1886
1886
1956
1886
1467
1886
1956
1886
1955
978
1886
1466
2444
1886
1816
1467
1886
1886
1886
1816
1886
1886
1955
1466
1955
1466
1467
2305
1397
1886
2374
1886
1886
1956
1956
1955
1885
1886
1886
1955
1816
1886
1886
1885
978
1885
1886
1886
2374
1885
1886
1816
1885
1956
1885
1885
1955
2793
1886
1397
1397
1956
1956
1955
1955
2305
1955
2445
1886
978
1467
1956
2375
1397
1886
2375
1886
2933
1397
2864
1886
2375
1886
1397
2374
1885
1886
2375
1397
1955
2864
978
1956
1956
1886
2374
1467
1397
1886
2374
1397
1397
2444
1885
1956
1467
1397
1885
1397
1467
1885
977
1886
2375
1396
1886
1885
1886
1956
1886
3771
1467
1885
1467
1886
1886
1886
1885
1466
1397
2863
1466
1955
1956
1397
1885
1885
1397
1816
2375
1467
977
1886
1886
1886
1816
2863
2444
1885
1467
1955
1467
2445
1816
2793
2375
1885
1956
1886
1467
1397
1886
1886
2375
1886
1397
1956
1956
1466
1885
1956
1397
1397
1956
1886
1397
1886
1397
1467
1886
1956
1397
1816
2305
2375
1886
1397
1396
1467
1467
2444
2375
1397
1885
1467
1886
14177
1885
1956
1467
2374
1466
1956
1397
1886
1397
2375
1956
1956
1397
2374
1885
1956
1397
2375
1956
1886
1955
1955
1816
1397
1466
1886
1956
1956
1397
1397
1397
1885
1885
1886
1397
908
1467
1956
1815
1396
1886
1397
1396
1397
1397
1886
1466
1396
1397
1955
