2373
2443
1955
1466
1955
1815
2374
2444
2374
1885
1885
1955
2443
1955
1955
1955
2374
1885
2792
1885
2374
1954
1885
1884
2792
2374
2373
1954
1955
1955
1885
2373
1396
1885
1885
1954
1884
1955
1885
1885
1885
2862
1955
1885
1884
1954
1466
1885
1885
1955
1885
1885
2373
1815
1467
2374
1466
1885
1954
1885
1955
1885
1885
1885
1954
1885
1885
1954
1954
1885
1955
1955
1885
1954
1885
1955
1955
2304
2373
1884
1955
1955
2373
2863
1885
1884
1885
1885
1885
1885
1885
1954
1955
1885
1955
1885
1954
1885
2374
1954
1955
1955
1885
1955
1955
1885
1885
2862
1955
1397
1816
1955
1815
2374
3770
1885
1955
1884
1885
1885
1815
1885
1954
2443
1885
1955
1954
2373
1955
1955
1885
1885
1885
2373
2304
1955
1885
1815
1466
1885
1955
1885
2373
2304
1955
1885
1885
1885
1955
1954
1885
2303
1466
1885
1954
2303
1885
1955
1885
1885
1815
1815
1955
1884
1885
2863
2374
1815
1955
1954
1885
1885
2374
1815
1885
1816
1954
1885
1885
1955
1815
1815
1954
1954
1885
1954
1885
1954
1885
1954
1885
1885
1955
1884
1396
1955
2373
2443
1815
1815
1885
1884
1884
1466
1885
69043
1884
1885
1955
1885
1885
1885
1954
1885
1955
1885
1885
1955
1885
1954
1884
2443
2373
1885
1954
1884
1954
2374
2304
1885
1466
1885
1885
1885
1885
1466
1954
1815
1885
1466
1955
1885
2443
1466
1955
1955
1885
1885
1885
1885
2373
1955
1955
1954
2374
1885
1955
1885
2862
1885
1884
1885
1955
1885
1884
2862
1885
1815
1816
1885
1954
1885
1955
1884
2374
1885
1955
1885
2862
2374
2443
1885
1885
1955
1885
1885
1955
1885
1466
2373
1885
1815
1955
1466
2374
2374
1885
1885
1885
1955
1955
1885
3351
2373
1885
1396
1884
1955
1955
2793
2373
1885
2374
2373
1885
1885
1955
1885
1885
1885
1955
1955
2374
1885
1815
1955
2863
2373
1955
1955
2373
1955
1815
1955
2304
2863
1954
1466
1955
1954
2374
2444
2373
2444
1885
1885
1885
1885
1955
1955
1885
1815
1815
2373
2374
1955
1884
1955
2373
2374
1885
2443
1885
1815
1954
1884
2374
1885
2373
2374
2862
1885
1885
1955
2373
908
2862
1885
1954
1885
1885
1885
2373
977
1954
1885
1955
1885
1954
1884
1885
1955
1815
1885
1885
1955
1955
2793
1885
1396
2862
1885
1885
1815
1955
1955
1955
1955
1885
1885
1885
1396
1466
1466
1885
1816
1885
1955
1397
1885
1885
1466
1466
1885
1885
13683
1885
2374
1885
1954
2373
1815
1955
1466
1885
1955
1955
1815
1885
1955
2373
1885
2304
1885
2862
2793
2932
1815
1816
1466
1884
2374
1955
2443
1466
2863
1885
1885
1885
1466
1396
4747
1954
1885
1884
2374
1954
2304
1955
1885
1885
1885
1954
1885
1885
1955
2373
1466
1955
1955
1885
1815
1885
1397
1884
1885
1885
1885
1466
1396
2862
1885
1885
1955
1885
1885
1885
1885
1466
1397
1955
1885
1815
1885
1396
1396
1466
1885
1955
1955
1885
2443
1815
2373
3840
1885
1885
1396
977
2373
2374
2444
1955
1885
2443
1885
2374
2444
1885
2373
1954
1467
1396
1885
1396
1885
2304
1955
1885
1885
1885
2304
1396
1885
1885
1884
1955
1466
1885
2304
1954
2444
2304
2443
1884
2374
2374
1885
1885
1466
2932
2374
2374
1955
1955
18360
2373
1885
1885
1885
1885
1885
2373
1955
1955
1885
1466
2304
1954
1955
2374
1885
1466
2443
1885
2304
908
2374
1955
1885
1885
1955
977
1955
2303
1885
1955
2443
1885
2444
1955
2793
1885
1396
2374
2862
2373
2373
1885
2374
2862
1396
2373
1466
1955
1885
1815
1885
1954
1954
1815
2373
1954
2374
2373
2304
1885
1885
1885
1396
1954
1955
1955
2932
1884
2444
1815
1884
1884
2444
1466
1884
2374
2374
1885
2444
1955
2373
2374
2443
1955
977
1955
1885
1955
1955
1815
1885
1955
2304
1955
1954
1955
2443
2374
1955
1885
1885
1884
1885
1884
1955
1885
1885
1955
1466
1815
1397
1815
1955
1885
1885
1885
1885
1467
2374
1396
1466
2373
1885
1466
1885
1885
1955
1815
1954
2444
1884
1885
1885
1955
1885
1955
1885
1815
1955
1815
1885
1955
1885
1884
1884
2373
1466
2374
1815
1815
1954
1954
1815
2443
1885
1885
1815
2374
1885
1885
1885
1885
1466
1815
1955
1396
1885
1466
1885
1885
2373
1466
1885
1885
1885
1885
1955
1396
1955
1954
1396
1396
1815
2443
1955
1954
1885
1466
2863
1954
1955
2374
1885
1955
1885
1885
1885
1466
1466
1885
1466
1885
1955
1885
1955
1885
1466
1885
1885
1466
1815
1885
1955
1885
1466
1885
1954
1954
1955
1885
1885
1954
1396
2373
2443
1885
2443
1885
1815
2374
1466
1396
1955
1885
1885
1955
1885
1955
1815
1885
1955
1815
1955
1885
1885
1885
1885
1885
1884
1885
1885
1466
1885
1885
1885
1954
1954
1396
1954
1955
1885
1885
1885
1885
1885
1955
2374
1885
1466
1884
1955
2374
1466
1885
1466
1466
1466
1885
1955
1885
2373
2373
1466
1885
1885
1885
1466
1885
1885
1885
1885
1955
1396
1885
1396
1885
1885
1885
1885
1396
1955
2304
2373
1955
1885
1466
1885
1955
1466
1955
1955
1396
1396
2374
1885
2304
1397
1396
1885
1955
1884
2303
2303
1466
2374
2373
1954
1885
1884
1885
1885
1396
2304
2374
1885
1885
1885
1396
2374
1885
1955
1396
1466
1954
1815
25552
1815
1955
1396
1466
1884
1396
2234
1885
1466
1885
1396
1885
1955
1396
1396
2932
1885
1466
1885
1884
3351
2373
1884
1466
1885
2304
1955
1885
1955
2374
1955
1885
1815
1885
1885
2374
1885
4817
2373
2374
2444
1955
1955
1955
1885
1885
1955
2373
2374
1816
2373
2933
1885
2444
2304
1885
2304
1954
1815
2304
2373
1885
1885
1955
1466
1885
1885
1885
2443
1955
1815
2373
2373
1397
2304
1815
2374
2443
1885
1466
1885
1885
1954
1466
2304
1955
1884
