1466
1466
1467
1397
1397
1397
1467
1467
1956
1466
2374
1886
2374
908
1466
1397
1397
908
1956
1467
2304
1956
977
978
978
2305
1397
1886
1466
1397
1467
1467
1466
1467
977
1396
1467
1397
2445
1396
1397
2304
1885
1396
978
1466
1397
1467
1397
1397
1397
1466
1396
1467
1885
1467
1466
1466
1467
1397
1397
1467
978
1467
1886
1955
1816
1397
1466
2305
1885
1396
908
1466
1466
1955
1396
1467
1397
1886
978
2375
1397
1956
1397
1467
1397
1467
1885
978
978
1466
908
1885
1397
1467
1397
1397
1397
1396
1466
1956
977
1466
1955
1467
1396
977
978
1466
1397
1886
1467
978
908
1885
1466
1397
1466
1467
1467
1466
1397
1885
1397
1815
1467
978
1886
1397
1816
978
1886
1466
977
1397
1396
1886
1956
1396
1397
1396
1467
1396
1886
1885
1397
1396
1397
1397
1467
1816
1956
1397
1466
1397
1397
1467
1467
1467
1467
1397
1397
1466
1886
978
978
1466
1467
1886
1886
1397
1396
1396
1467
1397
1397
1466
1885
1467
1466
1397
1886
1466
1397
1467
2375
1885
1466
1816
1467
1396
977
1466
1886
1397
1397
1467
1397
1397
977
1396
1467
1466
1466
1397
1467
1397
1397
1397
1396
908
1397
1397
1397
1397
1397
978
1467
1397
1886
1466
2375
1396
1397
1467
1396
1467
1886
1467
2375
1466
1955
1397
978
1397
1397
1956
2445
1886
1886
1886
1397
977
1955
1397
1885
1467
1396
1886
908
1816
1396
1397
1886
1955
2374
1466
1955
1397
1466
1816
1816
1886
978
1397
1955
1397
2374
2305
1816
1397
1397
1466
1467
1467
1397
1955
1886
1886
1466
1397
1885
978
978
1885
1955
1467
1397
978
1396
1467
1467
978
1396
1815
3841
1467
1397
1397
1397
1816
1397
1466
1397
977
978
1886
1397
2444
1466
1886
2374
1886
1466
1956
1397
1397
908
1467
1467
978
1467
1955
978
1956
978
908
1396
1397
1397
908
1466
977
977
1955
1467
1816
1467
1885
1886
1885
1886
978
1396
1397
1886
1466
1885
1467
1467
1467
1886
1886
1886
1956
1955
1885
1397
1885
1816
1886
1956
1397
1466
1467
1397
1397
978
1467
1397
1396
1397
1397
1467
1397
1327
978
908
1466
1397
1886
1466
978
978
1467
1396
2794
1396
1466
2374
908
1956
1466
1885
1396
1466
1467
1396
2445
2374
1396
1886
1886
1397
1397
1397
1955
1397
1467
1956
908
1885
1886
1466
1466
1466
1397
1397
1885
978
11453
1396
1886
1955
1467
1396
1886
1885
1467
1885
1397
1397
1467
2375
1885
1885
1467
1885
1467
1467
1886
1955
1397
1397
1816
1397
1955
1886
1397
1955
1885
1466
1397
1397
1886
1886
1886
1886
1467
1397
1397
1886
1956
1956
1886
1397
1396
1466
1466
1397
1955
1885
1955
1886
1885
1886
1886
1397
1467
1466
1397
1467
1467
1467
1397
1397
1467
2374
1816
1956
1886
1466
1397
1396
1397
1397
1397
1956
1397
1886
1397
1397
1466
1466
978
1397
1885
1397
1466
1956
1397
1467
1397
1397
1955
1956
2374
18647
1397
1467
1396
1466
1396
1886
1467
1397
1885
1885
2374
1955
1955
1467
978
1467
1885
1886
1397
1816
1956
1467
1467
1467
1396
1466
1885
1397
1886
1955
1467
1396
1467
1397
978
1955
1886
1956
1396
1955
2934
2374
1816
1886
1956
1467
1397
1886
1397
1886
1885
1956
1816
1885
1397
1956
1467
2374
1885
1956
1815
1397
1397
1397
977
1956
1956
978
1885
1397
1467
1956
1886
1956
1955
1886
1886
1466
1467
1885
1886
1397
1396
1466
978
1397
1955
1886
1397
1466
1397
1397
1467
1397
1466
1467
1397
1955
1397
1886
1466
1466
1397
1397
1466
1466
1466
1397
1886
1466
1397
1467
1467
1397
1466
1466
1885
1956
1466
1466
1397
1466
1956
1886
16342
1397
1467
1466
1397
1397
978
977
1397
2305
1885
908
1396
1397
1955
2305
1955
1956
1956
1467
1466
1467
1467
1467
2305
1955
1886
1956
1886
1467
1397
1467
1396
1467
1886
1885
1397
1397
1396
978
1396
1396
1397
978
2374
1955
1886
1886
1397
1467
1397
1396
1396
1467
1885
1397
1397
1396
1397
1885
1955
1955
1886
1815
1886
1816
1956
1885
908
2374
1816
1886
1885
1955
1467
1466
908
1397
1467
1885
1397
1466
1396
978
1467
1886
1885
1885
1397
1886
1397
1467
2933
2304
1396
1396
1815
1955
1886
1466
1956
1885
1467
1466
1885
1886
1397
1467
2444
1956
1886
1885
1886
1397
1396
978
1886
2304
1397
1327
9917
1466
1397
2444
1956
1467
1396
1397
1467
1397
1885
1955
1886
1955
1397
1466
1467
1397
1466
1397
1886
2445
1397
1466
1886
1956
1397
1397
1955
1397
1467
2305
2375
1886
1467
1467
1886
908
908
2863
1956
1885
1885
1397
2375
1956
1397
1397
1466
1396
1397
1467
1397
978
2374
1467
1467
1466
2375
1955
1467
908
1397
1467
1886
1397
1467
1466
1397
1886
1886
1886
1467
1466
1397
1467
1397
1466
1886
1467
1466
1397
1886
1467
1467
1886
1955
1885
1955
1467
1467
2444
1467
1885
1466
1886
1886
1955
1397
2305
1396
1885
1886
1886
1816
1466
1886
1885
2305
1886
1815
1466
1466
1467
1956
2374
1956
1467
1397
1467
1466
1466
1467
1397
1955
1886
1885
1956
1466
2375
1885
1886
1885
1397
1885
1467
1397
1886
2444
1886
1886
1955
908
1886
1886
1886
1955
1466
1397
2305
1956
1886
1886
1886
1397
1397
1956
1956
1467
1956
1396
2444
1956
1955
1886
1955
1466
1467
1397
1397
1886
1885
1886
1886
1396
1467
1466
1467
1397
1885
1466
1467
978
1886
1397
1397
1397
1886
1397
1397
1396
1886
1956
978
1397
1955
1397
1397
1397
1886
1885
1466
2374
1396
978
1466
1396
1397
1467
1397
1397
1886
1885
1467
2863
1397
1467
1396
1397
1397
1396
1396
1467
2375
2304
1467
1397
1467
1327
1467
1467
2375
1396
1467
1886
1886
1396
