1886
1886
1467
1467
1397
1397
1466
1397
1397
1397
1397
1397
1885
1466
1396
1467
1397
1466
1467
1886
1956
1466
1467
1397
1397
1397
1397
1885
1397
1466
1397
1397
1467
1467
1397
1467
1397
1956
1467
1397
1396
1396
1466
1397
1396
1466
1886
1467
1467
1466
1886
1397
1397
1396
1397
1467
1396
1397
1466
1816
1466
1886
1467
1466
1396
1397
1886
1467
1397
1885
1397
1397
1397
1467
1396
1467
1886
1466
1397
1467
978
1467
1397
1396
1466
1466
1397
1467
1467
1955
1396
978
1886
1466
1397
1885
1466
1467
1397
1886
978
1397
1396
1467
1956
1397
1467
1886
1886
1466
1886
11803
1467
1397
1467
1467
1397
1886
1397
1466
1466
1467
1467
1396
1467
1467
978
1466
1467
1396
1396
1397
1397
1467
1397
1397
1397
1397
1466
1885
1397
1397
1397
1467
1885
1467
1466
1397
1467
1466
1466
1397
1467
1397
1397
1396
1956
1397
1467
1466
1397
1885
1466
1885
1886
1467
1397
1466
9149
1956
1397
1397
1397
1467
1467
1467
1397
1886
1466
1397
1397
1396
1467
1397
1886
1467
1397
1886
1467
1886
1397
1886
1886
1397
1397
1886
1467
1886
1466
1396
1467
1467
1397
1467
1467
1886
1397
1467
1955
1396
1816
1397
1397
1397
1467
1466
1396
1467
1466
1466
1885
1467
1467
1467
1885
1397
1397
1397
1397
1886
1885
1397
1466
1397
1466
1466
1815
1397
1467
1466
1397
1397
1467
1397
1956
1467
1397
1397
1886
1397
1397
1396
1886
1397
1466
1467
1467
1466
1886
1396
1886
1466
1886
1397
1397
1467
1397
1885
1397
1467
1397
1886
1397
1466
1396
1396
1466
1886
1886
13130
1467
1815
1397
1396
1467
1956
1396
1397
1467
1467
1467
1397
1467
1397
1467
1397
1397
1397
1886
1467
1466
1467
1397
1467
1397
1397
1467
1467
1397
977
1467
1467
1886
1397
1397
1397
1467
1397
1396
1397
1396
1397
1397
1397
10895
1467
1397
1467
1467
1886
1467
1466
1396
1396
1397
1467
1886
1467
1397
1397
1397
1397
1467
1467
1886
1467
1466
1466
1467
1397
1466
1466
1467
1467
1397
1467
1397
1397
1397
1397
1467
1467
1397
1397
1467
1466
1886
1397
1467
1397
1467
1396
1886
1397
1397
1886
1397
1466
1396
1816
1467
1397
1467
1886
1397
1467
1466
1397
1397
1397
1397
1396
1467
1397
1397
1467
1397
1397
1397
1397
1466
1467
1397
978
1397
1467
1816
1466
1466
1397
1397
1886
1816
1467
1396
1397
3282
1467
1886
1397
1816
1885
1886
1466
1886
1886
1397
1467
1466
1397
1885
1397
1467
1466
1467
1397
1886
1467
1467
1885
1397
1397
1397
1397
1466
1467
977
1397
1397
1397
1397
1396
1467
1466
1886
1467
1396
1397
1467
1397
1397
1397
1467
1467
1467
1815
1397
1467
1397
1466
1467
1467
1397
1397
1396
1466
1466
1467
1467
1466
1397
1397
1397
1397
1397
1885
1397
1467
1467
1397
1956
1467
1886
1816
1397
1885
1466
1467
1466
1467
1886
1466
1467
1885
1815
1466
1397
1466
1466
1956
1397
1467
1397
1466
1397
1397
1886
1466
1467
1886
1397
1397
1397
1396
1467
1397
1467
1397
1467
1396
1815
1886
1397
1467
1466
1396
1467
1397
1467
1397
1466
1956
1467
1467
1467
1397
1397
1467
1466
1467
1397
1397
1397
1467
1956
1397
1396
1466
1397
1397
1396
1467
977
1397
1397
1397
1397
1886
1396
1397
1467
1396
1397
1467
1467
1397
1397
1467
1466
1467
1397
1467
1397
1396
1397
1467
1397
1467
1397
1397
1467
1886
1955
1466
1397
1397
1467
1397
978
1397
1397
1397
1467
1816
1326
1467
1466
1397
1397
1397
1397
1397
1886
1466
1397
1397
1397
1466
1397
978
1396
1467
1397
1397
1467
1467
1467
1397
1397
1886
1397
1397
1397
1467
1397
1397
1886
1467
1397
1885
1467
1467
1397
1467
1467
1466
1396
1886
1466
1467
1467
1397
1397
1467
1466
1397
1466
1467
1396
1397
907
1396
1397
1397
1397
1397
1397
1397
1397
1397
1467
1397
978
1467
1466
1396
1467
1467
1397
1956
1467
1466
1886
1397
1397
1467
1467
1397
1397
1397
1397
1466
1397
1467
1397
1396
1466
1397
1397
1397
1466
1396
1397
1397
1397
1397
1396
1956
1397
1396
1466
9498
1467
1466
1466
1466
1397
1886
1885
1397
1397
978
1466
1816
1396
1467
1886
1397
1467
1397
1397
1397
1886
1466
1467
1466
1397
1396
1397
1397
1885
1886
978
1467
1397
1467
1466
1397
1396
1397
1397
1886
1397
1397
1467
1397
1467
1955
1886
1466
1467
1466
1396
1397
1397
1955
1397
1397
1466
1467
1397
1397
1886
1396
1397
1466
1397
1397
1466
1466
1466
1397
1397
1467
1467
1466
1397
1397
1467
1397
1397
1396
1467
1397
1397
1397
1467
1397
1467
1396
1955
1397
1467
1467
1396
1467
1397
1397
1397
1397
1467
1886
1397
1397
1396
1397
1397
1397
1466
1397
1467
1886
1396
1397
1397
1397
1467
2374
1397
1467
1397
1397
1467
1467
1397
1397
1397
1397
1467
1466
1396
1885
1397
1397
1467
1397
1467
1466
1886
1885
1397
1397
1467
1466
1885
1466
1397
1466
1396
1467
1466
1397
1886
1397
1467
1467
1396
1467
1396
1467
1467
1885
1467
1885
1816
1397
1397
1467
1397
1885
1466
1396
1397
1466
1397
1885
1466
1397
1396
1397
1397
1397
1467
1397
1397
1397
1397
1467
1467
1467
1397
1466
1397
1467
1466
1466
1397
1397
1397
1397
1467
1396
1397
1467
1467
1397
1886
1467
1466
1397
1467
1816
1397
1885
1397
1886
1466
1466
1885
1467
1397
1396
977
1466
1467
1467
1396
1466
1467
1397
1467
1467
1467
1396
1467
1956
1397
1815
1885
1397
1886
1466
1397
1467
1396
1397
1885
1397
1466
1396
1467
1467
1397
1466
1886
1886
1397
1466
1467
1885
1397
1397
1466
1956
1955
1885
1397
1397
1397
1467
1466
1467
1397
1467
1397
1466
1467
1397
1466
1397
1397
1467
1886
1467
1956
1466
1397
1396
1466
1885
