977
1467
1396
1397
1397
1397
1886
1466
1886
1397
1396
1886
1397
1397
1397
1886
1466
1397
1396
1397
1396
2374
1397
1467
977
1397
1397
1886
1397
1467
1397
1397
1397
1397
1466
1956
1397
1397
1397
2933
4749
1816
1397
2375
1397
1397
978
1467
1467
908
1886
1397
1397
1466
1467
1956
1467
1886
1396
1397
1956
1467
1467
1397
978
2444
1886
1467
1467
1396
1466
1467
1886
1397
1956
1886
1466
1885
1397
1467
1466
1816
1955
1466
1396
2374
1886
1467
1885
1886
1886
1956
2374
1467
2933
1397
1397
1467
1397
2934
1886
1397
1397
978
1467
1955
1956
1467
1467
1816
1466
1467
3772
1397
1397
1467
1467
1956
1955
1397
1885
1467
1397
2374
1816
1886
2375
1397
1397
1885
1397
1397
1956
1467
1397
1955
1467
1467
2375
2444
1397
1467
1397
2374
1397
1397
978
1397
1466
1397
1397
1816
1886
1397
1467
908
1466
1397
1467
1397
1466
1397
1467
1397
1466
1816
1467
2863
1396
1467
1886
2444
1466
1467
1397
1397
1467
1397
1467
1467
978
1397
1467
1467
1467
1886
1467
1956
1467
1886
1397
1467
1397
1467
1397
1816
1466
1396
1466
1467
1397
978
1467
1397
1467
1956
1467
1396
1397
1466
1467
1467
1956
977
1397
1886
1467
1397
1397
1397
1397
1397
1886
1466
1396
1397
1467
1397
1956
1327
1955
1397
1466
1397
1397
978
1397
1396
1397
978
1955
1886
1397
1466
1956
1885
1885
1467
1467
1397
1816
1466
1396
1467
1397
1397
1466
1467
1886
1467
1397
1396
1886
1397
1466
1397
1397
1397
1467
1397
1467
1467
1397
1397
1956
978
2375
1467
1467
1397
1886
1466
1467
1886
1466
1397
1467
1885
1397
978
2305
1397
1955
1467
1886
1397
1816
908
1467
1466
1397
1396
1397
978
1816
1467
978
1467
1396
1466
1397
1467
1886
1467
1955
1886
1397
1956
1397
977
1955
1467
1467
978
1467
1886
1466
1886
1467
1467
1467
1467
1467
1466
1816
1396
1467
1397
1467
6705
1467
1467
1467
1816
977
978
1397
1396
1885
978
1396
1397
1397
1466
1397
1466
1815
1397
1886
1397
2305
978
1467
1466
1467
1397
1396
1466
1397
2374
1397
1397
1886
1396
1467
1466
1397
1397
1467
1886
1466
1397
1397
1466
1397
1956
1397
1467
1466
1397
978
1397
1466
1397
1886
1397
1467
1466
977
1397
1397
1956
1397
1955
1397
1396
1467
1397
1467
1397
978
1397
1397
1397
1467
1397
1956
1956
978
1885
1467
1467
1956
1467
1466
1467
1467
1467
1467
1815
1396
1467
1397
1885
1397
978
1467
1467
1467
1956
1885
1397
1397
1886
1467
1396
978
1397
1467
1397
1467
1956
1467
1467
1397
978
1466
1886
1467
1886
1466
1466
977
1467
1467
1466
1397
978
1396
1467
1467
1886
1467
978
1467
1397
1397
1467
1397
1467
1886
1397
1397
2374
1397
1467
1397
978
1466
1956
1396
978
1886
1397
1955
1397
1955
1466
1467
1466
1467
1955
1397
1955
1397
1397
1886
1886
1397
1466
908
1397
1397
1886
1467
1397
1467
2444
1396
1467
1886
1467
1396
1397
1397
1467
2375
978
1467
1467
1467
1885
1397
1397
1886
1397
1397
1467
1467
1467
1886
1886
1397
1467
908
2864
1397
1397
1956
1466
1397
1467
1397
1956
1397
1467
1885
1466
1466
1397
1467
1886
1397
1467
1466
1955
1955
1397
1467
1816
1397
1396
978
1397
1396
1955
1397
1397
1467
1467
1396
1467
1467
1397
1397
1466
1396
1467
1467
1467
1397
978
1467
1466
1955
1956
1466
1397
1467
1397
1397
1466
1396
1397
1467
1397
1886
1397
1466
1397
1397
1467
1886
2863
1397
1466
1397
1467
1397
1397
1467
1466
1466
1467
1397
1397
1467
1396
1886
1466
1886
1956
1397
8171
1397
1467
1956
1467
1955
1397
1886
1397
1467
1885
2374
1397
1466
1955
1816
1466
1397
1466
1466
1397
1467
1955
1397
1397
1885
1815
1397
1397
1397
1397
1396
1397
1397
1467
978
1397
1466
1396
1467
1397
1397
1467
1467
1466
1466
1467
1886
1397
1466
1466
1467
908
1886
1397
1816
1397
1466
1466
1956
1467
1466
1396
1397
1955
1397
1396
1397
1886
1397
1467
1396
1956
1397
1397
1886
1397
1467
1397
1397
1397
1467
1397
1467
1397
1886
1466
1397
1956
1396
1467
978
1956
1467
1397
1467
1466
1397
1467
1816
1396
908
1466
1397
1955
1397
1467
1467
1467
977
1397
1467
1466
1886
1467
2375
1466
1886
1397
1397
1397
1397
1397
1397
1397
1467
1467
1396
1396
1397
1955
1397
1466
1396
1467
1467
1397
1397
1466
1467
1397
1886
1397
1955
1955
1397
1397
977
1886
1466
1467
1397
1467
1397
1397
1397
1467
1886
1467
1467
1467
1467
1397
1397
1397
1397
1467
1397
1466
1467
1466
1396
2375
1467
1955
1397
1467
1467
1886
1467
1466
2375
1467
1467
1886
1396
1466
1886
1466
1397
1397
1467
1396
1886
1466
1886
1397
1467
1467
1397
1467
1397
1397
1397
1397
1397
1467
1467
1397
1467
1886
1956
1397
978
1397
1467
1886
1886
1397
1397
2375
1466
1397
1816
1467
1327
977
978
1397
1397
1467
1397
1467
1397
1886
1955
1397
1397
1466
1397
1466
1955
2375
1466
1955
1397
1397
1466
1397
1466
978
1886
1467
1397
1397
1956
1467
1397
1886
1955
1397
1886
1467
1396
977
1397
1466
2304
1397
1397
1397
1397
1397
1467
1886
9219
1397
1397
1467
1397
1886
1886
1397
1466
2374
1397
1397
1955
1467
1397
1397
1397
1886
1396
1397
1955
978
1467
2374
1956
1396
1397
1397
1955
1397
1466
1886
1467
1397
1886
1467
1466
1467
1816
908
1466
2375
1466
1397
1397
1397
1467
1467
1466
1397
1466
1396
2374
1467
1955
1885
1467
1397
1397
1467
1467
978
1397
1956
1397
2375
1467
1467
1467
1397
1396
1886
1397
1397
1397
1397
1397
1467
1396
1397
1467
1466
1466
1466
1886
1885
1397
1397
1466
1467
1396
1886
