1466
1397
978
1467
908
1397
1466
1467
1397
1397
1397
1397
1466
1397
1397
908
1956
1397
1397
1467
1467
1886
1467
1467
1467
1397
1467
1467
1467
1397
1467
1466
1397
1467
1956
1885
1466
1397
1467
1397
1467
1467
1467
1467
1467
1886
1397
1886
1397
1956
1467
1467
1397
1466
1885
1956
1397
1466
1466
1886
1397
1396
1397
1467
1956
1467
1886
978
1467
1397
1467
1397
1466
1467
1397
1397
1397
1467
1397
1397
1397
1467
1397
1467
1467
1397
1956
1467
1467
1467
1466
1397
1467
1397
8032
1467
1396
1467
1467
1467
1396
1467
1467
1397
1397
1467
978
1885
1397
1397
2305
1397
1397
1466
1466
1466
1886
1467
1396
1397
1466
1467
1397
1397
1397
1467
908
1397
1396
1816
1397
1886
1467
1397
2445
1467
1885
1466
1885
1886
1467
1397
1397
1885
1397
1397
1467
1885
1397
908
1816
1466
1467
1886
1397
1397
1467
1467
1467
1467
1467
1955
1397
1397
1397
1467
1397
1397
1886
1886
1397
1956
1467
978
1467
1397
1397
1956
1397
1397
977
1397
1467
1467
1467
1396
1397
1467
1467
1397
1467
1397
1886
1467
978
1397
1956
1886
1397
3353
1396
1467
1397
2864
1397
1397
2444
1397
1466
1397
1467
1467
1327
1955
1466
1397
1466
1885
978
1467
1397
977
1397
1397
1397
1466
978
1467
1886
1397
1467
1397
1397
1956
1397
1396
1955
1397
1397
1466
1397
1467
1397
1397
1956
1466
1467
1397
1396
1466
1956
1467
1466
1397
1397
1467
1466
1955
908
1466
1397
908
1397
1467
1466
2305
1886
1467
1886
1396
1886
1397
1467
1467
1397
1396
978
1467
1397
1466
1467
1466
1397
1397
1886
977
1397
1397
1397
1397
1467
1397
1467
1397
1397
978
1397
1397
1397
1467
1886
1397
1397
1467
1467
1397
1466
1397
1467
1467
1466
1886
1466
1467
977
1397
1467
1397
908
1397
1397
1397
978
1816
1397
1467
1467
1885
1955
1467
1397
1955
1397
1467
1397
1886
1886
1397
1466
1397
1397
1397
1397
1397
1467
1397
978
1397
1467
1397
1397
978
1397
1397
908
1397
908
978
1467
1327
1397
1397
1397
1396
1397
978
1397
1467
1467
1397
978
1886
1397
1397
1397
1397
1467
1397
1397
1397
1397
1397
978
1467
977
1466
978
1467
1467
908
1397
1397
1467
1397
1397
1397
2305
1467
1466
1397
1467
1467
1397
1467
1467
1467
1397
1467
1397
1397
1397
1467
1397
1397
1397
1467
1397
1397
1396
1467
1466
1467
1396
1397
1397
978
1397
1886
1397
1397
1397
1397
1466
1467
1397
1397
1466
1467
1397
1467
1397
1397
1397
1397
1397
1886
1467
1467
1466
1397
1467
1397
1397
1397
978
1467
1397
1397
1467
1397
1885
1886
1397
1466
1467
1397
1467
1397
1956
1467
1397
1467
1467
1467
1467
1397
1397
1466
1397
1466
1467
1397
1396
1467
1397
1397
1397
1466
1467
1397
1467
977
1466
1397
1397
1955
1467
1466
1467
1467
1397
1467
1397
1397
1467
1466
1397
1466
1885
978
1397
1397
1466
1397
1397
1397
1467
1397
1466
1466
978
1397
1397
1886
1397
1397
1467
1467
1396
977
1467
1397
1467
1397
1396
1886
1885
1467
1397
1397
1467
1467
1397
1467
1466
978
1467
1397
1397
1397
1467
1397
1397
1397
1467
1397
1397
1397
1466
1466
1397
1397
1467
1467
1467
1397
1397
1397
1397
1397
1397
1397
1397
1467
1816
1467
1397
1397
1467
908
1397
1467
1397
1467
1397
1467
1397
1467
1816
1467
1397
1397
1397
1397
1816
1397
1467
1467
1397
1397
1397
1396
1397
1467
1397
1397
1886
1467
1467
978
908
978
1397
1467
1466
1956
1397
908
1397
1467
1467
1397
1397
1467
1397
978
1397
1397
1466
1397
1397
1467
1467
1955
1467
978
1396
1467
1467
1397
1467
978
1397
1397
1397
1466
1467
1466
1397
1397
1467
1397
1467
1397
1397
1467
1397
1396
1467
978
1397
1397
1397
1397
1397
1886
1397
1397
1397
1467
1466
1327
977
1467
1467
1467
1397
1467
1397
1466
1467
1467
1397
1397
1886
1466
1397
1466
1886
1467
1397
1466
1467
1397
1397
908
1396
978
1397
1467
1467
1467
1397
1886
1397
1397
1886
1397
1396
1397
1466
1467
1397
1396
1467
1397
1467
1397
1467
1466
1397
978
1397
1397
1886
1397
1467
1397
1467
1467
1397
1467
1466
1396
1397
1466
1397
1467
1397
1467
1467
1397
1397
1397
1467
1397
1397
1467
1466
11036
1396
1467
1397
1466
1466
1466
1397
1466
1467
1467
1397
1397
1956
1397
1397
1886
978
1397
1397
1467
1397
1397
1467
1467
1467
1397
978
1467
1886
1467
1467
1467
1466
1397
1467
1885
1467
1397
908
1397
1467
1467
1466
1466
1397
1397
1397
1397
1467
978
1467
1467
1467
1397
1466
1886
1397
1886
1397
1397
1467
1467
1467
1397
1397
978
1467
1397
1466
1467
1466
1467
1397
1397
1397
1397
1397
1396
908
1885
1397
1467
1886
1467
1467
1467
1466
1397
1397
1886
1397
1467
1397
1467
1397
1466
1397
1467
1467
1397
908
1397
1397
1467
1397
1397
978
1467
978
1397
1467
1886
1397
1397
978
1397
1955
1397
1467
1397
1467
1397
1397
1397
1397
1397
1397
978
1397
1886
1466
1397
1397
1397
1397
1955
1466
1397
1397
1467
1467
1816
1397
1467
1467
1466
1467
1467
908
1956
8522
1397
1467
1397
1397
1397
1467
1396
1467
1467
1397
1397
1397
1397
1397
1397
1397
1886
1397
1396
1397
1397
1397
1397
1467
1397
1397
1467
1396
1467
978
1397
1396
1467
1397
1397
1466
1397
1467
1467
1397
11384
1467
1397
1397
1397
1467
1397
908
1397
1397
1466
1467
978
1467
1397
1466
1397
1885
1397
1397
1397
1397
1397
1397
1467
1467
1397
1467
1397
1467
1467
1467
1467
1397
1886
1816
1467
1955
1397
1467
1467
1886
1466
1397
1467
1397
1397
1397
1397
1397
1467
1467
1466
1467
1466
1397
1885
1397
1397
