1467
1396
1467
1397
1397
1467
1886
1467
1886
1467
1397
1467
1397
1467
1467
1397
1397
1466
1397
1467
1397
1466
1467
1467
1466
1886
1886
978
1397
1397
1397
1397
1466
1466
1397
1467
1397
1467
1397
1467
1397
1397
1467
1467
1397
1397
1397
1396
1397
1467
1397
1397
1466
1397
1467
1467
1397
1466
1397
1467
1467
1397
1397
1467
1397
1467
1397
1397
1397
1885
1397
1466
1886
1397
1397
1397
1467
1397
1467
977
1396
1396
1397
1397
1397
1467
1886
1397
1397
1397
1467
1397
1396
1467
1397
1466
1886
1397
1397
1397
1886
978
1816
978
1467
1396
1396
1467
1467
1396
1466
1955
1467
1397
1886
1397
1397
1467
1467
978
1396
1397
1397
1466
1466
1956
1397
1467
1397
1885
1466
1467
1467
1397
1467
1467
1466
1397
1955
1466
1397
1816
1886
1886
1466
1466
1396
1396
1397
1397
1397
1466
1397
1397
1467
1467
1466
1467
1397
1466
1956
1467
1397
1467
1397
1397
1397
1467
1396
1886
1397
1467
1397
1397
1467
1467
1397
978
1467
1466
1396
1397
1397
1397
978
1467
978
1397
1467
1467
1466
1466
1467
1396
1397
1466
1396
1396
1396
1886
1466
1397
1397
1397
1886
1397
1467
1397
1397
1396
1467
1467
1397
1396
1397
1397
1467
1467
1397
1466
1467
1397
1397
1397
1397
1397
1396
1886
1466
1467
1397
1466
1886
1467
1397
1466
1397
1397
1397
1466
1467
1467
1397
1397
1397
1397
1816
1397
1466
1467
1397
1397
1886
1397
1467
1397
1467
1396
1397
1397
1466
1397
1397
1397
1397
1467
1886
1397
1466
1467
1886
1467
1397
1397
1397
1886
1467
1467
1397
1466
1467
1885
1397
1885
1466
1397
1467
1467
1467
1397
1397
1467
1466
1397
1397
1397
1397
1467
1397
1397
1396
1397
1397
1466
1397
1467
1885
1467
1396
1467
1886
1885
1467
1397
1467
1467
1467
1397
1467
1466
1466
1467
1886
1467
1467
1467
1467
1886
1956
1397
1397
1467
1467
1886
1397
1396
1467
1467
1467
1396
1467
1397
1396
1397
1397
1397
1467
1467
1397
1467
1466
1467
1885
1466
1467
1397
1397
1816
1397
1397
1396
1397
1397
1397
1466
1396
978
1397
1397
1467
1467
1397
1467
1467
1466
1397
1467
1886
1397
1467
1467
1397
1397
1397
1955
1397
1397
1397
1467
1467
1467
1397
1466
1396
1467
1397
1397
1396
1467
1397
1466
1397
1397
1467
1397
1467
1397
1886
1467
1466
1397
1467
1466
9149
1467
1467
1397
1397
1467
1397
1397
1397
1396
1396
1467
1467
1467
1467
1397
1397
1467
1467
1466
1467
1397
1467
1467
1467
1397
1397
1397
1397
1397
1466
1467
1467
1397
1467
1397
1467
1397
1397
1467
1397
1396
1396
1467
1467
1397
1396
1466
1466
1467
1467
1467
978
1466
1396
1397
1466
1397
1467
1397
1396
1467
1397
1396
1397
1467
1885
1466
1466
1467
1397
1467
1467
978
1467
1397
1397
1466
1467
1467
1816
1466
1397
1397
1467
1466
1396
1466
1397
1885
1467
1397
1466
1885
1466
8731
1397
1397
1327
1467
1466
1467
1397
1467
1397
1467
978
1467
1397
1467
1886
1397
1467
1467
1466
1467
1467
1397
978
1397
1466
1467
1467
1397
1467
1467
1397
1397
1397
1397
1397
1467
1396
1466
1885
1467
1396
1886
1397
1466
1396
1396
1396
1467
1467
1397
1466
1466
1397
1467
1467
1396
1397
1396
1466
1397
1397
1397
1397
1397
1396
1397
1327
1467
1397
1397
1397
1397
1397
1467
1397
1466
1397
1397
1467
978
1467
1467
1885
1396
1467
1467
1397
1397
1886
1467
1885
1397
1467
1397
1397
1396
1397
1467
978
1397
1466
1397
1396
1467
1466
1396
1886
1397
1467
1467
1397
1397
1397
1467
1466
1397
1397
1467
1397
1467
1396
1466
977
1466
1467
1397
1467
1397
1397
1467
1466
1467
1397
1467
1886
1467
1396
1885
1466
1467
1885
1397
1955
1397
978
1885
1397
1886
978
1397
1396
1466
1397
1397
1885
1467
1397
1886
1397
1466
1467
1396
1397
1397
1397
1397
1397
1467
1466
1467
1467
1397
1467
1397
1466
1397
1467
1466
1397
1397
1397
978
1467
1397
1467
1886
1466
1397
1467
1397
1397
1466
1466
1466
1466
1467
1467
1396
1396
1467
1397
1397
1397
1466
1467
1397
1397
1466
1397
1397
1397
1466
1397
1397
978
1397
1467
1397
1397
1397
978
1397
1466
1397
1397
1397
1467
1396
1396
1397
1397
1396
1467
1467
1397
1885
1397
1467
1396
1467
1466
1467
1396
1397
1467
1816
1397
1397
1397
908
1397
1397
1886
1886
1885
1467
1467
1396
1396
1326
2375
1467
1397
1466
1397
1397
1396
1397
1467
1397
2444
1397
1466
1396
1886
1397
1466
1466
1396
1466
1396
1467
1397
1397
1467
1397
1397
1467
1467
1397
1885
1955
1466
1396
1467
1466
1397
1467
1466
1885
1397
1467
1885
1467
1397
1397
1397
1397
1466
1396
1466
1397
1396
1397
1396
1467
1397
1397
1885
1466
1397
1467
1467
1467
977
1467
1397
1397
1467
1886
1467
1396
1396
1466
1397
1467
1466
1466
1956
1886
1397
1397
1397
2374
1467
1467
1397
1467
1397
1467
1397
1396
1397
1397
1397
1397
1397
1467
17111
1397
1397
1397
1467
1886
1466
1397
1466
1467
1397
1397
1466
1397
1396
1397
1397
1397
1467
1397
1397
1466
1397
1467
1397
1397
1397
1397
1397
1467
1397
1466
1466
1397
1397
1467
1396
1466
1397
1396
1467
1467
1467
1397
1885
1397
1885
1397
1466
1467
1397
1467
1467
1467
1467
1886
1466
1396
1467
1467
1397
1397
1396
1467
1466
1467
1466
1396
1885
1397
1397
1467
1886
1467
1955
1886
1397
1466
1397
1396
978
1467
1956
1396
1397
1396
1397
1397
1397
1467
1467
1397
1466
1467
1397
1467
1397
1396
1467
1467
1397
1396
1466
1397
1397
1466
1397
1955
1467
1397
1396
1467
1467
1467
1397
1397
1397
1885
1396
977
1466
1397
1886
1397
1397
1467
1397
1467
1886
1467
978
1466
1397
