1467
1885
1885
1397
1466
1467
1955
1397
1886
1955
1467
1467
1467
1886
1886
1396
1397
1466
1956
1886
1816
1397
1956
1886
1397
1466
1955
1396
1397
1886
1466
1397
978
1886
1956
4400
2305
1397
1886
1396
1467
1397
1397
1397
1466
1396
1816
1886
1885
1397
1467
1885
1397
1467
1467
1397
2375
1467
1467
1396
1397
1397
1816
1467
1397
1397
908
1466
1397
1885
1885
1886
1816
1956
1886
1885
1956
1396
1955
1886
1467
977
1467
1397
1955
1397
1886
1467
1466
1396
1466
1397
1466
977
1467
3841
1397
1956
1396
1397
2374
1955
1396
977
1466
1886
1466
1467
1467
1466
1466
1397
1467
1467
1397
978
1396
1396
1885
1397
2375
1956
2374
1397
1885
1886
1396
1396
1396
1397
1467
1466
1466
1886
908
1396
1956
1397
1466
1467
1467
1397
1467
1467
1397
1466
1467
2305
1396
1467
2374
1397
1397
1466
1467
1397
1397
1467
1397
1397
1955
1397
1397
1467
1397
1466
1397
1467
1886
1466
1396
1956
1467
1397
1397
908
978
1886
1397
1467
1397
1886
1397
1397
1467
1397
1397
1397
1397
1397
1467
1467
1886
1467
2375
1467
2444
1397
2375
1467
1955
1955
1956
1467
1466
1467
908
1467
1397
1397
1466
1466
1956
1397
1397
1397
1397
1885
1397
1466
1397
1397
1397
1466
1467
1396
1397
1396
1886
1467
1397
1816
1466
1886
1466
1467
1397
1466
1467
1397
1467
1466
1397
1396
978
1467
1397
1886
1467
1467
1467
1886
1397
1396
1466
1467
1397
1397
1466
908
1467
1886
1467
1397
1327
1396
1397
1466
1467
1467
1396
1397
1397
1886
1466
1467
1886
1816
1397
1397
1466
1886
1467
1397
1397
1397
1467
1396
1466
1467
1467
1397
1396
1467
1816
1396
1466
1467
1467
1396
1467
1886
1466
1467
1886
1466
1467
1397
1466
1466
1396
1466
1466
1885
1397
1886
1397
1467
1467
1397
1397
1397
1397
1397
1396
1397
1466
1885
1886
1397
1467
1467
1467
1467
978
1466
1467
1396
1397
1397
1467
977
1397
1397
1956
1397
1885
1397
1886
1886
1397
1885
1885
1955
1397
1467
1466
1467
1397
1467
1466
1467
1397
1397
1466
1396
1466
1397
1467
1397
1397
1397
1397
1397
1397
1466
1467
1466
1397
1886
978
1466
1397
1467
1467
1886
1466
1955
1467
1397
1397
1396
1397
1467
1466
1467
1956
1467
1956
978
1396
1466
1397
1466
1886
1396
978
1886
1885
1955
1396
1956
1467
1466
1886
1396
1885
1467
1397
1467
1397
1396
1886
1467
1397
1397
1397
1397
1397
1466
1467
1886
1397
1466
1467
1466
1467
1886
1397
1467
1466
1397
1397
1397
1397
908
1467
1396
1467
1466
1397
1467
1886
1466
1466
1397
1397
1396
1467
1467
1467
1396
1397
1467
1466
908
1467
2375
1467
1397
1886
1466
978
1467
1397
1467
1396
1467
1396
1396
1397
1466
1467
1466
977
1885
1466
1886
1397
1397
1467
1397
2374
1396
1397
1396
2375
1397
1466
1396
1467
1397
1397
1955
1886
1467
1397
1467
1467
1397
1466
1466
1396
1885
1886
1886
908
1397
1955
1467
1886
1467
978
1396
1467
1397
1397
1397
1396
1467
977
1886
1397
1466
1396
1396
1397
1466
1397
1886
1397
1397
1466
1396
1467
1886
1397
1467
1397
1886
1466
1466
1885
2864
1886
1956
1397
1397
2375
1467
1467
1886
13340
1885
1466
1886
1467
1396
1396
1396
1466
1397
1466
1467
1397
1955
1467
1467
1885
1467
1467
2305
1466
1396
1816
1466
1466
1467
1886
1886
1956
1397
1397
1396
2375
1467
1467
978
1466
1467
1467
1467
1397
1397
1885
1397
978
1467
1886
1396
1397
1467
1467
1397
1467
1396
1466
1397
1467
1397
2374
1397
1467
1396
1466
978
1467
1397
1955
977
1886
1956
1466
1886
1396
978
1467
2305
1886
1467
1467
1955
1396
1467
1886
1885
1955
1467
1397
1956
1397
1885
1396
1467
1886
1397
1885
1397
1467
1955
1397
1466
1397
978
1467
1466
1467
9010
1397
1466
1466
1886
1467
1886
1397
1467
1397
1397
1955
1885
1397
1467
1886
1467
1397
1397
1397
1397
1886
1467
1397
1397
1466
1886
1466
1816
1467
1397
1466
1886
1467
1397
1467
1467
1397
1467
1886
1467
1467
1397
1467
1397
1956
1397
1467
1467
1467
1397
1397
1397
977
1467
1886
1467
1466
1467
1467
1396
1466
1397
1466
1467
1886
1397
1885
1466
2375
1397
2374
1397
2444
1396
1467
1467
1467
1397
1467
1467
1886
1956
1956
1397
1397
1467
1886
1397
1886
1467
1955
1397
1466
1397
977
1886
1467
1397
1397
1397
1886
1885
1886
1886
1467
1467
1886
1397
1467
1397
1466
1886
1886
1886
1467
1467
1397
1466
1466
1467
1466
1396
1397
1467
1886
1466
1467
1466
977
1956
1885
1397
1467
1466
1886
1397
1466
1886
1466
1467
1467
1397
3353
1397
1397
1397
1467
1397
1396
2864
1396
1467
1886
1397
1396
1467
1466
2933
1397
1397
1467
1467
1397
1397
1397
1397
1397
1467
1397
1467
1467
1466
1466
1396
1397
908
978
1466
1397
1467
1885
1466
2794
1396
1397
1397
1397
1886
978
1397
1467
1467
1397
1397
1397
1955
1396
1467
1885
1467
1885
1815
1397
1397
1467
1886
1397
1397
1956
1816
1955
1886
1956
1397
1956
1397
1397
1467
1467
1816
1397
1467
1955
1466
1956
1397
2375
1886
1467
1956
1886
1466
1467
1885
1955
1397
1816
1886
1467
1397
1466
1397
1397
1397
1886
1886
1956
1466
1396
1466
1955
1886
1955
1396
1467
2445
1397
1885
1885
1886
1816
2305
1397
1466
5168
1886
1397
1397
1816
1397
1397
1885
1397
1397
1397
1396
1467
1466
1956
1397
1886
1397
1886
1955
1466
2375
1467
1467
1467
1397
1466
1467
1466
1397
1467
1467
1396
1397
1467
1816
1397
1397
1467
1466
1397
1886
1466
1885
1467
1885
1397
1886
1396
1397
1466
1466
978
1396
1466
1397
1396
1886
1886
908
1397
1467
1467
1885
1397
1397
1397
1397
