2305
978
1397
1467
1397
1886
1397
1466
1467
1397
978
1467
1955
1466
1397
1467
1397
1397
1397
1397
1467
1397
1886
908
1397
978
1466
1467
1396
1467
1886
1467
1467
1397
1956
1956
1466
1397
1467
1397
1467
1397
1397
978
1397
1397
1397
1467
1467
1466
1397
978
1467
1397
908
1467
1467
1397
1467
1955
1397
1396
1467
1466
1397
1467
978
1466
1886
1467
1397
1467
1397
908
1467
1466
1396
1466
1397
1886
1397
1467
978
1467
1397
1886
1466
978
1397
1397
1397
1467
1397
1397
1397
1397
978
1467
1956
1956
1466
1397
1466
1397
908
1955
1467
1466
1397
1467
1397
1467
1466
1466
1397
1397
1397
1467
977
1467
1397
1467
1886
1397
1467
977
1396
1397
1467
1467
1396
1397
1467
1885
1466
1397
1467
1956
1467
1396
2374
1397
1467
978
1397
1467
977
1397
1397
1467
1397
1466
1397
1397
1885
1397
1885
1956
1397
1397
977
1397
1466
1467
1467
1397
1397
1396
1466
978
978
1467
1467
1397
1467
1467
1886
1885
1397
1956
1467
1397
1956
1467
1396
1397
1396
978
1397
1397
1396
1467
1397
1886
1396
1466
1955
1467
1397
1397
1397
1396
1467
1397
1956
1397
1397
1397
1397
1466
1467
1885
1467
1886
977
978
1467
1397
1397
1467
1467
1467
1467
1467
1886
1466
1467
1467
1467
1397
1467
1886
1467
1397
1956
1397
1885
1886
1397
1467
1886
1886
1397
1397
1886
1467
1466
908
1467
1397
1397
1397
1396
1397
1956
1397
1955
1467
1397
1886
978
1467
1886
1466
1467
977
1467
1885
1396
1397
1466
1397
1397
1467
1467
1467
1467
1397
1467
1467
1397
1397
1397
1397
1466
1886
1397
1467
1396
1467
1467
1397
1397
1467
1467
1466
1397
1397
1397
1467
1397
1397
1467
1886
1397
1886
1467
1397
1396
978
1397
1396
1886
977
1956
1466
1466
1466
1466
1467
1885
1397
1467
1396
978
977
1467
1397
1467
1397
1467
1467
1467
1397
1466
8241
1467
1467
1397
1397
1467
1467
1956
1396
1397
1397
977
1466
978
1466
1397
1396
1396
1397
1397
1397
1956
1397
1397
1397
1397
1397
1396
1466
1397
1467
1397
1956
1467
1396
1397
1397
1467
1397
1956
1467
1467
1886
1397
1466
1466
1466
1466
1955
1397
1466
1397
2305
1397
1467
1397
1397
1397
1397
1397
1397
1466
1886
978
1397
1467
1397
1467
1467
1397
1467
1397
1466
1397
1467
1467
1397
977
1397
1397
1467
1467
1397
978
1397
1397
1467
1467
1467
1467
1886
1466
1397
1956
1467
1466
1466
1396
1396
1467
1466
1467
1397
1466
1467
1397
1467
1886
978
1956
978
1816
1397
13131
1466
1816
908
977
1327
1396
1397
1397
1396
1397
1466
1466
1956
1886
1955
1886
1467
1885
977
1885
1467
1397
1397
1467
1397
1397
1466
977
1397
1397
1467
1467
1466
978
1397
1397
1467
1396
908
1886
1397
1397
1467
1397
978
1467
1467
1397
1467
1397
1467
1327
1467
1467
978
1467
1885
978
1467
1466
1467
1397
1467
1397
1466
1396
1467
1397
1397
1397
1466
977
1397
1397
978
978
1397
1397
1467
1467
1397
1467
1397
1397
1397
977
1466
1885
1467
1397
1397
1466
1397
1956
1397
1955
1397
1886
1396
1955
1397
1886
1397
2375
978
1885
2444
1886
1396
1397
1396
1886
1397
1467
1466
1397
1397
1816
1467
1467
1397
1396
1397
8172
1397
1397
978
977
1397
1397
1396
1397
1467
1397
1467
1467
1467
1467
1397
1885
2863
2444
1467
1396
1397
1467
1397
1467
1467
1816
1397
1397
1467
1467
1467
1467
1466
1466
1397
1397
1467
1466
1466
1396
1886
1397
1467
1397
1397
1397
1467
1397
1396
1397
978
1467
1466
1397
1955
1466
1467
1466
1397
1466
1397
1467
1467
1397
1467
1467
1397
1467
1397
1396
1397
1466
1397
1956
1467
1467
1886
1397
1467
1956
1397
1467
1956
1397
1955
1816
978
1397
1397
978
1466
1467
1886
1466
1397
1466
1467
1467
1467
1816
1467
1886
1397
1466
1886
1466
1885
1466
1467
1397
2375
1886
1397
1956
1397
1885
1466
1467
1397
908
3841
1397
1397
1886
1397
1397
1397
1397
1886
1467
1397
1467
1467
1466
1467
1397
1397
1397
1885
1397
1886
1396
1886
1956
1467
1955
1396
1397
1466
1397
1397
1956
1397
1397
978
1466
1467
1397
2305
1886
1886
1886
1886
1467
1397
1467
1886
1886
1885
1956
1397
1396
1467
1467
1397
978
1396
1397
908
1467
1466
1886
1397
1397
978
1956
1397
1885
1955
1396
1397
1885
1397
1397
1397
1397
1466
1397
1466
1886
1467
1397
1955
1397
1467
1466
1467
1396
1397
1885
1397
2444
1886
1885
1467
1467
1886
1886
1886
1467
2445
1467
1467
1397
1816
1397
1467
1466
1397
1956
978
1955
1886
1885
1956
1397
2375
1396
1467
908
908
1467
1467
1956
1956
1955
1956
1397
1397
1467
1467
1397
1886
1955
1396
1885
1885
1396
1956
1396
1885
1397
1397
1397
1956
1397
1397
1467
1397
1397
1467
1466
1956
2305
1397
1467
1466
2445
1466
1397
1397
1466
1396
1956
1885
1955
1397
1397
1397
1955
1886
1397
1396
1397
1467
1467
1886
1956
1467
1397
1467
1467
1396
1955
1886
1467
1956
1397
908
1467
1955
1466
1397
1467
1396
1397
1466
1397
1467
1397
1467
1397
1397
1886
1956
1466
1466
1397
1396
1886
1885
1886
1397
1467
1397
1886
1956
1886
1397
1397
1467
1397
1397
1886
1886
1467
1467
1886
1397
1397
1397
908
1397
978
1397
1397
1397
1466
1397
1397
1466
1397
1467
1886
1466
1466
1467
1467
1397
1397
1397
1397
1886
1397
1816
1467
1466
1397
1396
1467
1886
1467
1886
1397
1397
1397
1886
977
1886
1466
1396
1955
1467
1886
2375
1466
1816
1397
2375
1886
1885
1397
1397
1816
1467
1467
1397
978
1467
1467
1397
1466
1397
1397
1397
1396
1467
1467
1467
1397
1467
1397
1397
1397
1397
1467
1886
