1816
1467
1467
1397
1466
1886
1886
1397
1397
1886
1467
1396
1467
1397
1467
1467
1467
1396
1396
1397
1396
1886
1397
1466
1816
1467
1397
1397
1397
1467
1397
1397
1397
978
1886
1886
1397
1397
908
1397
1467
1397
1467
1397
1466
1397
1885
1396
978
1467
1466
1956
1467
1397
1466
1466
1467
1467
1886
1397
1397
1467
1397
1397
1397
1397
1397
1396
1886
1886
1397
1466
1467
1397
1467
1397
1467
1466
1466
1467
1467
1467
1467
1886
1396
1397
1396
1397
1467
1397
1466
1467
9358
1397
1466
1397
1397
1466
1397
1467
1466
1467
1467
1397
1397
1467
1397
1397
1397
1467
1397
1397
1467
1466
1886
1397
1396
1397
1467
1396
1466
1886
1397
1397
1466
1467
1467
1396
1397
1886
1955
1467
1467
1397
1397
1816
1397
1466
1886
1397
1396
1397
1467
1397
1466
1467
1466
1467
1886
1466
2444
1397
1467
1466
1396
1397
1397
1396
1467
1467
1955
1396
1397
1397
1397
1397
1397
1467
1397
1467
1467
1466
1466
1397
1467
1467
1467
1466
1397
1467
1397
1467
1397
1397
1396
1467
1816
1886
1467
1467
1397
1467
1397
1396
1397
1397
1397
1397
1886
1467
1397
1467
1467
1467
1397
1397
1397
1466
1466
1466
1397
1397
1397
1466
1466
1467
978
1396
1396
1397
1466
1466
1466
1397
1397
1397
1397
1467
1466
1466
1467
1466
1397
1466
1397
1397
1396
1466
1397
1397
1397
1816
1886
1397
1397
1397
1397
1397
1467
1467
1466
1396
1397
1397
1467
1467
1466
1955
1467
1956
1467
1467
1467
1466
1397
1397
1397
1467
1467
1397
1956
1397
1467
1397
1467
1397
1397
1397
2445
1397
1397
1397
1467
1397
1397
1885
1467
978
1397
1397
1467
1885
1397
1886
1397
1467
1397
1886
1886
1956
1397
1885
1397
1886
1466
1467
1397
1467
1466
1466
1467
1886
1466
1396
1467
1397
1397
1467
1467
1397
1397
978
1467
1885
1397
1396
1397
1467
1467
1397
1885
1397
908
1397
1467
1815
1467
1467
1397
1397
1466
1397
1466
1466
1397
1467
1467
1397
1886
1467
1467
1397
1397
1467
1396
1886
1397
1467
1816
1467
908
1397
1397
1466
1397
1397
1397
1467
1467
1885
1467
1397
1397
1466
1467
1396
1396
1396
1466
1466
1397
1466
1467
1467
1397
1467
1397
1467
1396
1467
1397
1467
1396
1467
1466
1397
1886
1467
1886
1396
1396
1467
1396
1467
1397
1886
1467
1467
1467
1396
1885
1397
1397
2375
1467
1467
1397
1467
1466
1397
1397
1466
1397
1397
1397
1396
1886
1466
1467
1397
1467
1466
1397
1397
1396
1397
1396
1956
1466
1397
1397
1466
1467
1397
1397
1397
1396
1397
1466
1397
1466
1467
1397
1397
1467
1466
1467
1467
1397
1956
1397
1955
1396
1397
1467
1886
978
1467
1467
1467
1467
1467
1467
1467
1886
1466
1467
1886
1886
1467
1467
1467
1467
1397
1397
1397
1397
1397
1467
1397
1467
1467
1467
1397
1397
1396
1466
1466
1467
1466
1467
1467
1396
1397
1397
1467
1467
1466
1956
1467
1956
1467
1397
1396
1396
1397
1467
1466
1467
1396
1467
978
1397
1396
1955
1886
1397
1397
1396
1886
1397
1467
1397
1885
1397
1467
1466
1467
1397
1467
1397
1467
1397
1397
1467
1397
1397
1397
1397
1397
1467
1397
1397
1466
1886
1467
1956
1397
1397
1466
1397
1467
1466
1466
1467
1885
1467
1397
1397
1397
1467
1467
1397
1397
1396
1467
1467
978
1816
1397
1467
1397
1467
1466
1467
1397
1885
1466
1467
1397
1466
1397
1397
1467
1466
1467
1397
1396
1466
1467
1466
1467
1467
1397
1956
1466
1955
1886
1467
1467
1397
1466
1397
1886
1956
1397
1467
1397
1397
1397
1397
1955
1397
1886
978
1886
1467
1397
1467
1397
1467
1467
1397
1466
1397
1467
1397
978
1467
1397
1886
1467
1467
1397
1466
1467
1397
1467
1467
1466
1467
1397
1397
1397
1467
1467
1467
1466
1467
1467
11873
1397
1396
1466
1467
1467
1397
1467
1467
1397
1396
1467
1396
1397
1886
1467
1467
1397
1466
1396
1467
1467
978
1397
1886
1466
1397
1467
978
1467
1397
1397
1397
1466
1397
1397
1396
1467
1467
1396
2375
1886
978
1397
1396
1466
1397
1466
1886
1467
1467
1397
1397
1467
1397
1397
1467
1467
1396
1397
1956
1466
1397
1466
1467
1466
1396
1466
1466
1466
1467
1467
1397
1466
1467
1956
1467
1396
1467
1397
1467
1397
1397
1467
1397
1955
1397
1466
1466
1467
1886
1466
1397
1467
1886
1467
1397
1397
1466
1397
1397
1467
1397
1467
1467
1466
1467
1886
1467
1466
1397
1397
1397
1467
1397
1466
1397
1396
1466
1467
1816
1397
1466
1397
1466
1397
1397
1467
1397
1467
41486
1396
1396
1886
1467
1397
1467
1467
1397
1467
1816
1397
1467
1466
1397
1467
1397
1466
1397
1396
1397
1886
978
1886
1467
1467
1467
1397
1467
1396
1467
1467
1956
977
1467
1467
1467
1467
1396
1396
1397
1397
1466
1815
1467
1466
908
1397
1397
1886
1397
1886
1467
1396
1397
1397
1886
1467
1467
1467
1886
1397
1466
1397
1885
1467
1466
1397
1397
1885
1886
1397
1397
1885
1397
1396
1397
1886
1886
1886
1467
1397
1467
1467
1396
1467
1886
1467
1467
1467
1466
1397
1467
1397
1466
1467
1397
1397
1397
1467
1467
1467
1397
1397
1397
1397
978
1397
1467
1467
1467
1886
1955
1397
1397
1397
1467
1466
1397
1467
1397
1466
1467
1466
1466
1467
978
1886
1396
1467
1816
1467
1467
1467
2793
1467
2375
1397
1886
1467
1397
1467
1397
1397
1466
1396
1467
1397
1397
1397
1396
1397
1397
1466
1397
1467
1467
1396
1397
1397
1467
1816
1467
1396
1886
1466
1396
1397
1467
1467
1467
1397
1397
1467
1397
1815
1467
1397
1467
1467
1397
1397
1396
1467
1397
1956
1466
1397
1397
1397
978
1397
1397
1396
1466
1397
1397
1467
1467
1886
1397
908
1886
1467
1397
1467
1467
1467
1816
1467
