1397
1816
1397
1816
1397
1467
1886
1467
1467
1397
977
1886
1397
1467
1886
1397
1397
2375
1956
1397
1466
1816
1466
1956
1466
1466
1397
1397
1397
978
1467
1467
1886
1397
1397
1467
1397
1467
1467
1397
977
1397
1397
2375
1397
1467
1467
2444
1467
1956
1397
1397
1466
1886
1467
2305
1467
1397
1467
1397
1886
1397
1397
1397
1397
1466
1397
978
1467
1956
1397
1397
1397
1397
1467
1396
1886
1467
1467
1467
1886
1467
1466
1467
1467
1397
1467
1467
1397
1467
1467
1397
1467
1397
1397
1467
977
978
1467
1397
978
1467
1397
1467
1467
1466
1397
1397
1397
1397
978
1467
1397
1397
1397
1397
1397
978
1467
1397
1886
978
1466
1467
1397
1397
1467
908
1956
1466
1467
1467
1397
1397
1467
1467
1397
1886
2375
2375
1886
1397
1956
1886
1466
1397
1956
1397
1467
1466
1956
1467
1886
1467
1956
1956
1467
1956
1886
1397
1466
1885
1816
2375
1397
1467
1397
1467
1467
1467
1466
1467
1397
1397
1397
2305
1467
1396
908
1397
1397
1397
1886
1467
1466
1397
1467
1466
1467
1816
1467
1467
1397
1397
1466
1467
1467
908
1886
1886
1466
1886
1397
2375
1467
1467
1397
1467
978
1467
1467
2305
1397
1886
1886
1956
1397
1467
1467
1397
1397
1466
978
978
1397
1397
1397
1397
1467
1467
1397
1397
1397
1397
11106
1397
1955
1397
1956
1397
1397
1816
1956
1886
1397
1397
2375
1467
1397
978
1886
1466
1955
1467
1467
1466
1397
1886
1467
1396
1396
1467
1467
1886
1467
2374
1467
1397
978
1955
1397
1467
1397
1886
1885
908
1467
1467
1886
1397
1886
1467
1397
1397
1467
1397
1467
1397
1397
1397
1467
1397
1397
1397
1397
1467
1466
1467
1397
1886
1956
1397
1467
1397
1397
1886
1467
2375
1397
1397
1466
1955
1397
1467
1397
2375
1467
1467
1467
1397
1816
1467
978
1397
1956
1956
1467
1397
1816
1397
1956
1467
1886
1467
1467
1886
1397
1886
1397
1467
1885
1467
1885
1397
1466
1397
1397
1467
1467
978
1397
978
1467
2934
1467
1397
1467
1467
1397
1467
1397
1885
1396
1396
1397
1467
1397
1467
1886
1397
1467
1467
1467
1466
1467
1396
1397
1397
1397
1397
1467
908
1397
1956
1397
978
1886
1955
1466
1466
7683
1397
1397
1397
1816
1956
1886
1397
1467
1467
1467
1397
1955
2374
1397
1467
1397
1397
1955
908
1397
1397
1466
1467
1397
1397
2863
1466
1467
1466
1886
1467
1467
978
1467
1397
1467
1397
1956
1397
1886
978
1886
1396
1816
1397
1397
1397
1467
1397
1397
1466
1885
908
1467
978
1886
1467
1397
978
1886
1467
1467
1397
1397
1397
1467
1397
1467
1816
1397
1397
1467
1467
1397
1466
1886
1886
1466
1956
7264
1886
1467
1397
1467
1467
1956
1467
1466
1397
1397
1467
1397
1397
1466
1397
978
1467
1886
1886
908
8591
978
1467
978
1467
1467
1886
1886
1397
1397
1397
1467
1397
1397
1397
1466
1467
1397
1467
1397
1467
1397
1467
1397
1467
1397
977
1397
1397
1466
1397
1466
1397
908
1467
1467
1467
1467
1467
1467
1396
1397
1816
1467
908
1397
1396
1467
1397
1467
1467
1397
1467
1397
1397
1885
1467
1397
1467
1397
1397
1397
1466
1467
978
1467
1397
1397
908
1397
1467
1467
1466
1885
1396
1467
908
1397
1397
1467
1467
1886
1956
1397
1466
1466
1397
1397
1886
1397
1397
1956
1397
978
1396
1467
1397
1466
1397
1886
1467
1397
977
1467
978
1467
1397
1397
977
1467
1397
1397
1397
1397
1466
978
1467
1397
1467
1397
1886
1397
1397
1397
1467
1885
1397
1955
1467
978
908
1396
1466
1886
1467
1466
1397
1885
1467
1397
1886
1467
1467
1466
1467
1397
1397
978
1467
1397
1467
1397
1467
1397
1397
1467
1467
1397
1885
1397
1397
1397
1397
1467
1467
1467
1397
1886
1886
1397
1397
978
1816
1467
1467
1467
1397
1397
1467
1397
1397
1467
1397
1397
1467
1886
1467
1397
1397
1397
1397
1466
1467
1397
1397
1397
1467
1397
1467
1466
978
1397
2375
1467
1397
1397
1397
1397
1397
978
1467
1397
1466
1467
1886
1467
1397
1397
1886
1467
1397
978
1396
1467
1467
978
1397
1397
1467
1397
1467
1956
1397
1397
1467
1397
1886
1397
1397
1467
1467
1397
1886
1397
1397
1886
1467
1467
908
1886
978
1397
1397
1397
1396
1397
1397
977
908
1886
1467
1397
1396
1886
1397
1397
1397
1397
1397
1467
1397
1466
1467
1467
1397
1466
1397
1397
1466
1466
1467
1886
1467
1467
977
1397
1885
1397
1397
1466
1397
1816
1397
1397
1467
1397
1397
1467
1397
1397
1397
1467
1397
1397
1466
1397
1467
2445
1467
1396
1397
1467
1467
1467
1467
1466
1467
1467
1397
1397
1397
1886
1397
1467
1467
1397
1397
1467
1396
1397
1467
1396
977
1397
1397
978
978
1397
1467
1467
1466
908
1397
1467
978
1467
908
8661
1397
1467
7543
1396
1397
978
1397
1467
1467
1466
1466
1397
1467
1397
1397
1467
1397
1886
1467
1397
1466
1886
2374
1886
1467
1467
1397
1467
978
1886
1397
1467
1467
1466
1397
1397
1397
1397
908
1467
1397
1397
1467
1956
1397
1816
1397
1886
1396
1467
977
1397
1397
1396
1397
1397
1397
1397
1467
1397
1397
1397
1467
1396
1467
1467
1467
1397
1886
1397
1467
1467
1397
1397
1397
1397
1397
1816
1397
1397
1397
1467
1397
1467
1397
1956
1397
1397
1467
1886
1397
978
1397
1886
1397
1466
1397
1956
1467
1397
1397
1397
1397
1467
1397
1397
1397
1397
1467
1396
1397
1397
1397
1467
1467
977
1467
1467
978
1466
1466
1467
1467
1467
1397
1396
1397
1466
1396
1397
1397
1467
1466
1467
1397
1467
1467
1467
978
1466
1397
1397
1466
1397
1397
1467
1467
1397
1396
1397
978
978
1467
1886
978
1467
1396
1466
1467
1397
1397
