2374
1396
2373
2374
1396
1955
1466
1955
1886
1885
1816
1466
1885
1885
1816
1885
1885
1885
1885
1467
1885
2374
2374
1816
1885
1955
1885
1886
2374
2304
1885
1885
1955
2863
1885
1955
1885
2373
1955
1885
1466
1885
1466
1955
1886
1885
1885
1885
1955
1955
1466
2374
1885
1885
1396
1885
1955
1885
1886
2374
2374
2444
2374
1815
1885
1886
2374
1885
1955
1886
1955
1885
2374
2444
2374
1397
1954
1396
1396
2793
1954
1466
1885
2374
2374
2374
908
1466
2444
2374
2304
1885
2304
1955
1885
1885
1885
1955
1885
1885
1885
1466
1885
2304
2443
1467
1397
13685
2374
2443
2374
1885
1885
1955
1396
1885
1397
1955
1955
1885
1885
1466
2304
1955
2374
1955
2374
1885
1955
1466
2374
1885
1885
1885
2374
2373
1885
1955
1885
2374
2863
2304
1397
1955
1885
2374
1955
1885
1885
2304
1815
2374
2374
1885
1466
1885
2444
2374
1816
1955
2862
1396
1396
1885
2444
1885
1886
1885
2374
1397
1885
2304
1885
2374
1466
1955
2304
2374
2374
1886
1885
1466
1955
2374
2374
1955
1885
2304
1885
2374
1396
1885
2374
1955
2444
1466
1885
1885
1885
1396
1954
1466
2374
1885
1885
2374
1466
2373
1816
1397
1466
1885
2863
2374
1955
1397
1816
2862
1466
2444
2373
2444
2862
1955
1955
1885
1955
1954
1396
2444
2932
1885
1955
1955
1815
1885
1885
1955
1886
1955
1885
1466
2862
1885
1397
1885
1466
1816
1885
1396
1885
1397
2443
1955
2304
1815
2862
1885
1466
1885
1885
2304
2374
2793
1955
1955
1466
2374
1955
1885
1955
1816
2443
2304
3282
1886
978
1885
1885
1955
2374
2374
1885
1885
2374
1885
2373
1886
1466
1885
1955
1885
1885
1955
1955
1885
1466
1955
2374
1466
1885
1885
2792
1885
1815
1885
1396
1885
2374
1955
1885
2374
2444
1885
2374
1885
1885
2374
1955
1885
2374
1885
2374
1885
2374
1466
1955
1885
1885
1885
1886
1816
1885
1885
2304
1885
2374
1816
2374
1396
2374
1955
2374
1955
2373
2373
2374
1885
1885
1885
2374
1396
1466
2373
1397
1955
2304
1955
2304
2374
2443
1955
2373
1885
2374
1885
2373
1885
1466
1885
1955
1955
1955
2863
1955
1816
1885
2374
2373
2374
1955
1885
2374
1886
2444
1885
1886
1396
2374
1885
2374
2374
1885
1955
1467
2374
1955
1885
1886
1885
1885
1885
1815
1955
1955
1955
2374
2443
2863
2374
1955
2444
1885
1955
2304
1886
2374
1885
1885
1396
2374
1466
2863
1816
1885
2304
1885
1396
1886
2444
1466
1885
2374
2304
1885
1885
1397
2304
1885
1885
2374
1815
1955
1466
1885
1467
1955
2373
1396
1885
1466
2374
2374
1885
2862
1955
1397
1955
1955
1885
2374
1396
1885
1955
2304
1885
1885
2374
2933
2374
2444
1885
1954
2933
1955
2304
1955
1885
1885
1954
1955
1955
1886
1885
1466
1885
1885
1885
1466
1466
1466
1885
1886
2444
1886
1466
1885
978
1467
1885
1885
2374
2374
1396
1885
1955
2374
1885
1397
2374
1955
2862
1955
1885
1885
1955
1885
1397
1955
2374
2374
1885
1955
1885
1885
1885
1885
1885
1397
2863
1885
1955
1885
1885
1955
1885
1885
2373
1955
2304
1885
1397
1466
1396
1885
1885
1885
1955
1885
1466
1955
1955
2374
1466
1885
1955
1886
1955
1466
1466
1466
1885
1955
1955
1397
1955
1466
1885
2373
1955
1466
1885
1885
1885
1885
2374
1885
2304
1397
2444
1955
2374
1396
1396
1396
2234
1396
1885
1885
1885
1885
2373
2863
2304
1955
3282
1955
1467
2443
2373
1885
1885
1885
1885
2374
1955
1466
1885
1467
2373
1885
1397
2374
1885
1466
2374
1885
1955
1885
1885
2374
1955
2374
1396
1885
1955
2444
1396
2863
1815
1885
1955
1955
1885
1885
1885
2373
2373
1467
1955
1885
2443
1885
1954
1885
1954
1955
1885
1955
2374
2373
1885
1886
1955
1466
1466
1466
1954
1886
1885
2374
2374
2374
1955
1885
1955
1466
1886
2444
1885
1885
1815
1885
1885
2863
1466
1815
1955
1885
1955
1955
1885
2374
1885
1466
2374
1955
2373
1955
2374
1885
1885
1955
1466
1886
1885
1885
1885
1955
1815
1885
2373
1885
1816
1885
1955
1467
1955
2374
1885
1885
1955
1955
2374
1885
1885
1885
1397
1885
1885
1885
1885
1885
2373
1396
1954
1955
2374
1396
2374
2373
1885
1815
2444
1466
1397
1885
1397
1955
1885
1885
2374
1955
2374
1955
1466
2444
1466
1955
2373
2443
2443
1955
1955
1885
1885
1885
1955
1466
1816
2304
1885
1397
1885
2444
2374
1885
1885
1885
2374
2374
2443
2374
2304
1885
2374
1885
1396
1955
1885
1466
2373
1396
2374
2374
1955
1955
2374
1886
1955
1397
1954
1885
1955
1466
2374
2444
1815
2444
1885
1885
1955
1886
1955
1955
1466
1885
1396
1885
2374
3421
1885
2444
2793
1955
2444
1955
2444
2374
1885
1885
2374
2374
2374
1885
1955
1885
1885
1955
1954
1397
1886
1885
1466
1885
1955
1955
2374
1885
2443
1397
1885
1886
1955
1885
2374
1885
1885
1885
1885
2374
2444
2304
1885
2374
1467
2374
1885
2374
1955
2863
1885
1396
1955
2374
1955
1885
2304
2304
1955
1955
1885
2304
2374
1885
1885
1886
1954
1466
2304
1885
1885
1885
1955
1885
1886
2374
1885
1955
1885
1885
2374
1885
2373
1955
1885
1955
2374
1885
1466
1955
1885
2374
1397
3281
1397
1955
1955
1396
1397
2374
1885
1815
1466
1955
2374
2444
1885
1954
2374
1885
1885
2374
2373
1466
1885
1885
1885
1466
1885
1955
1955
1885
1885
1885
1886
1885
1397
1466
1886
2304
1885
2444
1885
1955
1885
1955
2443
1955
2443
1885
1397
2374
1885
21854
1955
2444
1955
1885
1955
2304
2374
1885
1396
1466
2374
2374
1886
2373
1816
1467
1886
1885
1885
2374
13754
1466
2374
2374
1885
2374
1397
1955
2374
1955
2374
1886
2374
2443
2374
2444
1885
1955
1885
1815
2374
2374
1885
2304
1396
