1886
2375
1397
1397
1885
1397
1467
1885
978
1466
1396
1397
1467
978
1467
1467
1397
978
1396
1886
1467
1467
1466
1467
1397
1397
1467
1467
1397
1467
1397
978
1467
9638
1397
978
1467
1467
1397
1467
1815
1396
1467
1466
1467
1467
1397
1467
1396
1885
1397
1467
1397
1956
1397
1396
1396
1467
1467
1466
1466
1397
1467
1397
1397
978
1466
1397
1397
1397
1397
1396
1466
1397
1467
1466
1466
1397
1467
1467
1396
1397
1466
1467
1397
1397
1397
1397
1396
1467
1396
1397
1397
1397
1467
1397
1397
1396
1397
1397
1467
1466
1397
978
908
1396
1467
1466
1397
1467
1397
978
1467
1397
1467
1397
1467
1397
1467
1466
1467
1397
1467
1397
1397
1397
2444
1397
1397
1467
1397
1397
1815
1467
1397
1397
1467
1467
1466
1397
1467
1397
1397
1397
1467
1466
1397
1466
1397
1886
1396
1397
1397
1396
1885
1467
1466
1397
1397
1396
1397
1467
1397
1466
1466
11384
1886
1467
1397
1397
1397
1397
1467
1466
1885
1396
1466
1467
1467
1397
1397
1886
1466
1397
1397
1396
1396
1467
1467
1397
1397
1886
1467
1467
1467
1397
1886
1397
1466
1467
1397
1396
1397
1397
1466
1467
1956
1397
1397
1467
1397
1466
1397
1467
1397
1467
1885
1467
1886
1396
1397
1397
1397
1955
1397
1466
1886
1466
1397
1397
1467
1397
1397
1397
1467
908
1467
1467
1397
1397
1816
1397
1397
1466
1397
1397
1955
1885
1467
1397
1467
1467
1467
1467
1466
1396
1396
1467
1397
1467
1397
1466
1397
1467
1466
1466
1397
1466
1467
1955
1886
1885
1467
1397
1467
1467
1396
1397
978
1397
1466
1466
1397
1397
1467
1397
1467
1466
1397
1467
1397
1397
1396
1466
1467
1467
1466
1396
1397
1467
1466
1467
1397
977
1397
1397
1467
1467
1956
1397
1467
1466
1886
1397
1397
1397
1886
1466
1397
1466
1466
1467
1467
1467
978
1467
1397
1466
1397
1466
1397
1467
1466
1466
1467
1886
1886
1466
1397
1397
1397
1397
1397
1956
1816
1816
2374
1397
2374
1956
1885
907
1955
1467
1885
1466
1886
1886
1397
1397
1885
1886
1956
1466
1956
1466
1396
1397
1397
1466
1466
1885
1886
1885
2374
2375
1955
1956
1886
1886
1467
1467
1397
1816
1396
1885
1816
1397
1466
1467
1467
1466
1816
1397
1397
1956
1467
1467
1886
1466
1885
1397
1467
1397
1397
1397
1885
1467
1396
1466
1397
1955
1885
1397
1467
1886
1397
1397
1956
1467
1397
1467
1397
1397
1466
1467
1467
1885
1467
1467
1467
1886
1467
1466
1467
1467
1886
1397
1397
1397
1396
1397
1955
1885
1467
1396
1467
1396
1397
1467
1467
1467
1956
1466
908
1467
1886
1885
1467
1956
1396
1886
1396
1886
1955
1885
1956
1956
1466
1466
1397
1397
1466
1956
1397
1397
1397
1397
1816
1397
1885
1397
1886
1885
1397
1467
1397
1886
1397
1466
1397
1886
1467
1956
1466
2375
1816
1467
1397
1467
1466
1397
1466
1467
1467
1397
1466
1885
1955
1466
1956
1466
1886
2375
1397
1396
1467
1886
1956
1467
1955
1886
1397
1466
1886
1816
1397
2445
1396
1885
1397
1466
1886
1397
1396
1397
1397
1467
1397
1467
908
1467
1467
1467
2374
1467
1886
1956
1397
1396
1397
1467
1396
1397
1466
1467
1397
1397
1396
1467
1397
1466
1397
1397
1397
1397
1397
1886
1467
1397
1397
1397
1397
908
1397
1397
1397
1397
1955
1467
1466
1467
1466
1467
1467
1397
1466
1397
1397
1397
1466
1956
1467
1816
1397
1886
1466
1886
1466
1397
1886
1467
1397
1816
1467
1467
1467
1467
1467
1886
2375
1885
1885
1885
1466
1955
1886
1397
1956
1956
1955
1467
1955
1886
1467
1397
9150
1886
1467
977
1467
1396
1886
1886
1466
1397
1397
1397
1397
1397
1467
1397
1466
1397
1397
1397
1467
1886
1467
1466
1397
1466
1397
1467
1886
1467
1397
1397
1467
1467
1466
1397
1466
1397
1397
1467
1886
1397
1397
1467
1396
1467
1467
1467
1886
1396
1397
1397
1467
1467
1886
1956
1397
1467
1467
1466
1467
1886
1397
1397
1467
1467
1466
1467
1467
1467
1397
1466
978
1397
1397
1397
1397
1466
1396
1466
1466
1397
1466
1397
1467
1397
1327
1397
1467
1956
1467
1466
1467
1397
1467
1467
1397
1397
1397
1467
1467
1397
1467
1467
1467
1885
1467
1397
1467
1397
1467
1466
1396
1467
1466
1396
1397
1886
1397
1396
1397
977
1397
1956
1467
1885
1466
1397
1397
1397
1397
1397
1397
1466
1397
1466
1396
1397
1466
1397
1466
1466
1886
1467
1396
1396
1467
1397
1956
1396
1885
1886
1467
1466
1886
1397
1466
1397
1467
1467
978
1885
1397
1466
1397
1467
1396
1467
1466
1397
1467
1467
1466
1397
1396
1467
1467
1467
1466
908
1467
1466
1466
1467
1886
1396
1467
1467
1815
4679
1467
1467
1397
1397
1886
1467
1467
2305
2375
1466
1396
1467
1885
1956
1955
1955
1956
1885
1467
2305
1956
1956
1397
1397
1886
1467
2304
2375
1885
1956
1885
1956
1397
1886
1886
1397
1467
1886
1886
1885
1886
1885
1397
2375
1886
2375
1467
1886
978
1956
1467
1885
1396
1467
1467
1397
1886
1466
1397
1466
1396
1816
1885
1397
1396
1327
1467
1885
1467
1816
978
1886
1885
1885
1467
1466
1467
2375
1886
1467
1886
1467
1397
1397
1467
1466
1397
1396
1396
1466
1397
1956
1397
1815
1397
1886
1467
1816
1956
1886
1467
1397
1466
1885
1396
1397
1885
1466
1396
1466
1466
1466
1467
1397
1467
1397
1467
1397
1397
1467
1886
1885
1885
978
1886
1397
1397
1397
1956
1885
1467
1397
1885
1885
1886
1886
1886
1885
978
1466
1397
1956
1886
1886
1956
1885
1956
1816
1885
1956
1886
1816
1815
1956
1885
1466
1396
1467
1886
1397
1886
1815
1955
1886
1466
1397
1467
1397
1886
1886
1886
1397
1467
1886
1956
1885
1886
1886
1396
1396
1466
1955
1467
1956
