2445
978
1885
1396
1397
1397
1397
977
1397
1466
1885
1886
1886
1397
1397
1397
1397
1467
1466
978
908
1397
1397
1467
1397
1467
1397
1397
1466
1397
1466
1397
1467
1397
1956
1467
2444
1397
1956
1397
1466
2444
1886
1885
1396
1397
1956
1397
1466
1467
1467
1466
1396
1397
1397
908
2375
908
1956
1886
1467
1886
1466
1397
1396
1397
1397
1467
1467
1397
1466
1467
1955
1467
908
1955
1396
1397
1397
1397
1816
1397
1396
1466
1886
1397
1467
1886
1397
1467
1397
1397
908
2374
1955
1816
1955
1397
1885
1467
1885
1885
1956
1396
1397
2375
1467
1397
1885
1816
1956
1467
1397
1467
1396
1885
1466
1886
1467
1396
978
1886
1467
1466
1886
1466
1885
1955
1816
1885
1886
1397
1397
1886
1886
1885
1886
1886
2375
1397
1397
1956
908
1467
1467
2863
1886
1886
1885
1467
1955
1955
1886
2375
1955
2375
1397
1885
2304
1466
1886
1467
1955
1466
1956
978
977
1956
1397
1956
1467
1956
1397
1886
1397
1467
2305
1397
1467
1396
1466
1466
1886
1467
2375
1956
1886
1956
1816
1956
1955
1886
1397
1886
1886
1467
1955
2793
1886
1885
2375
1885
978
2305
2304
2445
2305
1397
1467
2304
1955
2374
1956
2863
2374
1466
2445
1886
1885
1956
1956
1885
1956
1886
2375
208818
2305
1955
1956
2933
1467
1816
1885
1886
1885
2375
1886
1466
1886
1886
1885
1466
2864
1397
1955
1886
1885
1886
1886
2374
1885
2794
2374
2375
1466
977
1886
2444
3841
2374
1885
3282
2304
2305
1886
2375
2444
1885
1466
3841
4888
1956
2375
1955
1886
2304
1956
1885
1397
2444
1886
1955
1956
1886
1467
2863
1955
3772
2375
1955
4260
1955
2375
1885
1956
1886
1885
1886
2374
1466
1885
2444
3352
1955
2863
2375
1885
1885
2793
2375
7053
1397
1885
1886
1885
1956
2304
2375
1467
2374
2375
1886
3282
1397
1956
2375
1886
2445
1956
1955
1467
1956
1956
1885
1886
2374
6146
2374
1886
2374
1397
2375
1886
2374
2793
1885
2863
5098
1885
1955
1956
1956
1816
1885
1886
1955
2375
1466
1956
1956
1956
2305
1886
2374
3352
978
1816
2375
978
1955
1467
1885
2375
1397
2933
978
1885
1886
1886
1466
2374
1886
1886
1886
2374
2793
1816
1955
2375
1885
1955
1886
1397
3772
978
1955
2374
2793
3353
2794
1885
2374
1955
1397
1955
2794
1886
1956
977
2375
1886
1816
2794
1956
2863
1956
31986
1886
1467
2863
2305
908
2793
1955
2864
1816
3352
1956
1886
1886
1815
1956
1955
1955
2375
2934
1397
1466
1397
1956
2375
2375
1467
1397
1956
2864
1886
1955
1886
1397
1467
1816
1886
2445
1397
1816
978
1955
1956
977
1955
2375
1886
1396
2444
1956
1886
1955
1886
1466
1467
1816
1955
1466
2863
1886
1886
1885
1956
1466
1885
1816
2793
1955
1466
1886
1885
2445
1396
2375
1956
2374
1467
2375
1466
1397
1886
1886
1396
1886
3282
2375
1956
1956
1467
1397
1886
1885
1467
2374
1956
1885
1467
2375
1955
1886
1885
1885
1886
2444
1467
1467
1885
1956
1886
1886
1955
1885
1886
2375
1885
1885
2374
1885
1955
1955
1886
1956
1886
2444
1955
1467
1955
1886
1397
2375
2374
1397
1885
2375
2375
1956
1886
2375
1885
2864
1885
2374
1467
48258
1955
1886
1885
2375
1397
1955
1886
1886
1886
1955
1955
1397
1886
1886
1886
978
2374
2794
1397
1397
2793
1885
1397
908
2374
1886
1466
1886
1956
978
1466
1886
1397
978
1397
2375
1955
1955
1885
1956
1467
1955
1886
1815
1396
1885
1886
1467
1396
1885
1886
1467
1886
1396
908
978
1466
2304
978
1886
1886
1396
1397
2374
1956
1885
1397
2374
1886
1886
1397
2934
2374
1885
1955
1397
1397
1955
1886
1886
1397
1397
1397
1886
1467
1467
1956
1886
1885
1466
1956
2374
1467
1885
2375
1396
1397
1886
1467
908
1467
1397
2444
1886
1397
1885
1886
1955
1956
1397
1956
1467
1955
1397
1396
1956
1466
1886
1956
1397
1955
1397
1467
1467
1466
1397
1886
1956
1886
1397
1397
1466
1397
1396
1466
978
1886
1885
2444
1955
1467
1885
1397
1327
1397
1397
1396
1885
1397
1467
1467
1397
1885
1886
1397
1467
1886
1955
1466
1886
1886
1886
1397
1396
1467
1466
1466
2374
2374
1886
1885
2794
1396
2305
1886
1397
1815
1885
1885
1815
1467
1886
1467
2864
1886
1955
1956
1886
1397
1886
1885
1956
1956
1885
1886
1886
1885
1886
1397
1885
1886
2374
1466
1886
1466
1466
1885
1397
2375
1886
1885
1885
1467
1885
1956
1886
2305
1466
1886
1885
908
1397
1397
977
1466
1466
2305
1397
1466
1816
1885
908
1886
1886
1885
1886
1397
1886
1886
1397
1886
2375
1956
2793
2305
1466
1467
1397
1466
1397
1397
1956
1466
1886
1956
1886
1397
1886
1886
1467
1466
1466
1397
1396
1885
1816
2305
1397
1397
1466
1956
1816
1885
1466
1466
1816
1955
1397
1885
1467
2863
1955
1467
1885
1396
1956
1466
1397
1886
2375
2305
1955
1467
1467
1397
1886
1467
1466
1466
1467
1397
1816
1885
2794
1397
1397
1885
1396
1397
1467
1956
1467
1886
1466
1886
2374
1397
1956
1397
2374
1886
1467
1885
1885
1885
1956
2375
1955
1886
978
1396
1886
1886
1955
1397
1886
1886
1467
1886
1816
1886
1886
1955
1886
1886
1467
978
1467
1955
1955
1955
1816
1466
1956
1885
2374
1956
1466
1816
1466
1397
1956
1886
1886
1955
1886
1397
978
1466
1467
1815
1955
1886
2794
1397
1816
1397
1956
1886
1397
1466
1397
1397
978
1466
1886
1955
1886
1955
1885
1955
1397
1397
2374
1956
1467
1816
1816
1955
1467
1886
2374
1397
2375
1955
1816
2374
2933
2374
2793
1397
1885
1816
977
1816
2304
1885
2445
1955
1955
1886
1467
1886
1397
1885
1396
1397
1885
1397
1885
1885
1886
1467
1466
1397
1397
1397
1467
1396
1886
