1467
1467
978
1397
1467
1397
1886
1467
1467
1467
1397
1397
1466
1466
1397
1397
978
1397
1466
1467
1467
1327
1467
1397
1397
1467
1397
1467
1397
1816
1886
2374
1467
1885
1886
1397
1956
1397
1467
1397
978
1467
908
1467
1396
1397
1397
1467
1397
2375
1397
1397
1467
1467
1466
1397
1467
1466
1466
1466
1397
1397
1467
1466
1467
1467
1396
978
1467
1467
1397
1397
1467
1397
978
1467
1467
1397
1397
1467
1467
1467
1467
1397
1397
1396
1467
1886
1467
1467
1467
1397
1397
1397
1467
1467
1467
1886
1466
1886
1467
1397
1466
2375
1886
1467
1467
1885
1466
1467
1885
1886
1466
1885
1467
1397
1885
1397
1886
1816
1397
1397
1956
1397
1397
1467
1956
1466
2864
1397
1467
1397
1886
1397
1467
1466
1397
1467
1466
1956
1467
1467
1467
1397
1397
1467
1397
1467
1467
1397
1397
1466
1467
1466
8940
1397
1466
1886
1467
1467
1466
1885
1397
1397
1886
1886
1467
1397
1467
11315
1467
1397
1886
1467
978
1397
1397
1956
1886
1467
1397
1397
1397
1886
1467
1397
1466
908
1397
1397
1397
1397
1886
1397
1467
1466
1466
977
1467
1886
1397
1467
908
1397
1397
1397
1397
1397
1397
1886
1397
1397
1467
1396
1467
1466
1467
1467
1397
1397
1466
1397
1397
1467
1467
1396
1466
1467
1886
1467
1467
2375
1956
1397
1397
2444
1397
1397
1397
1397
1467
1397
1396
1397
1397
1955
978
1397
1466
1886
1467
1466
1467
1397
1886
1467
1397
1466
908
2445
1816
1467
1397
1467
1467
1467
908
978
1396
1397
1467
1397
1397
1397
978
1466
1816
1467
1397
908
978
1467
1467
908
1397
1397
977
1956
1397
1467
1397
1397
1467
1467
1467
1467
1467
1467
1466
1397
1397
1397
1397
1467
1467
1467
1397
1886
978
1397
1467
1467
1396
1467
1397
1466
1397
1397
978
1467
1397
978
1397
977
1956
1397
1467
1467
1396
1466
1397
1396
1467
1467
1397
1397
1397
1885
1467
1816
1816
977
1466
1397
1397
1467
1397
1397
1467
1467
1397
1397
1467
1885
1467
1467
1467
1467
1467
1397
1467
1886
978
1467
1397
1467
1467
1397
1467
1396
1397
1467
1397
1467
1467
1466
1467
1397
1467
1397
1397
978
1467
1467
1467
1467
1467
1397
1397
1397
1397
1467
1467
1467
1467
1467
1467
1467
1467
1397
1467
1886
1397
1467
1467
1466
1467
1467
1467
1397
1467
1396
1397
1397
1466
1467
1397
978
1397
1396
1467
1397
1467
1397
1397
1466
1397
978
1467
1467
1886
1467
1397
978
1885
1397
1467
1396
978
1397
1397
1467
1467
978
1467
1397
1466
1467
1466
1397
977
1397
1467
1467
1397
1397
1467
1816
1397
1467
1466
1397
1886
1466
1466
1466
1397
1886
1467
1467
1467
1467
1467
1467
1397
1397
2374
1467
1466
1397
1467
1467
1397
908
1467
1467
1956
1397
1466
1397
1397
1397
1467
1467
978
1397
1397
1467
1467
1467
1466
1466
1397
1397
1467
1397
1397
1397
1397
1397
1397
978
1397
1467
978
1397
1396
1467
1885
1397
1397
1397
2305
1397
1397
1467
1467
978
1467
1886
1397
1466
1397
14458
1466
1467
1816
1397
1886
1466
1397
978
1397
1397
1397
1467
1397
1397
1886
1397
1467
1397
1397
1467
1397
1886
1397
1397
1397
1467
978
978
978
1816
1466
1396
1467
1467
1467
978
1466
1886
1396
1466
1397
1467
1397
1397
1397
1397
1397
1467
1397
1955
1397
908
1466
1397
1397
1397
1816
1397
1397
1466
1397
1397
1397
1956
1397
1397
1467
1397
1467
978
1467
1397
978
1397
978
908
1466
9359
1467
1466
1397
1955
1397
1397
1467
1397
1466
1397
1467
1885
1397
1397
1466
1467
1397
1467
1467
908
1467
908
1467
1886
1397
1467
1396
1397
1397
1396
1467
1467
1397
1397
1467
1467
1816
1466
1396
1397
1397
1397
1467
978
1467
1397
1396
1397
1466
1467
1467
1396
1397
1396
1397
1397
1397
1956
908
1886
978
1467
1397
1467
1467
1467
1467
1397
1397
1397
1886
1467
1885
977
1885
1467
1467
1397
1467
1397
1885
1397
1466
1467
1397
1397
1886
1816
1467
1397
1396
1466
978
1397
1397
1397
2305
1466
1467
1397
1397
1466
1397
1397
1467
1466
1467
1397
1467
1467
1467
1397
1886
1397
1396
1397
1397
1397
1397
1885
1886
1466
1467
1467
1467
1886
1397
1466
1396
1397
1467
1467
1397
1467
1467
1466
1397
1467
1397
1397
1467
1467
1467
1467
1397
1466
1467
1467
978
1396
1467
977
1397
1397
1397
1397
1397
1397
1885
1397
1467
1397
1467
978
1886
1467
1397
1467
1467
1397
1397
1397
1397
1397
1467
1397
1467
1397
1467
1397
1466
1397
1885
1467
1397
1467
1397
1397
1956
1397
1397
1467
1397
1467
1397
1397
1467
1886
1397
1397
1396
1397
1886
978
1886
1397
1397
1397
1466
1397
1327
1956
1466
1397
1467
1397
1467
1886
1397
1397
1467
1397
1397
1956
1467
1397
978
1397
1397
1397
1397
1466
1397
1397
1467
1885
1397
1466
1397
978
977
1397
1467
1466
1397
1467
1467
1886
1466
1397
1467
1886
977
1397
1397
1397
1886
1397
1397
1397
1466
1467
1886
1397
1397
1397
1466
977
1397
1397
978
1397
1467
1467
1467
1466
1467
978
1467
1397
1886
1886
1886
1467
1397
978
1397
1397
1397
1467
1467
1886
1467
978
1396
1397
1467
1397
1396
1397
1397
1467
978
1397
1396
1397
908
1466
1397
1397
1466
1396
1396
908
1466
1466
1467
1467
1397
1467
1397
1397
908
1956
1397
1397
1467
1396
1885
977
1397
978
1397
1397
1467
978
908
1397
1397
1397
978
1466
1467
1397
978
1397
1466
1885
1466
1466
1397
1467
1467
1396
1397
1466
1397
1467
1886
978
1467
1467
1397
1467
1397
1397
1397
1467
1397
1466
1816
978
1885
978
1396
1397
1397
1467
1466
1466
1467
1467
1467
1466
1397
1467
1397
978
