1467
1886
1466
908
1397
1467
1397
1397
1397
1397
978
1397
1397
1467
1467
1397
978
2375
1397
1397
1467
1466
1467
1467
1886
1467
1397
1467
1466
1467
1397
1467
1467
908
1467
1467
1467
1467
1466
1467
1466
1466
1396
1467
1886
1397
1397
1397
1397
1467
1466
1466
1886
1886
1466
1396
1816
1397
1886
1955
1955
1397
1467
1397
1467
1397
1397
1397
1467
1467
1885
1956
1467
1397
1397
1396
978
1467
1467
1397
1397
1466
1467
1466
1397
1467
1886
978
1467
1886
1397
1397
1397
1466
1466
1397
1397
1397
1467
908
1397
1397
1467
1397
1397
1397
1397
1467
1467
1816
1466
1397
1397
1467
1886
1467
1397
1467
1886
1397
1956
2864
1886
3283
1956
1956
1397
1885
1886
978
1397
14249
908
1816
1397
1397
1886
1885
1466
1466
1467
1466
2375
977
1467
1397
1467
1886
1397
1466
1466
1886
1466
1397
1886
1956
1397
1467
1467
1466
1397
1956
1956
1397
1467
1886
1466
978
1467
1397
1467
978
1397
1397
1816
2305
1467
1397
1467
1955
2375
1397
2375
1466
1467
1397
1396
1886
1397
1956
1467
1466
1397
978
1466
1816
1397
1467
1886
1396
1467
1397
1397
1467
1885
1886
1397
1397
1467
1886
1886
1956
1956
1956
1396
1397
1397
1816
1397
1886
1467
1886
1886
2375
1397
1397
1466
1467
1397
1397
1467
1397
1397
1467
1466
1466
1886
978
2305
1467
2444
1467
1397
978
1467
1886
1467
1397
1397
1397
1397
1886
1956
1467
1886
1467
1467
1886
1467
1327
1397
1467
1467
1955
1397
1397
1467
1956
1397
1886
1397
1466
1467
1397
1886
1467
1397
1886
1397
1467
1467
1886
1467
1397
1466
1886
1467
1397
1397
1397
1466
1396
1397
1467
1397
1467
1397
1467
1467
1467
1397
908
1397
1397
1397
978
1467
1397
1397
1397
1467
1397
1397
978
1467
1467
1467
1397
1467
1467
1397
1397
1397
1467
1397
1466
1397
1397
1397
1397
1397
1886
1886
1466
1397
1397
1397
1467
1397
1397
978
1397
1397
1467
1466
1397
1467
1397
1397
978
1466
1397
1886
1467
1886
978
1397
1885
1397
1467
1397
978
1467
1397
978
1467
1467
1467
1397
1466
1467
1466
1397
1466
1397
1397
1397
1396
1397
1397
1466
1397
1397
978
978
1397
978
1466
1467
977
1397
1467
1397
1467
1466
1467
1397
1397
1397
1397
1397
1467
1397
978
1467
1467
1397
1466
1397
1466
1886
1467
1956
1397
1466
1397
978
1467
977
1466
1466
1397
1397
1467
1397
1466
978
1466
1467
1886
1397
1466
1467
1397
1886
1467
1397
1397
1397
1397
1397
1397
1466
1397
1397
1467
1467
1397
1397
1397
1467
1397
1397
1397
1466
1467
1467
1467
1397
1467
1467
1397
1397
1467
1466
1397
1466
1467
978
1466
1467
1397
1397
1397
1397
1466
1467
1466
1397
1467
1466
1467
1467
1467
1397
1467
1397
1397
1466
1467
1466
1467
1816
1886
1397
1397
1466
1466
1397
978
1397
1397
1397
1397
1397
1467
1397
1397
1396
1467
1397
1396
1467
1397
1396
1397
1467
1467
1397
1397
1397
1397
908
978
1467
1467
1396
1397
1467
1396
1467
1467
1397
1397
1397
1467
1397
1397
1397
1466
1466
1467
1467
1467
1467
1397
1397
1396
1467
1467
1397
1467
1397
978
1397
1467
1397
1397
977
978
1397
11524
8591
1397
1467
1467
1467
1467
1956
1396
1466
1467
1397
1467
1397
1466
1397
1467
1466
1397
1467
1467
1397
1467
1396
978
1397
1816
1397
1397
1397
1467
1467
1466
1397
1397
1467
1397
1466
1467
1467
1466
1396
1467
1886
1467
1467
1397
1397
1397
1467
1467
1397
1397
1397
1397
1466
1467
908
1466
1397
1467
1467
1397
1467
1397
1397
1467
1397
1467
1467
1397
1467
1956
908
1397
1397
1466
1397
1467
1397
1397
1886
1466
1397
1467
1397
1467
1466
908
1397
1467
1466
1467
1397
1397
1397
1956
1397
978
1397
1397
1467
1467
1397
1886
1467
978
1467
1467
1397
1397
1396
1397
1885
1397
1397
1955
1397
1466
1467
1397
1467
1397
1397
1397
1397
1397
1467
1467
1885
1397
1397
978
1466
1467
1956
1956
1467
1397
1467
978
1397
1397
1466
1397
1397
978
908
1466
1397
1397
978
1467
978
1467
1397
1466
1397
978
1397
1397
1467
1397
1467
1397
1467
1467
978
1466
1397
1397
1886
1467
1397
1397
1397
908
1397
1397
1886
1397
1466
1467
1397
1466
1466
1397
1467
1397
1466
1397
1396
1327
1466
1466
1397
1397
1397
1467
978
1397
1467
1467
1466
1397
1397
1467
1397
1397
1397
978
1467
1397
1467
1397
1886
1397
1397
1327
1397
978
1397
1466
978
1466
978
1397
1397
978
1467
1396
1397
1466
1397
1397
1397
1397
1467
1467
1467
1397
1397
1397
1886
1467
1467
1397
1467
1397
1466
1397
1467
1397
1467
1467
1397
1396
1885
1397
1397
1396
1467
1397
1467
1397
1397
1467
1397
1397
978
1397
1396
1397
1397
1467
1397
1397
1397
1396
1397
1467
1397
908
1397
1466
1397
1466
1467
1467
1397
1466
1467
1467
1397
1466
1327
1466
978
977
1467
1397
1466
1467
1467
1885
1466
1467
1397
1467
1397
1397
978
1467
1397
1886
1397
1397
1397
1396
1397
1397
1467
1467
1466
1397
1466
1397
978
1397
1397
1397
1397
1396
1397
1466
978
1467
1466
1397
1397
1466
1396
1397
1397
977
1466
1467
1467
1467
1397
1396
1397
1467
1397
1397
1466
1397
1397
1397
1397
1397
1467
1397
978
1397
1466
1396
1466
1466
1397
1467
1397
1397
1467
1397
1466
1397
2374
1397
1467
1397
1467
1397
1397
1397
1467
1397
1467
1397
1397
1397
908
1886
978
1467
1397
1397
977
1816
1397
1467
1397
1397
1467
1397
1397
1397
1397
1886
1397
1397
1467
1886
1467
8242
1466
908
1467
1397
1467
1466
1466
1396
1397
1397
1466
1397
1467
1397
1467
1397
1397
1397
1396
1886
1467
1397
1397
1397
