2374
1955
2374
2304
1885
1467
2443
1885
1885
2374
1955
1885
1955
1885
1885
1885
1466
1815
1955
1466
1955
1885
1885
1815
1885
1885
1885
1885
1885
1396
1885
1955
1397
1885
2862
2373
1466
1955
2304
1466
1955
1466
1955
2374
1885
1466
1885
1885
1885
2374
2793
1955
1955
1885
1815
1885
2373
1955
1885
1885
1954
1466
1885
2304
1885
1885
14731
2444
1466
2304
1955
1885
2374
1885
1886
1955
1885
1466
1466
2373
1396
1467
1885
1467
2374
1885
1397
1466
1885
2374
2374
2374
1885
1885
1955
1885
1885
1885
1955
1955
1955
1885
1885
1885
1466
1396
1955
3281
1955
1466
1885
1885
1955
1397
1886
1396
1466
1954
1955
1815
1886
1466
2792
1467
1815
1885
1815
1885
2444
1955
1885
1885
1885
1396
1396
1466
1955
1885
1885
1466
14382
1955
1397
1885
1885
1466
2444
2373
1885
1396
1467
1885
1886
1885
1885
1396
1815
2373
1396
1955
1955
2444
1815
2304
1955
1886
1466
1955
2862
1466
1885
1815
1885
1815
1885
1466
1885
1885
1955
1955
1885
2373
1885
2374
1885
1955
1885
2304
1955
1466
1955
1886
1955
2374
1885
1885
1955
1885
1885
1815
1815
1885
1955
2374
2374
1955
1955
1396
2444
2374
1885
1955
1955
1466
2374
1885
1885
1885
1885
2933
1885
2373
1466
1955
1815
1955
2373
2374
2374
1885
1885
1396
1885
1467
1885
1955
2444
1955
1885
1885
1954
1885
1885
1885
1955
2374
2304
2374
2374
1955
1955
1885
1885
2374
1885
1466
2374
2374
1954
1885
1955
1885
1885
2373
2373
1885
2304
2444
1397
2373
1466
1885
1885
1885
977
2863
1955
1466
1885
1955
1885
1885
1955
1885
1886
1955
1466
1885
1955
2374
2373
1885
1885
1885
1397
1955
1885
1885
1885
1885
1466
2443
1885
1885
1815
1886
2374
1885
1885
19129
1885
1955
1885
2373
1955
1466
1396
1885
1466
1885
1885
1955
1885
2862
1885
2374
1885
1955
1885
1955
2373
1885
1955
2374
2374
1955
2863
1466
2443
1955
1955
1955
1955
1955
1815
1885
1885
1955
1885
1955
1955
1885
1955
1885
1955
1467
1396
1885
1885
1396
1886
2793
1885
1885
1885
1466
1955
1955
1466
1467
1955
1466
2374
1466
1885
1466
1885
1954
1885
2443
1816
2304
1467
1885
2374
1885
2444
1955
1955
1467
1955
2374
1467
2374
2374
2374
1885
1397
1396
1466
1885
1396
1954
1885
1466
1955
1955
1955
3282
1885
2304
1397
2373
2374
1955
1885
1396
1397
1886
1396
1466
2374
1885
2444
1885
1397
1885
1885
1885
1955
1467
2374
1885
1885
1885
1885
1885
1954
1885
1396
2374
1955
2444
2443
2374
1885
1466
2304
1885
2863
1885
1466
1955
1396
2793
1815
1467
1466
2304
1955
1954
1955
1885
1885
1885
1955
1885
1885
1815
2444
1955
1885
2374
1396
1396
1396
1466
2373
1885
2374
1885
1955
2374
1885
1466
2374
1955
2374
1885
2792
2374
1396
1466
1885
1885
1466
1885
1885
1466
2374
2374
1885
2374
1885
2374
2374
1955
2444
1396
3281
1885
2304
2444
2374
1955
1885
1466
2374
2374
3351
1955
1885
1816
2374
2373
1885
2374
2374
2374
2374
2373
2863
3281
1955
1955
1396
3421
2373
2374
2374
2932
2374
1885
2374
1815
2374
2374
1885
1954
1955
1885
2374
1885
1815
16686
1955
1466
1955
1955
1397
1466
1466
1885
1885
1467
1885
2373
1885
2443
1466
2304
1467
1885
1885
1885
1885
1885
1885
1466
1466
2444
2374
1885
1955
2863
2374
1885
1885
2374
1885
16826
1955
1955
1885
1885
1397
1885
1955
1885
2373
1954
1885
1885
1885
1955
1955
2374
2373
1467
1955
1396
1885
1885
1885
2373
1467
2373
1885
1955
2304
1467
1816
1955
1885
1885
1886
2373
1397
2374
1396
1396
2373
1886
2863
1955
2374
1885
2374
1885
2933
1885
2304
1955
2374
1885
1885
2374
2304
2374
1396
1466
1466
1466
2862
1885
1885
1885
1955
1396
2373
1955
2304
1955
1466
1955
1955
1885
1466
1885
1397
1885
1885
1886
1955
1815
1885
1885
1885
1955
1885
2443
1466
2374
2373
2304
1885
1466
2304
1885
2374
1885
16058
1466
1467
1955
1885
1396
1885
1885
2374
1955
1397
2374
1816
1954
2374
1955
1886
1885
1885
1466
1954
1466
1955
1885
1955
1885
1466
2374
2374
1885
2793
1885
1955
13963
1954
1885
1886
14173
1955
977
1396
2374
1885
2374
2374
1885
2374
1466
1885
1397
1885
1886
1886
1955
1396
1885
1885
1886
1466
1954
1885
1885
1396
1955
1955
1466
1815
1815
1466
2304
1955
1885
1467
1885
1885
1955
1885
1885
1396
2374
1815
1954
2443
1815
2444
1396
1886
2374
1886
1885
1885
1397
1955
2374
1885
2304
1885
3281
2374
1885
2373
2304
1815
2374
1885
2304
1885
1954
2374
1396
1466
1885
1885
1885
1955
1955
1466
1885
2444
1955
1466
2304
1885
1955
1885
1955
2374
2374
1885
1466
1396
1954
2374
2443
2374
1955
2862
1885
1955
26042
2374
2374
1954
1885
2443
1955
1885
1466
1885
1885
1885
1466
1955
1396
1396
1885
2304
1955
2373
1885
1885
1885
1397
1815
1955
1396
1885
1955
1397
1885
1886
1885
1466
1885
1885
1955
2374
1397
1885
1885
1885
1396
1885
1885
2793
1816
1955
1466
1885
2443
1816
2304
3282
1885
2374
1955
1885
2373
2374
2444
1885
2374
1885
2443
2443
2444
1885
1955
1954
1885
1885
1955
1466
1955
1885
1885
1466
1885
1885
1954
1955
2374
1466
2373
2303
1885
1955
1467
2444
1885
1885
1466
2443
1885
2373
1396
2374
1955
1885
2373
2374
3351
1466
1955
1885
1396
1954
1885
1466
1954
1396
1886
1885
1955
1396
1955
1955
2374
1467
1955
1955
1955
1886
1396
1885
2444
2443
1466
1885
2862
1955
1885
1815
1816
2304
1396
1466
1955
1954
1396
1885
1466
1885
1396
1885
1885
2444
1885
2374
1885
1955
1885
2444
1815
2373
1466
2304
1466
1397
1955
1885
1885
1955
2374
1885
1885
1397
1466
1885
