1886
1467
1467
1467
1397
1885
1467
1467
1397
1467
1467
1397
1467
1886
1466
1466
1397
1397
1397
1467
1397
2375
1397
978
1466
1467
1467
1397
1397
1397
8731
1397
1397
1397
1467
1467
1466
1397
1397
1467
1397
1467
1397
1467
1397
1886
1397
1467
1466
1467
1466
1397
1397
1397
1467
908
1956
1467
1397
1466
1466
1397
1467
1467
1466
1397
1467
1397
1467
1397
1467
1397
1397
1397
1466
1467
1467
1955
1397
1467
1467
1886
1466
908
1397
1886
1397
1397
1396
978
1397
1396
1956
1467
1467
1397
1397
1397
1397
1397
1397
1467
1886
1397
1397
1397
1397
978
1397
1397
978
1467
1467
978
1397
1886
1397
1397
1397
1467
1467
1397
1467
1467
1397
1467
1467
1466
1467
1397
1397
1467
1467
1397
1397
1467
11525
1397
978
908
1466
1466
1397
1467
1467
1396
1467
908
1467
1885
1467
1956
1467
1397
1886
2374
1467
1886
2305
1816
1397
1886
1467
1397
1467
1955
1397
978
1466
978
1956
1886
1816
1816
1955
1956
1396
1397
1886
1467
1397
1397
1886
1467
1467
1397
1397
1397
1397
1467
1467
978
1397
1396
1397
1467
978
1397
1397
978
2445
1397
1467
1396
1467
1397
1466
1467
1886
1467
1397
1397
978
1467
1397
908
1466
1466
1467
978
1466
1397
1397
1397
1397
1467
1397
1466
1956
1397
1467
1397
1956
1397
1397
1397
1467
1397
1397
1397
1397
1466
1467
1397
1886
1467
2445
1467
1956
1466
1466
1467
1397
1397
1397
1466
1956
1397
1467
1467
1886
978
1466
1467
2794
1816
1467
1467
1816
1397
1397
1397
1467
1467
1397
1467
1467
1466
1397
1467
1467
1885
1397
1467
1467
1397
1466
1886
1397
1467
1467
978
1816
1397
908
1397
1466
1397
1397
1397
1886
1397
1397
978
1467
1467
1467
1397
1397
1466
1397
1397
978
1397
1397
1467
1467
1397
1467
1466
1467
1397
1397
1466
1467
1467
1397
1956
1467
1397
908
1397
1885
1397
1886
1467
1397
1397
1886
1467
1955
1956
1397
1397
1467
1397
1466
1397
1467
1466
1467
1397
908
1467
1397
1467
1467
1467
908
1467
1467
1397
978
1397
908
1466
1467
1397
908
1397
1397
1397
1397
1467
1467
978
1397
1467
1397
1397
1467
977
978
1397
1397
1467
1397
1467
1397
908
1397
1397
1397
1397
1397
1397
1467
908
1397
1467
1397
1397
1467
1397
1467
1397
1397
1466
1467
1467
1397
1397
978
1397
1397
1886
1397
978
1397
1467
1397
1466
1466
1467
978
1467
1467
1397
1397
1397
978
1466
977
1397
1397
1467
1397
1397
1397
1397
1397
1397
1467
1397
1397
1466
1886
1397
1397
1397
1397
1397
1467
978
1886
978
1886
1397
1396
1397
1466
1467
1397
1466
1816
1397
1467
1885
1397
1397
1397
1397
1397
1467
1397
1397
1467
1397
1397
1397
1397
1397
977
1397
1397
1397
1467
1397
1397
1397
1397
1467
1397
1466
1397
1466
1397
1467
1467
1467
1397
1397
1397
1397
1467
1397
1467
1467
1397
1467
1397
1467
1396
1956
1397
1397
1467
1397
1397
1397
1885
1466
978
1886
1397
1397
1467
1467
1466
1886
1397
1397
1397
1467
1397
1397
1397
1466
1396
1396
1467
1467
1956
978
1467
978
1467
1396
1467
1467
9918
1397
1467
1397
1467
1397
1397
1467
1466
908
1397
978
1467
1466
1397
1467
1816
1397
1467
1397
1397
1397
1467
1397
1467
978
1886
1467
1467
1397
1466
1397
1397
1397
1397
1467
1467
1467
1886
978
1467
1397
1467
1466
1397
1467
1397
1886
1467
1397
1397
1466
1467
1467
1467
1397
1397
1397
1467
1467
1397
1397
1397
1467
1397
1467
1467
1467
1397
1467
1397
1956
1466
1956
1466
1956
1397
1397
1397
978
1467
1466
1467
1467
1397
1397
1467
1397
1466
1397
1467
1467
978
1467
1467
1466
1467
1886
2375
1886
1467
1886
1956
2375
1467
1956
1886
2305
2444
1397
1886
2375
1397
1467
1816
2375
1886
1467
2374
1467
978
1886
1397
1397
1816
1467
1467
1467
1886
1397
1397
1467
1955
1886
1397
1397
1886
1886
1886
1955
1467
1467
2374
1467
1397
1466
1467
1467
908
1467
1467
1396
1397
1397
1397
1397
2375
1397
1397
1886
1467
1397
1886
1467
1396
1467
1397
1886
1467
1397
1467
1397
1466
1886
1397
1467
1397
1397
1467
1466
1397
1397
1397
1397
1397
1467
1467
1956
977
1886
1886
1886
1396
1466
1467
1467
1397
1467
1397
1467
1955
1467
978
1467
1397
1397
1467
1467
2864
1886
1466
1466
1467
1467
1956
1397
1467
1467
1467
1467
978
1886
1466
1886
1396
1397
1397
1397
1816
1467
1467
1886
1397
1397
1816
1397
1956
1467
1467
1397
1397
978
1467
1397
1397
1816
1397
1467
1467
1397
1886
1397
1955
1397
1466
1886
1397
1467
1467
978
2375
1397
1886
1467
1886
1467
1467
1956
1886
1955
1886
1956
1466
1466
1886
1466
1467
1467
1397
1467
1397
978
1467
1467
978
1956
2305
1886
1397
1467
1397
1467
1467
1397
1397
1467
1467
1467
908
1467
1467
1956
1467
1397
1467
1397
1397
1467
1397
1467
1466
1397
1467
1467
1397
1397
1466
1467
1397
1956
1397
1886
1397
1397
2375
1956
1397
2375
1467
1956
1955
2374
2864
1886
1397
1397
1467
1397
1816
1397
2794
1397
1886
1467
2374
1467
1467
1886
978
1466
1397
1467
1397
1466
1467
1817
1397
1886
1397
1397
1467
1397
1397
1956
1397
1397
1397
1886
1397
1467
1397
1467
977
1467
1397
1886
1397
1955
1467
1467
1397
1467
1397
1886
1467
1467
1467
1956
1397
978
977
1397
1886
1397
1467
1467
1466
1467
978
1467
1467
1397
1397
1467
1467
1397
1397
978
1886
1467
1397
1467
1466
1886
1467
1467
1886
1397
1397
978
1886
1397
1466
1955
1466
1397
1397
1397
1397
1397
1886
1397
2374
1466
1956
1886
1397
1886
1467
978
1397
1467
1397
1956
1397
1397
1397
1397
1397
1466
