1383780
1593046
1578114
1360125
1547342
1554179
1616701
1524035
1607351
1698901
1669036
1439952
1548608
1543234
1489435
1591661
1551817
1532210
1491388
1686142
1555515
1567448
1481550
1519091
1509392
1507438
1598988
1626551
1656835
1511973
1554260
1707146
1413654
1565355
1465501
1492296
1527674
1547979
1566471
1529488
1803720
1502065
1450917
1672117
1470455
1806441
1763178
1503530
1547491
1654672
1430681
1651183
1539606
1622574
1940208
1622643
1573240
1779437
1485387
1605478
1508694
1410584
1521115
1520137
1525162
1645740
1468291
1650973
1632761
1474781
1921576
1619782
2447153
1686142
1628504
1883477
1539536
1477712
1730033
1508136
1547352
1556842
1530953
1466827
1497529
1608687
1575762
1434668
1541291
1603883
2099388
1609117
1574924
1528940
1533266
1745606
1522520
1489585
1712530
1733185
1600883
1470535
1674570
1690969
1496074
1577366
1624538
1552735
1562225
2758456
1588811
1546105
1533405
1608558
1620980
1503610
1524963
1582531
1595370
1507727
1627748
1559852
1586578
1592928
1579181
1539407
1465580
1528381
1543454
1411361
1435854
1578553
1728440
1765702
1779309
2185426
1665569
1716018
1739395
1608977
1734790
1786915
1725160
2175518
2603126
1863184
1751257
1574785
1776029
2883361
1554828
1557758
1751677
1516310
1623003
1590765
1758096
1518274
1614779
1476685
1430560
2426600
1588612
1571655
1446819
1499154
1533625
1588821
1598171
1627270
1627828
1574028
1598939
1612896
1423582
1566491
1730195
1579052
1598172
1676186
1530625
1489664
1594403
1473823
1425467
1420163
1499642
1440957
1641994
1573260
1635714
1643668
1521972
1518064
1545627
1641994
1588333
1784763
1703610
1522949
1672697
1445981
1484709
1491827
1518344
1627758
1666766
1522948
1524693
1498038
1470195
1635922
1521553
1499154
1619664
1517157
1611849
1492524
1590915
1586588
1542068
1533695
1622804
1648274
1708215
1424908
1569562
1511854
1533695
1684211
1636271
1550243
1438245
1518842
1554080
1549963
2311408
1540962
1586947
1631328
1519051
1544800
2043660
1656030
1759165
1423103
1540892
1639562
1448014
1438245
1556105
1470274
1593507
1610044
1492255
1497768
1397912
1540614
1537473
1611999
1532798
1793637
1498815
1562245
1966553
1527355
1711366
1619117
1489185
1608928
1527006
1556384
1566572
1586599
1626861
1457783
1514027
1769703
1885608
1590088
1753513
1512840
1456318
1581713
1586249
1566781
1704108
1534123
1838297
1480533
1542637
2407357
1464971
1465879
1550592
1538589
1517725
1537682
1548359
1670265
1676546
1460296
1419056
1526936
1544870
1770819
1562255
1479076
1488776
1473493
1483822
1671601
1600914
1600634
1454304
1499173
1550532
1588144
1601263
1556184
1544321
1479565
1543693
1599378
1555277
1695467
1489892
1455002
1539925
1471121
1558417
1540344
1522410
1554579
1495126
1605100
1523526
1509989
1609217
1486194
1477332
1553114
1581515
1563441
1820863
1474541
1543484
1487660
1548578
1587167
1546555
1458072
1528621
1436231
1411179
1605310
1787229
1530226
1501057
1477681
1639991
1736149
1558068
1494987
1688558
1690722
1581026
1806977
2574637
1490660
1525271
1497778
1546345
1536506
1770202
1505732
1483542
1519479
1468051
1512013
1554020
1459616
1656889
1503997
2204532
1669030
1860929
1496392
1440636
1780053
1463943
1573151
1606506
1796103
1503160
1553612
1645584
1481807
1482854
1546983
1714458
1683336
1644538
1659959
1663099
2038592
1506300
1546913
1428983
1350339
1566521
1718296
1573570
1545239
1527654
1601552
1543913
1478178
1613135
1476364
1479156
1538260
1467781
1645793
1574616
1470782
1788985
1468758
1467571
1473434
1591364
1632744
1379229
1525002
1528002
1729112
1526118
1506509
1616067
1445311
1668194
1448451
1402047
1637489
1522350
1578943
1631837
1563521
1567010
1700363
1447056
1508393
1707759
1558427
1635117
1693524
1556483
1525081
1467860
1496680
1447274
1536804
1512660
1571277
1496401
1559903
1486980
1584466
1571137
1492772
1476234
1654806
1567509
1643850
1577209
1498285
1602330
1515033
1460463
1586210
1619566
1555785
1473583
1469535
1565903
1561577
1464022
1502402
1550133
1669390
1567439
1627102
1570858
1527454
1522011
1533943
1530176
1536107
1537922
1556692
1552226
1647688
1598213
1575394
1610005
1632546
1492912
1536595
1522360
1598980
1529757
1481677
1650898
1585721
1508891
1496122
1559135
1620892
1528151
1518591
1480839
1557600
1530873
1680346
1554181
1737846
1528989
1386215
1550133
1533734
1555785
1597306
1505761
1462077
1490967
1540862
1608899
1511064
1528092
1770236
1568705
1585034
1950972
1537791
1421255
1450284
1648605
1549096
1524044
1640092
1636463
1627391
1510995
1571286
1421464
1497876
1454262
1505202
1513786
1572333
1469544
1483919
1548049
1951041
1562774
1551678
1539675
1692987
1608341
1543932
1425162
1455029
1504575
1512809
1530046
2250966
1495014
1616506
1495294
1498155
1559145
1477708
1544560
1573101
1542327
1565914
1556214
1502551
1547840
1530813
1476243
1504575
1381549
1626903
2033385
1574985
1545049
1460891
1515460
1534930
1547211
1433466
1551887
1514065
1624949
1533464
1559494
1525868
1506538
1559364
1473112
1520495
1549943
1715816
1526984
1476322
1476322
1437174
1514842
1536336
1635217
1505561
1491675
1539685
1546384
1471996
1536754
1769829
1504653
1577856
1514703
1640102
1725796
1743659
1531032
1693136
1631868
1559922
1430614
1823770
1504305
1557410
1872897
1598024
1643661
1705977
1540871
1525030
1703884
1604931
1697952
1460900
2618386
1516168
1472415
1539615
1638497
1506748
1480230
1690835
1575623
1763199
1529775
1444361
1795368
1534661
1532777
1567528
1539057
1434034
1645894
1596348
1469065
1493140
1693206
1675691
1597535
1771433
2057263
2174009
1675552
1545137
1548417
1429368
1613385
1511084
1475355
1531460
1599219
1548347
1457350
1488194
1572004
1623224
1561537
1450652
1599499
1595730
1590217
1532716
1481983
1527691
1400478
1447720
1557489
1478215
1499499
1434810
1507943
1559303
1505292
1612827
1482262
1493777
1448000
1622596
1898240
1805010
1534182
1558256
1714920
1442068
2305913
2223220
1699428
1784075
1534182
1847438
1913592
1607942
1607245
1529157
1422180
1632367
1510665
1555465
1620782
1521969
1558815
1492731
1530553
1445417
1646741
1536763
1599987
1624969
1469353
1561257
1518271
1580378
1524063
1620573
1595451
1606826
1578354
1487715
1457429
1487436
1671943
1498601
1751636
1478643
2346192
1529725
1888063
1509976
1519327
1460081
1552754
1722885
1711162
1547449
1505510
1514721
1473619
1685202
1599508
1515280
1482691
1589599
1589599
1468455
1618001
1517093
1575572
1657498
1689320
1548776
1553521
1504672
1543681
1555824
1420513
1455266
1451777
1526236
1582272
1448915
1392112
1576061
1596437
1671525
1449753
1423933
1614931
1550939
1494065
1536145
1539006
1515768
1719466
1531539
1629794
1513745
1520513
1589180
1533702
1587645
1495182
1583458
1480179
1496926
1543402
1552474
1564686
1416327
1799159
1478503
1868873
1556173
1935249
1590516
1617034
1646553
1755415
1510195
1440829
1457298
1797495
1691214
1539783
1546691
1357926
1845298
1497145
1639016
1539085
1538945
1570139
1938738
1599936
1533014
1654298
1496238
1621709
1521919
1475651
1564695
1496029
1564207
1521151
1628827
1567836
1575512
1426663
1438038
1511381
1491213
1593098
1549483
1600495
1496447
1576699
1532595
1552972
1428408
1680468
1538876
1616546
1574047
1581933
1517592
1578583
1559881
1523384
1632875
1441388
1498681
1508659
1533921
1542923
1506356
1670139
1662672
1817802
1552484
1558695
1748786
1505798
1811103
1578653
1575862
1543063
1668265
1680408
1619277
1611251
1523043
1366797
1518299
1455144
1472450
1539164
1486546
1492758
1588711
1576917
1620114
1601482
1491711
1537559
1594991
1762544
1543770
1603854
1539723
1462122
1768057
1445095
1581035
1622278
1632396
1521299
1529883
1525068
1434488
1482290
1592619
1639653
1617602
1629047
1436441
1483685
1442513
1494292
1513972
1520113
1567566
1543003
2164781
1614880
1666451
1554377
1460587
1522904
1904695
1797296
1469380
1522905
1715719
1482988
1631907
1699738
1589339
1549841
1482918
1603855
1606855
1489129
1538536
1455911
1483964
1584106
1578034
1552562
1595899
1462122
1631708
1438404
1678953
1470993
1530520
1702331
1563947
1465621
1579090
1555294
1525775
1606097
1668414
1815800
1504001
1484881
1488510
1531078
1513353
1698561
1630940
1578183
1499326
