9496739
10284178
10279362
10055716
10289762
9349874
9737081
9991956
10103570
10084164
10230820
9936463
10097079
10054499
10129257
10213160
10402813
10101406
10379290
9992026
10313954
10078022
9955240
10005358
10155782
9639523
10281566
10021064
9796369
9956007
9873431
9961312
10017434
9449031
10709247
9661231
9609159
10213300
10158714
9576561
10177561
10844733
9689502
10446440
10195151
9746111
10247363
9960824
10532297
10907948
9848271
10186466
10119804
10239934
10311133
9660991
9745661
10299546
10115616
10649817
10048466
9668668
9384781
9489345
9927218
10590275
10520961
9721928
10392594
10282724
10839751
9747406
10593137
10253128
9881148
10255151
10152542
10108985
10681018
10399714
10120292
10156101
10161895
10130763
9779097
9612756
10384706
10157777
10008468
10563262
9821746
9736796
10174188
9678409
10942194
10488055
9879652
10612933
10193626
10185598
10110490
9716103
9997060
10310127
9783881
10164797
9678758
11280529
10253935
10200397
10667729
10205422
10407782
10153209
10525120
9748492
10414762
10047178
10641832
9768664
10192927
10033706
10187413
10227550
10090037
10043759
9973816
10242906
9486939
9927885
9819830
9762661
9988404
9554578
10023027
9817666
9588922
10274428
9836482
9811003
10003102
10354074
10016155
10090495
10348419
10463246
9974273
10300464
10135310
9653039
9923247
10963247
9856027
10480417
10240224
9615205
10371943
12705400
10294461
9718025
10138381
9809747
9604525
9870267
10199598
10233872
9774984
9683961
9879410
9847859
9936928
10013991
10174818
10298649
10004917
10048125
9727728
10386113
10117719
9653876
9729682
9742075
10398020
9626899
10014518
10106659
10392854
9767902
9383214
9653284
9716806
10142888
9707871
10425104
9775581
9715340
10027292
9774115
10236564
9887756
9798267
9911768
10168087
9689024
12033519
9991553
9955255
10225814
9701519
9930754
10006701
10190703
10588583
9833867
9740120
10185538
9765459
9954278
10024710
9726299
9747310
9390265
9750870
9977383
9445773
9881022
10045759
10532781
9743927
9894355
9701905
9862035
9676846
10051483
10256986
9875088
10451111
10181528
11206877
9899381
10182366
10645654
9838372
9666794
10634904
9892330
9751396
9929466
9824411
9522789
9883815
9442653
9717891
9578562
10479451
9749721
9864479
9869923
10655915
10649214
9972256
9709305
9822526
10794615
9773524
9914039
13168716
9739743
10028625
10069670
9699917
10293742
9600516
9806927
9490017
9813698
9789336
10314683
9970688
9290935
10445775
9976063
9720510
9522685
9828357
10076581
9757925
9903676
9724978
9647914
9722185
10242156
10280828
9862003
10359776
9888808
9996934
10251719
10107365
14190769
10032883
10593481
10239504
10049358
9893624
9309084
10136542
9235162
10428743
10062760
9936345
9758311
9600553
9383112
9821205
10015680
9805778
9963885
10183559
10229909
9648229
13330343
9654721
9403146
9799216
10377895
10053514
10099933
9921025
9996903
10334616
10200172
12254099
9830838
10610762
9862389
9366987
9791258
9713915
9407683
10041856
9884307
9953833
10180627
9737020
9731995
9789514
9718173
9910135
10015470
10205408
9870417
9966956
10440858
9821234
10021162
9825010
9633327
9684145
9739430
9422656
10048734
10004129
9941724
9851188
14057967
9443807
9517032
10304429
9780336
9654618
10268829
10061788
10875362
10002175
9663413
9461816
10126357
9917781
10214311
9971531
9737895
10074981
9669346
9898166
9983049
9727144
10093270
10009504
9659992
10009016
10178362
9894397
10084055
10322998
11399036
10266455
11397334
9951324
9519860
9500454
10427673
10045770
10087165
10210998
10167371
10018686
10220004
10382858
9531936
10219166
10261886
9946927
9664495
9650814
9675385
10206880
9993207
10541036
9617307
10292740
9856250
10688814
10156132
9929545
9771437
10516954
10159622
10142241
10058126
10026714
10061825
9884172
9369570
9831539
10045980
9732067
9836285
9921169
10098580
9395782
9908151
10535770
10005739
10717334
10668679
9494346
10226742
9680377
9746064
9992755
9794927
9615109
10197284
9430055
9556263
9796184
9912130
9837369
10001830
10377103
9438990
10074078
9998340
10122384
9365206
9975235
9860684
10140742
10059070
10222135
10160916
9870946
10137601
11451266
10019490
10163708
9940751
9455185
10255781
9454139
9867455
9688858
9699260
9640414
9797057
11119521
9774790
10157044
9588758
10116278
10263777
10715767
10229014
9769344
10481849
9576402
10550328
9705472
9904348
9990628
9912864
9532983
9700098
10422444
9937506
9864629
10002425
10067763
10242974
10203674
10202417
10252399
9709661
9705751
10020854
10130657
10044169
9576960
9941554
10032999
9663659
9816184
10066785
9838242
9906895
10574030
9731824
10167063
9802258
9362482
9961415
9644776
10144166
9853286
9966232
10028010
9395222
10300462
9828924
9911155
9863548
9950177
10090137
10104866
9721912
9854264
9915204
10160012
9509912
9904942
10039178
9699713
9652316
10115198
10549319
9807773
9470611
10125878
15721713
10192123
9853216
9824457
10234216
9760864
9923302
10110172
9954155
9998134
9949794
11748135
9964941
9818000
10124309
9531376
9833706
9486421
10252473
10337077
9884176
10050733
10385313
9724809
9693954
9819605
10675217
9589106
9682576
10105670
9677061
9144721
10204027
9911540
9492564
10308945
9801526
10237813
9880406
9805504
9642856
10093105
9607186
10102180
9612770
10262874
9995446
10383638
9500103
9464572
9953912
9864212
9591619
9613887
10271985
9754791
9994644
9906619
9817825
10836089
9447224
10216349
9601217
9792904
10250833
10191010
9574062
9699574
9424886
10037156
10222073
9948922
9874578
9668789
9823060
9989270
10018170
10105288
9815452
9936147
9766728
10011817
9842536
9442966
9732522
9837301
12108237
9992550
9549909
9516472
9447923
9820897
10736545
10059145
9557937
9758839
10155059
9496820
9352321
10355021
9692349
9841525
9742050
10120890
10098203
9806691
10004732
9802922
10105183
10029024
10014295
10024069
10304341
9800199
10005919
9731998
9981137
10325213
10451075
10562276
9938067
10006826
10491074
9822049
10127731
9921244
9971365
10041450
9524743
9656607
10122914
10019321
10023440
9866654
9416891
10235791
9768716
10030560
9803341
10162564
9577131
10617740
9762817
10040927
10098658
10106266
9724563
10155479
9950388
10170000
10229545
10012585
10015448
9509279
10006443
10042881
10433310
10733619
10071573
10910509
10180889
10304517
9974750
9693429
9744807
9451618
9680027
10294256
10327763
9825294
9793322
9653849
9831158
10240155
10770267
9627043
10277153
9542647
10372021
9992970
10143403
10741647
9695523
10154045
9659467
9930038
9996425
10036215
10491426
9981906
10232233
10253455
10071817
9872657
9971574
10006058
9762921
10123683
9828749
10091852
9957263
9977159
10103160
10019321
10459175
10550552
10262738
10544340
10208638
9859114
10023370
9946652
9764945
9635733
10203472
9986792
9905955
11284712
10254990
9838731
10105394
10308951
10089548
10643047
9463100
10179599
9753985
10880079
9980544
10551078
9817334
11065557
10005954
10640431
9645051
10091048
10455232
10430800
9764839
9882046
10121764
9985709
10886780
9650426
9830039
10204624
9925745
9859288
10456698
9926862
10168604
9631997
10335095
10241622
10355827
9958485
10163020
10190105
9844908
9383063
9844769
10484621
9440724
9733565
10034784
11060112
10818579
10720639
11127336
10877636
9899252
10258900
9747003
9771645
9839846
9867979
9976320
10053456
10583924
9928153
10133526
9867978
10185603
15647615
10198167
11170027
10238027
9401735
9733948
9872656
9638800
9618766
10066301
10341342
9905814
10170036
10782595
9665886
10268533
9800195
10134712
10562073
10012479
10215480
9718032
10532475
10043474
9749725
9957471
10103509
9638172
10217714
9765850
9824495
10244695
10217539
9681696
9664872
9885534
9781102
10091816
10982282
9916458
9621591
9896703
9650073
10886924
9819845
9697821
10710381
9982706
9556182
9962601
9639881
10062007
9725465
10021937
9960856
9984800
9920298
9950315
10039111
9740683
10384240
9891887
9972444
9956109
10552127
10185008
9729164
9219359
9936773
9762951
10216702
10600434
10147801
9683860
10167627
9615727
10733146
9781344
10004659
9730314
9707487
9477470
10591185
10570732
9946579
10093455
9980157
10123891
9809058
9918586
10295060
9940297
10152163
9614991
9964659
10012338
9815620
9453456
9607453
9802426
10167661
10022879
10143018
9512793
10279283
9912582
10031326
10017923
9490943
9800820
9840821
10582808
10713558
9681309
10167940
9741623
9984624
9755585
10216596
10131500
10250732
9704379
9866194
10226543
10095863
9953244
10113873
9837851
9864798
9658723
9971394
9663121
9819911
9777537
10076036
10074152
10307032
9740399
9975582
9834780
9991987
9988846
9924833
10137329
10305147
10325810
10017956
10578376
10392407
9891533
10152826
9769998
9957642
10258166
10144518
9787240
10232616
9873733
