7341830
7128811
7342179
7211171
7232529
7455390
7484983
7055943
7390618
7266241
7508783
7946059
8388290
7246488
7019160
7929029
7680832
7413232
7164129
7322497
7410789
7175854
7558479
7455948
7452807
7122111
7277687
7104313
7032771
7095518
7407299
7360047
7117295
7567901
7024117
7175715
7259541
7239648
7210822
7142003
7142910
7399133
6727132
7860768
7179623
6458974
7288785
7634557
7608130
7144898
7384440
7599903
6951142
7644294
7108324
7025684
7015424
6625260
7122632
6972499
6796472
7041040
7174631
7034619
7356870
7316319
6935018
6992670
7151459
7088850
7079847
7043343
7092759
7143013
6883438
7376972
7055139
7056325
7452143
7412499
7027988
7072797
7095900
7283514
7146223
7106300
7061770
6928945
7316249
7161509
7569262
6682005
7025335
6960983
7160881
7048299
7280862
6941161
7764414
7375957
7648238
7178781
7046167
7246346
7127411
7323192
7073598
7578650
7524208
7643352
7138997
7238110
7227081
7421606
7262957
7261003
7119245
7077157
7028578
7079530
7209633
7230780
7071225
6807321
7628625
7257164
7328008
7229525
7000799
7392082
7293110
7222266
7701144
7404436
7237830
7200279
7643073
7181574
7180527
7177246
7871449
6959409
7207259
7095234
7478770
7322076
7487984
7123642
7627019
7533351
7423105
6916446
6663849
7266689
7028750
7563259
7055622
6921541
7333625
7888236
7807690
7369780
7271087
6617643
7201429
7092335
7160876
8751771
7011021
7395466
7209386
7284907
8520811
6846229
7080400
7106225
6674388
7423176
7374596
8212167
7359241
7169322
7486482
7072722
7361195
7290560
7699853
7449838
7521241
7035032
7237654
7308219
7102596
7414940
7773349
7355403
7551743
6970399
7013185
7258346
6977619
7547519
7374978
6823855
7250599
7177032
7412600
7114075
7324096
7698073
7538305
7848766
7101301
8407987
7398919
7297294
7242083
7117425
7358437
7163282
7545146
7209209
7714336
7099208
6982296
7153998
7060748
7486027
7208302
7029828
7320676
7448895
7061726
7494821
7531047
6817503
7751608
7034714
6973083
7655915
7657380
7447429
6660737
7488330
7162793
7393754
6924433
6865176
7221158
7318405
6929699
7183835
7344440
7617211
6902898
7755691
7628519
7602414
7340183
7659300
7490807
6981211
7345069
7381224
7127786
7523821
7183416
7135115
7416053
7335925
7072576
6879445
7474684
7850756
7154240
7422265
7363565
7411725
7545528
6961248
7039423
7590129
7831771
7845381
6965227
7809296
7597319
7570865
7175179
7404746
8047028
7799804
7250841
6932212
7677586
7323012
7542597
7065819
7431651
7430394
6917655
6798021
6957859
7444145
7294008
7645654
7244940
7633229
7973985
7591978
7158669
7308038
7464107
6949902
7449798
7311598
6864189
7127749
7388376
7807167
7523436
7023190
7546191
7199781
6994364
7323604
6839830
7129982
7134240
7411898
7221139
7483163
7003437
7271254
6900554
7435001
7513664
7354035
7587023
7356059
7242009
7416924
7440376
7335399
7628343
7256805
7306851
6851168
7063076
7501832
7348344
7684635
7592151
6935903
7207769
7155699
7229895
7405649
7461418
6946234
7216844
7124708
6958937
7005074
6782485
7108097
7243157
6995162
7081852
6952725
7461767
7039974
7090019
7143973
7356511
7170636
7099302
7232618
7051630
7261654
6939532
7430009
7490105
7277359
7292644
7124150
7374240
6827855
7208677
6965498
7040043
7174266
7245252
7370052
7138948
7093579
6796026
7166689
7280741
7130114
7052777
7155381
7903209
8480447
7007128
6826279
7342653
7144702
7278926
7233068
7661844
7267897
7225949
7523502
7081744
7486299
7374412
8117004
7722150
7319340
7305660
7219248
7058919
7127672
7316268
7086909
7292607
7073368
7382787
7018017
7212478
7678805
7047822
7239839
6985282
7097658
7235301
7679852
6731910
6789635
7310824
7338115
7981943
7040423
7482879
7522385
7262136
6727752
7184938
7347012
7445569
6936312
7354202
7228004
7325723
7076260
7573511
7385681
7490031
7331028
7061812
7231774
7330330
7085474
7216487
6996130
7353713
7643101
7293197
7230308
7508179
7306389
7958245
6947759
6832520
7235961
7196385
7014698
7342266
6875936
7362368
7507899
7801197
7197223
7328516
6934777
7092314
7645264
7149759
7289498
6919142
7702709
7068861
7258157
7145432
6994611
7267542
7311167
7446438
7067426
7065612
7237877
7403302
7129687
7221125
7224057
7045928
7073848
7080200
7107770
6792834
7082852
7056678
6911075
10143288
6953792
6987645
7114053
7332316
7346485
6922033
7672939
7293577
6650234
7287504
7409584
9045618
7009772
7216448
7333921
6961750
7254699
7666865
6933481
7257281
7210934
7180572
7053606
7244857
7275011
7050186
7136109
7249743
7256025
8156162
6914594
7346237
7396145
7493794
7262896
7518643
7314548
6934697
6837116
6903985
7330393
6992561
7213548
7242236
7150728
7203915
7294306
7312874
7488001
8535001
7125739
7054055
7257870
7113664
6622551
6602240
7057544
7236302
7393911
7146261
7094678
7051403
8924345
7511872
7293748
7205939
7213198
7123995
7715200
7320411
6990886
7030253
7287885
7762385
7299960
7328787
7265200
7334162
7101589
7420505
7087140
7083401
6888449
7069790
7305644
7667559
7391848
7299502
7382843
7022815
7190265
7362602
7723957
7135681
6790519
7013949
7130656
7011576
7904252
7184262
6924466
7160111
7218953
7235775
7478540
6667392
7092265
6834284
7446642
7002154
7007179
6957900
6988543
6962786
6966974
7070279
7107273
7077467
7166951
7746992
7430238
7058970
6763925
7035727
7775680
7094638
7056109
7691501
7110833
7514906
6770207
7163113
7400643
7601560
6989339
9090755
7091108
6965607
7775154
7135920
7845164
7190225
7262818
6905090
6835918
7406468
7227499
7361237
6976635
7204256
7203139
7104231
6952694
6970005
7085036
6996180
6886942
7401372
7196507
7076171
7259398
7545370
6878776
6953183
7337296
7110862
7488204
7244740
7062910
7270426
6892596
7590810
7276569
7353349
7089014
7015306
7254581
7412471
6951089
6920516
7556609
6964979
7629829
7244530
7090278
6978550
6966893
7175667
7015683
7051700
6904631
7042626
7072571
7478602
7029922
7302495
7425345
7289443
7456476
7655059
6511023
7031179
6819334
7276879
7221875
7251540
7196258
6755326
7259149
7073968
7552521
7158565
7686609
7546310
7352891
7022942
7285324
7241838
7205053
7865649
7340467
7262779
7645916
7080040
7505616
7337187
7042068
7262778
7149771
7285394
7597054
7171898
7039834
7013450
7183764
6968009
7134584
7002590
7237121
7011595
7452109
7453714
6981370
7288216
7288425
7019691
7237610
7383076
7345662
7052638
7405482
7198382
6885394
7504879
7607068
7130535
7030091
6971459
7417348
7215972
7387264
7004614
7399200
7429982
7285634
7241868
7071414
7844810
7587384
7307202
6730226
7570352
7270556
7473328
7157967
7007267
7305737
6801423
7145194
7329957
7096891
7157269
6874644
7808165
7394035
7389218
7409252
6680388
7283499
7166443
6989566
7002618
7177332
6974908
7081564
6859386
7119815
7278334
7104529
7077097
6962762
7135032
7251111
6803894
7683392
7305347
7247622
7311909
7403558
6960737
7243503
7046873
7147317
7192548
7271773
7220957
7195131
6936028
7170910
7345762
6685441
6909922
6782256
6965903
7056436
7218236
6879419
7651562
6745470
7484178
7181380
7019091
7271563
7166582
7316027
7113673
7252089
7410120
7272680
7101667
7553771
7051788
7245348
7135968
7358496
6957625
7075171
6953995
6925656
7220568
7550730
7855903
6822489
7305377
6637514
6927890
7060304
6983592
7008580
7008859
7404845
6662293
7057372
7052765
7244650
6896688
7292394
7831053
7159212
7309216
7142460
7184550
6744171
6802595
7342861
7088503
7245208
7645033
7094087
6699987
6808808
7076777
6978775
7492097
7386347
7462152
7245696
7236134
6892849
7226501
7037478
7670999
7456289
7469860
7011889
7192606
7070104
6838082
7328022
7419742
7267085
7585522
7700555
7345543
7862427
6971613
7274205
7240002
7568420
7124131
7440334
6889596
7516488
7387843
6841502
7971597
7122735
6800669
7004142
7367740
7213059
6992764
7035482
7137114
7625727
7883716
7143397
7106890
6961562
7263525
6999743
7038833
7048326
7224785
6697083
7044696
7176273
7205520
7148422
7349661
7447384
7509298
7177808
7242096
7037674
6920965
6827081
7227118
7100636
7042560
7415026
7006891
7999061
7318000
7308228
7144332
7155152
7237658
7273396
7092609
7472194
7334195
7236052
7275072
6951398
7060918
8386883
7137073
7622059
8129103
7070342
6952516
7657519
7146077
7080393
7089817
6844322
6740527
7375099
7058196
7015128
7438968
6988464
7375028
6935205
