4442595
4780242
4973563
5480592
4896026
4856803
4783453
4832376
4676045
4700961
4753303
5185656
4910751
4693911
4561798
4763214
4741160
5183842
4734390
4810811
4583713
4800133
4703822
4724759
4705358
4688817
4614071
4666762
5167093
4963653
4647641
4711569
5326844
4651340
5226973
5502087
7117253
4746394
4900143
6265667
6124829
4713593
4919405
5468239
4992546
5024022
5181748
4801877
4746533
4644779
4793712
5134500
5837153
4934899
4473188
4683328
4557914
4981336
4881744
4761145
4838613
4721504
4760168
4414074
4606209
4596926
4736858
4940857
4901983
4962981
4952302
5157977
4750746
4529439
4600137
4810069
4970518
4700845
4850756
5088465
4663158
4950628
4889142
4925782
4810836
4585271
4796599
4542769
4823050
4785363
4682071
5013021
4750607
4768683
4930458
4639080
5065503
4785572
4927945
4773149
5141297
4738044
5122175
4991804
4759679
4859760
4928713
5043310
4928295
4677745
4534673
4738463
4698194
4966776
4573501
4849595
4975639
4980176
4957912
5310917
5892978
4688168
4769197
5025051
4898729
4671069
4827193
5236798
5011512
4789086
5011582
5168752
4738558
4851131
4800044
4861740
5110965
4855947
4941581
5121782
4810652
5050037
4777431
4990854
4869137
5032588
4562893
4887841
4843454
4956446
5026936
4932438
5011093
4810931
5235542
4480260
5049478
4715457
4752167
4674908
4993506
4882188
5057225
4911361
4685447
4641756
5082839
5026656
4683632
4920085
4897264
5082769
4756145
4921297
4680306
4783598
5140094
5167732
4883401
4911944
4825752
5032754
4867836
4884517
4737256
4975664
4830149
5125718
4641292
5037430
4766917
5036314
4632918
4837408
5049784
4817028
5002047
4638151
5177852
5142467
4950610
4695939
4728323
4972455
4421309
4833359
4879143
4865324
4795741
4973292
4629986
4621263
5036942
5126067
4841525
4620425
4739838
4811444
4521739
4936861
4876630
5012306
4741723
5113713
5034988
5171291
5115597
4792392
4951936
4570872
4765452
4712341
5208446
4892289
4785995
4956986
4996558
4712923
4984135
4925579
5015891
4964244
4771967
4781529
4988393
4880843
4554425
4705455
5259535
4723043
5014984
4797372
4697638
4951263
4768129
4735187
4797930
4681028
4921881
4958591
4824870
4588973
5411543
4673002
4966408
4879447
4504175
4902618
4877772
4944005
4874352
4928860
4729184
4495102
4554844
4767919
4964733
5395141
4906387
4871072
4627706
4389366
4705874
4809376
4785856
4698127
4886706
5067188
4919228
4534674
5039899
4866117
4633942
4841994
4996583
4781414
4765221
5527007
4687682
4843599
5432438
4792859
4631570
5042228
4589833
4872074
4669746
5097154
4556682
5411779
4969574
4706177
4677493
4976554
4903760
4721043
4797676
4782739
4783577
4910321
4714133
4756637
5210986
4982695
4692638
4954010
4991279
4912484
4799769
4739259
5003493
4903132
4839760
4481445
4831385
5044601
4641340
5478082
5312534
4631988
4807585
4717833
4751403
5143218
4706666
4902294
4954429
4750356
4668001
4626544
4909204
4722929
4934075
4818358
5178699
4858838
4528160
5612670
5153433
4808588
5013499
4826593
4871819
4645412
4889757
4785974
4881521
4646808
5116653
5169556
4759104
4810751
4458367
4884522
4820243
4558589
4680308
4440569
4639200
4652252
4653926
4836644
5243885
4740050
4864770
4767409
4724766
4981953
4744587
5034926
4960945
4672282
5011963
5373072
4818567
5089154
4687008
5248980
4845369
4914323
4843414
4455715
5005682
4865538
5350250
4888918
4570035
5208989
4968343
4520064
4938682
4953083
4829829
4675167
4635245
4592532
4818103
4732677
4807774
4926213
4584506
4619123
4687311
4764293
5171536
4782649
4851883
4884267
5228418
5126310
4747682
5340924
4647390
4821383
4906950
4947011
4897389
4801073
4730303
5059518
4841066
4579481
4766666
4704271
5090507
4840297
4821244
4755988
4897388
5014571
4543327
4569570
4582272
4829898
4857327
4985817
5095880
5355232
5019876
4680890
4910649
4910998
4958597
4804355
4844275
4545631
4799329
4767643
4725418
4679704
5403137
4742052
4786371
4906975
4737446
4697455
4609654
5077062
4749521
4800539
4764596
5053261
4761315
4893993
5045655
4805146
7854775
5277299
5200945
4662488
4841020
5107283
4732142
4720417
4666675
4783719
5603235
4841159
4756011
4654741
4780508
7908097
4808077
4716788
4624171
4588367
4805634
5155649
4950875
6882062
4731235
4639247
4696687
4728234
4843253
4925401
4932030
4831458
4755104
4941243
4895040
5056193
5011316
4632477
4990378
4769132
4959460
4954365
4905229
4902532
4902741
5136411
4612468
4763991
4993962
4900788
4854444
4930101
4472881
4783045
4667606
4791560
4873498
5157070
4964230
5024253
4606885
4909581
4782138
4772157
4858771
4786395
4680657
4801051
4678773
4774042
4600813
4785278
4953063
4842440
5279768
5153720
4747450
4783464
5184918
4981749
4775716
4624822
4729304
4675353
4880059
5200901
4673049
4618681
5005687
4766922
4629568
4816057
4560892
4947619
4682263
4847255
4848372
4857445
5221141
4566893
4490120
4489074
4900648
4639222
4843021
4765131
4653321
4625404
4748311
4770854
4750684
5003619
6075239
5155840
5126596
5316157
4953157
4758082
5085208
5475148
4781323
4715996
4692056
4987706
4568172
4872894
5716706
4970187
5198205
5056104
5509906
4805612
5206022
5556180
4691219
4951343
4710622
4694918
4805193
4666931
5106355
5132528
5570208
4827318
4601952
4825154
4809730
4541092
5091350
4924611
4798912
5157305
4808544
4931800
4935569
5410798
4785861
4889714
5202741
4908419
4872149
4722441
5133111
4794329
4759641
4679587
4786721
4556887
4675120
4815407
4508729
4820292
4695430
4819315
4744426
4715740
4848350
5464845
4902720
4772902
4854770
4846815
5441604
5715198
5374183
4512150
4922472
5001967
4843325
4724534
4787419
4842138
5058292
4921843
4862448
4870475
4917586
5050824
4878850
4867195
4922332
4840952
4838090
4679098
4734654
4730117
4753499
5316043
5149653
4571614
4666186
4771436
4763270
4640711
4567566
4784139
4691940
4853026
4910886
4666139
4849560
4743541
4725324
4727558
4625448
4979099
5263234
5502212
5561677
4856609
4839161
5278868
4735655
5398008
5263653
4973167
6420085
5149399
4551884
4846698
4876430
4810196
4490185
4663486
4837207
4678144
4620353
4785348
5022581
4824574
4898905
5258069
4980635
4696011
4906372
5175363
5994336
5357457
4807054
4611210
4951320
4717856
4817175
4743820
5207538
4847815
5025094
4972678
4564796
4686309
4870358
4847326
4899323
5283126
4934570
4667534
4784115
4860751
4714529
5001318
4878966
4819780
4948134
4823410
5184321
4877780
5253209
4682423
4887132
4822363
4974656
4698477
4780904
4750264
4718647
4818873
4605928
4688217
4857609
4784324
4970329
5009903
4776926
4729954
4951903
5133301
4601810
4791164
5097915
6906518
5057014
4692544
5168896
4901092
4626448
4716344
4864589
4975843
4736584
4776577
5046127
4536412
4479389
4864519
4796957
4995524
4726814
4849932
4793537
4981426
4741540
7783845
4702106
4569495
4840859
5087469
5203679
4975098
4711760
4850932
5079792
5013835
4630378
4650409
4738212
4967561
4844371
5138490
4897206
4659483
4961489
4766619
4817431
4921426
4774855
4881712
5169898
4600227
4740795
4844162
5571083
4683702
4577473
4802634
4744773
4801935
5522505
4923729
6321245
4442349
4917169
4979426
4492671
4893717
5078048
4964768
4681678
4830691
4945784
4815127
5005669
4654038
4843604
4712667
4537830
4787837
5500450
4938037
4754475
4613837
4898253
4651038
4795934
5174016
4416266
4991454
4585382
4948251
5074581
5093565
4509444
4929964
4940155
4924450
4693286
4736141
4714086
4695450
4793024
4593967
5033751
4659994
7901594
4603947
4901069
4762454
5494543
5155405
4974215
4918657
4902953
5091681
4767619
4845651
5300441
5298835
5046802
4750519
5200772
4945389
5052176
5113527
4660971
4957813
4949647
4672836
4998713
4900859
5251444
4960534
5008415
4672557
4751776
5310910
5473465
4981055
5328569
4906652
5019163
4699219
5006879
5372400
4777251
5010183
4583030
5083818
5316519
4557624
4695961
4793885
5011997
5096451
4617859
4991268
5116832
4676767
4964885
4451325
5030703
5065253
4611786
4570467
4899556
4700498
5193747
4719621
4735465
4890971
5100430
4723461
4616882
4899626
4748099
5036357
4753124
4619953
4936199
4820966
4820826
4533056
4900045
4695821
5075024
4871708
5673666
4710757
4611716
5125836
5103571
4910514
5038311
4943248
4897950
4869055
4899766
5001459
4738257
5339970
4675510
5685392
4941434
4910375
5029122
4757682
