674563
692495
718032
668633
692634
640793
645677
701844
739528
738481
671777
664521
651334
834349
689918
611214
709315
682802
662288
715107
779019
681755
739039
627053
656637
737155
663405
644915
709665
643519
665637
727317
688384
700036
741411
730945
654194
640588
665917
631239
629704
680360
723619
667312
663474
652869
628308
622866
671987
683779
667591
715037
662637
648543
666963
624122
655520
713571
731155
628448
829535
601097
703315
643310
654055
680360
668428
653009
636961
692360
635077
630192
639263
635496
618262
628308
684197
763739
666684
661869
670731
649868
797160
718525
686430
680429
662427
669894
707640
722712
617075
776164
647850
621475
723694
743161
625174
705692
759488
644710
645966
801003
697668
601660
635081
788863
680643
693830
704716
675411
754185
656362
604799
659921
653989
693412
777698
638360
631872
719088
775117
705413
624406
650432
653502
707856
708762
693691
761651
625661
744347
605567
796956
702553
650990
702204
633407
805678
640873
666479
674712
609126
800305
661735
564610
687481
703739
652944
629639
751604
829540
681480
725089
707297
608846
673457
625313
692296
720275
770722
684690
635779
680434
644431
692296
630546
629569
655315
777768
724392
656014
695575
855567
681899
634732
710507
667601
644994
632783
655321
676741
711908
666484
655739
617154
635714
712047
664391
684276
668996
637039
624620
707511
705070
697046
684417
694882
703255
673462
668508
684137
685114
640109
712814
709047
638644
643807
637667
743096
678625
614781
690486
777495
700952
713094
704232
605711
644017
607665
753772
646459
629504
714837
689510
664879
780565
724676
674857
694813
655321
631806
696348
651204
765703
706116
628318
649459
679462
664182
663275
706953
763610
727536
654971
691882
689998
668856
602152
659856
630759
682881
747213
680509
722443
648552
670811
597268
641017
708977
743515
715052
682607
607460
627834
703818
608855
669838
598389
653232
672001
694887
683096
608366
655883
678769
637602
689027
670326
667536
683862
632300
993315
685118
638928
661325
644858
649813
697189
720007
723844
695096
640184
639347
810574
716168
680235
784827
752451
735845
679886
686166
639695
689933
601668
648068
736612
638579
742823
664605
772128
763476
710028
647789
626577
718052
680305
674932
678071
641580
666070
829343
694539
620507
685956
713866
645068
642278
736124
700260
711354
664605
661395
703051
655814
788456
669210
645906
709540
644649
715192
647370
627136
688817
648487
660000
717988
711359
688264
663912
669913
785740
701242
800044
638374
677379
640816
715267
704242
775902
802486
631745
671936
594276
783507
727548
673751
629652
675913
696008
769761
798369
645213
654422
664679
677029
717080
663633
700474
692031
664888
666214
666494
749596
668029
672704
665307
776111
637188
736409
680309
690427
674169
620860
773389
738363
695590
711847
631955
658190
752247
678565
677030
727059
730059
676123
763341
676820
762365
727198
642910
665308
669145
644514
643398
713452
674727
712755
684775
708429
674727
685124
665307
665517
680449
670332
655050
635235
862912
680588
755672
714085
686594
742344
650031
624215
672429
675081
793839
697967
719248
652194
730413
717924
643193
657428
670615
690780
713318
605375
699572
630913
646194
644031
686314
643263
721412
682826
684780
659800
657497
660776
646054
676755
698177
775767
675220
645984
615214
650660
669987
630285
618562
655752
694130
772906
698246
656591
654567
624633
705364
662801
672778
665800
646682
692874
671103
654218
638239
717993
675150
623866
693152
697967
670336
739833
682477
694758
657287
697200
652753
676546
703479
714225
676127
632587
649403
675080
655265
732785
598746
756718
657148
634332
634475
629522
627707
670271
784634
625824
666712
715416
695669
705159
769004
664270
635313
728883
675155
619962
628265
783588
680388
658339
667270
688134
769563
676132
692739
755259
690366
720022
681994
666782
695809
705857
674737
679551
679202
676481
687157
673969
650664
632870
696019
726022
746327
638523
723371
651152
720649
621358
671806
657362
665387
700973
660153
687157
628335
710950
684645
688622
728045
669364
685133
793286
721627
686529
681156
707113
699925
702368
847084
784006
646547
668039
678644
705229
681645
667829
675294
685831
646756
668596
632452
701670
666224
691832
704671
682905
682766
683742
688487
668740
686952
713328
672718
624153
698675
658135
700698
709978
676067
654437
690302
671811
676625
635736
619617
661274
672089
638039
669089
677114
645714
708234
633713
688417
629037
767126
667136
682835
675021
655553
665182
622339
580473
659670
766497
693372
677044
672509
616617
718352
765939
696302
676067
674183
652901
681161
663647
681230
661763
723934
659111
645226
640411
752333
653529
692325
671183
689185
632456
704746
668392
636433
653599
722817
784500
678649
671881
675230
621781
803340
723864
703000
750728
630294
708513
630712
651785
700210
711304
685277
730498
639369
700354
650393
691981
628134
681026
655278
635671
725823
652835
667279
627785
695330
666024
692678
707192
615226
697144
684654
721985
719542
675722
653533
712705
686887
664628
676909
737894
681933
742011
628135
695540
681863
620599
636090
642300
745430
702866
659814
636648
703773
668187
808928
616063
661558
652068
679282
687584
618017
629670
696237
691214
642579
671676
683747
704959
717309
662675
626669
632461
651859
727636
685701
641323
645649
682282
700703
738034
642857
653394
659185
703564
750594
684026
784436
770968
713333
659116
645021
689190
709425
592757
785831
655770
706429
691148
679705
689823
673704
686682
663656
715850
815213
678588
782906
642373
716338
732387
667005
682984
690450
598344
631697
659887
680402
690800
670424
655981
800908
681309
682426
676564
675448
637908
634070
708592
685636
694846
636861
681798
671262
694079
643280
665191
635605
703778
653329
786744
722828
673285
695823
710477
664563
623673
743272
669098
667773
713407
642792
663307
668191
688217
722897
826657
689613
669727
582853
651654
680193
654794
695055
660377
798117
680263
688497
683752
661841
682357
664354
699451
683542
767345
658981
696661
660934
708313
650956
647750
801960
644053
644192
660101
678105
661776
675732
631492
708527
688850
672312
796448
699107
654589
724298
692199
655985
837478
686896
664148
658985
692688
738253
693943
609931
712365
645239
654938
705807
725134
707620
689408
801053
630585
696735
642447
592486
742161
649913
794913
697363
799169
712923
627934
701410
689688
656124
613978
651240
711667
672522
824010
647820
698200
661358
744185
631841
658148
808031
713831
629399
701620
677406
663172
671126
711876
700712
654170
714110
669591
683617
754093
668405
693664
628492
667498
661218
681384
640145
676918
665754
680128
661571
686831
740700
741468
777822
674829
698275
662479
713347
696740
642451
684109
607841
683692
694576
653966
637079
718022
706858
676644
625287
621728
709370
686273
761913
970342
647336
658431
734350
952199
669177
651662
721162
683063
699391
724651
667433
707067
672108
720255
651453
820038
586909
731978
688436
692902
715580
750609
679016
715719
990996
666107
658920
831483
680551
688226
640010
725698
615448
711951
756540
702322
700019
673922
819481
647057
