13225990
12924907
12800089
12876670
13429350
13077482
12918737
16256694
13005299
13126416
12878318
13148825
13094794
13723418
13405650
12862053
12932628
13427360
13457797
13553713
13468827
13311479
12894444
13486488
12448577
13361462
13572073
14047259
13465267
13466872
13056887
16854393
13435459
13173607
13273503
13721533
13245580
13279646
13285790
13126557
12952594
13144121
13726744
13573584
13860218
13405904
12948448
13005621
12801431
13493095
13717250
13187542
12986494
13754947
12634100
13480948
13141538
13613096
14174287
14335755
12982445
12690016
13960952
12755706
12931275
12629771
14648986
13345589
13882766
13356270
13312081
13585382
14118928
13698821
13121294
12523732
13126599
14157812
12922661
14552698
12906117
13799111
13204200
13389821
12747301
13001405
13248389
13409857
13294673
13172647
13718692
13434569
13462912
13100953
13300955
13461515
13107166
13106119
13970562
14037020
13002313
13366436
12967548
13350450
13875761
13213484
13988153
13020463
12877425
12942486
13583681
13753596
13314987
13312962
13707522
13490390
13433147
12727168
12809752
13750778
13370528
13322988
13059389
13706589
13573463
12944623
13741214
16849742
12973873
13126824
13433705
13419046
12672717
13722086
12874744
12499311
13929489
13613394
13596709
13381628
13545609
13380859
13586587
13638665
12511248
13313773
13428748
13814165
13125568
13132689
13763902
13291477
14355371
13062363
13193465
13442684
12755830
13390886
13360867
13401078
13462300
12901662
13477100
12703334
13580767
13174825
13255246
13504395
13420694
12972798
14041647
13525199
13403661
13302298
13119328
13047634
13140201
13261111
13318354
13133429
13331827
13080025
13586351
13480102
13263274
13079327
13400380
13835989
13550862
13850834
13238464
13514212
12962717
13339827
13189598
13131307
13815650
13193297
13370334
13326355
12587002
13124326
14138797
13308134
13324190
13106874
13341433
12560753
13183734
13135007
12771509
13165654
13218988
13114274
12949453
13466113
13336197
13034970
13236649
13170052
12907917
13520565
13292357
13609363
13660323
13277349
12682961
13558724
14122158
13881873
13688918
12865792
12259216
13770527
13330306
13322068
13447866
13080597
13223079
14282929
14011719
14038387
13088485
13639423
13156131
13196341
14089348
12950402
12938744
13809968
12622436
12872633
13232713
13177004
13363745
12769036
12909005
13558304
13305245
13381826
13903375
13923340
13252611
13316037
13415725
13528957
13092436
14410726
13381170
13701039
13296211
13608331
13689450
13059834
13467734
13400437
13684215
13674162
13552135
12788064
13343403
13817481
12556575
13308497
12886148
13193521
12889708
13530145
14050647
13530842
13394504
13313524
13060673
13070027
13146260
13155963
13180257
17290178
13305984
13789139
13558111
13348192
13328923
13272656
13330529
13178971
14187309
14058440
12847443
13454861
13304280
13714764
13790159
14450633
13977530
13413464
13585545
13347075
13464634
13012055
13725236
13396570
13022806
13665688
12592845
13575843
13647189
12758645
13049962
12990414
13074326
13530605
13636856
13724817
13567535
13544148
13643279
12697391
12842666
13299575
13114577
12439162
13061102
13371200
13015935
13434169
14046685
13157650
12994713
13044348
13126864
13170495
13492601
13093704
13707058
13288266
12979773
12735925
13225855
12894255
13255524
13298807
12877082
13125398
12972234
13654770
13809819
13203795
13688558
13718088
13135381
13515707
13166027
14361181
13411985
13976569
13306597
13429603
13458784
13791501
13546605
13745845
13513026
13470791
14535612
13673033
13243418
13167743
13557077
14015174
13200903
13721481
12552642
13634147
13935241
14014685
13851398
13319442
14268238
13187988
13461157
13343177
13340525
13446218
12923686
12845777
13275321
13429394
13569503
13006271
12747020
13033746
12718900
13445770
13082405
12930846
13283110
12477145
13384197
13265170
12995979
12936221
13395506
13392924
12966309
13818350
12670731
13769274
13442629
13313897
13420359
13647244
13235360
12983622
13545250
13918250
13866869
14267583
14308422
13561516
13659601
13600401
13694785
13868963
14582500
13734856
13483538
13184834
14151041
12367510
13770991
13199937
13585432
16190012
13303885
13458866
13504452
13840662
13573914
14042276
13437363
13429266
16663540
13336487
13118257
13312542
14071596
13081816
13620687
13597021
12999300
13598697
17404723
13650008
13095360
13509478
13472757
13959131
14324871
13564140
13886528
13962412
12911687
12782466
13556619
13269996
13080390
13320679
13690400
13050929
13444036
12999966
13404663
13249821
13779270
13108035
13179173
13139799
13171423
14415250
12576491
12406990
13010508
13058888
13866743
13042202
13092885
13499187
13324589
12494045
14569183
13496394
13273557
13148176
13479710
13153342
12569720
13638391
12947119
13997848
13125348
12814129
13271002
12789803
13416431
13588795
13760182
13799765
13527151
12780379
13016830
13519053
13934362
12964541
12778563
12824150
12618346
13021019
13972967
14238949
13234572
13171742
13102139
12678105
13097113
13149681
13048525
13602339
13071143
13292725
13197153
13140326
13423760
12552654
13560940
12829457
12872111
13556124
13538950
12970894
12745782
13130033
13205150
13604054
13233774
13084167
12870683
13537035
13208571
13122912
13442440
13025315
12949012
12651335
12996972
13260860
13823821
13600633
13541852
13030272
14146560
13060012
13236077
13762667
13163473
13258626
13069506
13676867
13388825
13944176
13687758
14190192
13161658
13681755
13487678
13031320
13749751
13894052
13399672
13469916
13728498
13101449
13257688
13974516
13210774
13373156
14256416
13388096
13229763
12784992
13208470
13987501
12893968
13075967
13911266
13217476
13102635
13350049
13286659
13515293
13694012
12950865
13287916
13863725
13215242
13784069
13233324
12700938
13580149
14114348
13034708
13322054
13572190
13966277
13949174
12952051
13537512
13449150
13473096
13005844
12988042
12859797
14124582
13088921
14480275
12739511
13658377
13035305
13449290
13476098
12991393
13097856
13047592
13309387
13065394
13072933
13192801
13471979
13402725
13197269
13313296
13191056
13034956
12988810
14230627
13050594
13628637
13597641
13596734
13271130
13197338
13120406
13546818
13356091
13248380
13254204
12946751
13381960
12719582
13049026
13647317
13207290
12950939
13689204
13268515
13563472
13225580
13662955
13279546
13604242
12691518
12734941
13435018
13148648
12828978
13777935
13437112
13356827
13270331
13317175
13099221
13159469
12864233
13443744
13008185
13383008
13143900
12534161
13357107
13317174
13935502
12913241
13320553
13030982
13573634
12781193
12977296
12669144
13306043
12479323
13460538
13220872
12671517
13569864
13951738
13149803
13608959
13792845
13327824
13566653
13567420
13119853
13225339
13155248
12801089
13213052
13173679
13403850
13150361
13213261
13720380
13276582
13447413
12872298
13170537
13147708
14092690
12914883
16077806
13184220
13396762
13191797
13690400
13041490
13212810
13164081
13383433
13122613
13237664
12785627
13590218
13536951
12746253
13039396
12950595
13261261
13168968
13595035
13675320
13089243
15957635
13624566
14098035
13014961
13851317
13494784
13449406
13146768
13454781
12684329
12930698
13179440
13436700
13094478
12747859
12851181
13916103
13429128
13179757
13036780
13524492
13059609
13421659
13938902
13828737
13370206
13261368
14089837
13160767
12930106
12664538
12836207
12965222
13830273
18184011
13083904
12959916
13114831
13163420
13430594
13802557
13181153
13516464
12891918
13442114
13512135
13870694
13725205
13533220
12930525
13787966
12960056
13525330
13352752
14333723
12685448
12815021
12948294
13562160
13973847
16051483
13262941
13464910
13827658
13720495
13181608
13064253
13583593
12868707
14259382
13150192
13573399
13725801
14171628
14758895
13078076
12844691
12557480
13398239
13897751
13744860
13462955
13864659
13302665
13463234
13170578
13921837
14232434
12914434
13447456
13050885
14062898
13494967
12822456
13774778
13095077
13078880
12861901
13537413
13055563
12869930
12897296
12908606
13583210
12658884
12903090
13481563
14080700
13590891
13545651
13388990
12905883
13242033
13236239
13091726
13276591
13558148
13191349
12949237
12581182
12967528
13101430
12862668
13460758
13734356
13660982
12647015
13506314
13255195
14482166
14180642
13038285
13621087
13569076
13343439
12836873
12715677
12873106
13546387
13499752
12975033
13189221
13657181
13476643
19202391
13085059
12891328
12920020
13270274
13271880
13638680
13226292
13788640
13725388
18234777
12665481
13169046
13732509
13864597
13085409
13085898
13479785
13099302
13488721
13555290
13315201
12324476
12797533
12943444
13172432
13419084
13305846
13713068
13855489
12328106
13193237
12684924
13062964
13834335
13103247
13354366
12872932
13275686
13001459
13197565
13900519
13092705
13680675
13712929
12766187
12894016
16761410
13444705
13345361
13158749
13205664
13688774
13655333
13029035
13784139
20431698
13523632
13728256
13374021
13428335
13432175
13504083
12862774
13922338
14014911
13060068
13017202
12932099
13195018
13806796
13149151
13509947
13142099
13767351
12890420
12615773
13560912
12976990
13143984
13537594
13379326
13287800
13006730
12581634
13111939
