16149677
17454707
17517399
17063610
17024794
17590634
16978064
16509682
15970299
16908948
16536979
16358953
17828468
16566231
16659363
16737415
16578658
16967452
17007176
17029098
17522683
16382690
18550554
16709838
17141638
17397576
16945182
16970384
17591170
16824333
17353314
18040703
17632849
17091931
16280133
17533365
17225554
17446516
17079759
16832267
16912833
16787656
18148823
17085274
16586871
16744441
17635968
17944547
18183870
17183711
16899568
17442094
17283895
17622633
20138527
17390292
17118157
16755193
17100284
17162139
17656494
17495572
17861538
16586591
17359504
17922834
16217903
17054975
17272725
16770760
17693160
18576833
17446050
16643534
17379516
16499367
16564085
17509511
17009082
16498390
16484915
17113385
16069870
17239050
16385710
17328622
17543929
18180147
21168132
17069052
17110313
17333788
17368276
17752884
16773109
16903731
17733685
16952951
17372186
16360995
17351381
16290762
17805035
16669688
16532293
16841222
17143729
16849600
16389243
18110521
17215708
17214242
16566153
16821884
18542114
17063722
17127881
16577673
17221292
17483935
16899448
17245239
17647232
17287686
17440022
16213729
16989439
16900634
17877410
16985390
17198393
16483842
17579651
17179683
16985459
17901819
18146313
16918202
16988087
17423312
17096229
17166044
17101187
17764286
17232369
17442371
16826186
17397760
17275863
16865701
17129252
19044619
21034409
19135797
16405273
16894325
16879594
17029486
17015594
17375698
17108377
17764496
17038005
16169160
16517116
17304557
16766984
17244656
15751562
21684788
16682271
17775433
16132688
16469964
16478481
17497151
16362728
17539529
16748944
17736686
16479878
17238697
16851503
16507665
17466641
20269501
17332877
17084196
17014870
18236980
17451352
16930185
16701610
18041568
16831536
17392428
17894607
17128389
16578806
17225362
17138124
16874794
16969883
16637353
17125571
17346186
17092757
17341228
17008350
17753975
16316623
16542056
16908305
17266177
17094781
16719735
17515417
16922548
17608620
17809827
16902441
16373243
17824280
16582757
16924782
16999554
18125392
15990726
16953126
17015541
17670128
17511020
16982036
16542447
17787951
17176299
17297219
18224995
16570303
17229638
16166003
16731087
16923080
16541399
17438037
17125265
16477100
16752800
16175428
17608107
17892953
16997642
16671814
16747634
17719462
16950727
16988287
17082398
18877907
16445473
16821638
18047175
16521711
16829597
16642771
17230790
17014162
17504336
17225353
16392037
17243995
17324561
17584065
17051234
17602985
18329275
16778605
18043660
16957821
17237361
16748653
17610316
16678210
17087677
17656115
16534879
16405999
16416611
17228495
17015069
16680584
18749075
17633285
16728268
17090330
17378110
16686239
17172573
16083073
21993873
17635005
17417180
17034242
16883579
16690399
16770617
17422347
17287183
16633221
17247807
17373894
17725485
17346178
16524168
17815687
16663730
17609383
16680905
17349389
17406289
17569937
16761542
18162950
16856840
18047056
17376896
17177852
17062936
20592184
18209098
16923696
17290857
17767070
16598284
16643315
17092929
16765144
17245825
16899470
16766331
19269925
16661816
16628723
17261743
16654416
17642449
17456180
18136047
17248199
16900866
17178593
16693792
16742454
16528887
18474584
16594793
16979757
16985692
18200137
17304401
17406826
16820968
18161783
17836023
17007237
17772630
17380612
16904887
17046194
17082568
17643261
16588062
17083476
17294669
17100651
17378309
16999488
17548171
17637047
17572537
17649963
17925876
16723365
16463231
18315448
17339142
16496463
16730626
17510401
17327553
17758177
17689897
16990581
16816820
18529061
16830714
17077932
17156475
17051612
16945282
17526292
17160385
16515843
17329480
16553683
17213725
16654638
17056638
16461107
17266995
17186845
22867784
17510862
16683960
17026618
17115982
15896713
17092664
16609885
17208489
16978095
16306115
17420101
17419473
16590756
16582767
17007808
16686514
17243787
16494798
17026310
17302364
16891914
16963824
17170899
18948772
17080487
17765176
17268712
16773156
18003808
16516233
17012975
17750514
16976810
17134526
17036015
17468736
16578159
17157006
17136899
17675741
16929824
17735644
16665638
17235200
16769246
17294786
16863818
17191397
17091210
17349322
17287395
16663445
16321973
17048902
17279715
17385068
16850064
16360232
17005476
16211035
17576644
17292003
16755952
17168148
17112854
19397806
16880854
16612199
17282018
16500772
18139016
16818088
17441620
16557394
17569244
16911852
17237127
17503546
16695875
17349642
17563212
23159992
17573684
17450108
16553803
16613705
16369836
17300352
16628647
21789142
17121342
16675773
17141868
17307753
17287924
17194650
17193742
22991804
16405373
16964813
17030161
16865184
17560419
17003631
16913638
16883198
16600999
16799837
16636326
17234306
16399095
16796875
16172642
17079492
16663734
16139829
16687541
16554261
16623379
17212704
16466571
17081377
17199088
16965831
16891476
17404141
17759299
17156012
16442973
16303409
17124245
16605157
16574857
16320375
17470118
17482685
16865364
17549849
17053660
18383601
16825220
16171665
17552152
16771950
17145789
16574128
17585566
19430060
16957841
17860436
16692328
16828611
17388613
17354751
18198768
16530492
16672081
17730227
16926355
17307834
17025913
16278523
17150536
19172785
16929077
17180977
16501588
17573418
16977740
16649530
18008238
18034071
17452704
17143485
17286471
16495514
17279355
16976383
17485350
16906427
17184229
16740680
16308372
17932319
16557900
17136823
16187240
17515650
17010244
17481021
16489129
16969611
16548264
17117414
17069938
16973031
17236662
16721481
17559774
18338724
21622712
16814268
17213552
16634000
16971705
16364575
16808752
16773424
16590713
17019195
16982636
16830574
16616863
17025155
17397421
16335290
17437566
17288086
16946052
17713274
17273564
20301890
17140981
17201583
16874768
17281244
16939908
16825268
17079962
19925434
17611620
17276218
17578456
17520439
17096020
17321739
16962319
17882860
17642619
16505365
17137142
16806279
16617320
16602868
17836892
17261317
18419030
16866918
17302160
17453733
17011859
17569491
16333513
17341537
17508261
17071972
17379447
17404582
17859093
17329738
17236043
17352498
20313246
17572492
16601053
16689302
17102831
17686924
16590581
16878368
18729158
16915022
17117213
17267949
17194361
16339694
17433177
17678725
17109992
16796510
16717756
16883572
17443440
16467320
16415725
16747498
17158864
17300524
16999889
19781143
16929443
17107408
16723830
17065796
16760135
16606885
16702815
17304503
16903261
17322167
17271479
17259890
16851597
16766349
18556403
16899910
17181414
16904600
17207216
16805555
17150454
17033160
16931925
17286180
17662358
17843535
16692031
16758357
16799969
17062414
19495284
16721633
16763525
17300492
17377850
17085454
16854078
16874255
16855824
16532916
16925990
17039933
16824964
16427003
16336868
15819938
17976468
19542411
17669689
17440408
16999531
17272744
17450640
16968408
18708829
22669250
17014139
17080675
16860819
17359527
16814599
16979508
18786187
21745908
17096943
16703938
17448965
17345284
16754764
17911718
16230641
16770194
16561928
16748272
16798331
17720137
18466421
17933780
17184564
17161245
16337044
16531766
16917232
17046283
18320054
16953783
17394755
17213926
17027651
17317326
16961254
16935352
18598837
16949594
16312295
17191863
17106476
16825039
16934095
17060186
16592196
16827971
16520841
16660548
17302386
16719265
16861554
16557845
17083087
16669414
16598340
16377994
17391543
17809893
16476019
17466667
17131288
16742132
17602921
17646068
16931340
17102255
16658141
17302424
17063227
17393467
17269120
16474450
16490578
19108621
16793169
16460626
16320710
17389627
16954589
17358976
17362607
16542312
17820684
16470819
17080681
16603822
17448064
16955497
17818032
16504332
16494208
16660514
16765940
15826326
16869937
16391681
17045529
16179503
16996866
17708665
16524615
16724714
16190325
16919158
17643943
16717034
17049230
17457039
16980180
16148713
16840264
16905264
16767932
17037711
17101734
17162476
17492298
16906591
17240393
17336882
17304975
17554646
19574910
17525461
17510032
16174056
16721223
16938040
17615984
16806927
17667510
16757216
17696625
21071513
16999626
17160418
16943213
17304105
17003536
16487577
16432071
17161396
17528083
17825021
16776625
17268148
16602917
16446315
16576665
16763639
16461326
17310668
16445686
16792265
17231005
16234415
16906209
18239394
16628192
16995019
16920947
17421508
17470799
17404681
17108580
16379743
16851368
17323272
17762013
17207164
17040507
17608203
17140418
16439717
16978298
17027451
17518625
17051259
18452311
17029615
17619444
17439032
16857652
20114763
17783726
17394139
16594854
17269582
16475743
17154241
18507817
21843963
17047279
16488035
17714505
17420009
24599479
16294110
18235143
16520184
16637899
17647269
16874864
17331059
18091317
17106033
17682388
22127055
17062815
16976799
16858874
16391857
16619885
17112526
17062396
19537055
16624493
17294056
16487438
17315769
17347746
16415246
16769786
17700680
17039077
16357576
17066255
16778340
16864496
16708171
17679075
18298927
17119057
17526101
17212474
16987238
17264489
17151452
17687592
17386393
17489096
16625296
