2833961
2789926
2732424
2956223
3060133
2859990
3193980
2909747
2892371
2897604
2884276
2887555
3103051
3008562
2884345
2897744
2798440
2903187
2824539
2939963
2624397
3205355
2902279
3016448
2996420
2937451
2946174
2931869
2867945
2833123
2946035
3045339
2848197
2873528
2916027
2833821
2839892
2801998
2922238
3105703
2929844
2833751
2998792
2898651
3062366
2901512
2919935
3065734
2932304
3196930
2825044
2870195
2854424
2735650
2827068
2912137
2868800
2610107
3047171
2836489
2857564
2864961
3173971
2949122
2939074
2921348
3022537
3114584
2794549
3107395
2816741
2913323
4263388
2644580
2584495
2925536
2742279
2899087
2869009
2713179
2707038
2714156
3192603
2754282
3051359
3095462
2946611
2849191
2812274
2839002
2853796
2706829
2968663
2763285
2937818
2833558
2892318
2948425
2962103
2840886
2873197
2989389
2882827
2966081
2874452
2897691
3348364
2908508
2763005
3061128
2790153
2865520
2894202
2928745
2933142
2801109
2782492
3156334
2730641
2915852
2743970
2827922
3276016
2941185
2923948
2844112
3192413
3023881
2836575
2765604
2782283
2821293
2898825
2746832
2989197
2874749
2756253
2890939
2852767
3134072
2840205
3011180
2765324
2777816
2835948
2759881
2903780
2810825
2773630
2784865
2944255
2901616
2850533
2969169
2933787
2879006
2929042
2763441
3102110
2862955
2946070
3041606
2698470
2981172
3115998
2858000
3037978
2901337
2981799
2914038
2644805
2961004
2858418
3117882
2879215
3012506
2951443
3070358
3015158
2915155
2816547
2844183
2843136
2943069
2926530
2979078
3125576
2891654
2890328
2939317
2960811
2828986
2946156
3237583
2756758
3264800
2845455
2869810
3188524
2916567
2996891
2683273
2786068
2830172
2681807
2797582
2648799
2975955
3072260
2957602
3057535
2943086
2913288
2789975
2843502
3044904
2874765
2787952
2918940
2706512
2841826
2944482
2873859
2863878
2832545
3044974
3005615
2985516
2874695
3040717
2982794
3244980
3011127
2892561
3165494
3306881
2980422
2806933
2961928
2805329
2847200
3003939
2921523
2813005
2845386
2894934
2945040
2815727
2945319
2837150
2851318
2948878
2792837
2906658
2927191
2929495
2846379
2741909
2974158
2934449
3000537
2921329
2704084
3519259
2935775
2798855
2832701
2687266
2798854
3084840
2907652
3077233
3251210
3246395
2820488
2891462
2975484
2729836
3046806
2839121
3022799
2899417
3031942
2930402
2854963
2767380
2947918
2908140
3125874
2931797
2994396
3016868
2596404
2948197
2915816
3009191
2781268
2982672
2832352
2889577
2791597
2662980
2873247
3040176
2856568
2871223
3057064
2938567
2913374
2884273
3033197
2886088
2906256
2808346
2944708
2932845
3067253
2965714
2802902
2973879
2812393
2909536
2762287
2890361
2975571
3019607
3075436
3039984
2903201
2737319
3098745
2964335
2921207
2914088
3055198
2946051
3014931
2931465
2940050
2732363
2914438
2855049
3025887
3184025
2907389
2921068
3069783
2915554
2776260
3070481
2813805
3371750
2969081
2812479
2691120
2902714
2734108
2970755
3219267
2836555
2787076
2873822
2939003
3047940
2906203
2753230
2968173
2904458
2800964
2767816
2834183
2973128
2812479
2961195
3407621
2865168
2958962
2983876
2908157
2929861
2946330
2923719
2821202
2941445
2844232
3114447
3108794
2873193
3032238
3107329
2949332
2953030
2885004
2935809
2973146
4276980
2849343
3095552
2968609
2808656
3155639
3063101
3109579
2948999
2860579
2773693
2862881
3027858
2774810
3334504
3003224
2954024
2989545
2833222
3994342
3062961
2871675
2957583
2972866
2819264
2929737
2856671
3076152
2787441
2962189
3217470
2923247
2870907
3082642
3007271
2936228
3102741
2897984
2988569
2938391
2800632
3353835
2984172
2892192
2756317
3108742
3320616
3133167
2793303
2890657
2729658
2771669
2839084
2843621
2879002
2925621
3034000
2848994
3040141
2884446
2982078
3012855
3329061
3034002
3017128
2964857
3125160
2955436
2909097
2927102
2863945
2732954
2814326
2971278
2919775
3551701
2834913
2839030
2961647
2831214
2977559
3218954
2790737
3056349
3023897
3149446
3053767
3058722
3111132
2931150
2972185
4339813
2841752
2726602
3055790
2580118
2793529
2840635
2996820
2986701
3119227
2956902
2798135
2871272
2890394
2933243
3094872
2834634
3004218
2901839
2792133
2832959
2841962
2900932
2671052
2924730
2845730
3098780
2730580
3036040
2989283
2920124
3254057
2860944
3038623
2956064
3233121
2882578
2762334
3252034
2959214
2934307
2864798
2709171
2963827
2751044
2951056
3261264
2837860
3224695
2971225
2953290
2899134
3009120
2990556
2912952
3235093
3193709
2980646
3402514
2814062
2967107
2765071
2852236
2981623
2845048
2791033
2997186
3070603
3188335
2978064
3025659
2812806
3071091
2852864
3043595
2710915
2887758
2838976
3118059
3166980
3104590
2957547
2728572
2621378
2948265
3002001
2855726
2872824
2835557
2959222
2912533
2880082
2901646
3036546
2900948
3012121
3178565
3073115
2832556
2851329
2951056
3015471
3334122
2848119
2849026
2832014
2727610
2986106
2908362
2837038
2882959
2887146
2821894
2771506
2968240
2887984
2885472
2865512
2898452
2915760
2932439
2986874
3071318
2841854
2931950
2938650
2895731
2932299
2718956
2872839
2915340
3050800
2847227
2894684
2883936
2924204
2885402
2803051
2942907
4655585
3029654
3010603
3021350
3073621
2847856
2960354
2973474
2969217
2765296
2781347
2674082
2932998
2837178
2731588
2821336
2786860
2909827
2946188
3014511
2938231
2984083
2890496
3014510
2977243
2771297
3027700
2957283
2751129
2892031
2880098
2951073
3041954
2909634
2909634
3003012
2966024
2730835
3015922
3124026
2817723
3003500
2807254
2929036
3462152
3028415
3060937
2965116
2951298
2807533
3005943
2876484
2733418
3111743
3360610
3023600
3207633
3164224
2803904
2757216
2891419
2672213
2973491
2862318
2931967
3080756
3131842
2976143
2802020
3023459
3359982
3085014
2861480
3348606
2975585
3129888
3073010
2835659
3029392
3122839
2841590
2866994
2756727
3055563
3014039
2830215
2935316
2991636
3048374
3029881
2973491
3013549
2875228
2923522
2917241
2949833
2918288
2887302
2903981
3063310
2811876
2782843
2871546
2825275
2883340
2782564
3278766
2737341
2771608
2960596
2853749
2897367
2821436
2899251
2853470
2838605
2832812
3001284
3070305
2969879
2809712
3007146
2686534
2835255
2826741
3023616
2955990
2879850
2979300
2975183
2938682
2842793
2930657
2845375
2802733
2993956
2755486
2841047
2890947
2855703
2855564
2990885
2859821
2957735
2903160
2856680
2872941
3691289
2951524
2897646
3010426
3054114
2979230
3101571
2850958
3355882
3146724
2908464
3178060
3255177
3413668
3039598
2886829
3488412
2934356
2972181
3050569
2957402
2955308
2917273
2918110
3087211
2855160
2941420
2930673
2947352
2861442
3208645
2912946
2900105
2947911
2639511
3028099
4197981
2976944
2836247
2857255
2751384
3015049
2980781
2910643
2986365
2901082
2940862
3277248
2855440
2908898
2692620
2988249
2964032
3237538
2928788
2946515
2923414
2912039
2810774
2916226
2854044
2777834
2808611
2952377
2953634
2760805
2694715
2918180
2968010
2891241
3046523
3005697
2801353
2887403
2796188
2879586
2939466
2974500
2856696
2939256
2961241
3063273
2942258
2844901
2981480
2919297
2800376
2905355
2810022
2996152
2899144
2891676
2892025
3026370
3031605
2996152
2902633
2967328
3265401
2882603
2869203
2906750
2928386
2816233
3114237
2719155
2784339
2875625
2910659
2823212
3037956
2865435
3179978
3022462
2786643
2865296
2998315
2933340
4625118
2920778
3161763
2745954
2856432
2787131
2922524
2912055
2846452
2875834
2780989
2785805
2845335
2914218
3094346
2864109
2865644
2897957
2777291
2974307
2949183
3086181
2939901
2720621
2892094
2879672
2908705
2904867
2999920
2807091
2887978
2818117
2774499
2901865
2811697
3055334
2962738
2867195
3075589
2841233
2923167
2843048
2975789
3053326
2774164
2816737
2832928
2769558
2862659
3001611
2812619
2849189
2836348
3032319
2891133
2805221
2607506
3110135
2745690
3128071
2773537
2964343
2853237
2929797
3091710
2872290
3078938
2935590
2811642
2682251
2827624
2693557
3009638
2795241
3084173
2896089
3009079
2941591
3048859
2809619
2995679
2809827
2905859
2780097
2998959
3192767
2769140
2845560
2897345
2964901
3106786
2959597
2901462
2927773
2991003
2685392
2799080
2854494
2847305
3296196
2755322
2785959
2800406
2868172
2936707
2983680
2985714
2834967
2985296
2898825
