346239
438188
345472
386424
354053
346936
372959
333124
360123
321194
398284
362285
362634
344077
359285
348192
339263
335984
375680
439304
335775
375401
343239
369052
381122
328659
416981
325310
330054
300823
342751
408608
323984
338080
356497
338010
372683
397310
587000
395565
362568
362009
377916
373171
347428
383427
404425
324545
360055
348125
331521
337312
365428
346451
342684
344079
370869
339964
364799
384333
314011
335289
331522
326568
353568
350219
353079
357963
388171
392356
348265
309058
357753
338289
315685
344359
338638
383988
366686
497566
346384
303199
356500
329152
336687
349314
345687
358663
375965
366198
339059
336477
355733
365849
363198
328385
340175
354617
353500
364035
347013
500078
329851
344920
336757
358454
355663
367942
405685
350501
323990
346594
383988
368988
342966
368430
342687
376872
336408
351268
359291
378407
321618
350923
374084
361945
441618
360131
350085
334038
408479
344992
363201
378061
350992
305784
400944
364526
379247
360828
388386
380712
367945
308853
339341
347783
369550
386991
352387
335992
357690
350573
341365
366829
353574
344504
339690
380224
320923
407642
366899
361318
354411
337178
348411
415315
431990
304877
339132
450617
335786
355809
470714
354552
354553
548713
365855
328739
349530
341366
378762
325600
455365
333134
403390
388878
409529
363274
383995
363693
320995
373250
408692
380157
368506
442249
466737
348413
340251
345483
347646
389646
350646
348553
364460
365576
332646
380157
362366
400389
352669
346390
398505
385180
372902
388250
349320
327346
368370
421811
346742
347858
361253
363695
607461
360625
391672
347090
364044
330904
357625
325183
484950
361393
450346
344510
350649
447764
356998
330625
363486
328672
383439
352183
366695
350300
347021
335719
311300
370323
362230
423346
322602
325044
355881
345276
338439
368509
370183
383160
363277
359649
366556
353300
328117
325814
370186
366000
376465
402907
381488
321698
302093
374373
330210
341302
370046
359931
334465
350791
420628
357559
329163
348070
431024
329721
324349
402698
348837
311163
325465
365233
319187
369977
333001
344024
376465
351698
323372
368302
352674
321419
377093
340884
336419
387140
382117
396768
375419
331396
379744
344515
326305
305096
408562
387910
382259
372771
350445
366212
308723
338864
356933
353096
325119
374166
310258
359096
405282
344934
321630
383306
355259
352189
394398
412608
346120
342840
352677
333352
358468
362724
371654
339701
334607
406608
388678
354003
359515
346957
329375
388678
354352
337886
382608
324980
339212
326445
377867
345982
357774
360704
355680
372355
374030
390495
316470
406402
334610
350308
374308
393425
362936
336005
357006
312354
293516
387495
347308
336704
405775
349959
341238
328889
376959
493195
485171
401867
449868
574754
351006
382681
354354
335936
361820
347378
352471
403192
360145
340541
466822
493612
384565
410239
323935
363707
426150
329938
362172
358474
383172
342148
316612
305379
585991
365381
374590
355055
340613
337613
361334
359870
528361
379265
371800
354428
342916
356520
329310
342218
378358
401522
317380
365381
375916
354567
338450
342706
331752
364056
367405
373614
320240
362939
354637
362032
315426
332798
354358
337543
355544
383660
375710
330499
366012
437665
376896
364058
374384
322754
378012
380314
381640
335313
315498
368454
346476
330568
349756
388478
396571
369500
364546
353872
348918
362314
335313
326033
352755
328894
354290
314871
344034
368802
315429
349267
341173
318848
300009
306359
310685
316824
403618
336151
293102
298195
281102
316265
299172
270008
306219
371038
303221
389178
272941
287384
297849
346898
267988
305803
260243
248242
246847
241126
255638
262406
260731
274057
224939
256824
227102
257591
242102
262127
238824
243149
247824
283198
261708
222846
237847
239660
237777
258568
261708
216636
232335
237846
192077
227311
205473
287453
227381
243498
232475
258289
237916
222567
221380
197798
215800
234219
221172
209310
226404
203171
196543
204706
202822
200310
186705
184821
216986
216637
369363
201915
241963
199403
203938
180078
225429
194521
164729
179520
168217
190335
196405
175473
191311
294153
216848
177357
176171
192079
181544
177148
187753
199754
199195
168915
173729
169263
157194
162008
210637
180287
170869
158240
189776
172264
198847
190893
165566
178892
173101
163821
217546
172473
194451
185451
177288
156217
191102
178264
168776
171148
161380
151681
173729
154054
184334
165845
195498
164798
173101
176939
205684
188939
183008
188381
186148
173589
182869
180148
169682
172334
183567
169961
183497
167310
168217
169473
183706
164380
165705
192148
187474
180985
170031
184752
197661
169543
195009
170729
165008
186637
169056
173940
197593
163474
190057
167730
195290
180777
186847
272806
178265
176103
177358
174638
183498
168079
186848
162079
164032
310203
181196
165707
158730
171358
199756
171847
168428
169683
191940
174009
183499
186010
175754
177009
195429
181545
175614
166125
176102
201150
165218
161032
206732
171218
167940
179033
161242
170591
183149
169963
178684
168497
176661
174219
186289
167660
169475
167172
180777
184615
168288
166823
177288
167590
200941
211686
199057
186010
205825
171009
170381
176939
168149
170242
161590
170312
180498
185312
206313
196895
186359
188103
219291
185871
162776
308807
177080
201501
172964
153847
179244
182454
201641
183779
175755
196268
179174
179523
183012
193965
169406
161034
185942
195919
189640
182592
183151
178058
166615
178546
150149
172546
170941
203664
169545
170941
174499
183639
148055
198501
171081
164452
178685
161871
166266
164732
162079
183778
157963
170732
164452
174709
188244
164383
182104
170802
183011
180639
182663
191593
223619
180500
187407
182871
166545
161731
175057
172545
176941
177499
185942
162080
180290
206036
180011
181755
175964
162080
180570
156777
176801
167033
189988
164452
176732
203105
177011
167522
163545
161243
162987
166894
196896
161801
177500
166337
159220
175826
184060
182943
200456
190479
160964
165919
173244
186013
184827
184199
168221
183990
174012
177082
184827
154615
266949
170035
206665
165988
186571
165849
179106
292415
190688
195362
184130
161941
276368
186432
160337
195223
207991
169268
167802
177990
173105
168570
179315
172129
183711
171500
192920
176524
192083
180571
181687
164941
197386
199758
192990
174709
164174
201363
236249
147569
183850
194456
176385
166825
188664
161802
185315
165709
185664
196827
164592
150639
173384
189501
173733
184478
162848
168361
192502
186501
166058
163406
189781
147987
194735
183153
184408
190200
177292
176175
165710
189572
170176
160408
204435
172478
181898
195852
173176
185874
176385
255229
175408
242809
180154
177153
158733
180223
179875
186782
190899
189991
202202
170525
176594
177781
161524
177293
187828
182387
171851
150779
181549
199201
177014
180991
175548
165291
177363
184549
191876
171572
167036
163757
187409
175130
169897
146314
168710
163059
176944
180781
169059
190201
199481
177711
179595
181479
175897
196410
156919
181479
166129
201783
192992
236809
179595
185456
162082
164175
158943
162989
179246
171292
171851
175060
169618
185805
175409
157966
