112162
104480
172084
107762
121102
150294
114537
108042
130181
102594
101407
103363
114397
111883
110905
111604
111744
111953
114886
117051
113908
111674
112582
111952
115934
142054
140517
122708
138073
121311
112232
104340
111604
104340
111883
112023
121591
113350
102664
112442
113350
111533
111394
113140
111953
113071
129762
101058
118308
112023
135000
113071
113420
117261
104271
111953
367705
110975
106715
113419
115235
117959
110696
105038
115026
109718
112930
113349
112511
111604
112582
111603
112721
111394
111464
112791
110486
114677
122638
161469
100778
112930
103851
110207
118728
108251
122289
108670
108810
108810
109369
106505
111325
110067
137026
108740
105947
113839
103642
111604
