152390
163704
155532
157418
164123
165938
162028
161958
159583
157558
154485
158815
167894
171735
172155
166986
184167
167266
180745
170269
170967
164822
169151
182072
163494
156441
166637
164612
165101
155673
155113
160142
158396
170338
156511
164472
165729
161888
157418
166498
156580
164193
162167
164123
169710
169711
163914
169919
196389
207074
205887
158954
154485
211404
159095
161329
189614
159304
162237
178579
160770
158885
165520
163774
161748
158536
164402
158955
164682
167126
169151
158885
160771
160072
157837
164402
161119
351921
210287
159513
160352
166777
217620
168942
160003
161679
159793
166987
162656
159374
165171
155952
163565
168941
156790
204629
224744
187938
164332
160282
