83040
82341
80595
80665
82131
84925
83738
87299
82411
82550
81992
86880
84925
83319
82411
82131
83598
87439
83947
120334
81223
79338
82341
80944
84296
107832
82132
83528
83528
84715
82550
91001
88277
82690
85832
82620
80944
82411
80944
80176
81922
84856
83178
91490
82621
84785
83737
129343
81363
83459
81573
86391
88557
84645
84227
100220
83808
81992
83877
82271
82830
86322
84436
83178
84925
83737
85065
83249
82830
87229
182770
82760
82830
83319
86740
88277
84785
84506
87230
82550
113210
83458
91909
90373
83458
84505
82970
84017
82830
83459
83948
84855
171316
85623
82480
86391
83947
84436
105318
82411
