29962
31498
31008
49027
30520
30520
31916
30590
30031
30031
30939
30520
30520
32476
31917
32755
31917
53846
31987
32406
32894
32475
31986
31917
31498
31707
31987
32406
32196
32475
31079
31707
31986
33383
32615
31917
33314
31498
31986
32406
31497
31707
31917
31428
31917
32475
31917
31777
31986
32895
31497
32475
31917
31916
31428
31987
32615
32336
31986
31497
32406
32894
32475
32615
31497
31917
31707
31428
31916
32406
32476
31777
31498
32475
32895
31846
31986
31707
29193
31428
31707
31987
32406
34850
31987
31986
31847
31777
31707
30450
30590
30031
31847
31917
30589
30939
32894
32405
31916
31917
