125851
117819
126829
126479
132067
124664
125990
124036
119915
118797
124943
122639
132067
126899
125292
125222
124175
130251
140587
119914
118657
125851
123966
127248
125991
128365
126410
126758
127667
137444
125571
119286
124943
129762
131508
125711
130810
128784
118309
139330
126409
127597
130321
119286
117610
127457
122010
122708
123965
125572
119705
166428
149387
128296
125991
128295
121311
128714
127248
125920
127387
121102
124245
121591
128295
134092
123127
159165
119216
285574
135838
124524
125990
124524
123896
129273
126339
128574
125432
170408
126968
120403
125502
124035
127457
117610
116772
117121
126829
126829
125432
118029
121101
130181
125851
118308
118518
156789
124803
125921
