144708
141565
145964
142264
141705
143940
161120
142123
141076
140099
144987
141007
142892
143590
152599
143729
150853
150225
143171
152111
146873
147152
143311
282920
139539
139749
142473
148758
144498
143590
138143
141216
142892
148479
160281
135488
169640
136956
137653
142193
139958
139819
150225
143450
143311
147291
148409
140936
139051
199741
139190
150504
136886
139539
136257
145336
169361
137374
158815
139330
167336
137025
137584
138702
142612
150644
141634
143031
144707
141914
140238
142683
146035
153438
207004
137863
139889
140308
141775
150644
136955
142403
142193
141774
159095
151971
135768
154416
139610
143032
138352
145266
143730
135559
142193
143311
136187
228515
142473
145336
