59363
57617
62507
59154
58595
57199
58107
58106
56849
55732
58107
57548
57617
58735
55871
57478
58176
56220
56290
58596
56919
86042
57199
55662
54336
58246
57129
56709
55383
57618
53498
57687
71725
56779
56360
56849
57199
56360
57199
58037
57338
56640
56850
57967
56779
61040
55732
60062
57967
57268
58036
57338
54684
59363
55033
56291
57688
56710
55941
56849
61948
58107
57478
57268
54684
57338
55732
55732
57268
57757
56640
56849
55802
54195
57548
55942
56710
57129
56360
56290
57199
55313
61738
61948
57338
57199
56709
57129
56361
55383
55313
57758
57757
57129
57129
62437
56290
57618
58386
56709
