153367
113140
110137
116283
111394
130949
110137
114817
162447
119216
120264
113001
168872
116353
116283
110416
117331
110975
116841
120752
116074
117819
119006
109858
123477
115934
116563
116423
116912
116772
122359
119146
117330
121102
112581
115375
112511
118029
115375
114676
117959
118238
116842
119076
113420
112511
113908
118378
111464
116981
158396
160771
119496
119426
118238
121520
119076
112022
118308
140796
117610
116772
136816
114817
112302
117051
110695
133882
114397
115934
114188
112582
118308
112162
117121
146035
112511
117820
116702
139190
113210
117260
118308
113699
110835
119565
111184
118309
115933
117190
111953
111534
117331
113350
123965
108740
117890
111883
110556
113280
