10 32212,8 53846 29193 100 data/merge/merge_time-100-10.txt
20 57700 577 86042 53498 100 data/merge/merge_time-100-20.txt
30 87587,9 91909 100220 100 data/merge/merge_time-100-30.txt
40 119300 1193 168872 108740 100 data/merge/merge_time-100-40.txt
50 143932 1439,32 227188 104480 100 data/merge/merge_time-100-50.txt
60 105357 1053,57 99731 103503 100 data/merge/merge_time-100-60.txt
70 117263 1172,63 367705 100778 100 data/merge/merge_time-100-70.txt
80 128741 1287,41 285574 116772 100 data/merge/merge_time-100-80.txt
90 147795 1477,95 282920 135488 100 data/merge/merge_time-100-90.txt
100 169498 1694,98 351921 152390 100 data/merge/merge_time-100-100.txt
