146453
146803
142123
144568
227188
144219
141286
141495
153787
151692
148339
206934
146453
206376
140447
147710
145476
151902
147082
205119
139050
149736
223486
151412
141704
149806
150993
151901
148828
150854
147990
151622
140517
142543
141146
201697
144288
144707
148060
142193
149946
146524
141006
143101
141006
142612
148409
142403
143451
165170
145057
139470
185284
144918
146104
141285
146244
148828
146593
149177
142053
146035
141635
141425
144009
143171
140936
142822
146174
140447
183608
137793
165031
133603
130321
135139
125642
124524
123197
125292
125292
125642
126061
121311
127108
126410
122498
129133
122708
122290
118029
115724
117191
116562
111045
115724
110556
108671
109298
104480
