128854
131229
135977
124523
132974
123616
130321
124035
121661
124244
116283
120962
119496
124733
118378
118169
223906
117051
118727
118308
114467
122568
114398
109508
113978
110626
110765
114397
105527
110626
126759
110626
108112
114607
113071
115375
111673
102664
109928
102175
111394
111953
100080
99731
100220
96448
137724
99102
93865
126340
95471
116213
92677
93725
95611
149876
124943
93724
92118
92049
91978
95471
91979
95680
90372
88626
89395
87788
90093
86810
87160
87299
103503
88347
89045
86461
86042
87299
85833
87649
86880
89185
85763
89115
87579
88487
87718
113489
84296
87369
86322
90093
87439
86671
116422
86741
87021
87229
87649
84855
