12288009
12446705
12678008
12374589
12398419
12688000
12539715
12353905
12471862
12697014
12508479
12937261
12567248
12512672
12621126
12438041
12561867
12390662
12540415
12432380
12583111
12610573
13884342
12414980
12376685
13057944
12563544
12550127
14122423
12459214
12449850
12364666
12453344
12392619
12504635
12372493
12430353
12480700
12589761
12649368
12857959
12479841
12443713
12643079
12544689
12602619
12593814
12342039
12460694
12398082
12473482
12450492
12510868
12532810
12538749
12519533
12480609
12513314
12466634
12540706
12492629
12285017
12500595
12444412
12595841
12727494
12505347
12447417
12535954
12632947
12431065
12553984
12662785
12618273
12545178
12495005
12904708
12804934
12587260
12598790
17035277
12414099
12540510
12507738
12385170
12503755
13439366
12428634
12438208
12541489
12346107
12375386
12418921
12406483
12982496
12451135
12396350
12392995
12455677
12646448
12584605
12591662
12412212
15471801
12508925
12658886
12507667
12455957
12620242
12497255
12407461
12432757
12544494
12910311
12548966
12548743
12739541
12456742
12342141
12405870
12501604
12291968
12341721
12328514
12402656
12384487
12451152
12513204
12432913
12365900
12466525
12389588
12480990
12461494
12576165
12439621
12467503
12495175
12544300
12453737
12572950
12423200
12398883
12360379
12462122
12549401
12364223
12502652
12426414
12517467
12583851
12364292
12517606
12405940
12406360
12509798
12398062
12475907
12473671
12511964
12576043
12457039
12594770
12365848
12426502
12496940
12463398
12548930
12574435
12398341
12375701
12467731
13211518
12384365
12416650
12706017
12459555
12360887
12451309
12495752
12356833
12469408
12762828
12312041
12312111
12350195
12432582
12757517
12516366
12571081
12506374
12867506
12610143
12465006
12274397
12281385
12350774
12408704
12357413
12420442
12482006
12570472
12438052
12318909
12612818
12341131
12546224
12459505
12411568
12364611
12348538
12518832
12335541
12389976
12400038
12443852
12381311
12419465
12437074
12466283
12354199
13547649
12665226
12465095
12415901
12450700
12574874
12506952
12475297
12489692
12422888
12784648
12401506
12585725
12585936
12673493
12512144
12645681
12437794
12354639
12440240
12905208
12399361
12415992
12603614
12596976
12407537
13139859
13721942
12573218
12454076
12397405
12695644
12468540
12521857
12438633
12427522
12385106
12591945
12470637
12570702
12692849
12394679
12539746
12492578
12642886
12559871
12460154
12666295
12525142
12539397
12575663
12429012
12504690
12404206
12457033
12519923
13156719
12451023
12669602
12454238
12512167
12398616
12456125
12349281
12367240
12697623
12429781
12478276
12530056
15944701
12970774
12345858
12399524
12359553
12437467
12527260
12367869
12363328
12350399
13246303
12384151
12535506
12461785
13422324
12486731
13175936
12538022
12533060
13892322
12473455
12417926
12573892
12447274
12460831
12447344
12622457
12452795
12453005
12514776
12666620
12421280
12455101
12430015
12491856
12398360
12651387
12348677
12602612
12484310
12489550
12476134
12417996
12502268
12502897
12393678
12619942
12405138
12487873
12406327
12530498
12380122
12708197
12617007
12417577
12536159
12545592
12430295
12506181
12630493
12621993
12418790
12570145
12432836
12604594
12445064
12341925
12400063
12398666
17087148
12523326
12568328
12957264
12468892
12716817
12405583
12295457
12441641
12494747
12537651
13390293
13923177
12509212
12270021
12495795
12406143
13799075
12507953
12393076
12482797
12485104
12554491
12526332
12403697
13051039
12448977
12555470
12455895
12492371
12502530
13325960
12438523
12340904
12435448
12280740
12440409
12274172
12568983
12544246
12378499
12452499
12474999
13226665
12511754
12306595
12453336
12420634
14093559
12443275
12352993
12462351
12694412
12678969
12700422
12494704
12423080
12446279
12451240
12662757
12468081
12501621
12512592
12558642
12417909
13286830
12368855
12500014
12795455
12519189
12544694
12403543
12598918
12380483
12572575
12369723
12354559
12386074
12699820
12530439
12476564
12381112
12420733
12590673
12581659
12300335
12299706
12699890
12420662
12594866
12441556
12492077
12419754
12501231
12477682
12535890
12568033
12305785
12465174
12451198
12570688
12348760
12423039
12597451
12809737
15522631
12489142
12545043
12484427
12663164
12433550
12493225
12301413
12369893
12534382
12465413
12589234
12561983
12675532
12564359
12451018
12676510
12578264
12457308
12449901
12471213
12485048
12472051
12494203
12346553
12527533
12492595
12401546
12612783
12560934
12428239
12460103
12494692
12779788
12502378
12499723
12499513
12476384
12466951
12549754
12436904
12522642
12540950
12576758
12465934
12382850
12508279
12565158
12504086
12433161
12556563
12738451
12498076
12624482
12512681
12510654
12487665
12474389
12503946
12588217
12345676
12448604
12590034
12534482
12356437
12423029
12449582
12327299
12349869
12498426
12776953
12412827
13394730
12554188
13932498
12577736
12553069
12562014
12682201
12489202
13427222
12543985
12463668
12606347
12528994
12427185
12467712
12561975
12420057
12670563
12573156
12345918
12579934
12377293
12395810
12490073
12535702
12474630
12943779
12632620
12481339
12483783
12534864
12399583
12856223
12377013
12681673
12554289
12617247
12458349
12417751
12431237
12436897
12425088
12366532
12422293
12468201
12465197
12371004
12547092
12377992
12381345
12409120
12353428
12495556
12460339
12535246
12534407
12371457
12357831
12641458
12507226
12419322
12454189
12773173
12491714
12646907
12567598
12917886
12497512
12664935
12584229
12599112
12618188
12464042
12530215
12522877
12287815
12396402
12334702
12281946
12708748
12540766
12402831
12325198
12596946
12519384
12658228
12563196
13114727
12428755
12711403
12472951
13396148
12417679
14390759
12711646
12483013
12489232
12427112
12466872
12511103
12726530
12488533
12870404
12963758
12471693
12564418
12662314
12451010
12528013
12755528
13608780
12467431
12413976
12597120
12482175
12397625
12576506
12494962
12532974
12536957
12939441
12416211
12545971
12502229
12826382
12483223
12464006
12585311
12288270
12305578
12827045
12472148
12662349
12471869
12639919
12502404
12522319
12315696
12418833
12514003
12622031
12492901
12455797
12522598
12493600
12527350
12359858
12604283
12433297
12400526
12481022
12548592
12549360
12454609
12431830
12484656
12474384
12518195
12380401
12386620
12562567
12445875
12757869
12442171
12520851
12473266
12501635
12485075
12595888
12518022
12539894
12636112
12584614
12448567
12721150
12596563
12621298
13231519
12587618
12434871
12427884
12473303
12489863
12554847
12498597
13109657
12402938
12445632
12520818
12569800
12527666
12520468
12576019
12567984
12526827
12343195
12476377
12442487
12552681
12477704
12474141
12466176
12484832
12530181
12704939
12808704
12495243
12528364
12557959
12515894
12545731
12427083
12684224
12504714
12565086
12625319
12470545
12490459
12474668
12562711
12378030
12503596
12520785
12512610
12460064
12583673
12445250
12359443
12525397
12542516
12438892
12496329
12453775
12402207
12457199
12453775
12531966
12325694
12430646
12622663
12717903
13462982
12483402
12521693
12422821
12437355
12448535
12433703
12575466
12413077
12406578
12296596
12438651
12386594
12366121
12497345
12412029
13418228
12409373
12453325
12425444
12414754
12471981
12448922
12539899
12448783
12499512
12654215
12551079
12581615
12419436
12482392
12539969
12576864
12465693
12534520
13686338
12563308
12517749
12535288
12454513
12496018
12465622
12536616
12327829
12409932
12495110
12444351
12383210
12600521
12421781
12421711
12783452
13024730
12516252
12651809
12534838
12553145
12488162
12567889
12365532
12462658
12415493
12507727
12547345
12605692
12433660
12619038
12307326
12487883
12450848
12480615
12488511
12349950
12449521
12503045
12378598
12509334
13122625
12510731
12399421
12381114
12385935
12426114
12570824
12399212
12461539
12345588
12473319
12484499
12346007
12454523
12484919
12443133
12433351
12379198
12585119
12451798
12505182
12617191
12563946
12371093
12397295
12375774
12455152
12359284
12459484
12421053
12486665
12387653
12503784
12534949
12606570
12486595
12570375
12472411
12569676
12514824
12623201
12625367
12566462
13536042
12533761
12626065
12591687
12874330
12474771
12383153
12347237
12566993
12415994
12474130
12532894
13108380
12551551
12557140
12654196
12474059
12533942
12554904
12592846
12549594
12400202
12423610
12571535
12503617
12546170
12397128
12429340
12431576
12519268
12395730
12491039
12412081
12517661
12527304
12666074
12520037
12530658
12517661
12453027
12449114
12483003
12461412
12457149
12412151
12406825
13521587
12405765
12507083
12459358
12560606
12483115
12471237
12404647
12514349
12468651
12438955
12399685
12453419
12448878
12417783
12665068
12618322
12442798
12365937
12419810
12523224
12497230
12949806
12376348
12473753
12480320
12426029
12475080
12518192
12344205
12408210
12574930
13245235
12419810
12449366
12513231
12505266
12481649
12420788
12462477
12510969
12439836
14632069
12319653
12494199
12427539
12445915
12514882
12692502
12490845
12652393
12508733
13510589
12358923
12420691
12431312
12412726
