6849484
6958750
6918344
6867450
6968748
6903383
6942043
6897651
6893945
6822569
6829350
6994404
7045017
6997200
6915127
7128418
6887934
6844031
6830398
6949522
8588874
7033692
6989231
6933443
7743892
6870876
6984336
7276345
7020130
6961476
6893665
6921769
6848785
6944489
6853538
7079203
7072351
6911563
7091995
6836690
6913939
6977835
6873113
6927851
6892197
6852559
6865513
6864045
6920461
6921020
6904452
6881032
6877188
6914938
7003161
6913330
7004629
7047062
7054472
7008893
7060274
7063351
7227563
7197013
7023643
6951918
6992535
7049089
6999944
7018260
7052794
7114313
7165974
7164437
7154300
7103058
7084392
7067754
7050697
6970444
7033850
7118017
7044756
7182752
6939964
7000154
7009242
7044825
7227912
6988829
7091663
6943040
7081386
7191980
7120185
7140878
7160312
7103218
7401158
7126077
6875114
7017304
7152362
7121114
7064700
7122162
6965643
6945510
7149076
6875814
6997800
7161310
6931459
6941105
6961868
6972214
7050928
6910138
6979624
7182701
6968300
7069943
7087629
6833730
6876722
6848551
7063511
7000596
7063652
7069524
6967391
7063651
6947467
7047153
7011641
6923420
7122022
6994444
6945649
7071410
7082386
6924119
6906362
6993465
10240739
6828488
6863440
7004091
7032358
7074091
7024949
7671778
6900308
7049764
7113588
7012925
7288420
7026417
6930228
6904502
6876051
6909046
7047528
7038301
6855779
6908766
6877379
6896673
6951549
7013205
6930787
6996637
6921489
6931276
7085486
6885348
6998175
6910375
6936449
6940784
9373961
7798446
7020125
7115406
7031310
7094225
7137075
7049764
7519386
6977064
7074791
7418722
7074930
7123165
7006564
6952667
6945956
7020335
7095300
6868463
6909077
6893698
6899011
6874684
7015680
7093832
7026376
7272227
7023230
6908797
6957521
7011906
7028822
7074049
7031898
6877970
7081599
7112357
7115782
6889015
6904673
6881186
6904953
6908517
6944448
6899989
6858816
6846373
6941093
7859978
6992962
7068038
7800070
6891671
6859725
6893698
6889154
6929699
6907540
6944728
6989956
6927043
6940673
7059649
6882863
6988069
7060978
7220079
7040426
7100437
6945530
7076179
7211860
6780350
6959161
6933227
6863814
6849344
6899045
6989080
6986983
6822851
6832707
6865492
6842144
6821243
6862066
6879682
6939659
6918409
6877585
6909181
6971813
6842494
6855146
6877515
6868987
6832637
6855146
6947767
6984536
6914633
6906035
7075689
7039550
7007604
6909950
6978525
7018718
6904707
6966221
7049475
7044372
7151674
6901701
6916940
6918618
6963705
6954478
7025709
7111270
6976255
6889786
6976953
7031477
6884334
6976254
7046435
6925715
6976744
6939695
6983244
6912434
6924667
6875107
6853087
6863433
6880279
6911245
6902368
6942771
6894679
6871331
7210844
6876994
6983453
6832187
6918725
6860287
6943470
6849452
6917467
6870214
6914881
6818067
7034343
6988766
6890974
6946686
6846587
6910757
6971780
6866928
6989466
6941373
7346872
6910826
6929979
7447391
7751183
7068944
7123536
7092122
6963152
7055631
6952668
6925615
6943860
6920304
6932606
6977621
6990763
6999641
7076671
6996425
6942882
6934563
7028370
7133220
7062830
7097571
6952108
6826916
6888988
6886891
6884305
6979160
6959238
6895418
6836842
6946307
6952737
6873610
6827545
6908001
6996145
7056959
7013271
6943160
6969233
7117423
7004464
6992231
6953646
6846838
6827965
6856134
6839987
6864733
6832997
6949242
6915480
7285534
6871652
6989058
6878337
6904131
6898538
6897210
6824794
6866314
6985983
6913846
6901614
6995768
6983256
6866944
6889241
6884139
6798163
6885607
6926288
6977735
6906926
6911539
6857857
6903011
6966410
6978992
7002898
7053086
7012615
6938661
6894275
6960889
7009050
6963405
6895952
6856249
6861072
7065808
6915663
6909303
6858905
6915593
6911819
6885117
6826612
6895673
6878617
6916013
6873584
6870648
6991155
6891269
6955203
6896208
7016644
6848748
6883836
6890477
6856646
6854689
6900473
6988544
6943390
7072144
6864335
6909699
7782105
6870975
6983232
7008955
6882369
6916339
7015945
6927942
6949681
6964080
7077246
6980506
6947863
6951148
6973097
6962752
6985679
7037194
7001406
6925706
6922001
6937449
6948633
7127923
7062707
6885234
6978829
6892364
6861329
6868459
6836165
6971979
6956461
7028317
6937938
7486853
7260171
6895377
6868020
6927572
6848029
7181232
7030951
7177318
7155999
7087848
6983002
7056603
7201222
6883747
7008025
6965947
6933304
6845583
6916738
6839990
6872423
7280137
6961194
6967065
7162010
7044022
7119233
7020746
7027246
6987894
7040597
6940574
7095886
7060728
6860680
6863615
7002364
6983281
7060378
7097913
6928272
6867111
7145863
6972027
6988104
7267066
6891855
7306349
7035355
7544560
7353506
6922452
6877998
7091184
6902252
6924200
6866884
6972988
6979278
6913226
7057354
6903511
7126272
7148219
7034497
6875202
7157026
7028906
7064832
6880165
6914694
6902881
6953626
6939786
7076785
6990113
7014647
6908403
7445072
6955234
6891278
6893445
6879116
6929512
6970542
7203298
6904139
6978789
6990182
6832565
6915392
6831307
6857658
6890440
6896660
6880654
6967606
7020937
6956632
6872755
6951879
6904334
6885741
6879940
6887210
6874558
6868198
6850235
6879242
6849676
6941379
6924185
6867988
7006942
7206075
7032034
7046153
6907969
6969687
7093613
7525151
7081730
7036228
7010786
6951095
6895178
6923625
7086623
6885253
7022319
6973881
7749098
6889936
6959273
7020921
7059504
6990446
6889307
7285408
7001770
6901539
7117587
7249411
6877494
6943755
7007641
6933412
6912792
6913630
6914818
6902168
6897275
6899849
7438881
6851551
7004132
6880139
6880977
6891461
7014617
6939969
6972680
6945141
10117546
6919489
6999450
6877831
7018811
7025870
6928226
7005320
6864133
7131831
6997632
6875246
6898241
6958421
7016295
6909774
6945491
6889085
6953808
6912361
6923473
6888036
6981417
6943603
6942485
6888805
7788846
7030133
6917392
6931581
6889016
6958701
6907887
6973728
6828696
6896843
6982675
7031531
7006090
6991691
6946948
6928426
6865172
6993428
6903893
7029074
7250500
6906620
6874957
6966449
6876565
6902635
6888936
6864822
6871532
6888656
6915356
6892920
6901238
6969944
6850983
6879710
6892011
6945969
6908017
7038020
6868457
6871392
6854268
6821418
6874888
6926609
6829735
6886979
6992869
7324378
6890893
7818043
6927797
6856155
7069683
6844203
6865381
6894598
7003003
6920807
6881737
6980288
7010971
6950303
7069529
6960780
7004743
6973780
6996216
7620017
7396567
7054018
6964134
7081486
6945473
7058910
6867052
7032071
6901301
6954349
7375669
7040179
7001108
7002366
6965533
6947361
6888649
7152638
6974968
7040458
6969796
6967419
6825605
6966162
6888649
6908569
7027529
6853283
6883827
6955468
6964694
6892493
6894870
6842101
6863907
6880961
6897247
7069255
6967909
6944914
7014039
6917166
7002995
6843358
6872014
10362462
7058065
6839860
6867188
6869145
6848876
6872150
6956162
6871591
6960075
7900485
6864602
6876694
6922753
6911709
6885849
6999845
6892000
6942253
6999146
7145921
7163464
7100840
6919118
6959446
6892629
6877392
6937430
6912548
6896264
6930302
6871801
6971608
6952108
6898221
6915763
6891510
6926597
6972097
6870892
6885220
6845801
6860968
7013474
6865161
6842516
6982232
6922194
6992996
6856564
6881656
6970067
6928062
6896541
6884869
7047368
7794656
7105448
6859568
6883261
6822595
6898358
6887036
7006481
6832660
6920724
6927084
7081895
6910728
7821074
6929880
6881304
7879854
6928552
7011583
6928691
6910450
6845310
6963707
7000960
7001309
6994529
6965664
6890111
6968460
6896192
6963287
6911358
7143819
7006062
6992992
6941202
6880955
6912616
6975519
6891578
6952873
6903390
6909960
6907374
6849853
6846218
6888573
6865159
6867326
6883332
6882912
6920514
7391512
6867466
6948121
6859708
7359572
6923379
6897519
6882214
7065608
6938196
7228386
6908423
6843843
6919885
6825112
6835316
6832591
7952810
6930857
6929600
6976008
6898009
6843703
6891369
6888363
6914712
6846988
6873476
6850902
6884519
6878858
6974330
6897589
7035066
6866487
6923798
7003335
6955879
6930578
6855235
6924707
7064071
7063093
7049953
6928638
7017524
6861318
6881517
6967203
6987261
6864184
6924499
7002428
6930020
6984745
6930580
7149478
7024933
6933235
6882845
6923101
7057712
6907306
6919957
6874458
6858103
6967342
6959165
6965036
6864253
7563371
7021648
6836717
6863974
7044571
7005223
6936451
7090700
6908425
6911710
6944977
7120543
6886898
