15803998
15681998
15744465
15877576
15704707
15627217
15802740
15753129
16499595
15736360
15902381
16126817
15830830
15750125
16206823
15802111
15857033
15794635
15825009
15894802
15837924
15946718
16298463
15934280
15674349
15799634
15795440
15727593
15687206
22945858
16027283
16011631
15892426
15980677
16079758
15810744
15984310
18630998
15754844
16377561
17461866
15747228
16689688
15715155
15739193
15766932
15839252
15771963
15768329
15808787
15781886
15930647
15902316
15658247
19252000
15753904
15785906
15733641
15691716
15760053
15761380
15735248
15818747
15692345
15724278
16090976
15680466
15780107
15816860
16075673
16099919
15874367
15736086
15746847
15920833
15985606
16136604
15695280
15809244
15771582
15861580
15741886
15788771
15810222
15781993
15692205
15688968
15666951
15697694
15734937
16343748
15788251
15886353
15779796
15810261
15913674
16137411
15963565
15762888
15770224
15961189
16733992
16496073
15823538
15884957
15667369
15675895
15920871
15855120
15855050
15660382
16337808
15982430
15911369
16067048
16270799
15756738
15793981
16234045
15835207
16554696
15749093
15809323
15743363
21086737
15801638
15777741
15741895
16550123
15768656
15857327
15791855
17020023
15702347
15719117
15709473
15867319
15985824
15822948
15675935
15758106
21275815
15806738
15875913
15713177
16009022
16376208
15802616
15809603
15835805
15764674
15830705
15883459
15969334
15635618
15644603
17260986
15741517
16517393
15716992
15679190
16036873
15762479
15984607
15749972
15800910
15973637
16395394
15716503
15715734
15754723
15747456
15759125
15888042
15722861
15732783
15722023
15745709
15661093
15721324
16091863
15752347
15773309
15936115
15902296
15749553
15992642
16014373
17031241
16071588
15737507
15808568
15724370
15747498
15802000
15671127
15772164
15732406
15953345
15833652
15859505
15810734
16825854
15841548
15680700
15827573
15936506
15711235
15706552
15684472
15869637
15793196
16692606
15812411
15702639
17146293
15810524
15767622
15919806
15910863
15787186
15704666
16705183
15666516
15725112
15827686
15718125
15746284
15715679
15803440
15722876
15797081
15731890
15748938
15748449
15772556
15689546
15859129
15720012
15708902
15792540
16232671
15770460
15652444
15858291
15723155
15866815
15762075
15722457
15995591
15766967
15703591
15836630
15817903
16010963
15983364
17612808
16011034
16009077
15952106
15961187
16482511
15684909
15777491
15873427
15828708
15790557
16049227
15621953
15647596
15732143
15735078
15980472
15700910
15761839
15857286
15909691
15971319
15729907
15715653
16082487
15847225
15662620
15817109
15850578
15777561
16298325
15719287
15811030
15798453
15811379
15738013
15697556
15650811
15826315
15728834
15764539
15799686
15907708
15711365
15705077
15762862
15691172
15784313
15675870
15628427
15806253
15641981
15778863
16012309
15979469
15766635
15705357
15776557
15742529
15789204
15996657
15816454
15961651
15869209
15892407
15960462
15910084
15995470
15671538
15882974
15863689
15900232
15794654
15862413
15795678
15900138
15858912
15764584
15974413
15819924
15824326
15898252
15859193
15775555
15918654
16014030
15857166
15874844
15866669
15950376
16008510
15730207
15730835
15693035
16062383
15856747
15689611
15985662
16007602
16036389
16353333
16104935
15731954
15777441
15888189
15781703
15908732
15803713
15749259
15830450
15873772
15778815
15840862
15866645
15902490
15958039
15885510
15849037
15928482
15929949
15999473
16093172
15699369
15747162
15745416
15707544
15882506
15705239
15658423
15795025
16074936
15760228
15873213
15657446
15743249
16030846
15904306
16153962
16000032
16206925
15727877
15716348
15709781
15780259
15698787
15728274
15722195
15840978
15844262
15744135
15913715
15825606
15701373
15797308
15631290
15766564
15720797
15766983
15714438
15937752
17250520
16241209
16118792
16808087
16001476
15963325
16421761
15934048
15715138
15846149
15996655
16055348
16064431
16258048
15989457
15847617
15948722
15885547
15889867
16020459
16067203
16528572
16075029
15905867
16001733
15720356
15926201
16045194
15887700
15889028
15888050
15951984
15939267
15846616
15966168
15828518
15978675
15955896
15841725
15884906
15997121
15896225
15938218
15891125
15753195
16164536
16034922
15955617
16042678
16048548
15941083
15835645
16021283
15869512
15927925
15982217
16015126
18879968
15776162
15981168
15717958
15736615
15987247
15760301
16061871
15844288
16482364
15796774
15679040
15793351
15964538
15772599
15707897
15660873
15772669
16002060
15723129
15713906
15703146
15790696
15688822
15813684
15758065
15650671
15765751
15971876
15723548
15714868
15807305
15764892
16245474
15934402
15988694
15835114
15882348
16321635
15787950
15896182
15910576
16081624
15772857
15783128
16787055
15889684
15861246
15895763
15892828
15775024
15804789
15911973
15741135
15668259
15712138
15711090
15783408
15830013
15776001
15795636
15724017
15943835
15737362
15704662
15774447
15733499
15659224
15723297
15715053
15951850
15760749
15755998
15796454
15656570
15756907
15875270
15817555
15723088
16049532
15893227
15712118
15918451
15682842
15723926
15793659
15716730
15773955
16152314
15874082
15851373
16185573
15839565
15867584
15822167
15896022
15856124
15819442
15784855
15611222
15727547
15696797
15700430
15670036
15794198
15719854
16031764
15738021
15926327
15689879
15747174
15837519
15764503
15858970
15812924
15997806
15866097
16050490
15948127
15823126
15802723
15767088
15877347
15748782
15646838
16750540
15642925
15717199
15785954
15889993
15894186
15764433
15740606
15847930
15769115
15661927
15792153
15782580
15708027
15917783
15772938
15664846
15743383
16187700
15886201
15910377
15916805
15935461
15988983
16027343
16140186
15939513
16819832
16916885
15985280
15848400
16036985
16850157
15963200
16019517
16058436
16134736
15930360
16033281
15979131
15882357
15837431
15942448
15722071
15740098
15853706
15686907
15965766
16430206
15957172
15993995
15968561
15839787
16800039
15846984
15872347
15933137
16019498
16066871
15965976
15863265
16132342
15906166
15869343
16550317
15884296
15882898
15861727
15989803
15896733
15912314
15931389
15830774
15896105
15989663
16025787
16144150
15999095
15931949
16198301
16060300
15997890
15928297
16039324
15895108
15841237
15876033
16262494
15963582
15927528
15882810
15892872
15893361
15895387
15913694
15916070
15939058
15899440
15848922
15844591
15982588
15855561
15928088
15954150
15926970
15936612
15888610
15869465
15941573
15943459
15932629
16004597
15911807
15917187
15916489
15926480
15815437
15995566
15955740
16126157
15935407
15892225
15876993
15987112
15924507
15769111
15751993
15969225
15857011
16092828
15969993
15937922
15794405
15859736
15899004
15960980
15810266
15687082
15663535
15667098
15931354
15932891
15870914
15912139
15889780
15749687
15923179
15893554
15868050
15792938
15810196
15866566
15858391
15859369
15778807
15818214
16093999
15900594
15734858
16006799
15890182
15882706
15900873
15824573
15811088
15854128
16146054
15836940
15834006
15798791
15795855
15746037
15774755
15814442
15914707
15801725
15839456
15984928
15750509
15819333
15889065
15836591
15915197
15856923
16664363
15906253
15884017
15812120
15929364
15880733
15780608
15852086
15758388
15942081
15811561
15915949
15648689
15773969
15651275
15878847
15807438
15679014
15812608
15756851
15772013
15769777
15775856
15738544
15776205
15671397
15735330
15860820
15780607
15730859
15782983
15883110
16195855
15994275
15963741
16047937
16172518
15984897
16441158
16112132
15917959
15810637
15823563
15927182
15836768
15869817
15907549
15988739
16060847
16034505
16737974
15890709
15908946
15931305
16010469
16096970
15909365
16064689
16087468
16057842
15942484
15981752
15786321
15607590
15711489
15857870
15710999
15818742
15749988
15796732
15842708
15778565
15753817
15862536
15702669
16054613
15758077
15833050
15849750
15762759
15791546
15815372
16204278
15786236
15892231
15910817
15835425
15842622
15790009
16020446
15980619
15924302
15842972
15967134
15899428
15915918
16230619
15999135
15975099
16083120
15897332
15908651
15800559
15949875
15760873
15806289
15823617
16098906
15870835
15700489
15741364
15749608
15729975
15798659
15831218
15713904
15689449
15737870
15724315
15601900
15658636
15622093
15737451
15772526
16037410
15745276
15920305
16020431
16025042
15954192
15946506
15946925
15984936
15920724
16055995
16214744
15830659
15851620
15837367
16052432
15844075
15870347
15846380
16083859
15808356
15838331
15901705
15974371
15865441
15772512
15863275
16747848
15785718
15974301
16005743
15764267
15737367
15862926
15789630
15910299
15702641
15709837
15689644
15786346
15853004
15811571
15802976
15878367
15907644
16070094
16053325
16017761
16035299
15876341
15805281
15899748
15932658
15937968
15969885
16042342
15960801
15910773
15938373
16003353
16109348
15913149
15932783
16047372
16016000
16001676
17802892
16006777
15822736
15759572
15724706
15914268
15810369
15740777
15674189
15768236
15825530
15746366
15884921
15759991
15851103
15846422
15949902
15966601
15941797
15931246
16150712
15988680
21510686
16128759
15686473
16188638
15751174
15797149
