9652756
9449653
9566092
10905059
9465449
9492077
9478798
9505007
9513114
9549387
9908042
9506874
9436075
9404555
9369329
9470181
9401968
9618209
9596962
10371135
9352137
9516798
9567049
9379394
9399942
9393512
9407909
9481154
9977374
9369889
9537416
9608004
9630509
9809149
9544544
9655390
9730103
9676427
9621214
9679293
9424753
9387990
9797128
9432651
9417694
9475842
9507782
9381281
9444742
9426989
9504428
9577952
9581726
9803557
9667182
9824713
9683396
9668860
9653554
9623711
9685423
9631259
9601137
9568289
9904248
9751749
9488405
9415231
9473449
9398108
9502453
9408382
9523560
9429908
9426343
10356363
10560999
9393914
9456605
9433193
9487147
9471561
9422640
9451923
9639925
9614207
9536140
9447520
9582686
9576955
9649780
9613577
10474267
9640765
10457422
9713869
9676757
9334439
9577949
9438350
9592455
9605524
9636275
9756624
9751312
9635437
9576800
9697149
11545568
9579246
9506631
9396347
9676182
10174489
9734889
9439538
9551990
9438420
9346377
9355951
9371746
9562542
9403895
9498035
9404524
9438629
9495030
9497616
9428985
9513830
9362800
9382159
9387890
9417453
9398094
9447924
9439958
9416405
9409346
9424023
9416265
9521448
9607201
9414099
9521994
9453574
9565255
9512280
9418351
9375578
9640106
9462171
9500539
9476987
9536741
9479851
9631160
9730472
9634934
9544708
9491733
9594748
9553654
9716564
9518011
9564906
9541354
9484604
9559734
9543241
9609704
9563298
9536601
9620118
9691474
9665964
10314528
9541913
9711251
9668620
9452595
9655481
9525559
9365096
9467482
9350419
9430092
9425060
9390605
9480751
9414358
9546516
9437211
9613957
9436861
9522334
9447764
9470128
9492562
9392483
9400660
9399053
9363969
9552736
9510314
9584394
9493191
9636460
9463070
9359146
9421906
9495358
9441055
9474671
9518561
9467822
9479772
9496476
9544698
9557487
9592432
9558746
9354674
9397166
9398983
9539876
9572094
9468381
9400241
9453355
9424002
9409047
9462091
9388010
9478229
9633377
9580822
9499613
9526800
9486335
9413792
9540358
9395901
9492625
9503178
9586903
9572716
9450064
9551330
9524563
9438672
9400374
9448945
9410997
9477809
9436995
9570828
9631350
9572086
9659515
9472917
9586413
9525821
9601859
9483050
9516457
9362076
9488712
9540288
9565237
9680062
9656440
9397299
9417636
9507441
9385209
9501221
9401282
9396600
9428617
9452365
9446145
9676772
9681244
9713392
9636027
9606046
9713741
9661885
10914881
9698156
9534063
9370948
9440066
9445726
9519596
9388210
9411482
9523999
9391425
9390725
9552304
9592209
9485841
9473471
9572850
9509183
9465923
9554051
9671320
9599407
9637076
9658322
9539514
9683411
9598428
9468160
9580257
9388769
9394290
9433497
9424341
9556008
9386043
9452364
9532942
9628476
9501144
9634487
9572078
9627358
9568863
9592764
9499466
9481716
9544962
9623444
9727156
9502891
9570191
9651259
9636304
9567675
9661043
9630783
9630643
9522599
9712549
9570121
9694099
9599753
9596468
9630154
9552650
9545871
9511557
9630363
9664188
9681659
9473399
9472910
9585636
9846590
9565649
9413926
9449498
9392401
9602199
9455299
9549728
9551042
9563901
9572566
9984192
9568723
9460820
9598284
9520222
9603806
9530635
9671874
9541817
9418329
9467948
9877686
9624072
9484371
9571658
9529028
9455578
9556213
9515820
9539161
9419588
9483323
9532941
9470394
9509041
10036467
9484162
9558240
10225158
9410362
9479969
9488494
9394289
9425877
9568723
9557122
9409733
9506665
9419517
9407986
9555724
9468075
9460053
9577879
9508972
9733863
9496743
9534201
9486470
9529798
9492270
9496044
9533712
9633578
9509463
9611704
9473681
9597447
9672295
9634346
9457608
9518197
9367176
9437341
9462569
9465225
9449850
9567397
9534342
9583051
9475778
9540980
9412113
9572079
9467951
9457817
9618902
9745464
9526235
9773627
9412392
9552302
9422246
9445029
9428116
9460333
9456140
9464041
9435039
9459848
9432453
9612825
9550209
9492694
9377105
9395415
9396253
9462853
9478367
9674114
9562858
9462224
9457821
10430963
9463272
9438673
9441818
9451183
9425884
9419385
9643295
9612826
9646719
9624217
9601365
9603181
9648187
9586619
9497865
9507998
9382347
9412676
9408273
9420853
9458800
9477180
9485076
9548602
9547064
9400516
9486474
9452650
9432041
9366629
9451329
9402619
9488856
9458387
9549376
9512687
9525965
9495076
9442104
9522191
9614368
9474041
9540850
9454194
9480750
9497872
9582221
9528411
9400593
9466283
9506956
9585576
9376064
9666572
9639946
9900962
9726323
10456262
9596478
9677194
9667550
9651896
9644418
9599064
9710528
9611084
9624991
10168130
9669576
10024658
9610385
9646166
9587463
9977142
9712982
9804250
9571118
9743311
9708299
9754632
9564409
9735484
9599141
10090144
9629191
9807255
9612768
9656166
9670143
9723115
9477823
9567064
9442742
9772872
9644216
10174632
9694462
9492079
9527510
9519683
9663015
9490542
9466432
9551970
9501164
9464196
9437850
9501653
9590126
9547567
9446725
9579504
9738000
9547846
9421567
9658193
9591105
9402349
9505298
9488735
9659460
9510609
9662814
9665469
9699083
9509211
9639334
9425701
9537933
9568402
9674205
9669243
9748631
9573643
9730670
9733746
9666518
9665540
9617180
9586152
9583078
9632415
9647020
9687064
9443381
9883785
9430523
9412423
9484822
9492579
9409278
9458615
9675883
9655686
9556592
9398935
9557500
9465045
9481537
9483424
9381255
9479860
9458266
9379870
9500697
9615864
9578896
9667088
9966256
9654579
9640463
10521055
9652203
9632007
9656605
9539761
9442345
9404260
9493849
9503073
9490075
9567924
9423756
9429487
9398109
9445909
9507267
9504890
9461283
9473163
9451989
9475888
9703008
9458837
9563522
9396432
9434658
10203857
9543326
9499160
9577009
9575471
9755141
9635711
9520264
9534940
9501116
10171423
9788906
9656199
9799808
9555079
9432575
9543968
9446063
9469963
9389807
9430410
9530900
9405392
9663746
9697290
9477650
9451933
9495680
9488342
9502947
9454030
9551236
9433414
9519160
9485197
9417482
9467656
9555498
9493513
9436139
9492185
9489949
9402876
9508188
9427964
9467447
9512940
9447531
9447042
9486734
9564933
9536211
9590370
9549280
9638729
9713294
9688711
9571517
9547477
9600379
9751463
9647549
9652580
9646081
9513305
9615472
9574802
9657123
9497162
9551531
10098426
9594228
9847061
9560126
9643425
9610581
9502403
9500447
9540420
9451739
9535248
9439020
9536017
9480880
9630916
9462711
9540350
9589267
9399887
9475150
9459426
9542936
9625536
9492201
9510999
9660826
9503801
9741540
9622670
9625256
9513376
9630234
9676846
9650639
9557697
9577334
9527788
9677544
10100328
9641695
9687397
9581876
9552806
9701863
9653365
9603959
9606894
9455112
9590751
9452176
9534426
9749801
9453015
9585650
9396900
9429535
9592498
9432609
9498927
9470485
9503679
9539738
9557208
9439248
9642044
9633519
9682785
9641066
9497599
9464196
9673771
9428836
9598578
9624224
9609619
9812276
10246674
9436891
9588743
9524662
9566241
14249746
9652894
10313480
9471832
9396220
9433118
9423405
9593495
9637870
9867988
9488534
9561419
9506144
9607331
9987765
9471273
9502789
9477423
9472670
9480287
9469526
9469386
9431511
9472880
9487136
9478400
9622286
9392517
9734725
9488324
9571972
9638987
9644089
9488464
9504676
9548142
9664284
9387276
9738568
9539926
10482468
9475556
9389393
9372971
9373460
10353189
9595332
9497289
9565633
9387995
9396101
9471084
9486667
9658784
9508959
9458855
9570245
9659343
9593934
9479330
9483592
9560950
9410078
9400504
9401273
9520909
9506024
9413922
9469337
9539008
9528037
9372413
9419093
9414410
9548163
9438938
9618462
9459623
9566122
9468777
9505046
9454592
9535583
9484152
9483068
9414923
9463140
9551748
9800523
9500875
9831061
9629455
9720160
9773129
9663906
9531762
9497311
9604857
9545040
9748252
9742452
9592139
9563768
9491441
9568868
9553774
9569009
9515899
9680468
9584243
9627429
9839655
9482497
9414783
9550351
9587667
9501854
9535676
9528548
9459296
9492140
9403043
9355384
9396543
9493398
9416110
9558946
9417717
9445600
9438721
9506419
9455337
9610401
9644922
9757079
9615782
9706486
9728708
9637724
9583148
9640868
9642196
9729267
9748414
9646389
9428433
9509773
9731783
9495937
9516901
9528082
9564210
9502226
9581191
9487342
9474275
9584545
9447999
9591953
9534581
9596565
9511660
10552035
10162663
9363025
11348249
9445554
9392445
9577557
9557013
9795513
9620044
9671406
9529270
9693442
