2920693
2964359
2962890
2953792
2945465
2946585
2954423
2947144
2928461
2969467
2957501
2956661
2961138
2940846
2954141
2935248
3015157
2933149
2935878
2916845
3028382
2941476
2973943
2923562
2931749
2941896
2970025
3041538
2960228
2986958
2959249
3123547
2958409
2940216
2952182
2972404
2948893
2942105
2958269
3057352
3326890
2940986
2958199
2949803
2971494
2979401
2932589
2978212
2950013
2958199
2972684
2952601
2942945
2964147
2947843
3048255
2953931
3020616
2950292
2937627
2957920
2942175
2954141
2938536
3032091
2948403
2962747
2942246
2979891
2947844
2973313
3071346
2993745
2994795
2961558
2965057
2937836
3072396
3055533
3003822
3002353
3022574
3077924
2983601
2975975
2927625
2955124
2970167
2992697
2937980
2988010
2950646
2949176
2957852
2951555
2973455
3046714
3024954
3027333
2988219
2926225
3064417
3078271
2947217
2975485
2971776
2924476
2933433
2964569
2958831
2982202
2939660
2961700
2952394
3207016
3001723
2991368
2969117
2959251
2965059
2938190
2985280
2961280
2957012
2957782
3041396
3034399
3036639
2952115
3042236
2967648
3006971
2971356
3055390
2949735
2977933
3034540
2983182
2954563
2982201
2935881
3000324
2963940
2933572
2979472
2963030
2982691
2944838
2959461
2960091
3002283
2997455
2992469
2960798
2987455
2985006
2993053
2967444
2964575
2966255
2942466
2965835
2950792
2955900
2989764
2956949
2919796
2996481
3214358
3010264
3059102
2937009
2966535
2944215
2959119
2906712
2961777
2968214
3031954
2943096
2986895
2942326
2949113
3049516
3023068
2949113
2956670
2957649
2953171
2942536
2952471
2935610
2978639
2935890
2965975
2941346
2937148
2973462
2958978
2948343
2962197
2948063
2939737
2958559
2951982
2955970
2941487
2953381
2920146
2961147
2950302
3033843
2954291
2942676
2995011
2957089
2974092
2912800
2966395
2948833
2932391
2984516
2938758
2962418
2951503
2945766
3057288
2925127
2965356
2957940
3049313
2921978
2973472
2967594
2974382
2935412
2934152
2957660
2929114
2969064
2928695
3036020
2916451
2970953
2935131
2946745
2924847
2967944
2939470
2951293
2944717
3030352
3013282
2929744
2951783
2958919
2958919
2934362
2948495
3066944
2964027
2954792
2952413
2998239
2970533
2974241
2978299
3001177
2944227
2979069
2943387
2995791
2984876
3042246
3008105
3063446
2968924
2954792
2951363
2972772
2947025
2925826
2946815
3075619
2966126
2955771
2931144
2942687
2955701
2935201
2984597
2945626
2969134
2966490
2928152
2933818
2970408
2957465
2990837
3028965
2925073
2950469
2960824
3024208
2931300
2942564
2943613
3000491
2934238
2938296
2927312
2970968
3040090
2948510
2930040
3019171
2965370
2945012
2944803
3010706
3033933
2975025
2972507
2975515
2933119
2962292
2943123
3008747
2941165
3081716
2940115
2946131
2961383
2967120
2967819
2968869
3033652
2960544
2951168
3352815
2964951
2946481
2999372
2992306
3115368
2964672
2950819
2938226
3008047
2934588
2953197
2955996
2950959
2958794
2959494
2964181
2972787
2972506
2955227
3082206
2930880
2980623
2979643
3007435
2947270
2963081
2964410
2956575
2976583
2984418
2982459
2939575
2960493
2954616
3019467
2968888
2993303
2959583
3065360
2960772
2945382
2938596
2958253
2978822
2960842
2961472
2963080
2968327
2968678
3032059
3002187
2958603
2931249
2953287
2967418
2931530
2956925
2985957
3901501
3028632
2937756
2952587
2928731
2954056
2940974
3060602
2944332
2972455
2939645
3014710
2968467
2936286
2946361
2959583
2943633
2998270
2985818
3017578
3052487
2973015
2987776
2937196
2956505
2971756
3802650
2952027
2973505
2961892
2947550
2954756
2962591
3049829
3327081
2941906
2918471
2976325
2932253
2973597
2935541
2946454
2922669
2969679
2929385
2939248
2989337
3009273
2948762
3007945
2977724
4044195
2958486
2989337
2956038
2943795
2966811
2957087
2934351
3031170
3024804
2967440
2920291
2928895
2968140
2949252
2941348
2990736
2948133
2979963
2953729
3035367
2967720
2979333
2935401
2947154
2935750
2952120
2942886
2963733
2928126
3003608
2986748
2983741
3000740
3012422
3066218
3080489
2968070
2991505
2930924
2936730
2991716
3042432
2952820
3019558
2989686
3091332
2959116
3008715
3007875
2974506
3053556
2953616
2969914
2905768
2990411
2933050
2974392
2936477
2965648
2917940
2994188
2954455
2960891
2937037
2992160
2978939
2966907
3066379
2913813
3096040
3135913
2986704
2977190
2955575
2929902
2973762
2930742
2940185
2976771
2962150
2962430
2971244
2949138
2956204
2944032
2951308
2992509
2982157
2974252
2979079
2920738
2959282
3045464
3072956
2944032
2970404
2990761
2945781
2947040
2981457
2981317
2949419
2941794
2955924
2917381
2953196
3105413
3075684
2959352
2962990
2990061
2995657
2977470
2999575
3063231
2970964
2951867
3035810
2961731
2943192
3078411
2974491
2971833
2952457
2957913
2995616
2959662
2936018
2962740
3061579
2941055
2934899
2974351
2988131
3019539
2909157
2974911
2937418
3013383
2941615
2922938
2945461
2962739
2905311
2988900
2934409
2935319
2974351
2986032
2959522
2949309
3075709
2945952
2948329
2953576
2943643
2912516
2972742
2940775
2977009
2970924
2952806
2976310
2997364
3030731
3003870
2977499
2995966
3051366
3036257
3036676
2952596
3047659
3135306
3411120
2985263
2973162
2952736
2987851
2928394
2993587
2935040
3026814
2948610
3052346
2952107
3088859
2968405
2946861
3021988
2956234
2941788
3078116
2963682
2938850
2944516
3033210
2939689
2987534
3007050
2956687
2915278
2972565
2977601
2932345
2925631
2964311
3126590
3072870
2998376
2972006
3061889
3064127
3107144
2997816
2962353
2998306
2980539
2971026
2966480
2995228
2968298
3027055
3050977
3016072
2973405
3040765
2982638
3115048
3076647
2963263
3012226
3046220
3051956
3048598
2942278
2997396
3040275
3113091
2968998
2992780
3054335
3272780
2988514
2991381
3103018
3070492
2984666
3132186
3011317
3063637
3061259
3048669
2940879
2988373
3025166
3077347
2921923
2969837
2984736
3000474
2972391
2958613
2976029
2961550
2948960
2938119
2953646
2952807
2960011
2928536
2935391
2953017
2937489
2950849
2961830
2958892
3075141
2986451
3057725
2942385
2927137
2968614
2978686
3098083
2973231
2958263
2975399
2951968
2962320
2949589
2979736
2940567
3034783
2973021
2941615
2959102
2961550
3014079
2948120
3048632
3028278
2959312
2938958
2951548
2935670
2965187
2950498
3004916
2945952
2953926
2942035
2962949
2977708
2931824
3051919
2964487
2962949
3022263
2960431
2934201
2973861
3024431
3024081
2959032
2955745
2929515
3000790
2934761
2951408
2976729
2976907
3085949
3146099
2954455
2994254
2954385
2954385
2935012
2967045
2941936
2942775
2974110
2979006
2980545
3072170
2915078
2949000
3007053
2961030
2922911
2945434
2939139
2986139
2926688
2967256
2956833
3025937
2937460
2969983
2995232
2968025
2938998
2933124
2940187
2922841
2938579
2983202
2960261
2968724
2935292
3026217
2930955
2959911
2954385
2933333
2995372
3040486
2956134
2925989
2947672
2960751
2968514
2953756
2917386
2988028
2920323
3191702
3001388
2929835
3007682
2957673
2943964
2954176
2968164
3082101
2943755
2955924
2905845
2989218
2934312
2935056
2933237
3075916
2952471
2943658
2917431
2948903
2942609
2952261
2929390
2972334
2929880
2952890
2946245
2941420
2995344
2956108
3015696
3008633
3047939
2981426
2983664
2943168
3101164
2940301
2977160
2943378
3047799
2992407
2973732
2969187
3034791
3006674
2971984
2966668
2950162
3213069
2977300
2987510
2959954
3775321
3085077
2980447
3035910
2945546
3039686
3128930
3000100
2940861
3076685
3119138
3182994
2958905
3063396
3059200
3002408
2980936
2972893
2980167
3055283
3017096
2938343
2943169
2959255
3076964
2965689
2952261
2931209
2929040
2998312
2958182
2925381
2947901
2961399
3010076
3019448
2956783
2966854
3017000
3070293
2945104
2955594
2946922
3009586
2939718
2955035
2937830
2936081
2955454
2924961
2964406
2927898
3052529
2941676
3015671
2979652
2961609
2948740
2967903
2996508
3038541
2973569
2943984
2984199
2948880
2925031
2972099
3021965
2968813
2944334
2951188
3000634
2991403
2978114
3020147
2974617
2962168
3089805
2941537
2960210
2942166
2929228
2936711
2938319
2933493
3069173
2982031
2959650
2959651
2939158
2965386
2934962
3039101
2946502
2961189
2943704
2925730
2984269
2942515
2956812
2953405
2947740
2943684
2928228
2947671
2936340
2929277
2926550
2929976
