683539
685433
688166
687045
683820
680736
689007
687606
702116
687325
682909
806635
702326
683119
711859
704009
687675
687395
681227
683189
688587
681157
683539
689218
685923
685713
690409
681367
683820
714944
707584
728263
694054
691601
701696
685502
689709
705131
682137
681297
824510
708145
686694
685503
704148
801867
686274
704780
695036
679894
679544
701205
692232
686905
689358
681227
682488
689287
679754
724267
680666
686484
706252
684591
682138
692092
684170
690550
683329
687396
690550
684240
707444
687816
685362
684030
679333
687255
684170
689567
702534
737791
688937
685993
683469
689498
680596
688867
680736
774870
698960
688517
682348
684030
685292
681577
687324
706950
705128
685433
683960
693213
682348
695455
686203
689077
687255
688937
685782
687956
685432
698539
690059
715502
680946
691530
684521
694685
689007
688797
678984
683750
747254
684381
693633
734356
690198
688235
681788
737862
689778
814472
769193
761903
691180
689357
691741
684381
690269
687815
689568
767510
701904
687535
685082
689989
686764
681156
684311
687675
679544
713469
745291
680456
687255
688446
707862
681086
701834
685151
688166
686695
685925
681299
686976
682070
688658
689359
679828
695316
724122
684804
687957
686275
709754
685504
685084
685715
694475
691952
686766
701904
697139
691251
681159
692863
692443
685925
683402
699802
690060
697208
684943
687326
692443
682912
707652
686976
689780
691321
686065
682070
702746
701133
683612
709053
687536
700573
683892
686205
696929
684874
719425
685854
686696
683682
692233
684523
709754
698680
723490
680598
686625
699661
714029
685785
718865
705689
687817
686695
686906
681439
689920
693494
756431
699031
680528
683471
702955
681089
689429
701765
684874
683051
681088
708284
705131
691606
698613
683336
687610
690414
685298
728677
692096
739820
870936
698613
687471
679551
684177
700015
690064
682215
689713
695319
682496
686490
707302
703169
682425
683546
684388
693568
687891
763856
698894
679902
688241
687751
684877
685579
692587
687050
682635
682425
686279
683616
683336
682355
683826
688662
689643
689082
684387
684878
722370
680743
688522
711438
683196
687751
680673
686559
686840
683406
684597
684037
689643
685718
745145
682846
684317
683617
684597
686559
709125
722860
684737
695740
684387
683826
689152
709405
706532
689083
685789
686770
678508
690490
695185
697007
786559
711511
789992
684253
687757
684674
698968
681380
687126
678508
704854
712072
679068
690069
685235
684813
679839
684674
689649
688598
684744
684393
686145
681451
684884
689159
686846
685164
685515
682852
683272
690630
682992
687617
764346
679558
691822
683062
686356
688878
683272
690069
692382
685655
776609
1051921
689158
688948
691191
683833
687968
685094
686075
688878
685165
689649
707307
777379
747458
684323
688668
691261
688177
682711
687266
690770
700019
712423
683903
680750
789501
684043
688317
685795
706256
683062
682291
686706
689859
712072
786137
685032
689237
687975
687905
688605
689937
691618
680688
699886
687485
686504
689937
682790
685592
685733
685733
689447
731416
704931
689937
681739
692109
686924
690006
690217
691549
739684
689376
700096
705772
704090
684192
691058
680478
771703
733097
713689
686293
700096
684261
679848
686434
688325
692039
691268
804355
702759
705352
686014
685172
693441
685242
692039
683421
683981
683771
681248
686293
693580
702899
684752
690567
707594
683000
686573
688816
688185
683351
799029
685593
688536
688326
685032
680898
685943
723779
683280
681389
683981
788870
685243
693511
688326
682660
685253
688826
701506
790132
683851
689527
691558
684972
681259
704379
684202
690997
686094
690717
695131
682660
778922
695271
685253
686794
690507
678106
684693
686513
692749
779763
699614
695131
686513
720283
697583
709003
786559
683851
691418
689176
686513
702347
683851
677826
750969
691558
680908
692328
705079
692889
690647
694360
784036
691278
683852
688965
686373
683641
702347
703749
685042
688336
681540
688335
685393
690437
811781
704659
690226
685603
684272
688335
683921
683151
686444
1037372
685743
685392
684131
702838
691137
711455
689947
691768
684061
701856
697314
836861
686106
681341
691009
687156
690028
703969
702918
686946
690729
690099
688136
700956
743830
685755
687016
685965
678049
683653
693531
682182
775494
690378
699836
693391
687016
681761
697594
703969
718960
699135
712516
698015
691219
747682
701377
686946
685965
687856
679520
690098
684634
703689
691850
685825
687016
688697
685615
683723
684985
684424
680991
683934
686035
680571
679521
681762
694232
687366
691079
683374
692200
683864
695563
702638
782639
702848
683443
700536
688207
681131
686035
719381
684353
706071
682392
684074
700677
689327
683583
682112
687296
695493
683233
683947
683807
708954
683527
692283
712387
687870
683387
691372
688570
688361
686749
704612
683527
681706
686469
679254
682686
689972
679254
688850
686889
680935
686679
738375
684018
685558
680515
705031
715679
919448
742928
705802
688220
693334
681706
680796
679745
682757
686470
683667
679254
688361
685279
678834
688361
689271
701039
701599
686890
701249
956994
706432
680165
762961
686820
681986
691793
683808
678343
683036
689692
688781
793502
684158
692844
681216
689271
686119
698097
703001
691933
711196
689201
679254
689901
688850
691093
839734
787339
693053
701879
685909
683472
685714
687395
685434
774808
706236
684033
687816
683053
680671
688236
687185
692928
686414
682912
681651
695800
679270
686484
683753
705466
690757
691178
682142
694889
691387
690267
694400
688166
685854
686694
681721
679480
710439
681372
679200
678009
688025
685014
704766
688095
681091
685784
682982
685434
687745
684454
724378
690126
680181
684033
686345
690337
704346
686625
682072
775018
720315
765282
686065
684594
684594
682352
703645
682352
682632
716533
688726
681511
682982
696500
684173
684733
686905
690967
683402
681021
679691
704766
679971
698252
685014
689496
706236
703591
786725
690144
680479
690914
690143
688392
679708
684051
692385
691614
1034445
710944
691334
693085
684190
688112
687343
686361
686502
685521
684330
688813
689724
689513
683980
691755
685521
687693
679288
683560
688253
688813
705692
776289
698758
681949
735527
679568
704501
686641
683771
684470
686152
690214
687062
690214
682650
686782
689163
690844
846816
685872
681809
696587
794359
692595
686851
706812
684961
686081
684680
686361
704010
689723
687062
682649
682019
697218
682930
690143
688673
722010
744142
696027
691474
697917
686011
684680
685871
692735
687692
686292
687623
689112
686871
736173
683650
677696
692403
727349
683159
684209
679237
688902
683859
687641
688481
698776
710612
688201
678887
678957
704099
684279
693173
687781
692824
683439
690863
689182
685400
790448
705359
682038
682248
707740
702908
686451
682879
688832
829875
689602
691212
689601
698356
707950
692683
685049
686030
686941
682459
688341
689392
771469
698146
680848
693173
690582
707881
710121
689111
687711
679377
680358
692123
690513
704938
754801
688131
722307
683369
684910
689112
686030
679657
762364
700737
680008
695415
685540
691422
686590
683019
688201
681268
684209
678187
689182
