4685864
4686423
4702509
4658170
4710062
4720832
4761536
4696914
4729994
4724539
4723909
4682996
4762095
4721392
4816505
4753773
4781467
4700201
4777690
4763913
4776432
4803007
4772165
5395507
5707702
4710692
4804826
4777271
4730204
4692369
4748807
4705866
4721741
4718595
4735799
4753912
5527546
4715307
4724539
4754821
4816225
4878258
4962671
4841123
4936795
4855950
4811679
4853641
4689501
4724749
4876790
4922669
4782024
4817061
5230441
5193936
4735657
4703068
4679920
4723489
4790346
4760974
4789927
4722440
4782793
4856854
4716496
4737406
4718174
4728665
4838460
4830628
4836573
4856993
4779717
4752861
4777269
4827411
4793843
4730202
4716146
4750763
4892939
4862588
4773002
4767128
4807200
4758177
4736777
4754749
4744539
4760205
4735588
4750763
4715586
4728944
4776919
4794543
4702859
4775450
4680550
4721531
4705516
4711880
7746950
4748385
4679360
4650128
4701250
4705656
4878533
4721461
4707574
4829649
4715101
4864755
4719506
4767900
4703562
4668526
4730556
4696429
4675030
4707128
4678527
4752794
4711744
4777900
4808180
4776431
4738668
4737759
4692373
4750137
4746221
4753354
4763703
4788040
4785452
4720556
4718668
4732374
4739437
4724681
4708876
4731395
4763215
4732025
4812446
4777829
4804614
4771047
4798180
4743493
4799999
4682443
4736640
4757060
4769508
4882658
4729647
4932520
4954758
4706289
4752025
4760277
4788879
4718667
4791187
4703143
4709086
4670764
4734052
4741193
4729794
4746368
4733151
5861543
4707347
4749864
4922662
4874480
4880774
4704410
4701193
4821403
4855459
4760424
4698255
4751123
4726088
4884200
4870773
4870214
4915599
4867767
4935389
4747067
4746927
4724060
4696857
4806157
4710913
4730633
4724899
4716857
4782661
4723850
4752941
4783571
4768606
4680353
4736018
4786298
4698115
4765529
4876437
4753220
4836507
4734410
4892591
4963571
4961472
4840494
4843221
4723431
4818606
5209584
4852032
4882032
4859523
4863159
4792741
4757498
5720829
4923857
4838335
4831902
4950430
4726099
4855117
4762602
4726309
4865746
4875816
5444682
4906654
4730645
4751414
4752183
4800993
4908822
4780644
4760575
4763581
4789735
4823580
4748267
4783441
4729107
4707009
4767847
4977912
4740575
4793231
4768267
4718198
4765050
4702394
4770504
4725120
4706869
4704911
4731205
4756588
4753023
4746029
4753092
4752392
4770993
4721205
4718198
4687569
4711205
4714701
4779945
4728897
4737358
4818418
4805412
4720382
4800657
4766114
4748422
4735836
4714228
4713459
4717935
4793525
4823174
4817439
4713878
4728843
4870374
4883241
4781357
4786952
4740730
4756813
4698285
4835970
4774854
4879395
4753177
4749891
4803034
4735346
4830446
4850725
4718494
4783944
4742618
4761289
4724087
4760869
4800867
4868906
4749332
4797161
4864221
4880234
4751988
4736045
4743108
4717655
4756463
4826880
4748771
4722339
4781916
4896596
4766253
4851634
4714647
4718144
4824502
5662216
4798157
4904233
4767531
4793263
4772356
4743267
4752777
4721731
4735715
4751728
4726276
4724807
4766482
4827456
4708585
4723479
4700753
4877452
4727603
4709563
4724737
4693970
4803192
4717674
4701312
4821373
4889479
5209804
4733127
4759560
4764175
4792564
4784522
4789277
4868013
4869341
5260150
4750190
4673342
4754734
4715716
4771167
4859202
4894724
4861579
4879829
4742498
5105826
4767671
4772355
4755014
4765713
4738442
6301048
4787948
4808787
4721653
4738535
4859572
4884954
4836986
4939913
4768113
4913133
4756645
4968582
4891806
4997670
4678611
4792166
4725599
4933900
4727907
4737626
4743360
4749303
4761890
4785174
4841881
4716859
4692665
4697491
4708469
4719446
4826428
4730914
4793355
4771469
4715111
4801536
4703783
4698540
4714692
4816010
4722523
4724620
4825659
4787900
4704552
4771050
5506848
4740563
4756855
4726858
4690359
4729935
4732942
4828106
4765455
4770839
4789928
4751821
4844748
4727907
4777203
4741962
4771215
4823586
5247799
4754504
4765832
4738772
4784501
4749679
4778417
4790584
4748561
4735556
4761356
4738562
4726745
4738213
4715278
4733039
4802889
4697938
4729402
4739471
4774991
4754713
4762265
4739332
4766321
4748281
4747581
4794988
4782333
4735835
4781704
4726396
4773103
4764993
4862253
4783591
4834424
4732129
4801002
4911897
4737583
4828061
4745904
4802610
4878894
4988671
4870153
4822468
4786808
4899101
4812329
4730801
4757931
4795618
4818902
4738282
4749190
4742757
4748421
4737194
4726217
4733208
4752227
4715239
4810330
4780264
4715659
4686992
4694124
4686362
4700346
4873887
4740620
4700835
4707058
4722371
4704052
4793758
4731601
4765161
4716427
4695802
4716358
4758170
4847807
4823545
4802568
4822496
4980024
4748521
4681399
4770476
4793409
4705940
4739222
4755932
4737893
4845220
4780824
4850534
4747962
4677972
4695172
4751527
4726146
4708527
4748801
4714610
4686222
4739501
4782781
4760756
4719644
4701256
4824034
4757261
4814665
4708736
4726077
4730655
4740654
4734151
4728488
4738906
4767502
4750652
4768551
4861682
4746317
4763727
4738556
4842664
4736109
4772187
4743730
4747856
4755266
4785751
4765964
4795399
4741842
4739046
4734082
4729886
4753519
4712757
4715413
4828331
4722684
4720867
4722545
4700381
4721216
4718280
4785961
4704576
4764985
4718629
4797428
4727440
4700871
4781276
4714155
4704156
4763238
4820500
4803231
4734291
4703457
4694648
4866925
4675141
4768552
4773515
4785192
4920623
4897969
4781556
4787079
4777830
4777676
4781172
4728176
4807391
4888005
4806343
4838224
4863954
4776139
4815851
4789842
4773901
4757540
4841790
4769426
4732371
4763203
4744117
4721114
4709718
4709928
4703705
4741250
4866401
4733979
4778236
4724750
4754814
4784878
4709998
4738943
4732160
4709018
4716010
4707131
4721813
4713633
4709927
4722653
4690561
4736915
4727826
4817180
4863883
4730833
4720625
4704614
4736426
4751318
4728036
4742439
4721814
4750130
4707760
4736565
4712724
4744117
4866820
4960718
4892830
4980085
4804634
4722693
4758489
4894963
4751288
4713953
4722553
4738354
4758210
4734648
4712975
4689273
4746814
4773871
4717449
4688364
4772193
4707312
4846023
4728426
4819246
4749750
4738703
4722693
4731432
4735767
4758700
4704515
4706543
4676689
4793307
4753246
4714023
4702558
4687525
4836444
4921811
4738354
4724371
4722134
4723952
4724790
4794356
4718148
4719826
4752967
4786316
5018923
4798202
4794216
4742898
4717659
4815890
4692349
4712905
4690602
4783170
4750799
4762658
4731476
4730218
4720220
4704209
4710921
4706516
4818728
4713159
4802787
4779576
4717214
4675126
4777409
4768320
4751890
4688549
4736999
4714067
4725114
4709802
4736929
4818029
4773984
4718122
4689248
4716234
4735181
4711900
4712459
4787896
4804325
4750283
4919263
4698966
4723785
4721828
4831452
4721968
4918145
4872282
4848022
4952473
4791322
4701693
4687430
4723715
4787896
4833620
4867318
4894095
4884796
4781534
4773074
4735880
4725253
4726372
4817120
4960695
4984954
4760116
4802553
4754313
4736695
4726069
4739072
4726769
4717540
4719357
4714254
4860860
4850443
4786474
4689924
4775777
5652687
4740681
4772701
4684332
4834993
4724811
4870158
4704816
4742289
4708101
4691672
4714255
4726558
4751518
4760186
4732152
4821569
4701740
4721245
4687897
4698384
4711178
4719847
4709430
4714674
4794304
4724951
4800875
4800316
4737884
4841145
4694259
4697755
4878967
4829958
4717540
4708312
4752776
4765849
4728865
4715352
4701090
4827489
4738702
4718429
4687178
4898939
4714723
4873141
4707872
4712137
4753244
4692282
4775686
4707173
4718917
4743317
4787920
4739262
4708920
4707872
4856992
4739471
4804070
4765199
4906628
4774358
4799106
4722833
4787780
5183267
4714793
4765758
4807635
4701930
4696337
4734299
4742548
4848882
4715073
4713395
4752825
4793652
4781838
4731222
4768345
4768974
4758417
4724791
4696057
4724440
4697804
5066724
4894184
4765409
4762962
4793653
4725279
4740083
4711490
4715055
4762105
4716174
4761126
4732673
4660526
4745326
4781679
4771123
4746095
4893185
4825303
4783427
4710651
4713098
4761266
4871933
5002524
4851659
4734910
4727499
4747284
4683247
4747563
4843759
4691217
4723724
4725821
4696529
4712119
4874100
4706876
4772731
4717712
4733722
4775876
4800416
4715056
4669334
4942332
4709253
4710162
4730785
4742251
4821878
4713378
4718481
4732812
4744138
4778744
4832224
4725402
4777975
4726800
4733791
4743369
4844092
5106248
4862128
4777120
4862128
