403592
377059
372940
389976
379433
373987
401009
378176
397657
581508
373497
374196
374825
378036
432710
372939
397866
376430
380411
371543
373079
375243
375034
370425
398426
460849
374405
373917
377687
376780
373428
372032
379363
371961
372591
372661
375943
378876
379015
374686
373219
372173
378178
376222
381529
373360
372033
379644
397031
380342
377759
376710
580044
375943
375384
372102
415953
378875
513011
373568
395564
373569
380761
374476
376920
376292
377130
376780
402895
376711
378946
373220
371963
379713
400731
374337
373708
375943
373918
377199
376711
377200
372174
370916
373988
380692
381041
378248
376293
374757
376922
397171
371335
379225
376712
377690
395146
372872
395426
381530
383485
372453
378876
371265
377690
372592
379784
378248
378877
374896
373500
378877
373919
374268
377062
371196
375246
378737
485850
383485
371824
377061
372522
385021
378179
376154
373919
397939
386559
376504
402968
370708
387815
393821
372523
377062
372104
377202
374409
400804
373362
375107
378319
377760
377761
387257
391377
380274
373362
376504
376085
373431
376574
376434
378807
381601
409392
378669
370917
378389
375805
403597
377062
380553
371965
385651
373012
376434
372105
373920
377202
389980
372244
372104
392075
376573
376505
373013
370151
376924
370848
376016
377482
374829
416375
373153
378111
375108
374759
374131
376924
374898
382021
374829
370499
395498
375736
494721
377203
376504
462251
374340
375597
372594
375806
374898
380345
372874
373153
372454
376714
372385
477124
372455
375736
376365
375387
373502
381532
378041
375248
372036
406111
375528
372944
376505
372805
379578
377413
390471
371688
372874
384326
375807
403250
374900
372037
376226
371898
376994
377065
376296
373084
377064
464487
371478
374271
372107
371478
402481
373364
377483
376645
372037
477894
374341
373852
380137
373293
378740
374621
378251
372735
375528
375249
370919
371897
409115
384466
376226
375598
375669
372247
376297
376507
373993
370711
393475
371060
380137
394243
378950
376926
474963
374342
375669
375319
522514
376088
374831
376088
378322
472170
376227
376996
378392
376925
371549
372735
380207
370920
378182
378182
374971
374761
380976
372945
376995
372666
378672
371130
374971
387609
372527
372457
374133
373155
377205
375319
378044
375739
497866
378393
375530
376508
380069
422873
373086
372179
373854
371619
373854
372318
384538
374831
376498
379362
394732
376708
376986
374401
372376
394802
377267
377476
377196
376149
378524
372935
375868
372445
386698
372935
401719
371957
380480
377475
372794
374262
380550
375450
374541
389492
379921
376009
372375
374332
390683
381632
384369
379387
375669
380861
373704
373914
482461
377914
379036
373984
376440
378334
378124
377353
379106
394192
379177
373704
378405
376861
379106
377914
373072
372791
378545
378896
389983
381001
372721
380300
469059
375388
377282
372932
391947
377984
381001
378124
379387
376230
375177
375738
374335
377984
382335
379036
376530
381442
419326
375128
370077
370007
365727
380670
361728
359834
350573
349941
347346
341101
345942
339418
355834
341453
327351
330718
328544
316757
322510
317740
316407
310654
307145
303428
308549
306796
297043
295430
296973
293465
290449
291431
287712
281399
281889
281188
277399
277470
282381
277048
275295
272488
272980
267578
278381
267016
259299
361167
258107
259720
256843
255932
253546
251690
246359
248954
249515
246289
245026
243202
242501
241729
238994
242852
236888
236047
243272
232119
227139
231207
226227
223350
227629
226647
223561
217668
218299
222018
219773
213389
219492
212548
236819
210162
211775
213460
208689
211776
211075
211776
203358
202587
202867
206024
203779
199150
201745
196483
200061
198448
202236
196203
196694
197256
195993
190240
193047
193608
193046
186873
185961
186873
185892
192485
183226
183226
182945
182664
183576
190942
183717
187294
188627
183225
183857
192696
187925
187716
184348
184278
182945
188347
188417
187435
208269
187341
190357
190006
183764
183133
188253
188182
184326
183132
182923
183974
188674
188534
184255
189586
188183
187692
185518
188954
202632
187832
191690
191900
184045
187061
183694
187972
184044
184326
186990
187482
182712
187131
190497
187622
187341
188183
183133
187131
182922
192391
188884
186149
185097
183063
189305
182712
183904
187622
188324
205648
187762
184606
185448
183413
184325
189165
187271
189095
189726
191830
190919
187552
189095
191690
183484
187902
185096
186429
191830
210627
183694
184045
190428
183484
183063
189165
184606
207611
183344
187552
187201
202281
195969
188253
182291
188323
187481
183904
189235
191479
188652
187950
187810
184374
188090
189352
186968
183041
183532
188861
189142
189142
182901
187178
182901
194472
187249
183391
189633
185355
188932
183953
187669
188020
188160
183601
189633
280102
188862
189002
188161
187319
187810
187459
188231
187600
191176
187950
187669
190194
182620
191176
183882
186407
203098
187670
187950
187319
188861
188791
184303
184864
187669
183251
184373
193841
189704
188511
187459
187950
182550
190615
184514
187950
188370
207306
189072
186898
188090
187950
188792
184023
183812
207937
184023
181919
214740
183882
184373
189703
186267
187880
183251
188230
183743
188862
184023
279437
186526
188069
187578
277966
185685
189401
191575
187928
183791
184071
185964
183159
188840
187717
186525
183090
184352
188419
189050
183090
188138
191644
187648
187787
188979
187227
189962
188700
183581
207212
185193
184562
188279
188559
187788
183370
183089
184492
191153
183370
188138
188139
188278
191224
188980
187858
183300
188769
187226
189120
205528
191084
188910
182669
186876
187928
183300
188279
185895
187858
246340
188910
186736
187578
188559
188489
187438
183721
189261
185894
201182
198797
183581
184703
204336
188068
193257
188700
184843
191645
188209
183720
182879
187998
185473
192324
183420
186785
188117
184121
195409
277303
188468
188749
185243
187556
189029
184892
184822
187627
188889
184682
187837
184751
187346
188327
187626
184051
188959
184050
187206
184261
188959
188187
188257
183490
188117
183630
186996
188679
190150
188188
183349
187907
185944
186855
189099
188327
182859
183630
182368
189379
188397
192815
194638
187696
183490
183910
184822
186645
183210
184892
188117
187977
184050
188188
183419
184261
182718
188188
202351
187837
188328
187205
187206
187837
281790
188117
184892
194007
185032
189239
190571
187766
184401
187205
184962
187486
187907
188187
193306
182648
183259
188377
187186
187536
184381
184451
184451
188167
188026
187325
182908
187325
187466
182348
188938
184872
188097
183470
189218
188027
184241
183820
187606
187466
190620
192023
185713
187325
273136
185363
183329
183329
188096
188657
189780
183610
189919
184731
184241
189079
188167
183259
190901
182908
191041
188447
185573
184451
189149
188658
188237
183259
192093
192514
185222
201697
183750
187816
183821
184731
185222
183539
183610
190620
187606
201277
188798
187536
183329
188307
187676
183049
182838
182558
188167
182769
183890
192023
184872
196580
188026
183400
188377
191602
189640
187326
189429
188146
187446
186675
185133
192073
191161
184361
185694
