1602418
1575669
1564814
1576439
1595696
1711940
1587994
1580220
1582461
1568385
1604100
1575109
1609631
1565655
1567546
1584211
1586522
1609001
1565794
1594436
1591075
1584422
1593875
1725736
1573217
1666703
1566215
1663902
1596537
1595346
1573497
1581691
1572587
1610332
1596397
1735399
1575669
1582601
1587784
1589044
1620206
1585752
1604099
1578329
1571607
1581061
1606480
1614604
1574618
1822862
1577490
2344491
1572307
1592755
1570137
1603119
1633371
1642474
1606060
1589254
1572587
1655989
1587433
1616144
1604100
1575879
1575109
1625527
1593595
1571817
1596816
1583091
1587223
1604309
1619015
1574968
1573388
1570097
1603497
1659094
1600626
1588232
1623593
1713711
1590823
1576329
1573598
1578919
1585221
1593343
1585151
1604267
1703838
1586621
1603287
1577029
1676319
1590543
1573108
1672398
1569816
1648871
1603287
1581160
1580880
1585641
1570446
1573668
1582000
1591593
1689414
1581300
1583050
1595864
1591943
1582351
1590473
1671138
1567016
1570727
1572967
1586622
1651671
1581860
1603987
1579479
1576048
1699356
1606158
1593974
1584731
1597685
1578290
1580039
1592224
1590473
1571217
1657414
1577449
1587742
1598316
1661615
1592293
1572688
1582140
1566666
2394251
1740599
1574298
1582561
1579409
1621283
1579339
1567399
1600307
1570620
1607939
1571601
1566559
1592186
1716606
1584554
2055418
1577971
1696441
1593795
1605068
1579862
1595897
1577202
1593725
1618512
1587564
1703302
1586513
1603878
1614310
1572790
1578182
1576852
1769188
1590785
1573981
1577061
1606609
1573981
1582313
1576292
1632795
1700011
1623552
1599607
1583083
1581963
1583853
1602408
1660522
1597577
1603388
1579022
1605769
1588825
1573421
1572371
1611720
1655831
1606048
1581682
1577481
1574471
1604368
1576361
1577131
1587144
1615501
1593376
1672075
1604369
1615991
1588335
1572580
1579162
1601988
2221777
1599117
1575381
1583643
1610040
1578952
1582733
1580108
1581509
1673435
1620716
1623306
1581159
1592501
1570376
1573667
1602792
1620015
1611124
1575487
1624986
1583890
1603492
1595651
1594251
1585500
1577378
1582209
1755139
1589070
1665523
1582629
1570726
1565546
1591030
1577238
1666924
1608743
1584519
1575277
1586059
1673504
1601392
1584450
1602092
1606083
1583959
1584660
1595441
1681486
1599431
1674205
1587530
1579898
1579688
1595091
1673785
1639409
1580388
1572898
1603983
1571497
1611054
1606923
1594251
1579478
1568626
1670634
1582489
1592991
1673435
1578078
1602863
1588369
1594321
1591520
1576748
1590960
1599501
1568906
1571987
1572687
1603983
1571286
1856447
1569327
1600240
1574057
1590789
1571887
1567617
1569227
1589319
1594919
1570697
1576227
1680048
1610951
1596600
1574477
1607241
1588619
1576647
1583088
1576507
1670458
1596250
1609061
1582598
1586098
1578048
1577697
1573637
1597580
1586518
1608781
1589179
1583438
1586238
1612841
1693350
1576087
1570907
1572307
1606260
1657367
1664927
1569926
1582528
1579378
1577418
1601080
1572376
1591559
1582598
1671578
1597860
1636714
1583158
1590509
1751037
1581337
1578888
1567266
1572656
1580428
1575177
1589599
1608641
1665137
1600520
1591629
1571397
1576857
1648476
1603180
1634894
1709452
1568107
1589878
1643785
1634194
1587428
1578818
1578370
1575570
1580610
1602101
1669094
1597411
1577250
1576129
1572770
1572419
1591110
1584880
1600911
1586211
1607142
1604831
1585230
1572490
1576340
1594751
1605742
1674625
1581030
1593281
1570390
1579000
1565839
1594471
1595801
1573260
1572770
1573260
1598041
1579070
1586210
1577600
1573960
1568010
1592021
1605532
1590480
1583971
1584810
1579841
1593561
1582430
1575920
1695696
1656284
1623942
1583900
1607771
1626183
1581100
1591601
1609872
1680785
1583760
1599371
1609241
1682815
1604761
1661184
1588871
1574800
1602661
1582010
1683585
1603781
1668885
1579140
1579980
1595101
1597061
1605461
1602732
1581521
1578160
1584600
1574285
1594025
1605435
1666825
1573235
1581146
1585486
1583526
1581636
1702174
1830133
1567356
1577645
1582685
1596825
1587516
1667525
1577576
1585345
1594656
1594095
1573165
1576246
1596966
1579046
1671165
1579745
1590316
1607605
1608025
1576875
1568615
1592275
1608026
1580026
1580585
1583946
1622655
1593676
1607606
1589336
1579045
1594236
1581915
1646595
1613136
1611106
1582825
1573305
1592135
1614675
1576105
1572885
1573865
1590246
1605155
1614816
1580866
1578066
1573376
1577156
1573165
1565956
1579536
1583455
1600325
1588916
1571486
1599695
1689015
1608515
1672005
1575055
1577435
1599835
1682854
1675784
1564695
1573375
1599112
1615212
1587703
1575174
1677928
1588614
1603872
1672398
1582873
1579514
1576084
1665888
1670648
1615212
1661689
1571325
1597923
1670158
1590294
1601282
1595893
1700746
1573774
1575245
1582383
1593513
1577484
1601213
1856135
1613321
1578604
1583503
1577064
1598763
1597923
1697806
1588963
1620322
1622701
1590153
1572585
1584133
1573284
1582664
1579864
1573914
1617452
1600723
1568735
1569575
1587984
1569014
1598763
1591833
1574684
1573914
1597572
1684507
1577484
1583644
1579514
1593233
1602893
1583294
1677928
1576085
1583784
1717685
1610312
1673027
1582453
1605062
1579164
1598623
1614862
1571325
1585463
1579444
1578165
1587824
1802908
1604763
1576906
1567737
1570327
1580966
1587894
1697081
1601403
1610292
1579006
1603783
1598813
1573616
1592443
1595173
1571307
1570047
1576696
1570816
1580685
1594823
1606582
1603992
1587405
1587475
1576066
1666985
1598673
1614981
1592443
2311115
1608752
1617990
1576065
1575506
1687982
1603782
1600492
1582855
1576485
1567317
1592164
1592163
1572916
1595874
1574806
1588034
1575996
1578235
1605532
1600843
1678673
1576975
1568507
1588455
1615401
1667544
1602593
1571026
1584395
1612251
1613931
1592164
1653616
1602312
1574386
1580755
1584815
1575506
1629329
1595594
1578095
1593913
1569136
1573320
1602435
1703287
1584728
1594666
1584658
1593267
1606564
1607475
1673053
1585569
1573530
1595366
1609924
1592078
1584659
1605305
1580949
1620702
1598586
1675012
1583819
1577450
1585008
1608735
1604465
1598516
1577660
1573320
1570031
1623851
1601526
1602715
1578919
1619932
1577870
1667384
1630920
1591447
1619932
1581299
1575490
1587598
1599635
1677112
1597046
1638269
1571711
1594737
1599146
1574580
1671653
1572621
1620422
1588088
1575211
1581439
1612513
1578569
1739751
1696639
1588438
1589908
1590397
1601526
1583679
1576750
1579199
1574791
1586968
1596976
1591657
1581159
1594457
1584449
1592497
1597536
1589698
1590257
1572468
1598291
1582966
1585135
1616627
1592973
1576247
1566799
1572328
1574427
1586535
1675834
1612568
1598782
1569878
1599132
1600951
1600252
1580586
1587654
1660507
1589824
1584505
1593673
1575337
1574917
1582826
2002168
1616068
1668136
1604520
1587374
1585835
1586675
1569389
1581916
1595002
1615018
1611798
1583665
1579187
1613129
1594443
1602421
1593393
1585555
1590244
1602631
1577157
1585275
1606060
1682833
1582825
1567499
1590244
1607040
1691790
1580026
1595142
1583735
1603120
1627335
1606200
1585835
1586254
1604310
1588844
1604101
1578976
1573658
1584995
1573518
1595773
1574007
1585765
1572817
1615228
1699724
1637469
1582605
1576726
1662872
1568398
1576236
1640828
1595271
1682046
1602059
1584354
1580925
1582814
1603528
1596321
1669310
1676518
1579666
1584004
1585334
1614026
1576026
1651675
1581414
1589323
1633131
1592891
1682676
1601569
1575257
1573718
1601569
1576516
1690514
1605208
1597861
1583095
1579595
1564969
1620814
1595341
1590023
1579665
1572387
1585054
1605978
1576026
1577846
1576726
1579805
1571478
1573438
1579315
1568678
1583024
1576306
1586103
1699402
1611577
1662592
1601149
1586243
1573927
1590023
1620254
1588623
1570568
1573647
1574557
1594151
1607658
1613886
1599400
1634180
1578616
1587224
1722915
1592402
1601041
1591623
1664819
1571680
1579308
1569230
1581127
1588544
1576718
1570700
1592533
1614506
1707365
1582387
1576718
1576648
1585186
1574479
1570001
1568810
1576229
1573569
1590364
1680493
1602889
1566152
1593653
1594983
1602959
1575319
1574479
1571960
1573079
1578537
1684203
1606178
1586095
1663139
1569021
1569021
1572869
1573989
1568951
1590643
1615765
1593932
1610098
1582176
1602890
1567061
1573849
1571190
1573989
1606248
1598901
1605829
1597781
1597361
1569300
1566012
1587074
1605199
1594702
1669018
1590223
